#         Time acu380F56D59CF2B3DF6EFF9D0E6E8D39CB_outlet acu380F56D59CF2B3DF6EFF9D0E6E8D39CB_inlet
          0.5    -0.972628      1.04309
            1    -0.955825      1.05584
          1.5    -0.954673      1.05563
            2    -0.961249      1.06316
          2.5    -0.970653      1.07087
            3     -0.97903      1.07658
          3.5     -0.98552      1.07992
            4    -0.990362      1.08164
          4.5     -0.99384      1.08122
            5    -0.996182      1.08202
          5.5    -0.997662      1.08094
            6    -0.998669       1.0786
          6.5    -0.999163      1.07674
            7    -0.999442       1.0747
          7.5     -0.99961      1.07259
            8    -0.999717      1.07047
          8.5    -0.999788      1.06834
            9    -0.999837      1.06624
          9.5    -0.999872       1.0642
           10    -0.999898      1.06216
         10.5    -0.999918      1.06022
           11    -0.999934       1.0583
         11.5    -0.999946      1.05641
           12    -0.999955      1.05461
         12.5    -0.999963      1.05282
           13    -0.999969      1.05109
         13.5    -0.999974      1.04941
           14    -0.999979      1.04775
         14.5    -0.999982      1.04614
           15    -0.999985      1.04455
         15.5    -0.999987      1.04299
           16    -0.999989      1.04147
         16.5    -0.999991      1.03998
           17    -0.999992      1.03843
         17.5    -0.999993        1.037
           18    -0.999994      1.03556
         18.5    -0.999995      1.03411
           19    -0.999996       1.0326
         19.5    -0.999997      1.03105
           20    -0.999997      1.02944
         20.5    -0.999997      1.02778
           21    -0.999998      1.02618
         21.5    -0.999998      1.02468
           22    -0.999998      1.02318
         22.5    -0.999999      1.02177
           23    -0.999999      1.02038
         23.5    -0.999999      1.01902
           24    -0.999999      1.01769
         24.5    -0.999999      1.01642
           25    -0.999999      1.01514
         25.5    -0.999999      1.01394
           26    -0.999999      1.01277
         26.5    -0.999999      1.01162
           27           -1      1.01083
         27.5           -1      1.00976
           28           -1      1.00882
         28.5           -1      1.00817
           29           -1      1.00702
         29.5           -1      1.00641
           30           -1      1.00531
         30.5           -1      1.00472
           31           -1      1.00384
         31.5           -1      1.00336
           32           -1      1.00249
         32.5           -1      1.00205
           33           -1      1.00122
         33.5           -1      1.00078
           34           -1      1.00025
         34.5           -1     0.999928
           35           -1     0.999352
         35.5           -1     0.999086
           36           -1      0.99851
         36.5           -1      0.99824
           37           -1     0.997945
         37.5           -1     0.997773
           38           -1     0.997635
         38.5           -1     0.997244
           39           -1     0.997093
         39.5           -1     0.996898
           40           -1     0.996655
         40.5           -1     0.996539
           41           -1     0.996428
         41.5           -1     0.996355
           42           -1     0.996295
         42.5           -1     0.996597
           43           -1     0.996621
         43.5           -1     0.996548
           44           -1     0.996477
         44.5           -1      0.99658
           45           -1     0.996417
         45.5           -1     0.996659
           46           -1     0.996475
         46.5           -1     0.996911
           47           -1     0.997197
         47.5           -1     0.997312
           48           -1     0.997407
         48.5           -1     0.997527
           49           -1     0.997614
         49.5           -1       0.9977
           50           -1     0.997781
         50.5           -1     0.997874
           51           -1     0.997969
         51.5           -1     0.998052
           52           -1     0.998128
         52.5           -1     0.998217
           53           -1     0.998296
         53.5           -1      0.99837
           54           -1     0.998454
         54.5           -1      0.99854
           55           -1     0.998631
         55.5           -1     0.998716
           56           -1     0.998795
         56.5           -1      0.99887
           57           -1     0.998935
         57.5           -1     0.999026
           58           -1     0.999091
         58.5           -1      0.99919
           59           -1     0.999259
         59.5           -1     0.999328
           60           -1      0.99939
         60.5           -1     0.999456
           61           -1      0.99951
         61.5           -1     0.999591
           62           -1     0.999646
         62.5           -1     0.999724
           63           -1     0.999768
         63.5           -1     0.999833
           64           -1     0.999878
         64.5           -1     0.999928
           65           -1     0.999969
         65.5           -1      1.00001
           66           -1      1.00007
         66.5           -1       1.0001
           67           -1      1.00018
         67.5           -1       1.0002
           68           -1      1.00025
         68.5           -1      1.00029
           69           -1      1.00029
         69.5           -1      1.00036
           70           -1       1.0004
         70.5           -1      1.00043
           71           -1      1.00047
         71.5           -1      1.00051
           72           -1      1.00046
         72.5           -1       1.0007
           73           -1      1.00062
         73.5           -1      1.00056
           74           -1      1.00062
         74.5           -1      1.00074
           75           -1      1.00078
         75.5           -1      1.00081
           76           -1      1.00083
         76.5           -1      1.00084
           77           -1      1.00088
         77.5           -1      1.00093
           78           -1      1.00102
         78.5           -1      1.00102
           79           -1      1.00101
         79.5           -1      1.00101
           80           -1      1.00106
         80.5           -1      1.00111
           81           -1      1.00114
         81.5           -1      1.00118
           82           -1      1.00121
         82.5           -1      1.00136
           83           -1      1.00131
         83.5           -1      1.00137
           84           -1       1.0014
         84.5           -1      1.00135
           85           -1      1.00168
         85.5           -1      1.00187
           86           -1      1.00193
         86.5           -1      1.00175
           87           -1       1.0018
         87.5           -1      1.00184
           88           -1      1.00171
         88.5           -1      1.00191
           89           -1      1.00168
         89.5           -1      1.00197
           90           -1      1.00201
         90.5           -1      1.00218
           91           -1      1.00218
         91.5           -1      1.00216
           92           -1      1.00215
         92.5           -1      1.00216
           93           -1      1.00219
         93.5           -1      1.00221
           94           -1      1.00224
         94.5           -1      1.00246
           95           -1      1.00229
         95.5           -1      1.00238
           96           -1      1.00217
         96.5           -1       1.0024
           97           -1       1.0024
         97.5           -1      1.00244
           98           -1      1.00246
         98.5           -1      1.00264
           99           -1      1.00271
         99.5           -1      1.00258
          100           -1      1.00278
        100.5           -1      1.00246
          101           -1      1.00271
        101.5           -1      1.00247
          102           -1      1.00253
        102.5           -1      1.00267
          103           -1      1.00269
        103.5           -1      1.00264
          104           -1      1.00272
        104.5           -1      1.00281
          105           -1      1.00272
        105.5           -1      1.00276
          106           -1      1.00278
        106.5           -1      1.00285
          107           -1      1.00284
        107.5           -1      1.00289
          108           -1      1.00287
        108.5           -1      1.00292
          109           -1      1.00293
        109.5           -1      1.00294
          110           -1      1.00317
        110.5           -1      1.00312
          111           -1      1.00326
        111.5           -1      1.00303
          112           -1      1.00304
        112.5           -1      1.00311
          113           -1       1.0031
        113.5           -1      1.00327
          114           -1      1.00311
        114.5           -1       1.0031
          115           -1      1.00337
        115.5           -1      1.00321
          116           -1      1.00348
        116.5           -1      1.00323
          117           -1      1.00334
        117.5           -1      1.00366
          118           -1      1.00335
        118.5           -1      1.00346
          119           -1      1.00321
        119.5           -1      1.00323
          120           -1      1.00347
        120.5           -1      1.00365
          121           -1      1.00356
        121.5           -1      1.00372
          122           -1      1.00346
        122.5           -1       1.0036
          123           -1      1.00358
        123.5           -1       1.0037
          124           -1      1.00348
        124.5           -1      1.00371
          125           -1      1.00373
        125.5           -1      1.00382
          126           -1      1.00362
        126.5           -1      1.00383
          127           -1      1.00378
        127.5           -1       1.0038
          128           -1      1.00392
        128.5           -1      1.00394
          129           -1      1.00398
        129.5           -1      1.00406
          130           -1      1.00406
        130.5           -1      1.00408
          131           -1      1.00388
        131.5           -1      1.00414
          132           -1      1.00417
        132.5           -1      1.00427
          133           -1      1.00426
        133.5           -1      1.00426
          134           -1      1.00428
        134.5           -1      1.00421
          135           -1      1.00409
        135.5           -1      1.00438
          136           -1      1.00443
        136.5           -1      1.00449
          137           -1      1.00455
        137.5           -1       1.0045
          138           -1      1.00459
        138.5           -1      1.00434
          139           -1      1.00465
        139.5           -1      1.00469
          140           -1      1.00486
        140.5           -1      1.00487
          141           -1      1.00454
        141.5           -1      1.00482
          142           -1      1.00491
        142.5           -1      1.00493
          143           -1      1.00506
        143.5           -1      1.00502
          144           -1      1.00505
        144.5           -1      1.00491
          145           -1       1.0051
        145.5           -1      1.00516
          146           -1      1.00512
        146.5           -1      1.00521
          147           -1      1.00523
        147.5           -1      1.00504
          148           -1      1.00532
        148.5           -1      1.00532
          149           -1      1.00539
        149.5           -1      1.00561
          150           -1      1.00547
        150.5           -1      1.00551
          151           -1      1.00552
        151.5           -1      1.00557
          152           -1      1.00562
        152.5           -1      1.00565
          153           -1      1.00568
        153.5           -1      1.00572
          154           -1      1.00577
        154.5           -1       1.0058
          155           -1      1.00584
        155.5           -1      1.00588
          156           -1      1.00593
        156.5           -1      1.00594
          157           -1      1.00601
        157.5           -1      1.00601
          158           -1      1.00608
        158.5           -1      1.00609
          159           -1      1.00628
        159.5           -1      1.00614
          160           -1      1.00632
        160.5           -1      1.00614
          161           -1       1.0063
        161.5           -1      1.00627
          162           -1      1.00649
        162.5           -1      1.00639
          163           -1      1.00641
        163.5           -1      1.00643
          164           -1       1.0066
        164.5           -1      1.00651
          165           -1      1.00655
        165.5           -1      1.00659
          166           -1      1.00678
        166.5           -1      1.00676
          167           -1      1.00669
        167.5           -1      1.00673
          168           -1      1.00676
        168.5           -1       1.0068
          169           -1      1.00683
        169.5           -1      1.00686
          170           -1      1.00689
        170.5           -1      1.00693
          171           -1      1.00696
        171.5           -1      1.00699
          172           -1      1.00702
        172.5           -1      1.00706
          173           -1      1.00708
        173.5           -1      1.00712
          174           -1      1.00715
        174.5           -1      1.00718
          175           -1      1.00721
        175.5           -1      1.00725
          176           -1      1.00728
        176.5           -1      1.00731
          177           -1      1.00734
        177.5           -1      1.00738
          178           -1       1.0074
        178.5           -1      1.00744
          179           -1      1.00747
        179.5           -1      1.00751
          180           -1      1.00753
        180.5           -1      1.00757
          181           -1      1.00759
        181.5           -1      1.00763
          182           -1      1.00766
        182.5           -1      1.00769
          183           -1      1.00772
        183.5           -1      1.00776
          184           -1      1.00778
        184.5           -1      1.00782
          185           -1      1.00784
        185.5           -1      1.00788
          186           -1      1.00791
        186.5           -1      1.00794
          187           -1      1.00797
        187.5           -1        1.008
          188           -1      1.00803
        188.5           -1      1.00806
          189           -1      1.00809
        189.5           -1      1.00812
          190           -1      1.00816
        190.5           -1      1.00818
          191           -1      1.00822
        191.5           -1      1.00824
          192           -1      1.00828
        192.5           -1       1.0083
          193           -1      1.00834
        193.5           -1      1.00837
          194           -1      1.00841
        194.5           -1      1.00843
          195           -1      1.00847
        195.5           -1      1.00849
          196           -1      1.00853
        196.5           -1      1.00855
          197           -1      1.00859
        197.5           -1      1.00861
          198           -1      1.00865
        198.5           -1      1.00867
          199           -1      1.00872
        199.5           -1      1.00873
          200           -1      1.00878
        200.5           -1      1.00879
          201           -1      1.00884
        201.5           -1      1.00885
          202           -1       1.0089
        202.5           -1      1.00891
          203           -1      1.00896
        203.5           -1      1.00897
          204           -1      1.00902
        204.5           -1      1.00903
          205           -1      1.00909
        205.5           -1      1.00909
          206           -1      1.00915
        206.5           -1      1.00915
          207           -1      1.00921
        207.5           -1      1.00921
          208           -1      1.00927
        208.5           -1      1.00927
          209           -1      1.00933
        209.5           -1      1.00933
          210           -1      1.00939
        210.5           -1      1.00939
          211           -1      1.00956
        211.5           -1      1.00937
          212           -1       1.0095
        212.5           -1      1.00952
          213           -1      1.00955
        213.5           -1      1.00957
          214           -1      1.00962
        214.5           -1      1.00963
          215           -1      1.00968
        215.5           -1      1.00969
          216           -1      1.00973
        216.5           -1      1.00975
          217           -1      1.00979
        217.5           -1      1.00981
          218           -1      1.00985
        218.5           -1      1.00987
          219           -1      1.00991
        219.5           -1      1.00992
          220           -1      1.00997
        220.5           -1      1.00998
          221           -1      1.01002
        221.5           -1      1.01004
          222           -1      1.01008
        222.5           -1       1.0101
          223           -1      1.01014
        223.5           -1      1.01015
          224           -1      1.01019
        224.5           -1      1.01021
          225           -1      1.01025
        225.5           -1      1.01026
          226           -1       1.0103
        226.5           -1      1.01032
          227           -1      1.01035
        227.5           -1      1.01037
          228           -1      1.01041
        228.5           -1      1.01043
          229           -1      1.01046
        229.5           -1      1.01048
          230           -1      1.01051
        230.5           -1      1.01053
          231           -1      1.01056
        231.5           -1      1.01058
          232           -1      1.01061
        232.5           -1      1.01063
          233           -1      1.01066
        233.5           -1      1.01068
          234           -1      1.01071
        234.5           -1      1.01072
          235           -1      1.01076
        235.5           -1      1.01077
          236           -1       1.0108
        236.5           -1      1.01082
          237           -1      1.01085
        237.5           -1      1.01086
          238           -1      1.01089
        238.5           -1      1.01091
          239           -1      1.01094
        239.5           -1      1.01095
          240           -1      1.01098
        240.5           -1      1.01099
          241           -1      1.01102
        241.5           -1      1.01103
          242           -1      1.01106
        242.5           -1      1.01107
          243           -1       1.0111
        243.5           -1      1.01111
          244           -1      1.01114
        244.5           -1      1.01115
          245           -1      1.01117
        245.5           -1      1.01118
          246           -1      1.01121
        246.5           -1      1.01122
          247           -1      1.01125
        247.5           -1      1.01125
          248           -1      1.01128
        248.5           -1      1.01129
          249           -1      1.01131
        249.5           -1      1.01132
          250           -1      1.01134
        250.5           -1      1.01135
          251           -1      1.01137
        251.5           -1      1.01138
          252           -1       1.0114
        252.5           -1      1.01141
          253           -1      1.01143
        253.5           -1      1.01144
          254           -1      1.01146
        254.5           -1      1.01147
          255           -1      1.01149
        255.5           -1      1.01149
          256           -1      1.01152
        256.5           -1      1.01152
          257           -1      1.01154
        257.5           -1      1.01155
          258           -1      1.01157
        258.5           -1      1.01157
          259           -1      1.01159
        259.5           -1       1.0116
          260           -1      1.01162
        260.5           -1      1.01162
          261           -1      1.01164
        261.5           -1      1.01165
          262           -1      1.01167
        262.5           -1      1.01167
          263           -1      1.01169
        263.5           -1       1.0117
          264           -1      1.01171
        264.5           -1      1.01172
          265           -1      1.01174
        265.5           -1      1.01174
          266           -1      1.01176
        266.5           -1      1.01176
          267           -1      1.01178
        267.5           -1      1.01179
          268           -1       1.0118
        268.5           -1      1.01181
          269           -1      1.01183
        269.5           -1      1.01183
          270           -1      1.01185
        270.5           -1      1.01185
          271           -1      1.01187
        271.5           -1      1.01187
          272           -1      1.01189
        272.5           -1       1.0119
          273           -1      1.01191
        273.5           -1      1.01192
          274           -1      1.01194
        274.5           -1      1.01194
          275           -1      1.01196
        275.5           -1      1.01196
          276           -1      1.01198
        276.5           -1      1.01198
          277           -1        1.012
        277.5           -1      1.01201
          278           -1      1.01202
        278.5           -1      1.01203
          279           -1      1.01205
        279.5           -1      1.01205
          280           -1      1.01207
        280.5           -1      1.01207
          281           -1      1.01209
        281.5           -1      1.01209
          282           -1      1.01211
        282.5           -1      1.01211
          283           -1      1.01213
        283.5           -1      1.01214
          284           -1      1.01215
        284.5           -1      1.01216
          285           -1      1.01218
        285.5           -1      1.01218
          286           -1       1.0122
        286.5           -1       1.0122
          287           -1      1.01222
        287.5           -1      1.01222
          288           -1      1.01224
        288.5           -1      1.01224
          289           -1      1.01226
        289.5           -1      1.01227
          290           -1      1.01228
        290.5           -1      1.01229
          291           -1      1.01231
        291.5           -1      1.01231
          292           -1      1.01233
        292.5           -1      1.01233
          293           -1      1.01235
        293.5           -1      1.01235
          294           -1      1.01237
        294.5           -1      1.01237
          295           -1      1.01239
        295.5           -1       1.0124
          296           -1      1.01241
        296.5           -1      1.01242
          297           -1      1.01243
        297.5           -1      1.01244
          298           -1      1.01245
        298.5           -1      1.01246
          299           -1      1.01248
        299.5           -1      1.01248
          300           -1      1.01249
        300.5           -1      1.01254
          301           -1      1.01254
        301.5           -1      1.01255
          302           -1      1.01256
        302.5           -1      1.01258
          303           -1      1.01259
        303.5           -1      1.01262
          304           -1      1.01256
        304.5           -1      1.01256
          305           -1      1.01261
        305.5           -1      1.01263
          306           -1      1.01266
        306.5           -1       1.0127
          307           -1      1.01263
        307.5           -1      1.01262
          308           -1      1.01267
        308.5           -1      1.01268
          309           -1       1.0127
        309.5           -1      1.01267
          310           -1      1.01266
        310.5           -1      1.01271
          311           -1      1.01271
        311.5           -1      1.01274
          312           -1      1.01275
        312.5           -1      1.01277
          313           -1      1.01276
        313.5           -1      1.01277
          314           -1      1.01275
        314.5           -1      1.01276
          315           -1      1.01274
        315.5           -1      1.01275
          316           -1      1.01281
        316.5           -1      1.01284
          317           -1      1.01285
        317.5           -1      1.01281
          318           -1      1.01284
        318.5           -1      1.01283
          319           -1      1.01281
        319.5           -1      1.01282
          320           -1       1.0128
        320.5           -1      1.01281
          321           -1      1.01287
        321.5           -1       1.0129
          322           -1      1.01291
        322.5           -1      1.01293
          323           -1      1.01292
        323.5           -1      1.01292
          324           -1      1.01288
        324.5           -1      1.01287
          325           -1      1.01293
        325.5           -1      1.01295
          326           -1      1.01295
        326.5           -1      1.01297
          327           -1      1.01295
        327.5           -1      1.01295
          328           -1      1.01291
        328.5           -1      1.01291
          329           -1      1.01298
        329.5           -1        1.013
          330           -1      1.01301
        330.5           -1      1.01303
          331           -1        1.013
        331.5           -1        1.013
          332           -1      1.01296
        332.5           -1      1.01295
          333           -1      1.01302
        333.5           -1      1.01304
          334           -1      1.01305
        334.5           -1      1.01308
          335           -1      1.01305
        335.5           -1      1.01305
          336           -1        1.013
        336.5           -1      1.01299
          337           -1      1.01305
        337.5           -1      1.01307
          338           -1      1.01307
        338.5           -1      1.01309
          339           -1      1.01306
        339.5           -1      1.01307
          340           -1      1.01302
        340.5           -1      1.01301
          341           -1      1.01307
        341.5           -1       1.0131
          342           -1       1.0131
        342.5           -1      1.01312
          343           -1      1.01309
        343.5           -1       1.0131
          344           -1      1.01305
        344.5           -1      1.01305
          345           -1      1.01308
        345.5           -1      1.01311
          346           -1       1.0131
        346.5           -1      1.01312
          347           -1      1.01309
        347.5           -1      1.01309
          348           -1      1.01305
        348.5           -1      1.01305
          349           -1      1.01309
        349.5           -1      1.01312
          350           -1      1.01311
        350.5           -1      1.01314
          351           -1      1.01311
        351.5           -1      1.01312
          352           -1      1.01308
        352.5           -1      1.01308
          353           -1      1.01303
        353.5           -1      1.01303
          354           -1      1.01308
        354.5           -1      1.01312
          355           -1      1.01312
        355.5           -1      1.01306
          356           -1        1.013
        356.5           -1      1.01306
          357           -1      1.01303
        357.5           -1      1.01306
          358           -1      1.01305
        358.5           -1      1.01307
          359           -1      1.01304
        359.5           -1      1.01306
          360           -1      1.01303
        360.5           -1      1.01304
          361           -1      1.01301
        361.5           -1      1.01302
          362           -1      1.01299
        362.5           -1      1.01301
          363           -1      1.01298
        363.5           -1        1.013
          364           -1      1.01298
        364.5           -1        1.013
          365           -1      1.01298
        365.5           -1      1.01301
          366           -1      1.01298
        366.5           -1      1.01301
          367           -1      1.01299
        367.5           -1      1.01301
          368           -1      1.01299
        368.5           -1      1.01296
          369           -1      1.01291
        369.5           -1       1.0129
          370           -1      1.01295
        370.5           -1      1.01289
          371           -1      1.01293
        371.5           -1      1.01295
          372           -1      1.01294
        372.5           -1       1.0129
          373           -1      1.01294
        373.5           -1      1.01296
          374           -1      1.01287
        374.5           -1      1.01288
          375           -1      1.01291
        375.5           -1      1.01287
          376           -1      1.01285
        376.5           -1      1.01286
          377           -1      1.01282
        377.5           -1      1.01285
          378           -1      1.01283
        378.5           -1      1.01286
          379           -1      1.01285
        379.5           -1       1.0128
          380           -1      1.01283
        380.5           -1      1.01284
          381           -1      1.01278
        381.5           -1      1.01279
          382           -1      1.01275
        382.5           -1      1.01276
          383           -1      1.01274
        383.5           -1      1.01277
          384           -1      1.01276
        384.5           -1      1.01271
          385           -1      1.01268
        385.5           -1      1.01268
          386           -1      1.01272
        386.5           -1      1.01269
          387           -1      1.01268
        387.5           -1      1.01269
          388           -1      1.01267
        388.5           -1      1.01264
          389           -1      1.01261
        389.5           -1      1.01261
          390           -1      1.01258
        390.5           -1      1.01261
          391           -1       1.0126
        391.5           -1      1.01257
          392           -1      1.01254
        392.5           -1      1.01255
          393           -1      1.01253
        393.5           -1      1.01256
          394           -1      1.01255
        394.5           -1       1.0125
          395           -1      1.01253
        395.5           -1      1.01248
          396           -1      1.01246
        396.5           -1      1.01246
          397           -1      1.01244
        397.5           -1      1.01247
          398           -1      1.01241
        398.5           -1      1.01243
          399           -1       1.0124
        399.5           -1      1.01242
          400           -1       1.0124
        400.5           -1      1.01236
          401           -1      1.01236
        401.5           -1      1.01238
          402           -1      1.01231
        402.5           -1      1.01233
          403           -1       1.0123
        403.5           -1      1.01231
          404           -1      1.01225
        404.5           -1      1.01227
          405           -1      1.01224
        405.5           -1      1.01225
          406           -1      1.01224
        406.5           -1      1.01219
          407           -1      1.01216
        407.5           -1      1.01216
          408           -1      1.01213
        408.5           -1      1.01216
          409           -1      1.01209
        409.5           -1      1.01211
          410           -1      1.01209
        410.5           -1      1.01211
          411           -1       1.0121
        411.5           -1      1.01205
          412           -1      1.01202
        412.5           -1      1.01201
          413           -1      1.01199
        413.5           -1      1.01202
          414           -1      1.01195
        414.5           -1      1.01197
          415           -1      1.01194
        415.5           -1      1.01196
          416           -1      1.01189
        416.5           -1      1.01191
          417           -1      1.01188
        417.5           -1       1.0119
          418           -1      1.01183
        418.5           -1      1.01185
          419           -1      1.01182
        419.5           -1      1.01184
          420           -1      1.01177
        420.5           -1      1.01179
          421           -1      1.01176
        421.5           -1      1.01178
          422           -1      1.01171
        422.5           -1      1.01172
          423           -1       1.0117
        423.5           -1      1.01171
          424           -1      1.01165
        424.5           -1      1.01166
          425           -1      1.01163
        425.5           -1      1.01165
          426           -1      1.01158
        426.5           -1      1.01159
          427           -1      1.01157
        427.5           -1      1.01158
          428           -1      1.01152
        428.5           -1      1.01153
          429           -1      1.01151
        429.5           -1      1.01152
          430           -1      1.01145
        430.5           -1      1.01146
          431           -1      1.01144
        431.5           -1      1.01145
          432           -1      1.01139
        432.5           -1       1.0114
          433           -1      1.01138
        433.5           -1      1.01139
          434           -1      1.01132
        434.5           -1      1.01133
          435           -1      1.01131
        435.5           -1      1.01132
          436           -1      1.01126
        436.5           -1      1.01127
          437           -1      1.01125
        437.5           -1      1.01126
          438           -1      1.01119
        438.5           -1       1.0112
          439           -1      1.01118
        439.5           -1      1.01119
          440           -1      1.01113
        440.5           -1      1.01113
          441           -1      1.01111
        441.5           -1      1.01112
          442           -1      1.01106
        442.5           -1      1.01107
          443           -1      1.01105
        443.5           -1      1.01106
          444           -1        1.011
        444.5           -1        1.011
          445           -1      1.01098
        445.5           -1      1.01099
          446           -1      1.01093
        446.5           -1      1.01094
          447           -1      1.01092
        447.5           -1      1.01093
          448           -1      1.01087
        448.5           -1      1.01088
          449           -1      1.01086
        449.5           -1      1.01087
          450           -1      1.01081
        450.5           -1      1.01082
          451           -1       1.0108
        451.5           -1      1.01081
          452           -1      1.01075
        452.5           -1      1.01076
          453           -1      1.01074
        453.5           -1      1.01075
          454           -1      1.01069
        454.5           -1       1.0107
          455           -1      1.01068
        455.5           -1      1.01069
          456           -1      1.01063
        456.5           -1      1.01064
          457           -1      1.01062
        457.5           -1      1.01063
          458           -1      1.01058
        458.5           -1      1.01058
          459           -1      1.01057
        459.5           -1      1.01058
          460           -1      1.01052
        460.5           -1      1.01053
          461           -1      1.01051
        461.5           -1      1.01052
          462           -1      1.01052
        462.5           -1      1.01046
          463           -1      1.01045
        463.5           -1      1.01043
          464           -1      1.01041
        464.5           -1      1.01042
          465           -1      1.01042
        465.5           -1      1.01038
          466           -1      1.01037
        466.5           -1      1.01037
          467           -1      1.01035
        467.5           -1      1.01037
          468           -1      1.01031
        468.5           -1      1.01032
          469           -1       1.0103
        469.5           -1      1.01031
          470           -1      1.01031
        470.5           -1      1.01027
          471           -1      1.01025
        471.5           -1      1.01024
          472           -1      1.01023
        472.5           -1      1.01024
          473           -1      1.01025
        473.5           -1       1.0102
          474           -1      1.01019
        474.5           -1      1.01017
          475           -1      1.01016
        475.5           -1      1.01017
          476           -1      1.01017
        476.5           -1      1.01013
          477           -1      1.01012
        477.5           -1      1.01011
          478           -1       1.0101
        478.5           -1      1.01011
          479           -1      1.01012
        479.5           -1      1.01008
          480           -1      1.01006
        480.5           -1      1.01005
          481           -1      1.01004
        481.5           -1      1.01005
          482           -1      1.01005
        482.5           -1      1.01007
          483           -1      1.01001
        483.5           -1      1.01001
          484           -1      1.00999
        484.5           -1      1.00998
          485           -1      1.00998
        485.5           -1      1.00999
          486           -1         1.01
        486.5           -1      1.00995
          487           -1      1.00994
        487.5           -1      1.00993
          488           -1      1.00992
        488.5           -1      1.00992
          489           -1      1.00993
        489.5           -1      1.00995
          490           -1       1.0099
        490.5           -1       1.0099
          491           -1      1.00988
        491.5           -1      1.00987
          492           -1      1.00987
        492.5           -1      1.00988
          493           -1      1.00988
        493.5           -1       1.0099
          494           -1      1.00984
        494.5           -1      1.00984
          495           -1      1.00981
        495.5           -1       1.0098
          496           -1       1.0098
        496.5           -1       1.0098
          497           -1      1.00981
        497.5           -1      1.00982
          498           -1      1.00983
        498.5           -1      1.00979
          499           -1      1.00977
        499.5           -1      1.00976
          500           -1      1.00979
        500.5           -1      1.00977
          501           -1      1.00977
        501.5           -1      1.00978
          502           -1      1.00978
        502.5           -1      1.00979
          503           -1      1.00974
        503.5           -1      1.00974
          504           -1      1.00972
        504.5           -1      1.00971
          505           -1       1.0097
        505.5           -1       1.0097
          506           -1      1.00971
        506.5           -1      1.00971
          507           -1      1.00972
        507.5           -1      1.00974
          508           -1       1.0097
        508.5           -1      1.00969
          509           -1      1.00967
        509.5           -1      1.00966
          510           -1      1.00966
        510.5           -1      1.00965
          511           -1      1.00966
        511.5           -1      1.00966
          512           -1      1.00967
        512.5           -1      1.00968
          513           -1      1.00969
        513.5           -1       1.0097
          514           -1      1.00964
        514.5           -1      1.00963
          515           -1      1.00964
        515.5           -1      1.00965
          516           -1      1.00966
        516.5           -1      1.00963
          517           -1      1.00962
        517.5           -1      1.00962
          518           -1      1.00962
        518.5           -1       1.0096
          519           -1      1.00957
        519.5           -1       1.0096
          520           -1       1.0096
        520.5           -1      1.00962
          521           -1      1.00959
        521.5           -1       1.0096
          522           -1      1.00958
        522.5           -1      1.00958
          523           -1      1.00958
        523.5           -1      1.00957
          524           -1      1.00957
        524.5           -1      1.00956
          525           -1      1.00956
        525.5           -1      1.00955
          526           -1      1.00955
        526.5           -1      1.00953
          527           -1      1.00954
        527.5           -1      1.00955
          528           -1      1.00955
        528.5           -1      1.00954
          529           -1      1.00954
        529.5           -1      1.00952
          530           -1      1.00953
        530.5           -1       1.0095
          531           -1       1.0095
        531.5           -1       1.0095
          532           -1       1.0095
        532.5           -1       1.0095
          533           -1      1.00951
        533.5           -1      1.00951
          534           -1      1.00951
        534.5           -1      1.00951
          535           -1      1.00951
        535.5           -1      1.00948
          536           -1       1.0095
        536.5           -1      1.00949
          537           -1      1.00949
        537.5           -1      1.00949
          538           -1       1.0095
        538.5           -1      1.00949
          539           -1       1.0095
        539.5           -1      1.00948
          540           -1      1.00948
        540.5           -1      1.00948
          541           -1      1.00948
        541.5           -1      1.00947
          542           -1      1.00947
        542.5           -1      1.00944
          543           -1      1.00944
        543.5           -1      1.00944
          544           -1      1.00943
        544.5           -1      1.00946
          545           -1      1.00946
        545.5           -1      1.00946
          546           -1      1.00946
        546.5           -1      1.00942
          547           -1      1.00945
        547.5           -1      1.00942
          548           -1      1.00943
        548.5           -1      1.00944
          549           -1      1.00944
        549.5           -1      1.00945
          550           -1      1.00945
        550.5           -1      1.00946
          551           -1      1.00945
        551.5           -1      1.00946
          552           -1      1.00944
        552.5           -1      1.00945
          553           -1      1.00944
        553.5           -1      1.00944
          554           -1      1.00944
        554.5           -1      1.00943
          555           -1      1.00944
        555.5           -1      1.00942
          556           -1      1.00943
        556.5           -1      1.00942
          557           -1      1.00942
        557.5           -1      1.00941
          558           -1      1.00942
        558.5           -1       1.0094
          559           -1      1.00941
        559.5           -1       1.0094
          560           -1      1.00941
        560.5           -1      1.00939
          561           -1       1.0094
        561.5           -1      1.00939
          562           -1       1.0094
        562.5           -1      1.00939
          563           -1       1.0094
        563.5           -1      1.00938
          564           -1      1.00939
        564.5           -1      1.00938
          565           -1      1.00939
        565.5           -1      1.00938
          566           -1      1.00939
        566.5           -1      1.00938
          567           -1      1.00939
        567.5           -1      1.00938
          568           -1      1.00939
        568.5           -1      1.00938
          569           -1      1.00938
        569.5           -1      1.00937
          570           -1      1.00938
        570.5           -1      1.00938
          571           -1      1.00937
        571.5           -1      1.00938
          572           -1      1.00937
        572.5           -1      1.00938
          573           -1      1.00937
        573.5           -1      1.00937
          574           -1      1.00937
        574.5           -1      1.00936
          575           -1      1.00936
        575.5           -1      1.00935
          576           -1      1.00935
        576.5           -1      1.00936
          577           -1      1.00935
        577.5           -1      1.00936
          578           -1      1.00935
        578.5           -1      1.00935
          579           -1      1.00935
        579.5           -1      1.00934
          580           -1      1.00935
        580.5           -1      1.00935
          581           -1      1.00935
        581.5           -1      1.00935
          582           -1      1.00934
        582.5           -1      1.00934
          583           -1      1.00934
        583.5           -1      1.00933
          584           -1      1.00933
        584.5           -1      1.00933
          585           -1      1.00933
        585.5           -1      1.00934
          586           -1      1.00933
        586.5           -1      1.00933
          587           -1      1.00934
        587.5           -1      1.00932
          588           -1      1.00933
        588.5           -1      1.00934
          589           -1      1.00933
        589.5           -1      1.00933
          590           -1      1.00933
        590.5           -1      1.00932
          591           -1      1.00933
        591.5           -1      1.00932
          592           -1      1.00933
        592.5           -1      1.00931
          593           -1      1.00932
        593.5           -1      1.00932
          594           -1      1.00931
        594.5           -1      1.00932
          595           -1      1.00935
        595.5           -1      1.00936
          596           -1      1.00934
        596.5           -1      1.00933
          597           -1      1.00932
        597.5           -1      1.00931
          598           -1      1.00934
        598.5           -1      1.00935
          599           -1      1.00936
        599.5           -1      1.00937
          600           -1      1.00934
