/*--------------------------------*- C++ -*----------------------------------*\
| =========                 |                                                 |
| \\      /  F ield         | OpenFOAM: The Open Source CFD Toolbox           |
|  \\    /   O peration     | Version:  2.3.1                                 |
|   \\  /    A nd           | Web:      www.OpenFOAM.org                      |
|    \\/     M anipulation  |                                                 |
\*---------------------------------------------------------------------------*/
FoamFile
{
    version     2.0;
    format      ascii;
    class       volScalarField;
    location    "600";
    object      p;
}
// * * * * * * * * * * * * * * * * * * * * * * * * * * * * * * * * * * * * * //

dimensions      [0 2 -2 0 0 0 0];

internalField   nonuniform List<scalar> 
6852
(
77.8431
77.8536
77.87
77.8894
77.834
77.8425
77.858
77.8767
77.8219
77.8319
77.8534
77.8783
77.9043
77.8193
77.8432
77.8847
77.9205
77.9521
77.8176
77.8501
77.8977
77.9298
77.9587
77.8149
77.8524
77.9043
77.9376
77.9682
77.8015
77.84
77.8936
77.9276
77.9594
77.7797
77.817
77.871
77.9046
77.9366
77.7521
77.7866
77.8395
77.871
77.9013
77.72
77.7496
77.7986
77.8262
77.853
77.6866
77.7097
77.7523
77.775
77.7967
77.6519
77.6653
77.6935
77.71
77.7261
77.6217
77.6282
77.6447
77.6549
77.6649
77.596
77.5978
77.6064
77.6117
77.6169
77.575
77.5735
77.5773
77.5794
77.5815
77.5577
77.5544
77.555
77.5552
77.5554
77.5433
77.539
77.5378
77.5368
77.5359
77.531
77.5262
77.5238
77.522
77.5205
77.5203
77.5151
77.512
77.5096
77.5075
77.5108
77.5053
77.5015
77.4985
77.496
77.5024
77.4965
77.492
77.4884
77.4852
77.4949
77.4886
77.4833
77.4789
77.475
77.4883
77.4815
77.4754
77.4699
77.4651
77.4827
77.4752
77.4681
77.4615
77.4555
77.478
77.4698
77.4615
77.4536
77.4462
77.4742
77.4652
77.4558
77.4464
77.4374
77.4717
77.4617
77.4509
77.44
77.4291
77.4703
77.4594
77.4473
77.4348
77.4219
77.4704
77.4585
77.4452
77.4311
77.4163
77.4718
77.4592
77.4448
77.4295
77.4127
77.4747
77.4617
77.4466
77.4307
77.4128
77.4789
77.4658
77.4504
77.4345
77.416
77.4843
77.4715
77.4567
77.4418
77.4247
77.4905
77.4787
77.465
77.4518
77.4368
77.4974
77.4863
77.4731
77.4604
77.4459
77.5048
77.4942
77.4817
77.4692
77.4547
77.5137
77.504
77.4926
77.4815
77.4694
77.5245
77.5168
77.5074
77.4985
77.4907
77.5364
77.5313
77.5241
77.5172
77.5117
77.5486
77.546
77.5409
77.5352
77.5303
77.5593
77.558
77.5532
77.5469
77.5406
76.821
76.8276
76.8407
76.8581
76.8103
76.8128
76.8234
76.8394
76.7881
76.7902
76.8067
76.8297
76.7745
76.7892
76.8275
76.8623
76.8951
76.7714
76.795
76.8423
76.8741
76.9044
76.7675
76.7966
76.8486
76.881
76.913
76.7529
76.7829
76.8367
76.8693
76.9021
76.7314
76.7606
76.8155
76.8474
76.8801
76.7037
76.7305
76.7849
76.8147
76.8456
76.6718
76.6938
76.7446
76.7709
76.7982
76.639
76.6545
76.6995
76.722
76.7442
76.607
76.6124
76.639
76.656
76.6723
76.5823
76.5818
76.5965
76.6072
76.6169
76.5626
76.5583
76.5649
76.5704
76.5753
76.5471
76.5411
76.5428
76.545
76.547
76.5342
76.5279
76.5271
76.5274
76.5276
76.5229
76.5169
76.5147
76.5139
76.5131
76.5127
76.507
76.5042
76.5025
76.5011
76.5035
76.4978
76.4945
76.4923
76.4904
76.495
76.4891
76.4853
76.4825
76.4801
76.4873
76.4811
76.4766
76.4732
76.4702
76.4804
76.4737
76.4684
76.4641
76.4604
76.4742
76.467
76.4607
76.4554
76.4507
76.4688
76.4609
76.4536
76.447
76.441
76.4643
76.4556
76.447
76.439
76.4315
76.4608
76.4512
76.4413
76.4315
76.4222
76.4584
76.4478
76.4364
76.4249
76.4134
76.4571
76.4455
76.4326
76.4192
76.4053
76.457
76.4446
76.4304
76.4152
76.3988
76.4583
76.4452
76.4296
76.4129
76.3938
76.461
76.4475
76.4311
76.4138
76.3929
76.465
76.4513
76.4344
76.4168
76.3935
76.4703
76.457
76.4405
76.4243
76.4023
76.4768
76.464
76.4483
76.4338
76.4137
76.4843
76.4717
76.4563
76.4421
76.4223
76.4933
76.4811
76.4661
76.4523
76.4339
76.5032
76.4931
76.4799
76.4671
76.4514
76.5132
76.5059
76.4959
76.4863
76.4761
76.5242
76.5192
76.5115
76.5037
76.4957
76.5357
76.5328
76.5267
76.5197
76.5138
76.5495
76.5477
76.5417
76.5338
76.5266
75.7952
75.796
75.8039
75.8163
75.7824
75.7791
75.7844
75.7949
75.7538
75.7486
75.7595
75.7761
75.7324
75.7347
75.7703
75.8029
75.7274
75.7401
75.789
75.819
75.8502
75.7195
75.7385
75.7953
75.8261
75.8597
75.7024
75.7221
75.7814
75.8115
75.846
75.6792
75.6987
75.7605
75.7897
75.8241
75.6501
75.6673
75.7302
75.7571
75.7894
75.6172
75.6294
75.6888
75.7125
75.7404
75.5846
75.5897
75.6429
75.6656
75.6879
75.5545
75.55
75.5733
75.5907
75.6057
75.535
75.5291
75.5406
75.5509
75.5581
75.5205
75.514
75.5187
75.5234
75.5256
75.5099
75.5032
75.5053
75.5074
75.5077
75.5018
75.4955
75.4964
75.4974
75.4969
75.495
75.4888
75.4889
75.4897
75.489
75.4888
75.4826
75.4817
75.4825
75.4819
75.4827
75.4765
75.4747
75.4751
75.4746
75.4765
75.4703
75.4677
75.4673
75.4667
75.4705
75.4639
75.4604
75.459
75.458
75.4647
75.4576
75.4529
75.4502
75.4484
75.4593
75.4513
75.4454
75.4411
75.4381
75.4543
75.4454
75.4379
75.432
75.4271
75.45
75.44
75.4308
75.4228
75.4158
75.4465
75.4353
75.4241
75.4138
75.404
75.444
75.4315
75.4182
75.4051
75.392
75.4425
75.4287
75.4131
75.397
75.3796
75.4421
75.4271
75.4093
75.3901
75.3677
75.4432
75.427
75.4068
75.3841
75.3547
75.4458
75.4289
75.4067
75.382
75.3464
75.4498
75.4325
75.4083
75.3809
75.3337
75.4557
75.4389
75.415
75.3895
75.342
75.4631
75.4473
75.4248
75.402
75.3577
75.4715
75.457
75.4359
75.4147
75.3729
75.4812
75.4682
75.4493
75.4303
75.3938
75.4924
75.4814
75.4651
75.4483
75.4182
75.5051
75.4971
75.4848
75.4721
75.4541
75.5185
75.5136
75.5042
75.4933
75.48
75.532
75.5296
75.5224
75.5133
75.5039
75.5517
75.5505
75.5429
75.532
75.5201
74.7768
74.7744
74.7793
74.7874
74.7643
74.7579
74.7623
74.7693
74.7342
74.7238
74.7341
74.7435
74.7041
74.6938
74.7315
74.7557
74.6901
74.6892
74.7416
74.7673
74.6756
74.6815
74.7444
74.7728
74.8081
74.6538
74.6598
74.7264
74.7545
74.7911
74.6278
74.6336
74.7044
74.7322
74.769
74.5961
74.6002
74.6731
74.6998
74.7344
74.5615
74.5601
74.6285
74.6542
74.6837
74.5304
74.5183
74.5781
74.6086
74.6322
74.5054
74.4838
74.4964
74.5189
74.5315
74.4936
74.4775
74.479
74.4899
74.4927
74.4865
74.4739
74.4713
74.4745
74.4725
74.4817
74.4721
74.47
74.4711
74.4684
74.4779
74.4707
74.4693
74.47
74.4674
74.4741
74.4681
74.4674
74.4682
74.4663
74.4698
74.4644
74.4639
74.4648
74.4638
74.4652
74.4595
74.4589
74.4598
74.4593
74.4601
74.4539
74.4527
74.4532
74.4529
74.4547
74.4478
74.4456
74.4454
74.4447
74.4492
74.4415
74.4378
74.4365
74.4351
74.4439
74.4351
74.4295
74.4267
74.4242
74.439
74.429
74.4213
74.4162
74.4119
74.4345
74.4231
74.4132
74.4053
74.3984
74.4308
74.4178
74.4053
74.3942
74.3838
74.428
74.4132
74.3978
74.383
74.3679
74.4263
74.4097
74.3909
74.3716
74.35
74.4258
74.4074
74.3852
74.3611
74.3312
74.4267
74.4066
74.3803
74.3503
74.3071
74.4295
74.4083
74.3788
74.345
74.2897
74.4341
74.4121
74.3786
74.3389
74.2558
74.4412
74.4205
74.3877
74.3523
74.2705
74.4502
74.4316
74.4015
74.3709
74.2951
74.4604
74.444
74.417
74.3896
74.3195
74.4717
74.4581
74.4354
74.4123
74.3538
74.4839
74.4735
74.4553
74.4362
74.3895
74.4971
74.4906
74.4786
74.4669
74.4453
74.511
74.5075
74.4987
74.4882
74.4716
74.5257
74.5245
74.518
74.5088
74.4969
74.5494
74.5499
74.5429
74.5313
74.5161
73.7655
73.763
73.7691
73.7775
73.7557
73.7492
73.757
73.765
73.7269
73.7144
73.7333
73.7432
73.6885
73.669
73.7229
73.7433
73.662
73.652
73.7059
73.7288
73.6414
73.638
73.7025
73.7293
73.6183
73.6108
73.6791
73.7054
73.7445
73.5945
73.5829
73.6558
73.6815
73.7211
73.5672
73.5507
73.6237
73.648
73.6853
73.5385
73.511
73.5745
73.5995
73.6315
73.5095
73.4711
73.5162
73.5497
73.5744
73.4815
73.4412
73.4283
73.4566
73.4652
73.4734
73.4476
73.4358
73.4449
73.4383
73.4695
73.4507
73.4374
73.436
73.4267
73.4671
73.4539
73.4447
73.4436
73.4389
73.465
73.4555
73.4501
73.4495
73.4469
73.4623
73.4548
73.4518
73.4517
73.4502
73.4587
73.4521
73.4504
73.4508
73.4501
73.4544
73.448
73.4467
73.4473
73.4473
73.4496
73.4428
73.4412
73.4416
73.4419
73.4443
73.4369
73.4343
73.4342
73.4344
73.4388
73.4303
73.4265
73.4254
73.4249
73.4332
73.4235
73.4179
73.4153
73.4136
73.4277
73.4166
73.4088
73.4041
73.4005
73.4227
73.41
73.3994
73.3917
73.3855
73.4183
73.4038
73.39
73.3785
73.3682
73.4148
73.3981
73.3809
73.3647
73.3482
73.4123
73.3933
73.3717
73.3494
73.3237
73.4112
73.3897
73.3632
73.3338
73.295
73.4115
73.3873
73.3543
73.3149
73.2506
73.414
73.3881
73.3493
73.3025
73.2114
73.4184
73.3908
73.3433
73.2811
73.1076
73.4264
73.4006
73.3538
73.2977
73.1221
73.4368
73.4142
73.3717
73.3226
73.1585
73.4484
73.4294
73.3925
73.3496
73.2004
73.4609
73.4463
73.4171
73.3831
73.2615
73.4736
73.4633
73.4418
73.4161
73.324
73.4866
73.4812
73.4697
73.4589
73.431
73.4985
73.496
73.4882
73.4785
73.458
73.5108
73.5108
73.5058
73.4985
73.4869
73.5266
73.5276
73.5221
73.5124
73.4986
72.7564
72.7539
72.7621
72.7717
72.7462
72.7376
72.7491
72.7591
72.7188
72.6975
72.7252
72.7369
72.6744
72.5983
72.7108
72.7437
72.6462
72.5525
72.6565
72.6983
72.6266
72.5332
72.653
72.6947
72.6049
72.515
72.635
72.6681
72.583
72.5001
72.6204
72.6445
72.6853
72.5595
72.4815
72.5986
72.6118
72.6481
72.5319
72.4611
72.552
72.554
72.5833
72.5012
72.4442
72.4667
72.4536
72.4665
72.4662
72.4045
72.2728
72.2607
72.2544
72.4639
72.4296
72.384
72.3788
72.3722
72.4629
72.4377
72.4095
72.3971
72.3867
72.4621
72.4439
72.4267
72.4185
72.4114
72.4607
72.4471
72.4364
72.4309
72.4257
72.458
72.4471
72.4399
72.4363
72.4333
72.4542
72.4448
72.4393
72.4368
72.435
72.4493
72.4407
72.436
72.4339
72.4327
72.4437
72.4353
72.4306
72.4286
72.4275
72.4376
72.4289
72.4239
72.4213
72.42
72.4312
72.4219
72.416
72.4126
72.4106
72.4247
72.4145
72.4072
72.4024
72.3992
72.4182
72.4067
72.3976
72.391
72.3858
72.4121
72.3987
72.3873
72.378
72.37
72.4066
72.3911
72.3764
72.3632
72.351
72.4021
72.3841
72.3653
72.3472
72.3286
72.3987
72.3779
72.3542
72.3292
72.3
72.3968
72.3731
72.3436
72.3106
72.2661
72.3966
72.3696
72.3322
72.2869
72.2093
72.3989
72.3698
72.3259
72.2725
72.1632
72.4032
72.3719
72.3168
72.243
72.0105
72.4119
72.3831
72.3304
72.267
72.0536
72.4229
72.3978
72.3506
72.2945
72.096
72.435
72.4143
72.3739
72.3249
72.1449
72.4478
72.4321
72.401
72.3629
72.2196
72.4601
72.4491
72.4264
72.397
72.2791
72.4722
72.4663
72.4545
72.4404
72.4046
72.4824
72.4789
72.4701
72.4583
72.4336
72.4925
72.4916
72.4863
72.4787
72.4667
72.5029
72.5031
72.4979
72.4893
72.4767
71.7536
71.7384
71.7032
71.691
71.7022
71.691
71.6774
71.6647
71.6569
71.6426
71.6368
71.6201
71.6505
71.5975
71.5795
71.6071
71.5955
71.5753
71.6009
70.7927
70.7343
70.7074
70.6539
70.7142
70.6636
70.6906
70.6389
70.6702
70.6171
70.6508
70.5959
70.605
70.5468
70.5827
70.648
70.5845
70.6159
-7.91144
-7.91247
-7.9149
-7.91974
-7.92399
-7.91061
-7.91163
-7.91432
-7.91994
-7.92398
-7.90985
-7.91104
-7.91458
-7.92307
-7.92534
-7.90914
-7.90993
-7.90942
-7.91051
-7.90967
-7.91075
-7.91089
-7.91209
-7.91264
-7.91403
-7.91491
-7.91662
-7.91802
-7.92037
-7.92158
-7.92483
-7.92784
-7.93656
-7.94948
-7.9447
-7.9447
-7.9292
-7.93411
-7.94064
-7.94176
-7.94294
-7.93087
-7.93369
-7.93817
-7.94003
-7.94164
-7.93314
-7.9346
-7.93733
-7.93924
-7.94113
-7.9358
-7.93643
-7.9382
-7.94002
-7.94193
-7.93859
-7.93871
-7.93989
-7.9415
-7.94329
-7.94127
-7.94105
-7.94183
-7.94319
-7.94474
-7.94373
-7.94324
-7.94369
-7.94477
-7.94593
-7.94599
-7.94526
-7.94543
-7.94619
-7.94679
-7.94813
-7.9472
-7.94711
-7.94754
-7.94741
-7.95025
-7.94922
-7.94895
-7.94921
-7.94872
-7.95244
-7.95138
-7.95105
-7.95144
-7.95077
-7.95476
-7.95373
-7.95348
-7.95425
-7.95452
-7.95718
-7.95614
-7.95587
-7.95666
-7.95708
-7.95976
-7.95874
-7.95849
-7.95939
-7.96004
-7.96256
-7.96161
-7.96148
-7.96266
-7.96369
-7.9656
-7.96483
-7.96493
-7.96673
-7.96831
-7.96892
-7.96851
-7.969
-7.97203
-7.97444
-7.97251
-7.97273
-7.97395
-7.97955
-7.9833
-7.9763
-7.97747
-7.97977
-7.99008
-7.99556
-7.98022
-7.98287
-7.98714
-8.00893
-8.0195
-7.98376
-7.9876
-7.99256
-8.02152
-8.02596
-7.98678
-7.99131
-7.99639
-8.02668
-8.02997
-7.98924
-7.99392
-7.99882
-8.02664
-8.02989
-7.99112
-7.9958
-8.00099
-8.02462
-8.03278
-7.99176
-7.99595
-8.00079
-8.01852
-8.02818
-7.99109
-7.99505
-8.00045
-8.0143
-8.03504
-7.98837
-7.9915
-7.99529
-8.00198
-8.00944
-7.98578
-7.9888
-7.99265
-7.99842
-8.00542
-7.98333
-7.98643
-7.99032
-7.99567
-8.00126
-8.92202
-8.92306
-8.92544
-8.93026
-8.93439
-8.9218
-8.92293
-8.92535
-8.93094
-8.93459
-8.92162
-8.92285
-8.92591
-8.93513
-8.93639
-8.9208
-8.92067
-8.92043
-8.92108
-8.92134
-8.92138
-8.92163
-8.92269
-8.92313
-8.92449
-8.92517
-8.9268
-8.92779
-8.92997
-8.93155
-8.93343
-8.93559
-8.94018
-8.94839
-8.96365
-8.95661
-8.95598
-8.94172
-8.9449
-8.95147
-8.95264
-8.95428
-8.94389
-8.94554
-8.95005
-8.9517
-8.95338
-8.94635
-8.94713
-8.94976
-8.95146
-8.95333
-8.94895
-8.94925
-8.95091
-8.95258
-8.95444
-8.9515
-8.95151
-8.95261
-8.95413
-8.95586
-8.95384
-8.95364
-8.95439
-8.95572
-8.95723
-8.95596
-8.95555
-8.95601
-8.95709
-8.95816
-8.95792
-8.95731
-8.95748
-8.95822
-8.95854
-8.95984
-8.95903
-8.95891
-8.95923
-8.95842
-8.96185
-8.96088
-8.96054
-8.96056
-8.95897
-8.96402
-8.96297
-8.96256
-8.96266
-8.96114
-8.96641
-8.96532
-8.96494
-8.96535
-8.96492
-8.96893
-8.96778
-8.96729
-8.96755
-8.96708
-8.97165
-8.97051
-8.96997
-8.97025
-8.96995
-8.9746
-8.97355
-8.97304
-8.9735
-8.97343
-8.97781
-8.97695
-8.9766
-8.97748
-8.97774
-8.9813
-8.98079
-8.98078
-8.98255
-8.98332
-8.98506
-8.98513
-8.98571
-8.98919
-8.99065
-8.98901
-8.98993
-8.99137
-8.998
-9.00016
-8.99301
-8.99514
-8.99784
-9.00964
-9.01296
-8.9967
-8.99989
-9.00304
-9.01796
-9.01593
-9.00001
-9.00391
-9.00722
-9.0231
-9.01967
-9.00277
-9.0069
-9.0101
-9.02476
-9.02004
-9.00499
-9.00929
-9.01323
-9.02714
-9.02914
-9.00571
-9.00967
-9.01345
-9.02405
-9.02704
-9.00465
-9.00864
-9.01361
-9.02478
-9.03994
-9.00093
-9.00426
-9.00801
-9.01416
-9.01979
-8.99672
-8.99985
-9.00345
-9.00849
-9.0132
-8.99103
-8.99441
-8.99832
-9.00329
-9.00808
-9.93265
-9.93388
-9.93637
-9.94131
-9.94527
-9.93264
-9.93399
-9.93644
-9.94217
-9.94553
-9.93277
-9.93427
-9.93742
-9.94685
-9.9474
-9.93211
-9.93198
-9.93145
-9.93264
-9.93257
-9.93258
-9.93294
-9.93295
-9.9343
-9.93453
-9.93612
-9.93659
-9.93841
-9.93911
-9.94159
-9.94274
-9.94494
-9.94622
-9.95209
-9.95867
-9.97507
-9.96755
-9.95408
-9.95584
-9.96288
-9.96383
-9.96569
-9.95698
-9.95783
-9.9626
-9.96403
-9.9657
-9.95974
-9.96014
-9.96282
-9.96441
-9.96628
-9.9624
-9.9626
-9.96433
-9.96597
-9.96784
-9.96477
-9.96483
-9.96603
-9.96761
-9.96942
-9.96682
-9.96677
-9.96765
-9.96912
-9.97079
-9.96862
-9.9684
-9.96903
-9.9703
-9.9716
-9.9703
-9.96989
-9.97021
-9.97117
-9.97171
-9.97199
-9.97135
-9.97133
-9.97179
-9.97101
-9.97384
-9.97299
-9.97266
-9.97269
-9.97083
-9.97592
-9.97493
-9.9744
-9.97438
-9.9723
-9.97828
-9.97719
-9.97661
-9.97679
-9.97608
-9.98081
-9.97957
-9.97876
-9.97858
-9.97753
-9.9836
-9.9823
-9.98137
-9.98107
-9.98009
-9.98664
-9.98535
-9.98441
-9.98415
-9.98334
-9.98992
-9.98878
-9.98795
-9.98798
-9.98744
-9.99345
-9.99265
-9.99211
-9.99284
-9.99277
-9.9972
-9.99696
-9.99692
-9.99901
-9.99963
-10.0011
-10.0018
-10.0025
-10.0074
-10.009
-10.0052
-10.0069
-10.0088
-10.0169
-10.0215
-10.0091
-10.0119
-10.0146
-10.0261
-10.0278
-10.0128
-10.0164
-10.0193
-10.032
-10.0298
-10.0161
-10.02
-10.0226
-10.0343
-10.0292
-10.0192
-10.0233
-10.0266
-10.0383
-10.0406
-10.0208
-10.0244
-10.0273
-10.0354
-10.0366
-10.0205
-10.024
-10.028
-10.0367
-10.0482
-10.0166
-10.0198
-10.0229
-10.0278
-10.0322
-10.0112
-10.0144
-10.0176
-10.0216
-10.0247
-10.004
-10.0078
-10.0116
-10.0159
-10.0194
-10.9434
-10.9448
-10.9474
-10.9526
-10.9565
-10.9435
-10.9451
-10.9477
-10.9537
-10.9569
-10.9438
-10.9457
-10.9491
-10.959
-10.9589
-10.9432
-10.9432
-10.9427
-10.9439
-10.944
-10.944
-10.9445
-10.9445
-10.9445
-10.9459
-10.9461
-10.9477
-10.948
-10.9499
-10.9504
-10.9532
-10.9539
-10.9565
-10.9569
-10.9642
-10.9694
-10.9873
-10.9796
-10.9668
-10.9677
-10.9757
-10.9763
-10.9702
-10.9708
-10.976
-10.9772
-10.9788
-10.9731
-10.9734
-10.9763
-10.9779
-10.9798
-10.9756
-10.976
-10.9779
-10.9796
-10.9816
-10.9778
-10.978
-10.9794
-10.9812
-10.9832
-10.9795
-10.9797
-10.9808
-10.9826
-10.9846
-10.9811
-10.9811
-10.9819
-10.9835
-10.9853
-10.9825
-10.9823
-10.9828
-10.9841
-10.985
-10.984
-10.9835
-10.9836
-10.9842
-10.9837
-10.9857
-10.9849
-10.9845
-10.9845
-10.9827
-10.9877
-10.9866
-10.9859
-10.9856
-10.9834
-10.99
-10.9887
-10.9878
-10.9876
-10.9866
-10.9925
-10.991
-10.9898
-10.989
-10.9875
-10.9953
-10.9937
-10.9923
-10.9913
-10.9898
-10.9983
-10.9966
-10.9952
-10.9942
-10.9928
-11.0015
-11
-10.9986
-10.9977
-10.9965
-11.0049
-11.0037
-11.0025
-11.0021
-11.0013
-11.0085
-11.0078
-11.007
-11.0075
-11.0071
-11.0123
-11.0124
-11.0123
-11.0148
-11.0153
-11.0162
-11.0172
-11.0178
-11.0221
-11.026
-11.0203
-11.0224
-11.0238
-11.0309
-11.0339
-11.0244
-11.0273
-11.0289
-11.0372
-11.0348
-11.0285
-11.0316
-11.0327
-11.0402
-11.032
-11.0328
-11.036
-11.0378
-11.0458
-11.0447
-11.0358
-11.0384
-11.0395
-11.0443
-11.0413
-11.0369
-11.0393
-11.0412
-11.0465
-11.0527
-11.034
-11.036
-11.0375
-11.04
-11.0417
-11.0284
-11.0308
-11.0326
-11.0344
-11.0351
-11.0209
-11.0242
-11.0267
-11.0291
-11.0304
-11.954
-11.9557
-11.9585
-11.964
-11.9679
-11.9543
-11.9562
-11.959
-11.9654
-11.9684
-11.9549
-11.9571
-11.961
-11.9715
-11.9707
-11.9543
-11.9545
-11.954
-11.9552
-11.9554
-11.9555
-11.9559
-11.956
-11.956
-11.9574
-11.9575
-11.9576
-11.9593
-11.9594
-11.9614
-11.9615
-11.9647
-11.9649
-11.968
-11.9675
-11.9763
-11.9803
-11.9989
-11.9914
-11.9794
-11.9799
-11.9884
-11.9889
-11.9832
-11.9837
-11.9891
-11.9903
-11.986
-11.9864
-11.9894
-11.9912
-11.9931
-11.9884
-11.9889
-11.9911
-11.993
-11.9951
-11.9903
-11.9908
-11.9924
-11.9945
-11.9968
-11.992
-11.9924
-11.9937
-11.9957
-11.9981
-11.9934
-11.9936
-11.9946
-11.9964
-11.9985
-11.9947
-11.9946
-11.9952
-11.9966
-11.9977
-11.9961
-11.9957
-11.9957
-11.9962
-11.9959
-11.9977
-11.9968
-11.9962
-11.996
-11.9941
-11.9996
-11.9984
-11.9973
-11.9966
-11.9943
-12.0019
-12.0004
-11.999
-11.9982
-11.9969
-12.0043
-12.0025
-12.0008
-11.9994
-11.9976
-12.007
-12.0051
-12.0032
-12.0017
-11.9998
-12.0099
-12.0079
-12.006
-12.0044
-12.0026
-12.0129
-12.0111
-12.0093
-12.0078
-12.006
-12.0162
-12.0147
-12.013
-12.0118
-12.0103
-12.0196
-12.0186
-12.0172
-12.0166
-12.0153
-12.0233
-12.023
-12.0223
-12.0231
-12.0224
-12.0272
-12.0278
-12.0272
-12.0287
-12.0296
-12.0316
-12.0332
-12.0335
-12.0379
-12.039
-12.0364
-12.0388
-12.0395
-12.0452
-12.0437
-12.0415
-12.044
-12.0443
-12.0495
-12.0421
-12.047
-12.0495
-12.0503
-12.0563
-12.0537
-12.0516
-12.0533
-12.0531
-12.056
-12.051
-12.0544
-12.0555
-12.0557
-12.0584
-12.0609
-12.0528
-12.0535
-12.0533
-12.0537
-12.0531
-12.0478
-12.049
-12.0491
-12.049
-12.0477
-12.0411
-12.0431
-12.0441
-12.0445
-12.0437
-12.9646
-12.9664
-12.9696
-12.9756
-12.9794
-12.9652
-12.9673
-12.9704
-12.9773
-12.9802
-12.966
-12.9686
-12.973
-12.9842
-12.9827
-12.9654
-12.9658
-12.9654
-12.9664
-12.9668
-12.967
-12.9673
-12.9674
-12.9675
-12.9689
-12.9689
-12.969
-12.9709
-12.9707
-12.9706
-12.9728
-12.9725
-12.9762
-12.976
-12.9795
-12.978
-12.9883
-12.9913
-13.0099
-13.0031
-12.9917
-12.992
-13.0008
-13.0013
-12.9956
-12.9963
-13.0017
-13.0031
-12.9984
-12.999
-13.0021
-13.004
-13.0008
-13.0015
-13.0037
-13.0059
-13.0083
-13.0027
-13.0034
-13.0052
-13.0074
-13.0099
-13.0043
-13.005
-13.0064
-13.0086
-13.0111
-13.0057
-13.0061
-13.0072
-13.009
-13.0111
-13.0071
-13.0071
-13.0076
-13.0088
-13.0098
-13.0084
-13.008
-13.0077
-13.008
-13.0074
-13.01
-13.009
-13.008
-13.0072
-13.0051
-13.0118
-13.0104
-13.0089
-13.0076
-13.005
-13.014
-13.0123
-13.0106
-13.0092
-13.0075
-13.0163
-13.0144
-13.0123
-13.0104
-13.0081
-13.0189
-13.0169
-13.0147
-13.0126
-13.0102
-13.0217
-13.0196
-13.0174
-13.0153
-13.0129
-13.0247
-13.0227
-13.0206
-13.0185
-13.0162
-13.0278
-13.0262
-13.0242
-13.0223
-13.0201
-13.0312
-13.0301
-13.0283
-13.0267
-13.0244
-13.035
-13.0346
-13.0331
-13.0324
-13.0301
-13.0392
-13.0394
-13.0378
-13.0372
-13.0337
-13.0441
-13.045
-13.044
-13.0457
-13.0427
-13.0497
-13.0513
-13.0507
-13.0537
-13.0504
-13.0557
-13.0574
-13.0566
-13.0594
-13.0534
-13.0623
-13.064
-13.0635
-13.0675
-13.0646
-13.0682
-13.0689
-13.0674
-13.0685
-13.063
-13.0724
-13.0723
-13.0709
-13.0714
-13.0713
-13.0723
-13.0717
-13.0697
-13.0681
-13.0657
-13.0679
-13.0678
-13.0663
-13.0643
-13.0614
-13.0622
-13.0629
-13.0622
-13.0609
-13.0583
-13.975
-13.977
-13.9805
-13.9871
-13.9911
-13.9759
-13.9783
-13.9818
-13.9893
-13.992
-13.9771
-13.98
-13.985
-13.9972
-13.9948
-13.9765
-13.977
-13.9767
-13.9777
-13.9781
-13.9784
-13.9786
-13.9787
-13.9788
-13.9803
-13.9802
-13.9802
-13.9824
-13.9821
-13.9818
-13.9849
-13.9841
-13.9835
-13.9876
-13.9869
-13.9908
-13.9884
-13.9998
-14.002
-14.02
-14.0143
-14.0034
-14.0036
-14.0124
-14.0132
-14.0075
-14.0083
-14.0137
-14.0153
-14.0103
-14.0111
-14.0144
-14.0165
-14.013
-14.0139
-14.0163
-14.0186
-14.015
-14.016
-14.0179
-14.0202
-14.0227
-14.0168
-14.0177
-14.0192
-14.0213
-14.0237
-14.0183
-14.0189
-14.02
-14.0216
-14.0234
-14.0197
-14.0199
-14.0203
-14.0211
-14.0217
-14.0211
-14.0207
-14.0202
-14.02
-14.019
-14.0227
-14.0216
-14.0203
-14.0191
-14.0165
-14.0245
-14.023
-14.0211
-14.0194
-14.0164
-14.0266
-14.0249
-14.0229
-14.0211
-14.019
-14.0289
-14.027
-14.0247
-14.0225
-14.0197
-14.0315
-14.0295
-14.0272
-14.0248
-14.0219
-14.0342
-14.0323
-14.0299
-14.0275
-14.0247
-14.0372
-14.0355
-14.0332
-14.0308
-14.028
-14.0405
-14.0391
-14.0369
-14.0345
-14.0317
-14.0442
-14.0432
-14.0411
-14.0388
-14.0356
-14.0484
-14.0479
-14.0459
-14.0438
-14.0395
-14.0531
-14.053
-14.0506
-14.0483
-14.0422
-14.0587
-14.059
-14.0569
-14.0558
-14.0498
-14.0651
-14.0659
-14.0642
-14.064
-14.0589
-14.0719
-14.0726
-14.071
-14.0706
-14.064
-14.0793
-14.0799
-14.0785
-14.08
-14.0769
-14.0858
-14.0856
-14.0832
-14.0823
-14.0771
-14.0909
-14.0899
-14.0872
-14.0857
-14.0841
-14.0916
-14.0902
-14.087
-14.0836
-14.08
-14.0879
-14.0869
-14.0842
-14.0807
-14.0767
-14.0831
-14.0828
-14.0809
-14.0781
-14.0742
-14.9852
-14.9875
-14.9914
-14.9987
-15.0028
-14.9866
-14.9892
-14.9931
-15.0013
-15.004
-14.988
-14.9913
-14.9971
-15.0104
-15.0071
-14.9876
-14.9881
-14.988
-14.9888
-14.9893
-14.9897
-14.9898
-14.9899
-14.99
-14.9916
-14.9913
-14.9912
-14.9938
-14.9932
-14.9928
-14.9964
-14.9951
-14.9943
-15.0005
-14.9988
-14.9976
-15.0016
-14.9982
-15.0108
-15.0123
-15.0294
-15.0252
-15.0146
-15.0147
-15.0235
-15.0249
-15.0191
-15.02
-15.0254
-15.0274
-15.0222
-15.0233
-15.0267
-15.0291
-15.0252
-15.0265
-15.029
-15.0314
-15.0276
-15.0289
-15.0309
-15.0332
-15.0297
-15.0308
-15.0325
-15.0344
-15.0364
-15.0314
-15.0323
-15.0333
-15.0347
-15.036
-15.033
-15.0333
-15.0336
-15.0341
-15.0341
-15.0345
-15.0342
-15.0336
-15.033
-15.0314
-15.0361
-15.0352
-15.0338
-15.0322
-15.0292
-15.038
-15.0366
-15.0347
-15.0326
-15.0292
-15.0401
-15.0386
-15.0366
-15.0345
-15.0318
-15.0425
-15.0407
-15.0385
-15.0361
-15.0328
-15.0451
-15.0434
-15.0411
-15.0386
-15.0352
-15.048
-15.0464
-15.0441
-15.0415
-15.0381
-15.0513
-15.0499
-15.0477
-15.045
-15.0416
-15.055
-15.0539
-15.0517
-15.0489
-15.0453
-15.0592
-15.0585
-15.0563
-15.0533
-15.0491
-15.0641
-15.0637
-15.0613
-15.058
-15.0518
-15.0696
-15.0694
-15.0665
-15.0626
-15.0559
-15.0759
-15.0758
-15.0731
-15.0695
-15.0617
-15.083
-15.0832
-15.081
-15.0784
-15.0721
-15.0903
-15.0903
-15.0881
-15.0855
-15.0781
-15.098
-15.0978
-15.0958
-15.0954
-15.0919
-15.1046
-15.1035
-15.1005
-15.0984
-15.0933
-15.1102
-15.1084
-15.1046
-15.1017
-15.099
-15.1105
-15.1087
-15.1047
-15.1002
-15.0958
-15.1074
-15.1058
-15.1024
-15.098
-15.0932
-15.1033
-15.1024
-15.0997
-15.096
-15.0913
-15.9952
-15.9977
-16.0021
-16.0103
-16.0147
-15.9971
-16
-16.0043
-16.0134
-16.0161
-15.9989
-16.0026
-16.0091
-16.0238
-16.0196
-15.9985
-15.9991
-15.9991
-15.9999
-16.0004
-16.0008
-16.001
-16.0009
-16.0009
-16.0028
-16.0023
-16.002
-16.005
-16.0041
-16.0035
-16.0077
-16.0058
-16.0047
-16.0119
-16.0096
-16.008
-16.0152
-16.012
-16.0075
-16.0213
-16.0221
-16.0386
-16.0362
-16.0256
-16.0256
-16.0344
-16.0366
-16.0307
-16.0319
-16.0374
-16.0399
-16.0344
-16.0358
-16.0393
-16.042
-16.0379
-16.0396
-16.0423
-16.0448
-16.0408
-16.0424
-16.0447
-16.0469
-16.0433
-16.0448
-16.0466
-16.0483
-16.0454
-16.0466
-16.0477
-16.0488
-16.0495
-16.0472
-16.0479
-16.0482
-16.0483
-16.0478
-16.0489
-16.049
-16.0484
-16.0475
-16.0454
-16.0507
-16.0502
-16.0488
-16.047
-16.0437
-16.0527
-16.0517
-16.0499
-16.0477
-16.0439
-16.055
-16.0539
-16.052
-16.0497
-16.0465
-16.0575
-16.0563
-16.0542
-16.0516
-16.0478
-16.0604
-16.0592
-16.057
-16.0544
-16.0504
-16.0637
-16.0625
-16.0604
-16.0576
-16.0534
-16.0674
-16.0665
-16.0643
-16.0614
-16.0571
-16.0717
-16.071
-16.0688
-16.0655
-16.0609
-16.0767
-16.0763
-16.0739
-16.0703
-16.065
-16.0824
-16.0821
-16.0793
-16.0748
-16.0673
-16.0889
-16.0886
-16.0854
-16.0806
-16.0749
-16.0958
-16.0954
-16.0922
-16.0871
-16.0786
-16.1034
-16.1031
-16.1004
-16.0966
-16.0899
-16.1108
-16.1102
-16.1075
-16.1037
-16.0959
-16.1183
-16.1176
-16.1148
-16.1134
-16.11
-16.1247
-16.1231
-16.1191
-16.1163
-16.1113
-16.1295
-16.1273
-16.1228
-16.119
-16.1156
-16.13
-16.1275
-16.1229
-16.1177
-16.1129
-16.1257
-16.1242
-16.1206
-16.1159
-16.1107
-16.1227
-16.1216
-16.1184
-16.1144
-16.1091
-17.0049
-17.0077
-17.0127
-17.0219
-17.0265
-17.0074
-17.0106
-17.0155
-17.0256
-17.0283
-17.0097
-17.0137
-17.0212
-17.0374
-17.0322
-17.0093
-17.01
-17.0101
-17.0109
-17.0113
-17.0118
-17.0119
-17.0118
-17.0117
-17.0138
-17.0131
-17.0126
-17.0161
-17.0147
-17.0139
-17.0186
-17.0163
-17.0147
-17.0228
-17.02
-17.018
-17.0257
-17.0217
-17.0162
-17.0326
-17.0318
-17.0319
-17.0484
-17.0478
-17.0367
-17.0366
-17.0458
-17.049
-17.0428
-17.0443
-17.05
-17.053
-17.0472
-17.0489
-17.0528
-17.0559
-17.0514
-17.0535
-17.0566
-17.0592
-17.0549
-17.0571
-17.0595
-17.0618
-17.058
-17.06
-17.0619
-17.0636
-17.0606
-17.0622
-17.0635
-17.0644
-17.0628
-17.0639
-17.0644
-17.0643
-17.0632
-17.0648
-17.0654
-17.065
-17.0639
-17.0614
-17.0669
-17.0669
-17.0658
-17.0639
-17.0602
-17.0691
-17.0687
-17.0672
-17.0649
-17.0607
-17.0716
-17.0711
-17.0695
-17.0671
-17.0633
-17.0744
-17.0738
-17.072
-17.0693
-17.0648
-17.0777
-17.077
-17.0751
-17.0722
-17.0676
-17.0814
-17.0808
-17.0788
-17.0758
-17.071
-17.0857
-17.0853
-17.0833
-17.0799
-17.075
-17.0907
-17.0905
-17.0882
-17.0843
-17.0791
-17.0966
-17.0965
-17.094
-17.0896
-17.0836
-17.1032
-17.103
-17.0998
-17.0941
-17.0859
-17.1106
-17.1103
-17.1069
-17.1016
-17.0974
-17.1183
-17.1176
-17.1137
-17.1079
-17.0996
-17.1263
-17.1257
-17.1222
-17.1178
-17.1114
-17.1336
-17.1327
-17.1291
-17.1246
-17.1169
-17.1405
-17.1393
-17.1357
-17.1336
-17.1307
-17.146
-17.1439
-17.1393
-17.1361
-17.1312
-17.1497
-17.1471
-17.1421
-17.1378
-17.1339
-17.1502
-17.1471
-17.1419
-17.1363
-17.1311
-17.1446
-17.1431
-17.1391
-17.1344
-17.1291
-17.1425
-17.1411
-17.1374
-17.1331
-17.1274
-18.0144
-18.0175
-18.0231
-18.0335
-18.0385
-18.0175
-18.021
-18.0265
-18.0379
-18.0406
-18.0203
-18.0248
-18.0332
-18.0514
-18.045
-18.02
-18.0207
-18.0209
-18.0217
-18.0221
-18.0225
-18.0228
-18.0224
-18.0222
-18.0247
-18.0237
-18.023
-18.0269
-18.0252
-18.024
-18.0293
-18.0265
-18.0243
-18.0334
-18.03
-18.0276
-18.0359
-18.031
-18.0243
-18.0435
-18.0427
-18.0423
-18.0593
-18.0606
-18.0484
-18.0484
-18.0484
-18.0583
-18.0626
-18.0555
-18.0575
-18.0638
-18.0674
-18.0609
-18.0632
-18.0676
-18.071
-18.0661
-18.0688
-18.0722
-18.0751
-18.0704
-18.0731
-18.0759
-18.0782
-18.0742
-18.0768
-18.079
-18.0806
-18.0773
-18.0796
-18.0811
-18.0819
-18.08
-18.0818
-18.0826
-18.0824
-18.0825
-18.0837
-18.0836
-18.0825
-18.0795
-18.0848
-18.0856
-18.0848
-18.0829
-18.0789
-18.0874
-18.0878
-18.0866
-18.0843
-18.0797
-18.0902
-18.0904
-18.0891
-18.0866
-18.0823
-18.0933
-18.0934
-18.0918
-18.0889
-18.084
-18.0969
-18.097
-18.0953
-18.0921
-18.087
-18.1011
-18.1012
-18.0993
-18.0959
-18.0907
-18.1061
-18.1062
-18.1042
-18.1005
-18.0951
-18.1118
-18.112
-18.1096
-18.1052
-18.0995
-18.1186
-18.1187
-18.1161
-18.111
-18.1046
-18.1261
-18.1258
-18.1223
-18.1158
-18.107
-18.1345
-18.134
-18.1304
-18.1247
-18.1212
-18.1429
-18.142
-18.1377
-18.1312
-18.1234
-18.1512
-18.1503
-18.1467
-18.1415
-18.1355
-18.1584
-18.157
-18.1533
-18.148
-18.1401
-18.1648
-18.1628
-18.1589
-18.1559
-18.1529
-18.1697
-18.1664
-18.1613
-18.1578
-18.1524
-18.1726
-18.1687
-18.163
-18.1582
-18.1535
-18.1724
-18.1682
-18.1621
-18.156
-18.1503
-18.1665
-18.1637
-18.1588
-18.1537
-18.148
-18.1631
-18.1611
-18.1568
-18.1521
-18.146
-19.0236
-19.027
-19.0334
-19.0451
-19.0506
-19.0274
-19.0313
-19.0375
-19.0502
-19.0531
-19.0307
-19.0357
-19.0452
-19.0655
-19.058
-19.0305
-19.0313
-19.0315
-19.0323
-19.0327
-19.0331
-19.0335
-19.0329
-19.0325
-19.0353
-19.034
-19.0332
-19.0375
-19.0354
-19.0339
-19.0399
-19.0365
-19.0338
-19.0439
-19.0399
-19.0368
-19.0462
-19.0402
-19.0323
-19.0547
-19.0541
-19.0534
-19.0719
-19.075
-19.0605
-19.0608
-19.0612
-19.0723
-19.0776
-19.0676
-19.0694
-19.072
-19.0791
-19.0834
-19.076
-19.079
-19.084
-19.0879
-19.0823
-19.0857
-19.0896
-19.0927
-19.0876
-19.091
-19.0942
-19.0965
-19.0921
-19.0955
-19.098
-19.0995
-19.0959
-19.0989
-19.1008
-19.1014
-19.0992
-19.1017
-19.1028
-19.1025
-19.102
-19.1041
-19.1043
-19.1032
-19.1047
-19.1063
-19.1059
-19.104
-19.0996
-19.1075
-19.1088
-19.108
-19.1056
-19.1007
-19.1106
-19.1116
-19.1106
-19.108
-19.1034
-19.114
-19.1148
-19.1135
-19.1105
-19.1052
-19.1179
-19.1187
-19.1172
-19.1138
-19.1084
-19.1226
-19.1232
-19.1215
-19.1179
-19.1124
-19.1281
-19.1287
-19.1267
-19.1228
-19.117
-19.1345
-19.135
-19.1326
-19.1278
-19.1217
-19.1421
-19.1423
-19.1395
-19.1341
-19.1272
-19.1504
-19.15
-19.1461
-19.139
-19.1299
-19.1597
-19.1591
-19.1552
-19.1491
-19.1459
-19.1687
-19.1675
-19.1631
-19.156
-19.1487
-19.1774
-19.1758
-19.1721
-19.1663
-19.1604
-19.1848
-19.1823
-19.1786
-19.1726
-19.1642
-19.1911
-19.1876
-19.1834
-19.1794
-19.1753
-19.1955
-19.1907
-19.1849
-19.1807
-19.1749
-19.1977
-19.1921
-19.1854
-19.1799
-19.1739
-19.1966
-19.1907
-19.1834
-19.1767
-19.1699
-19.1903
-19.1857
-19.1794
-19.1738
-19.1671
-19.1846
-19.1816
-19.1764
-19.1713
-19.1644
-20.0325
-20.0364
-20.0435
-20.0567
-20.0627
-20.0371
-20.0415
-20.0484
-20.0626
-20.0657
-20.041
-20.0465
-20.0573
-20.08
-20.0712
-20.0408
-20.0416
-20.0419
-20.0428
-20.043
-20.0434
-20.0439
-20.0431
-20.0425
-20.0458
-20.0442
-20.0431
-20.048
-20.0455
-20.0436
-20.0503
-20.0464
-20.0432
-20.0544
-20.0499
-20.0462
-20.0566
-20.0498
-20.0405
-20.0665
-20.0663
-20.0655
-20.0865
-20.0912
-20.0735
-20.0744
-20.0754
-20.088
-20.0946
-20.0821
-20.0847
-20.0881
-20.0963
-20.1013
-20.0892
-20.0927
-20.0966
-20.1024
-20.1067
-20.1003
-20.1046
-20.1091
-20.1124
-20.1066
-20.1109
-20.1145
-20.1169
-20.112
-20.1162
-20.1191
-20.1205
-20.1165
-20.1203
-20.1224
-20.123
-20.1203
-20.1236
-20.125
-20.1246
-20.1235
-20.1264
-20.1269
-20.1258
-20.1264
-20.1289
-20.1288
-20.1269
-20.1294
-20.1314
-20.131
-20.1287
-20.1235
-20.1326
-20.1344
-20.1337
-20.1311
-20.1263
-20.1361
-20.1376
-20.1367
-20.1336
-20.128
-20.1402
-20.1416
-20.1404
-20.137
-20.1314
-20.1452
-20.1463
-20.1448
-20.1411
-20.1354
-20.1511
-20.1521
-20.1502
-20.1461
-20.1402
-20.1581
-20.1586
-20.1563
-20.1513
-20.145
-20.1663
-20.1664
-20.1635
-20.1578
-20.1508
-20.1752
-20.1746
-20.1705
-20.1629
-20.1537
-20.1853
-20.1844
-20.1804
-20.1739
-20.1705
-20.1949
-20.1932
-20.1887
-20.1811
-20.1744
-20.204
-20.2017
-20.1978
-20.1913
-20.185
-20.2115
-20.2082
-20.2041
-20.1977
-20.1873
-20.2174
-20.2132
-20.2081
-20.2032
-20.1965
-20.2215
-20.2155
-20.2088
-20.2036
-20.1965
-20.2237
-20.2162
-20.2084
-20.2018
-20.194
-20.2226
-20.2142
-20.2055
-20.198
-20.189
-20.2166
-20.2088
-20.2006
-20.1939
-20.1853
-20.2092
-20.2032
-20.196
-20.19
-20.1814
-21.0412
-21.0455
-21.0535
-21.0683
-21.0749
-21.0466
-21.0515
-21.0593
-21.0751
-21.0784
-21.0511
-21.0572
-21.0693
-21.0948
-21.0845
-21.0509
-21.0518
-21.0521
-21.0531
-21.0532
-21.0535
-21.0542
-21.0532
-21.0523
-21.0562
-21.0542
-21.0527
-21.0584
-21.0554
-21.0531
-21.0608
-21.0564
-21.0527
-21.0651
-21.06
-21.0557
-21.0676
-21.06
-21.0494
-21.0792
-21.0795
-21.0789
-21.1033
-21.1095
-21.0878
-21.0896
-21.0911
-21.1057
-21.1135
-21.098
-21.1018
-21.1061
-21.1155
-21.1214
-21.1066
-21.1114
-21.1162
-21.1229
-21.1277
-21.1147
-21.1204
-21.1255
-21.1306
-21.1341
-21.1277
-21.1329
-21.1369
-21.1393
-21.1339
-21.1389
-21.1421
-21.1435
-21.139
-21.1436
-21.146
-21.1465
-21.1431
-21.1473
-21.149
-21.1486
-21.1465
-21.1502
-21.1512
-21.15
-21.1496
-21.1528
-21.1531
-21.1513
-21.1525
-21.1553
-21.1553
-21.1531
-21.1556
-21.1581
-21.1579
-21.1553
-21.1505
-21.159
-21.1612
-21.1606
-21.1576
-21.152
-21.1632
-21.1651
-21.1641
-21.1608
-21.1552
-21.1682
-21.1697
-21.1685
-21.1648
-21.1592
-21.1743
-21.1755
-21.1738
-21.1697
-21.1639
-21.1815
-21.1822
-21.1799
-21.1748
-21.1686
-21.1902
-21.1902
-21.1873
-21.1814
-21.1744
-21.1996
-21.1988
-21.1945
-21.1867
-21.1775
-21.2102
-21.209
-21.205
-21.1981
-21.1947
-21.2202
-21.2182
-21.2135
-21.2056
-21.1996
-21.2294
-21.2267
-21.2222
-21.2154
-21.2077
-21.2364
-21.2328
-21.228
-21.2215
-21.2085
-21.2416
-21.2367
-21.231
-21.2256
-21.2146
-21.2453
-21.2383
-21.2311
-21.2249
-21.2134
-21.2476
-21.2387
-21.2302
-21.2219
-21.2104
-21.2472
-21.2364
-21.2265
-21.2173
-21.2047
-21.2426
-21.2308
-21.2205
-21.2121
-21.2005
-21.2361
-21.2244
-21.2149
-21.2069
-21.1957
-22.0498
-22.0545
-22.0634
-22.0799
-22.0873
-22.0561
-22.0614
-22.0701
-22.0876
-22.0912
-22.0611
-22.0678
-22.0814
-22.1098
-22.098
-22.0609
-22.0618
-22.0619
-22.0632
-22.0631
-22.0632
-22.0644
-22.063
-22.0617
-22.0665
-22.064
-22.0621
-22.0688
-22.0653
-22.0625
-22.0714
-22.0664
-22.0621
-22.0763
-22.0705
-22.0655
-22.0794
-22.071
-22.0592
-22.0931
-22.0941
-22.0936
-22.1223
-22.1302
-22.1035
-22.1065
-22.1087
-22.1256
-22.1349
-22.1157
-22.1209
-22.1263
-22.1371
-22.1438
-22.1259
-22.1322
-22.1381
-22.1457
-22.1509
-22.1352
-22.1424
-22.1487
-22.1544
-22.1579
-22.1431
-22.1507
-22.1569
-22.1614
-22.1637
-22.1576
-22.1635
-22.1671
-22.1683
-22.163
-22.1686
-22.1713
-22.1716
-22.1673
-22.1723
-22.1743
-22.1738
-22.1707
-22.1752
-22.1764
-22.1753
-22.1735
-22.1775
-22.1782
-22.1765
-22.1762
-22.1797
-22.1801
-22.1781
-22.179
-22.1821
-22.1823
-22.18
-22.1821
-22.1848
-22.1846
-22.1818
-22.1764
-22.186
-22.1883
-22.1878
-22.1847
-22.1793
-22.1908
-22.1927
-22.1917
-22.1883
-22.1829
-22.1968
-22.1982
-22.1968
-22.1929
-22.1873
-22.2041
-22.2048
-22.2027
-22.1977
-22.1918
-22.2129
-22.2129
-22.21
-22.2042
-22.1975
-22.2225
-22.2216
-22.2173
-22.2094
-22.2004
-22.2333
-22.2321
-22.2281
-22.2211
-22.2176
-22.2434
-22.2414
-22.2366
-22.2286
-22.2234
-22.2521
-22.2495
-22.2445
-22.2373
-22.2283
-22.258
-22.2543
-22.2492
-22.2415
-22.2276
-22.2615
-22.2565
-22.2508
-22.2436
-22.2295
-22.2632
-22.2567
-22.2494
-22.2412
-22.2258
-22.264
-22.2557
-22.2473
-22.2369
-22.2213
-22.2627
-22.2524
-22.2423
-22.2312
-22.2152
-22.2577
-22.2461
-22.2355
-22.2256
-22.2112
-22.2518
-22.2397
-22.2294
-22.2195
-22.206
-23.0585
-23.0635
-23.0732
-23.0914
-23.0994
-23.0655
-23.0714
-23.0808
-23.1001
-23.1039
-23.0711
-23.0784
-23.0933
-23.1249
-23.1113
-23.0708
-23.0716
-23.0714
-23.0732
-23.0728
-23.0724
-23.0745
-23.0726
-23.0707
-23.0767
-23.0737
-23.0712
-23.0793
-23.0752
-23.0718
-23.0825
-23.0768
-23.0718
-23.0881
-23.0817
-23.0758
-23.0923
-23.0832
-23.0702
-23.1083
-23.1104
-23.1098
-23.143
-23.1526
-23.121
-23.1253
-23.1283
-23.1476
-23.1582
-23.1351
-23.142
-23.1485
-23.1607
-23.1681
-23.1469
-23.1549
-23.162
-23.1706
-23.1761
-23.1574
-23.1663
-23.1737
-23.18
-23.1837
-23.1661
-23.1753
-23.1825
-23.1875
-23.1898
-23.1732
-23.1825
-23.1894
-23.1933
-23.1945
-23.188
-23.1944
-23.1975
-23.1978
-23.1921
-23.198
-23.2003
-23.1998
-23.1952
-23.2005
-23.2022
-23.201
-23.1975
-23.2023
-23.2034
-23.2018
-23.1997
-23.2039
-23.2048
-23.203
-23.2019
-23.2057
-23.2064
-23.2043
-23.2045
-23.2077
-23.208
-23.2056
-23.2078
-23.2106
-23.2105
-23.2078
-23.2029
-23.2122
-23.2144
-23.2139
-23.2108
-23.2059
-23.2179
-23.2195
-23.2184
-23.2149
-23.2097
-23.2251
-23.2259
-23.2239
-23.2193
-23.2138
-23.2337
-23.2338
-23.231
-23.2255
-23.2192
-23.2434
-23.2425
-23.2383
-23.2307
-23.2218
-23.254
-23.2529
-23.249
-23.2422
-23.239
-23.2636
-23.2619
-23.2573
-23.2493
-23.245
-23.2712
-23.2691
-23.2641
-23.256
-23.247
-23.2752
-23.2721
-23.2671
-23.2573
-23.2442
-23.2759
-23.272
-23.2663
-23.2564
-23.2418
-23.2746
-23.2698
-23.2627
-23.2518
-23.235
-23.2726
-23.2665
-23.2586
-23.246
-23.2282
-23.2686
-23.2611
-23.2518
-23.2393
-23.2206
-23.2614
-23.2535
-23.2442
-23.2332
-23.2167
-23.2546
-23.2469
-23.2376
-23.2266
-23.211
-24.0675
-24.073
-24.0835
-24.1034
-24.1122
-24.0752
-24.0816
-24.0919
-24.1129
-24.1169
-24.0812
-24.0891
-24.1056
-24.1405
-24.1248
-24.0808
-24.0814
-24.0806
-24.0832
-24.0824
-24.0812
-24.0846
-24.0821
-24.0793
-24.0872
-24.0835
-24.0799
-24.0903
-24.0854
-24.0809
-24.0942
-24.0879
-24.0817
-24.1009
-24.0938
-24.0867
-24.1066
-24.0969
-24.0824
-24.1254
-24.1287
-24.1281
-24.1659
-24.1782
-24.1403
-24.1464
-24.1505
-24.1723
-24.1847
-24.1562
-24.1652
-24.1731
-24.187
-24.1954
-24.1694
-24.1795
-24.188
-24.1977
-24.2038
-24.1807
-24.1915
-24.2002
-24.2074
-24.2115
-24.1898
-24.2008
-24.2092
-24.2148
-24.2173
-24.197
-24.2079
-24.2159
-24.2203
-24.2216
-24.2025
-24.2131
-24.2205
-24.224
-24.2243
-24.2166
-24.2235
-24.2263
-24.2258
-24.219
-24.2253
-24.2275
-24.2264
-24.2207
-24.2263
-24.228
-24.2266
-24.222
-24.2271
-24.2285
-24.2271
-24.2235
-24.2279
-24.2292
-24.2276
-24.2253
-24.2291
-24.23
-24.2281
-24.228
-24.2312
-24.2317
-24.2295
-24.2318
-24.2343
-24.2343
-24.2318
-24.2274
-24.2371
-24.2389
-24.2382
-24.2352
-24.2306
-24.2439
-24.2448
-24.2433
-24.2391
-24.2342
-24.2523
-24.2525
-24.25
-24.2449
-24.2391
-24.2617
-24.2611
-24.2571
-24.25
-24.2413
-24.2719
-24.2712
-24.2677
-24.2611
-24.2585
-24.2807
-24.2798
-24.2755
-24.2674
-24.2643
-24.2868
-24.2856
-24.2809
-24.2715
-24.2635
-24.2885
-24.2864
-24.2814
-24.2701
-24.258
-24.2866
-24.284
-24.2778
-24.2662
-24.2511
-24.2828
-24.2792
-24.2717
-24.2588
-24.2404
-24.2779
-24.2734
-24.2651
-24.2504
-24.2305
-24.2708
-24.2653
-24.2563
-24.242
-24.2208
-24.2612
-24.2558
-24.2474
-24.235
-24.2164
-24.2538
-24.2484
-24.2402
-24.228
-24.2103
-25.077
-25.0828
-25.0936
-25.1146
-25.1238
-25.0851
-25.0917
-25.1022
-25.1246
-25.1285
-25.0911
-25.0991
-25.116
-25.1547
-25.1365
-25.0903
-25.09
-25.0871
-25.0927
-25.0907
-25.0873
-25.0943
-25.0903
-25.0853
-25.0973
-25.0921
-25.0863
-25.1012
-25.0948
-25.088
-25.1063
-25.0986
-25.0902
-25.1145
-25.1062
-25.0969
-25.1222
-25.1116
-25.0948
-25.1438
-25.1485
-25.1466
-25.1869
-25.2029
-25.161
-25.1691
-25.1742
-25.1976
-25.2121
-25.1785
-25.1896
-25.1989
-25.214
-25.2237
-25.1925
-25.2049
-25.215
-25.2257
-25.2326
-25.2041
-25.2171
-25.2273
-25.2353
-25.2398
-25.2132
-25.2262
-25.236
-25.2422
-25.2449
-25.2201
-25.2327
-25.242
-25.247
-25.2483
-25.225
-25.2371
-25.2457
-25.2498
-25.2501
-25.2285
-25.2398
-25.2477
-25.2511
-25.2507
-25.2412
-25.2485
-25.2513
-25.2504
-25.2419
-25.2484
-25.2508
-25.2497
-25.2423
-25.2481
-25.2503
-25.2493
-25.2429
-25.248
-25.25
-25.2489
-25.2439
-25.2483
-25.2498
-25.2484
-25.2459
-25.2495
-25.2506
-25.249
-25.2491
-25.252
-25.2525
-25.2506
-25.2539
-25.256
-25.2557
-25.2533
-25.2494
-25.2603
-25.2615
-25.2603
-25.2567
-25.2524
-25.2684
-25.2689
-25.2667
-25.2623
-25.2569
-25.2774
-25.2773
-25.2736
-25.267
-25.2588
-25.2871
-25.2871
-25.284
-25.2777
-25.2764
-25.2949
-25.2949
-25.2911
-25.2831
-25.2816
-25.2992
-25.2989
-25.2946
-25.2844
-25.278
-25.2986
-25.2975
-25.2923
-25.2807
-25.269
-25.2945
-25.2927
-25.286
-25.2733
-25.257
-25.2881
-25.2852
-25.2769
-25.2618
-25.2416
-25.2802
-25.2764
-25.2673
-25.2504
-25.2276
-25.2699
-25.2656
-25.2559
-25.2395
-25.2157
-25.2585
-25.2544
-25.2455
-25.231
-25.21
-25.2509
-25.2459
-25.2377
-25.2235
-25.2036
-26.0883
-26.0954
-26.1073
-26.1291
-26.139
-26.0968
-26.1048
-26.1167
-26.1399
-26.1445
-26.1034
-26.113
-26.1325
-26.1716
-26.1507
-26.103
-26.1039
-26.1005
-26.1059
-26.1049
-26.1008
-26.1083
-26.1052
-26.0995
-26.1121
-26.1078
-26.1014
-26.1171
-26.1117
-26.1044
-26.1236
-26.1171
-26.1087
-26.1331
-26.126
-26.1161
-26.1425
-26.1331
-26.1156
-26.1658
-26.1743
-26.1733
-26.2151
-26.2388
-26.1842
-26.1959
-26.2047
-26.2302
-26.2482
-26.2018
-26.2163
-26.2285
-26.2459
-26.2577
-26.2157
-26.231
-26.2438
-26.2563
-26.2643
-26.2268
-26.2424
-26.2547
-26.2641
-26.2692
-26.2351
-26.2503
-26.262
-26.2694
-26.2723
-26.2411
-26.2556
-26.2665
-26.2725
-26.2739
-26.2451
-26.2587
-26.2688
-26.2738
-26.2742
-26.2476
-26.2601
-26.2694
-26.2737
-26.2734
-26.249
-26.2604
-26.2688
-26.2725
-26.2719
-26.26
-26.2674
-26.2708
-26.2702
-26.2594
-26.2661
-26.2693
-26.2689
-26.2592
-26.265
-26.2679
-26.2674
-26.2596
-26.2645
-26.2669
-26.2662
-26.261
-26.2651
-26.267
-26.2661
-26.2638
-26.267
-26.2682
-26.267
-26.2682
-26.2706
-26.271
-26.2692
-26.2743
-26.2759
-26.2752
-26.2723
-26.2686
-26.2821
-26.2831
-26.2814
-26.2777
-26.273
-26.2907
-26.2913
-26.2882
-26.2817
-26.2747
-26.2996
-26.3006
-26.2981
-26.292
-26.2917
-26.3062
-26.3073
-26.3041
-26.2963
-26.2963
-26.3086
-26.3092
-26.3053
-26.2954
-26.2899
-26.3058
-26.3057
-26.3006
-26.2887
-26.2768
-26.2994
-26.2981
-26.2909
-26.2769
-26.259
-26.2901
-26.2876
-26.2783
-26.2607
-26.2381
-26.2788
-26.2755
-26.265
-26.2458
-26.2194
-26.2653
-26.2615
-26.2505
-26.2315
-26.2051
-26.2519
-26.2482
-26.2379
-26.2208
-26.1971
-26.243
-26.2392
-26.2292
-26.2129
-26.1904
-27.0999
-27.1075
-27.1188
-27.1404
-27.1501
-27.1075
-27.1154
-27.1261
-27.1517
-27.1563
-27.1117
-27.1186
-27.1325
-27.1763
-27.1501
-27.1089
-27.1029
-27.0818
-27.1105
-27.1008
-27.0794
-27.1128
-27.1
-27.0789
-27.1173
-27.1037
-27.0824
-27.1239
-27.11
-27.0888
-27.1328
-27.1193
-27.0981
-27.1451
-27.1326
-27.1111
-27.159
-27.1473
-27.1178
-27.1854
-27.194
-27.191
-27.2247
-27.2542
-27.2057
-27.2196
-27.2295
-27.2554
-27.2756
-27.2234
-27.2404
-27.2546
-27.2733
-27.2864
-27.2368
-27.2547
-27.2698
-27.284
-27.293
-27.2468
-27.2647
-27.2794
-27.2903
-27.2958
-27.2539
-27.2712
-27.2849
-27.2937
-27.2969
-27.2586
-27.2749
-27.2876
-27.2949
-27.2964
-27.2614
-27.2765
-27.2881
-27.2942
-27.2948
-27.2628
-27.2765
-27.287
-27.2923
-27.2923
-27.2631
-27.2755
-27.2848
-27.2895
-27.2894
-27.263
-27.274
-27.2822
-27.2865
-27.2862
-27.2727
-27.2799
-27.2838
-27.2838
-27.2718
-27.278
-27.2815
-27.2811
-27.2717
-27.2771
-27.28
-27.2793
-27.2728
-27.2774
-27.2798
-27.2789
-27.2755
-27.2791
-27.2808
-27.2798
-27.2797
-27.2825
-27.2835
-27.2818
-27.2857
-27.2877
-27.2876
-27.2851
-27.2934
-27.2949
-27.2939
-27.2903
-27.2871
-27.3016
-27.3029
-27.3007
-27.2943
-27.289
-27.3096
-27.3116
-27.3099
-27.3041
-27.3052
-27.3146
-27.3169
-27.3147
-27.3073
-27.3088
-27.3148
-27.3167
-27.3138
-27.3041
-27.2989
-27.31
-27.3108
-27.3058
-27.2938
-27.2806
-27.3008
-27.3001
-27.2921
-27.2764
-27.2562
-27.2882
-27.2861
-27.2754
-27.2554
-27.2292
-27.2732
-27.2702
-27.2582
-27.2363
-27.2064
-27.2561
-27.2527
-27.2402
-27.2183
-27.189
-27.2403
-27.2367
-27.2248
-27.2045
-27.1777
-27.2304
-27.227
-27.2154
-27.1959
-27.1706
-28.1156
-28.1266
-28.1404
-28.1607
-28.173
-28.1237
-28.1352
-28.1483
-28.1758
-28.187
-28.1303
-28.1432
-28.1519
-28.1934
-28.1963
-28.1364
-28.1551
-28.1621
-28.3751
-28.3828
-28.1421
-28.1624
-28.1657
-28.4041
-28.3958
-28.1483
-28.1702
-28.1732
-28.4352
-28.4276
-28.1556
-28.1786
-28.1829
-28.4549
-28.4511
-28.1643
-28.1886
-28.195
-28.4723
-28.4734
-28.1749
-28.2006
-28.209
-28.4852
-28.4932
-28.1876
-28.2151
-28.2257
-28.4919
-28.5105
-28.2015
-28.2294
-28.2436
-28.4969
-28.541
-28.218
-28.2433
-28.2648
-28.334
-28.3732
-28.2329
-28.2571
-28.2806
-28.3236
-28.3513
-28.2457
-28.2687
-28.2903
-28.3153
-28.3317
-28.2558
-28.2779
-28.2978
-28.3158
-28.3265
-28.2634
-28.2842
-28.3023
-28.3157
-28.3221
-28.2685
-28.2879
-28.3041
-28.3147
-28.3187
-28.2715
-28.2894
-28.304
-28.3126
-28.3147
-28.2727
-28.2891
-28.3022
-28.3095
-28.3106
-28.2726
-28.2874
-28.299
-28.3055
-28.3062
-28.2719
-28.2851
-28.2953
-28.3012
-28.3017
-28.2711
-28.2827
-28.2916
-28.297
-28.2973
-28.2707
-28.2809
-28.2886
-28.2936
-28.294
-28.2798
-28.2866
-28.2909
-28.2912
-28.2798
-28.2857
-28.2894
-28.2891
-28.2814
-28.2862
-28.2894
-28.2891
-28.2844
-28.2882
-28.2909
-28.2902
-28.2889
-28.2922
-28.2939
-28.2929
-28.2951
-28.2978
-28.2986
-28.2974
-28.3027
-28.3052
-28.3054
-28.3035
-28.3104
-28.3131
-28.3125
-28.3088
-28.3171
-28.3204
-28.3197
-28.3144
-28.3135
-28.3201
-28.3237
-28.323
-28.3164
-28.3164
-28.318
-28.3212
-28.3191
-28.3101
-28.3025
-28.3106
-28.3124
-28.307
-28.2943
-28.2784
-28.2983
-28.2982
-28.2892
-28.2711
-28.2472
-28.2821
-28.2804
-28.2683
-28.2456
-28.2152
-28.2632
-28.2606
-28.2469
-28.2221
-28.1888
-28.2427
-28.2396
-28.2255
-28.2005
-28.1676
-28.2242
-28.2208
-28.2077
-28.1836
-28.1528
-28.2135
-28.2104
-28.1974
-28.1744
-28.145
-29.1289
-29.1402
-29.1536
-29.1702
-29.1814
-29.137
-29.1481
-29.161
-29.1813
-29.1919
-29.1437
-29.1555
-29.1675
-29.197
-29.2088
-29.151
-29.167
-29.1845
-29.2722
-29.2997
-29.158
-29.1758
-29.1947
-29.2983
-29.3293
-29.1657
-29.1856
-29.2066
-29.3232
-29.3597
-29.1744
-29.1962
-29.2186
-29.3426
-29.3848
-29.1845
-29.2085
-29.2324
-29.3617
-29.4087
-29.1962
-29.2224
-29.2478
-29.3793
-29.43
-29.2093
-29.2377
-29.2648
-29.3933
-29.4458
-29.2231
-29.2525
-29.2818
-29.3988
-29.452
-29.2368
-29.2639
-29.2904
-29.342
-29.3749
-29.2495
-29.2761
-29.3025
-29.34
-29.3663
-29.2599
-29.2853
-29.3098
-29.3355
-29.3524
-29.2681
-29.2922
-29.3147
-29.3343
-29.3458
-29.2737
-29.2963
-29.3166
-29.3314
-29.3388
-29.2769
-29.2979
-29.3161
-29.328
-29.3326
-29.278
-29.2973
-29.3135
-29.3234
-29.3263
-29.2775
-29.295
-29.3094
-29.3181
-29.32
-29.2761
-29.2917
-29.3044
-29.3124
-29.3137
-29.2746
-29.2882
-29.2993
-29.3067
-29.3077
-29.2736
-29.2853
-29.2948
-29.3013
-29.3026
-29.2735
-29.2835
-29.2915
-29.297
-29.2987
-29.2745
-29.283
-29.2898
-29.2942
-29.2956
-29.284
-29.2896
-29.2933
-29.294
-29.2864
-29.2911
-29.2941
-29.2944
-29.29
-29.2942
-29.2966
-29.2961
-29.2952
-29.2989
-29.3006
-29.2997
-29.302
-29.3051
-29.3063
-29.3052
-29.3096
-29.3128
-29.3136
-29.312
-29.3165
-29.3201
-29.3207
-29.317
-29.3212
-29.3257
-29.3261
-29.3205
-29.3219
-29.3269
-29.3272
-29.3208
-29.3139
-29.3173
-29.3215
-29.3191
-29.3093
-29.2964
-29.3069
-29.3094
-29.3031
-29.288
-29.2671
-29.2913
-29.2917
-29.2812
-29.2599
-29.2306
-29.2717
-29.2703
-29.2565
-29.2306
-29.1953
-29.2494
-29.247
-29.2316
-29.2037
-29.1663
-29.226
-29.223
-29.2072
-29.1794
-29.1427
-29.205
-29.2023
-29.1876
-29.161
-29.1257
-29.1933
-29.1907
-29.1764
-29.1508
-29.1168
-30.1425
-30.1538
-30.1662
-30.1797
-30.1899
-30.1507
-30.1613
-30.1729
-30.1874
-30.1971
-30.1577
-30.1687
-30.1793
-30.1966
-30.2075
-30.1653
-30.1789
-30.1917
-30.2254
-30.2411
-30.1728
-30.1881
-30.202
-30.2433
-30.263
-30.1812
-30.1988
-30.2152
-30.2643
-30.2897
-30.1905
-30.2105
-30.2296
-30.2845
-30.3148
-30.2012
-30.2239
-30.246
-30.3058
-30.3404
-30.2129
-30.2384
-30.2636
-30.3265
-30.3643
-30.2255
-30.2534
-30.2813
-30.345
-30.3844
-30.2381
-30.2675
-30.2978
-30.3585
-30.3981
-30.2494
-30.2779
-30.3069
-30.3481
-30.3783
-30.2597
-30.2877
-30.3159
-30.3498
-30.3732
-30.2679
-30.2947
-30.3207
-30.3467
-30.3637
-30.2739
-30.2994
-30.3233
-30.3441
-30.3562
-30.2773
-30.3014
-30.3229
-30.3396
-30.3477
-30.2783
-30.3007
-30.3202
-30.334
-30.3391
-30.2775
-30.2979
-30.3153
-30.327
-30.3303
-30.2757
-30.2938
-30.3092
-30.3196
-30.3217
-30.2735
-30.2894
-30.3028
-30.3121
-30.3136
-30.2717
-30.2856
-30.297
-30.3051
-30.3072
-30.271
-30.283
-30.2926
-30.2994
-30.3022
-30.2717
-30.2821
-30.2902
-30.2958
-30.2985
-30.2738
-30.2829
-30.2898
-30.2945
-30.2964
-30.2772
-30.2853
-30.2913
-30.2952
-30.2967
-30.2891
-30.2943
-30.2977
-30.2987
-30.2941
-30.2987
-30.3016
-30.302
-30.3003
-30.3045
-30.3067
-30.307
-30.3074
-30.3113
-30.3135
-30.314
-30.3143
-30.3188
-30.3215
-30.3218
-30.3197
-30.325
-30.3276
-30.3261
-30.3219
-30.328
-30.3299
-30.3254
-30.3199
-30.3259
-30.3259
-30.3194
-30.312
-30.3166
-30.313
-30.3006
-30.2818
-30.2983
-30.3008
-30.2927
-30.2737
-30.2459
-30.2796
-30.2798
-30.2671
-30.2416
-30.2054
-30.2572
-30.2558
-30.2399
-30.2099
-30.1688
-30.2324
-30.23
-30.2128
-30.1816
-30.1396
-30.2073
-30.2045
-30.1868
-30.1564
-30.116
-30.1837
-30.182
-30.1659
-30.1384
-30.1006
-30.1701
-30.1688
-30.154
-30.1268
-30.0901
-31.1551
-31.1651
-31.1757
-31.1861
-31.1944
-31.1628
-31.1719
-31.1814
-31.1917
-31.1994
-31.1692
-31.1783
-31.1873
-31.1987
-31.2072
-31.176
-31.1864
-31.1967
-31.2144
-31.2259
-31.1829
-31.1946
-31.2062
-31.2283
-31.244
-31.1906
-31.2044
-31.2186
-31.2459
-31.2664
-31.1994
-31.2156
-31.2327
-31.2647
-31.2897
-31.2095
-31.2285
-31.2488
-31.2852
-31.3141
-31.2205
-31.2425
-31.266
-31.3058
-31.3375
-31.232
-31.2567
-31.283
-31.3247
-31.3576
-31.2433
-31.2699
-31.2983
-31.3392
-31.3714
-31.2533
-31.2804
-31.3086
-31.3423
-31.3692
-31.262
-31.2892
-31.317
-31.3467
-31.3685
-31.2685
-31.2952
-31.3213
-31.3465
-31.3628
-31.2723
-31.2982
-31.3228
-31.3438
-31.3555
-31.2737
-31.298
-31.3203
-31.3382
-31.3462
-31.273
-31.2954
-31.3154
-31.3305
-31.3356
-31.2709
-31.291
-31.3086
-31.3214
-31.3243
-31.2682
-31.286
-31.3012
-31.312
-31.3134
-31.2657
-31.2813
-31.2941
-31.3028
-31.3043
-31.2644
-31.2779
-31.2887
-31.2958
-31.2978
-31.2647
-31.2766
-31.2857
-31.2914
-31.2931
-31.2669
-31.2777
-31.2856
-31.2905
-31.2919
-31.2707
-31.2807
-31.2879
-31.2925
-31.2941
-31.2757
-31.2853
-31.292
-31.2963
-31.2982
-31.2817
-31.2909
-31.2971
-31.3012
-31.3029
-31.2972
-31.303
-31.3064
-31.308
-31.3041
-31.3095
-31.3125
-31.3143
-31.311
-31.3163
-31.3198
-31.3218
-31.3166
-31.3227
-31.327
-31.3285
-31.3197
-31.3265
-31.3301
-31.3295
-31.3186
-31.3255
-31.327
-31.3221
-31.3125
-31.3184
-31.3167
-31.3065
-31.3007
-31.3044
-31.2979
-31.2802
-31.2835
-31.2847
-31.2729
-31.2475
-31.2097
-31.2625
-31.2616
-31.2451
-31.2131
-31.1675
-31.2388
-31.2367
-31.2176
-31.182
-31.1332
-31.2134
-31.2106
-31.1909
-31.1554
-31.1079
-31.1879
-31.1857
-31.1663
-31.1319
-31.0875
-31.1601
-31.1604
-31.1444
-31.1141
-31.075
-31.1431
-31.144
-31.1298
-31.1015
-31.0629
-32.1678
-32.1762
-32.1844
-32.192
-32.1982
-32.1747
-32.1819
-32.189
-32.196
-32.2015
-32.1801
-32.187
-32.1936
-32.2008
-32.2065
-32.1855
-32.193
-32.2002
-32.2099
-32.2178
-32.1912
-32.1996
-32.2081
-32.2207
-32.2318
-32.1977
-32.208
-32.2188
-32.2351
-32.2502
-32.2052
-32.2179
-32.2316
-32.252
-32.271
-32.2139
-32.2294
-32.2464
-32.2709
-32.2934
-32.2235
-32.242
-32.2623
-32.2903
-32.3155
-32.2335
-32.2548
-32.2781
-32.3085
-32.3349
-32.2432
-32.2667
-32.2922
-32.3233
-32.3494
-32.2517
-32.2764
-32.3026
-32.3312
-32.3545
-32.2584
-32.2839
-32.3103
-32.3365
-32.3564
-32.2629
-32.2881
-32.3135
-32.3372
-32.3526
-32.2649
-32.2893
-32.313
-32.3338
-32.345
-32.2648
-32.2876
-32.3091
-32.3268
-32.3344
-32.2629
-32.2838
-32.3027
-32.3174
-32.3218
-32.26
-32.2786
-32.2948
-32.3064
-32.3086
-32.2571
-32.2734
-32.2869
-32.2956
-32.2965
-32.2551
-32.2695
-32.2805
-32.2869
-32.2867
-32.2548
-32.2677
-32.277
-32.2816
-32.2803
-32.2566
-32.2686
-32.2769
-32.2808
-32.2794
-32.2604
-32.2723
-32.2803
-32.2845
-32.2841
-32.2659
-32.2779
-32.286
-32.2908
-32.2918
-32.2726
-32.2846
-32.2929
-32.2981
-32.3003
-32.2797
-32.292
-32.3
-32.3051
-32.3074
-32.287
-32.2993
-32.307
-32.3114
-32.3136
-32.3064
-32.3135
-32.3176
-32.3202
-32.3122
-32.3191
-32.3236
-32.326
-32.3154
-32.3227
-32.3272
-32.3283
-32.3147
-32.3221
-32.3248
-32.3219
-32.3092
-32.3153
-32.3143
-32.3049
-32.298
-32.3019
-32.2958
-32.2782
-32.2817
-32.2823
-32.2698
-32.2425
-32.2615
-32.2593
-32.2406
-32.2043
-32.2395
-32.2357
-32.2128
-32.1706
-32.1109
-32.2165
-32.2127
-32.1885
-32.1447
-32.0845
-32.1924
-32.189
-32.1661
-32.1247
-32.069
-32.1672
-32.167
-32.1469
-32.1085
-32.0574
-32.1326
-32.1366
-32.1216
-32.0891
-32.0454
-32.1097
-32.1134
-32.1002
-32.0713
-32.0309
-33.1805
-33.1868
-33.1928
-33.198
-33.202
-33.1861
-33.1914
-33.1963
-33.2007
-33.2042
-33.1903
-33.1952
-33.1996
-33.204
-33.2078
-33.1943
-33.1994
-33.2041
-33.2099
-33.2153
-33.1985
-33.2043
-33.2102
-33.2181
-33.2261
-33.2034
-33.2107
-33.2186
-33.2296
-33.2411
-33.2093
-33.2186
-33.2293
-33.2438
-33.2588
-33.2162
-33.2281
-33.2418
-33.2601
-33.2783
-33.2239
-33.2386
-33.2554
-33.277
-33.2978
-33.2319
-33.2493
-33.2691
-33.293
-33.3151
-33.2396
-33.2593
-33.2813
-33.3064
-33.3282
-33.2461
-33.2673
-33.2904
-33.3148
-33.335
-33.251
-33.273
-33.2964
-33.3194
-33.3374
-33.2538
-33.2758
-33.2984
-33.3192
-33.3339
-33.2545
-33.2757
-33.2968
-33.315
-33.3261
-33.2534
-33.2732
-33.2919
-33.3072
-33.3146
-33.251
-33.2689
-33.285
-33.2969
-33.3011
-33.248
-33.2639
-33.2773
-33.2858
-33.2871
-33.2456
-33.2596
-33.2704
-33.2759
-33.2743
-33.2444
-33.2571
-33.2659
-33.269
-33.2649
-33.2451
-33.2574
-33.2651
-33.2672
-33.2622
-33.248
-33.2606
-33.2684
-33.2709
-33.2668
-33.2529
-33.2663
-33.275
-33.2787
-33.277
-33.2592
-33.2736
-33.2832
-33.2885
-33.2892
-33.2663
-33.2817
-33.292
-33.2981
-33.3004
-33.2737
-33.2898
-33.3002
-33.3064
-33.3089
-33.2805
-33.2972
-33.3073
-33.3127
-33.3147
-33.2862
-33.3032
-33.3127
-33.3171
-33.3186
-33.3068
-33.3153
-33.319
-33.3193
-33.3065
-33.314
-33.3164
-33.3137
-33.3009
-33.3069
-33.3059
-33.2969
-33.2895
-33.2926
-33.2856
-33.267
-33.2725
-33.2715
-33.2567
-33.2262
-33.2515
-33.2459
-33.2224
-33.1793
-33.2291
-33.2202
-33.1898
-33.1364
-33.208
-33.1986
-33.1651
-33.1073
-33.1878
-33.1807
-33.1485
-33.0921
-33.0151
-33.1671
-33.1636
-33.1352
-33.085
-33.0166
-33.1403
-33.1445
-33.1244
-33.0811
-33.0219
-33.0958
-33.1038
-33.0908
-33.057
-33.0082
-33.0654
-33.0705
-33.0571
-33.0267
-32.9839
-34.1932
-34.1975
-34.2014
-34.2047
-34.2071
-34.1976
-34.201
-34.204
-34.2065
-34.2084
-34.2005
-34.2035
-34.2061
-34.2085
-34.2107
-34.2032
-34.2062
-34.209
-34.2122
-34.2155
-34.2059
-34.2095
-34.2132
-34.2179
-34.2233
-34.2092
-34.2139
-34.2192
-34.2264
-34.2346
-34.2134
-34.2197
-34.2273
-34.2374
-34.2487
-34.2184
-34.2269
-34.237
-34.2503
-34.2644
-34.2241
-34.2349
-34.2478
-34.264
-34.2804
-34.2301
-34.2432
-34.2587
-34.277
-34.2948
-34.2357
-34.2508
-34.2684
-34.288
-34.3059
-34.2404
-34.257
-34.2757
-34.2953
-34.3121
-34.2438
-34.2611
-34.2801
-34.2988
-34.314
-34.2454
-34.2628
-34.2811
-34.2981
-34.3107
-34.2453
-34.2621
-34.279
-34.2936
-34.303
-34.2439
-34.2595
-34.2743
-34.286
-34.2919
-34.2417
-34.2558
-34.2682
-34.2766
-34.2788
-34.2393
-34.2519
-34.2618
-34.2671
-34.2654
-34.2375
-34.2491
-34.257
-34.2594
-34.2545
-34.237
-34.2482
-34.255
-34.2557
-34.2487
-34.2381
-34.2498
-34.2566
-34.2572
-34.25
-34.241
-34.254
-34.2619
-34.2637
-34.2585
-34.2454
-34.2602
-34.2698
-34.2736
-34.2713
-34.2507
-34.2675
-34.2787
-34.2845
-34.285
-34.2564
-34.2751
-34.2875
-34.2945
-34.2967
-34.262
-34.2822
-34.2951
-34.3024
-34.305
-34.2667
-34.2879
-34.3008
-34.3075
-34.3087
-34.2696
-34.2915
-34.3039
-34.3084
-34.3072
-34.2698
-34.2917
-34.3021
-34.3036
-34.2996
-34.2869
-34.2942
-34.2922
-34.2823
-34.2756
-34.2787
-34.2707
-34.251
-34.2577
-34.2553
-34.2381
-34.2044
-34.2345
-34.2255
-34.197
-34.1466
-34.2088
-34.1935
-34.1535
-34.0867
-34.1851
-34.166
-34.1181
-34.0398
-34.1667
-34.1486
-34.0994
-34.0187
-34.1507
-34.1378
-34.0931
-34.0172
-34.1321
-34.1269
-34.0897
-34.0265
-33.9415
-34.0992
-34.1062
-34.0837
-34.036
-33.9694
-34.0462
-34.0563
-34.0445
-34.009
-33.9548
-34.0072
-34.0097
-33.992
-33.9552
-33.9042
-35.2056
-35.2081
-35.2104
-35.2123
-35.2137
-35.2086
-35.2106
-35.2123
-35.2136
-35.2147
-35.2104
-35.2121
-35.2135
-35.2148
-35.2159
-35.2121
-35.2138
-35.2153
-35.2169
-35.2187
-35.2139
-35.2158
-35.2178
-35.2204
-35.2236
-35.2159
-35.2186
-35.2217
-35.226
-35.2313
-35.2186
-35.2225
-35.2272
-35.2336
-35.2413
-35.2221
-35.2274
-35.2341
-35.243
-35.2531
-35.2261
-35.2332
-35.2421
-35.2533
-35.2655
-35.2304
-35.2392
-35.2502
-35.2633
-35.2767
-35.2345
-35.2449
-35.2575
-35.2718
-35.2854
-35.2378
-35.2494
-35.263
-35.2776
-35.2904
-35.24
-35.2523
-35.2662
-35.2801
-35.2914
-35.241
-35.2533
-35.2667
-35.2792
-35.2882
-35.2407
-35.2526
-35.2648
-35.2752
-35.2813
-35.2394
-35.2504
-35.2609
-35.2688
-35.2715
-35.2376
-35.2477
-35.2562
-35.2612
-35.2604
-35.2357
-35.245
-35.2518
-35.2541
-35.25
-35.2344
-35.2433
-35.2488
-35.2491
-35.2424
-35.2338
-35.2431
-35.2484
-35.2477
-35.2397
-35.2343
-35.2448
-35.2508
-35.2507
-35.2431
-35.2357
-35.2482
-35.2558
-35.2574
-35.2519
-35.2379
-35.2528
-35.2626
-35.2664
-35.2637
-35.2403
-35.2579
-35.2698
-35.2758
-35.2756
-35.2426
-35.2628
-35.2765
-35.2837
-35.285
-35.2441
-35.2667
-35.2812
-35.2887
-35.2902
-35.2443
-35.2685
-35.2831
-35.2898
-35.289
-35.2421
-35.2672
-35.2809
-35.2846
-35.278
-35.2367
-35.2617
-35.273
-35.27
-35.2563
-35.2271
-35.2508
-35.2559
-35.2442
-35.2215
-35.2123
-35.232
-35.2286
-35.2072
-35.1698
-35.2058
-35.1928
-35.1582
-35.1013
-35.1752
-35.1521
-35.102
-35.0227
-35.1437
-35.1122
-35.0475
-34.9473
-35.1188
-35.0832
-35.0101
-34.8975
-35.1041
-35.0715
-34.9994
-34.8872
-35.0913
-35.0656
-35.0014
-34.8988
-35.073
-35.063
-35.0152
-34.9319
-35.0369
-35.0396
-35.0103
-34.9519
-34.8713
-34.9828
-34.986
-34.9649
-34.9199
-34.8533
-34.9396
-34.9314
-34.9006
-34.8472
-34.7758
-36.2162
-36.2177
-36.2192
-36.2204
-36.2213
-36.2183
-36.2194
-36.2203
-36.2211
-36.2216
-36.2194
-36.2203
-36.2209
-36.2216
-36.2224
-36.2209
-36.2217
-36.2225
-36.2235
-36.2249
-36.2226
-36.2236
-36.2248
-36.2263
-36.2281
-36.2243
-36.2258
-36.2275
-36.2297
-36.2327
-36.2263
-36.2285
-36.2312
-36.2348
-36.2394
-36.2292
-36.2323
-36.2362
-36.2414
-36.2477
-36.2324
-36.2366
-36.242
-36.2488
-36.2564
-36.2359
-36.2413
-36.248
-36.2561
-36.2644
-36.2392
-36.2456
-36.2534
-36.2622
-36.2705
-36.2419
-36.2491
-36.2576
-36.2664
-36.2739
-36.2437
-36.2514
-36.26
-36.2683
-36.2743
-36.2447
-36.2524
-36.2607
-36.2678
-36.2718
-36.2448
-36.2523
-36.2597
-36.2653
-36.2668
-36.2442
-36.2513
-36.2576
-36.2614
-36.2604
-36.2433
-36.25
-36.2552
-36.257
-36.2535
-36.2423
-36.2489
-36.2531
-36.2534
-36.2477
-36.2416
-36.2483
-36.2522
-36.2514
-36.2444
-36.2411
-36.2486
-36.2527
-36.2518
-36.2443
-36.2409
-36.2498
-36.2548
-36.2545
-36.2477
-36.2407
-36.2515
-36.258
-36.2592
-36.2539
-36.2402
-36.2532
-36.2617
-36.2645
-36.2612
-36.2388
-36.2544
-36.2647
-36.2692
-36.2675
-36.2361
-36.2541
-36.266
-36.2714
-36.2705
-36.2313
-36.2515
-36.2643
-36.2696
-36.2682
-36.2238
-36.2458
-36.2585
-36.2625
-36.2591
-36.2131
-36.236
-36.2475
-36.2486
-36.2398
-36.1983
-36.2211
-36.23
-36.2253
-36.2055
-36.1791
-36.2006
-36.2045
-36.1883
-36.1516
-36.1554
-36.1741
-36.1683
-36.1346
-36.0762
-36.1281
-36.1411
-36.1208
-36.0667
-35.9815
-36.1039
-36.0676
-35.9919
-35.877
-36.0677
-36.0174
-35.9221
-35.7797
-36.0401
-35.9842
-35.8794
-35.7238
-36.0293
-35.9786
-35.8774
-35.724
-36.0178
-35.9788
-35.8905
-35.7549
-35.998
-35.9793
-35.9182
-35.8149
-35.9653
-35.9568
-35.9162
-35.8432
-35.9208
-35.9064
-35.8655
-35.7998
-35.715
-35.885
-35.8577
-35.8031
-35.7225
-35.6223
-37.225
-37.2263
-37.2276
-37.2287
-37.2296
-37.2269
-37.2278
-37.2287
-37.2294
-37.2301
-37.2288
-37.2293
-37.2298
-37.2304
-37.231
-37.2304
-37.2308
-37.2312
-37.2317
-37.2321
-37.2317
-37.2321
-37.2324
-37.2327
-37.2333
-37.2328
-37.2332
-37.2337
-37.2347
-37.2366
-37.2345
-37.2353
-37.2366
-37.2389
-37.2423
-37.2373
-37.2388
-37.2413
-37.2448
-37.2493
-37.2407
-37.2432
-37.2468
-37.2514
-37.2568
-37.2444
-37.2478
-37.2524
-37.2579
-37.2634
-37.2479
-37.2522
-37.2575
-37.2633
-37.2684
-37.2509
-37.2558
-37.2615
-37.2671
-37.2711
-37.2531
-37.2584
-37.2641
-37.2691
-37.2713
-37.2544
-37.2599
-37.2653
-37.2692
-37.2694
-37.2549
-37.2603
-37.2651
-37.2677
-37.266
-37.2548
-37.26
-37.2641
-37.2654
-37.2617
-37.2543
-37.2593
-37.2627
-37.2627
-37.2574
-37.2535
-37.2586
-37.2614
-37.2604
-37.2538
-37.2527
-37.2582
-37.2608
-37.2592
-37.2518
-37.252
-37.2582
-37.2611
-37.2595
-37.2518
-37.2512
-37.2586
-37.2624
-37.2613
-37.2541
-37.2501
-37.2591
-37.2641
-37.264
-37.2579
-37.2483
-37.2591
-37.2655
-37.2666
-37.2617
-37.2451
-37.2578
-37.2656
-37.2675
-37.2633
-37.2398
-37.2544
-37.2629
-37.2648
-37.2601
-37.2317
-37.2476
-37.256
-37.2566
-37.2495
-37.22
-37.2365
-37.2434
-37.2406
-37.2285
-37.2038
-37.2198
-37.2233
-37.2143
-37.1932
-37.1824
-37.1961
-37.1938
-37.1747
-37.1393
-37.1552
-37.1647
-37.153
-37.1188
-37.0632
-37.1223
-37.125
-37.0998
-37.0454
-36.9617
-37.0848
-37.0782
-37.0358
-36.9559
-36.8357
-37.0455
-37.0282
-36.9672
-36.8581
-36.6964
-36.9805
-36.9013
-36.7635
-36.5613
-36.9502
-36.8638
-36.7132
-36.4921
-36.9385
-36.8552
-36.7065
-36.4873
-36.9341
-36.8666
-36.7395
-36.5498
-36.9317
-36.8863
-36.7938
-36.653
-36.9185
-36.8866
-36.8193
-36.7161
-36.8946
-36.8621
-36.7984
-36.7048
-36.862
-36.8187
-36.7447
-36.641
-36.5147
)
;

boundaryField
{
    floor
    {
        type            calculated;
        value           nonuniform List<scalar> 
203
(
78.3495
78.3405
78.3284
78.3258
78.324
78.3214
78.308
78.2861
78.2585
78.2265
78.193
78.1583
78.1281
78.1025
78.0814
78.0642
78.0498
78.0375
78.0267
78.0172
78.0088
78.0014
77.9948
77.9892
77.9844
77.9807
77.9781
77.9768
77.9768
77.9783
77.9812
77.9854
77.9907
77.997
78.0039
78.0113
78.0201
78.031
78.0428
78.0551
78.0658
78.36
78.349
78.3384
78.3496
78.3566
78.3588
78.3465
78.3234
78.2931
78.2561
78.2162
78.1717
78.1347
78.1042
78.08
78.0608
78.0455
78.0327
78.0216
78.0118
78.003
77.9951
77.988
77.9817
77.9762
77.9716
77.9681
77.9658
77.965
77.9657
77.9681
77.9723
77.978
77.9851
77.9927
78.0007
78.0105
78.0232
78.0378
78.0525
78.0645
78.3764
78.3645
78.3599
78.3912
78.4042
78.4107
78.4001
78.3774
78.3459
78.3051
78.2587
78.2
78.1511
78.1128
78.0837
78.0615
78.0443
78.0303
78.0184
78.008
77.9985
77.9898
77.9818
77.9746
77.968
77.9622
77.9574
77.9538
77.9517
77.9513
77.953
77.9569
77.9631
77.9714
77.9796
77.9881
77.9991
78.0138
78.0306
78.0473
78.0597
78.3958
78.3832
78.3848
78.427
78.4363
78.4441
78.4341
78.4111
78.3775
78.3327
78.2814
78.2165
78.1614
78.1181
78.0859
78.0617
78.0432
78.0285
78.0161
78.005
77.9948
77.9853
77.9764
77.968
77.9601
77.9529
77.9465
77.9412
77.9376
77.9359
77.9371
77.9409
77.9482
77.9582
77.9669
77.9756
77.988
78.005
78.0236
78.0416
78.0533
78.4108
78.4586
78.4651
78.4747
78.4659
78.443
78.4077
78.3595
78.3032
78.2326
78.1714
78.1234
78.0879
78.0618
78.0423
78.027
78.014
78.0024
77.9917
77.9815
77.9716
77.962
77.9527
77.9438
77.9356
77.9283
77.9227
77.9191
77.9193
77.9225
77.9311
77.9433
77.9524
77.9612
77.9758
77.9971
78.0182
78.0367
78.0471
)
;
    }
    ceiling
    {
        type            calculated;
        value           nonuniform List<scalar> 
198
(
-37.7296
-37.7315
-37.7333
-37.7349
-37.736
-37.7369
-37.7381
-37.7408
-37.7444
-37.7483
-37.752
-37.7552
-37.7577
-37.7594
-37.7601
-37.7603
-37.7599
-37.7593
-37.7586
-37.7579
-37.7572
-37.7561
-37.7543
-37.7511
-37.7459
-37.7378
-37.7261
-37.71
-37.6886
-37.6614
-37.6285
-37.591
-37.5517
-37.7308
-37.7323
-37.7337
-37.735
-37.7361
-37.7368
-37.7381
-37.7417
-37.7462
-37.751
-37.7556
-37.7596
-37.7625
-37.7643
-37.7652
-37.7652
-37.7647
-37.7642
-37.7639
-37.764
-37.7645
-37.765
-37.7651
-37.7639
-37.7604
-37.7537
-37.7426
-37.7259
-37.7023
-37.6708
-37.6312
-37.5843
-37.5344
-37.4867
-37.4564
-37.4447
-37.4403
-37.4379
-37.4247
-37.4008
-37.3682
-37.732
-37.733
-37.734
-37.7351
-37.736
-37.7366
-37.7389
-37.7436
-37.7492
-37.7551
-37.7604
-37.7647
-37.7677
-37.7693
-37.7696
-37.769
-37.7679
-37.7669
-37.7665
-37.7669
-37.7682
-37.77
-37.7715
-37.7716
-37.7689
-37.7621
-37.7495
-37.7294
-37.6999
-37.6592
-37.6059
-37.542
-37.4734
-37.4075
-37.37
-37.3614
-37.3728
-37.3925
-37.3928
-37.3683
-37.3249
-37.733
-37.7336
-37.7343
-37.7353
-37.7358
-37.7369
-37.7408
-37.7468
-37.7535
-37.7601
-37.7658
-37.7699
-37.7722
-37.7727
-37.7718
-37.7699
-37.7677
-37.7658
-37.7648
-37.7652
-37.7671
-37.7699
-37.7726
-37.7735
-37.7708
-37.7626
-37.7467
-37.7204
-37.6808
-37.625
-37.5516
-37.4621
-37.3643
-37.2697
-37.2194
-37.2127
-37.2457
-37.3
-37.3255
-37.3046
-37.2509
-37.7337
-37.7341
-37.7347
-37.7354
-37.7358
-37.7383
-37.744
-37.7511
-37.7586
-37.7654
-37.7705
-37.7734
-37.774
-37.7725
-37.7696
-37.7658
-37.7621
-37.7589
-37.7572
-37.7575
-37.7599
-37.7638
-37.7676
-37.7692
-37.7661
-37.7556
-37.7346
-37.6993
-37.6454
-37.5693
-37.4678
-37.3419
-37.2026
-37.0676
-36.9983
-36.9935
-37.056
-37.1592
-37.2223
-37.211
-37.1472
-37.0209
)
;
    }
    fixedWalls
    {
        type            calculated;
        value           nonuniform List<scalar> 
739
(
77.8431
77.8536
77.87
77.8894
77.5593
77.558
77.5532
77.5469
77.5406
76.821
76.8276
76.8407
76.8581
76.5495
76.5477
76.5417
76.5338
76.5266
75.7952
75.796
75.8039
75.8163
75.5517
75.5505
75.5429
75.532
75.5201
74.7768
74.7744
74.7793
74.7874
74.5494
74.5499
74.5429
74.5313
74.5161
73.7655
73.763
73.7691
73.7775
73.5266
73.5276
73.5221
73.5124
73.4986
72.7564
72.7539
72.7621
72.7717
72.5029
72.5031
72.4979
72.4893
72.4767
-7.91144
-7.91247
-7.9149
-7.91974
-7.92399
-7.98333
-7.98643
-7.99032
-7.99567
-8.00126
-8.92202
-8.92306
-8.92544
-8.93026
-8.93439
-8.99103
-8.99441
-8.99832
-9.00329
-9.00808
-9.93265
-9.93388
-9.93637
-9.94131
-9.94527
-10.004
-10.0078
-10.0116
-10.0159
-10.0194
-10.9434
-10.9448
-10.9474
-10.9526
-10.9565
-11.0209
-11.0242
-11.0267
-11.0291
-11.0304
-11.954
-11.9557
-11.9585
-11.964
-11.9679
-12.0411
-12.0431
-12.0441
-12.0445
-12.0437
-12.9646
-12.9664
-12.9696
-12.9756
-12.9794
-13.0622
-13.0629
-13.0622
-13.0609
-13.0583
-13.975
-13.977
-13.9805
-13.9871
-13.9911
-14.0831
-14.0828
-14.0809
-14.0781
-14.0742
-14.9852
-14.9875
-14.9914
-14.9987
-15.0028
-15.1033
-15.1024
-15.0997
-15.096
-15.0913
-15.9952
-15.9977
-16.0021
-16.0103
-16.0147
-16.1227
-16.1216
-16.1184
-16.1144
-16.1091
-17.0049
-17.0077
-17.0127
-17.0219
-17.0265
-17.1425
-17.1411
-17.1374
-17.1331
-17.1274
-18.0144
-18.0175
-18.0231
-18.0335
-18.0385
-18.1631
-18.1611
-18.1568
-18.1521
-18.146
-19.0236
-19.027
-19.0334
-19.0451
-19.0506
-19.1846
-19.1816
-19.1764
-19.1713
-19.1644
-20.0325
-20.0364
-20.0435
-20.0567
-20.0627
-20.2092
-20.2032
-20.196
-20.19
-20.1814
-21.0412
-21.0455
-21.0535
-21.0683
-21.0749
-21.2361
-21.2244
-21.2149
-21.2069
-21.1957
-22.0498
-22.0545
-22.0634
-22.0799
-22.0873
-22.2518
-22.2397
-22.2294
-22.2195
-22.206
-23.0585
-23.0635
-23.0732
-23.0914
-23.0994
-23.2546
-23.2469
-23.2376
-23.2266
-23.211
-24.0675
-24.073
-24.0835
-24.1034
-24.1122
-24.2538
-24.2484
-24.2402
-24.228
-24.2103
-25.077
-25.0828
-25.0936
-25.1146
-25.1238
-25.2509
-25.2459
-25.2377
-25.2235
-25.2036
-26.0883
-26.0954
-26.1073
-26.1291
-26.139
-26.243
-26.2392
-26.2292
-26.2129
-26.1904
-27.0999
-27.1075
-27.1188
-27.1404
-27.1501
-27.2304
-27.227
-27.2154
-27.1959
-27.1706
-28.1156
-28.1266
-28.1404
-28.1607
-28.173
-28.2135
-28.2104
-28.1974
-28.1744
-28.145
-29.1289
-29.1402
-29.1536
-29.1702
-29.1814
-29.1933
-29.1907
-29.1764
-29.1508
-29.1168
-30.1425
-30.1538
-30.1662
-30.1797
-30.1899
-30.1701
-30.1688
-30.154
-30.1268
-30.0901
-31.1551
-31.1651
-31.1757
-31.1861
-31.1944
-31.1431
-31.144
-31.1298
-31.1015
-31.0629
-32.1678
-32.1762
-32.1844
-32.192
-32.1982
-32.1097
-32.1134
-32.1002
-32.0713
-32.0309
-33.1805
-33.1868
-33.1928
-33.198
-33.202
-33.0654
-33.0705
-33.0571
-33.0267
-32.9839
-34.1932
-34.1975
-34.2014
-34.2047
-34.2071
-34.0072
-34.0097
-33.992
-33.9552
-33.9042
-35.2056
-35.2081
-35.2104
-35.2123
-35.2137
-34.9396
-34.9314
-34.9006
-34.8472
-34.7758
-36.2162
-36.2177
-36.2192
-36.2204
-36.2213
-35.885
-35.8577
-35.8031
-35.7225
-35.6223
-37.225
-37.2263
-37.2276
-37.2287
-37.2296
-36.862
-36.8187
-36.7447
-36.641
-36.5147
72.2499
72.2474
72.2556
72.2653
72.2398
72.2312
72.2426
72.2526
72.2123
72.191
72.2188
72.2305
72.1679
72.0919
72.1398
72.046
72.1201
72.0267
72.0985
72.0086
72.0765
71.9936
72.053
71.9751
72.0255
71.9546
71.9948
71.9378
71.9597
71.898
71.7663
71.7542
71.7479
71.9574
71.9231
71.8775
71.8723
71.8658
71.9564
71.9312
71.903
71.8907
71.8802
71.9556
71.9374
71.9203
71.912
71.9049
71.9542
71.9407
71.93
71.9244
71.9193
71.9515
71.9407
71.9335
71.9298
71.9268
71.9477
71.9383
71.9329
71.9303
71.9285
71.9429
71.9342
71.9295
71.9274
71.9263
71.9373
71.9288
71.9242
71.9221
71.9211
71.9312
71.9225
71.9174
71.9149
71.9136
71.9247
71.9155
71.9095
71.9061
71.9041
71.9182
71.908
71.9007
71.896
71.8928
71.9118
71.9002
71.8912
71.8845
71.8794
71.9057
71.8923
71.8809
71.8715
71.8635
71.9002
71.8847
71.8699
71.8568
71.8445
71.8956
71.8776
71.8589
71.8407
71.8221
71.8922
71.8714
71.8477
71.8227
71.7935
71.8904
71.8666
71.8371
71.8041
71.7597
71.8901
71.8631
71.8257
71.7804
71.7029
71.8924
71.8634
71.8194
71.766
71.6567
71.8968
71.8655
71.8103
71.7366
71.5041
71.9054
71.8766
71.8239
71.7606
71.5471
71.9164
71.8914
71.8441
71.7881
71.5895
71.9286
71.9078
71.8674
71.8185
71.6385
71.9413
71.9257
71.8946
71.8565
71.7131
71.9537
71.9426
71.9199
71.8906
71.7726
71.9657
71.9598
71.948
71.934
71.8981
71.976
71.9725
71.9636
71.9518
71.9271
71.986
71.9851
71.9798
71.9722
71.9603
71.9964
71.9967
71.9915
71.9828
71.9703
71.7536
71.7384
71.7536
71.7032
71.7022
71.6774
71.6569
71.6368
71.5975
71.5955
71.5955
71.5753
71.6009
-7.40652
-7.40754
-7.40998
-7.41482
-7.41908
-7.40568
-7.40671
-7.4094
-7.41502
-7.41907
-7.40492
-7.40612
-7.40965
70.7927
-7.41815
70.7343
-7.42042
-7.40421
70.7927
-7.405
-7.40449
70.7074
-7.40557
-7.40472
70.7142
-7.40581
-7.40594
70.6906
-7.40714
-7.40768
70.6702
-7.40907
-7.40994
70.6508
-7.41166
-7.41304
70.605
-7.4154
-7.41658
70.648
-7.41985
70.648
70.5845
70.6159
-7.42282
-7.43156
-7.44446
-7.43966
-7.43962
-7.42416
-7.42908
-7.43561
-7.4367
-7.43785
-7.4258
-7.42863
-7.4331
-7.43494
-7.43652
-7.42803
-7.4295
-7.43222
-7.43412
-7.43597
-7.43066
-7.43129
-7.43305
-7.43486
-7.43675
-7.43343
-7.43354
-7.43471
-7.4363
-7.43808
-7.43608
-7.43584
-7.43661
-7.43796
-7.4395
-7.43851
-7.438
-7.43844
-7.43952
-7.44068
-7.44074
-7.43999
-7.44015
-7.44091
-7.44152
-7.44285
-7.44191
-7.4418
-7.44225
-7.44217
-7.44494
-7.44389
-7.44362
-7.44392
-7.44358
-7.4471
-7.44603
-7.44571
-7.44616
-7.44581
-7.44939
-7.44835
-7.44812
-7.44898
-7.44967
-7.45178
-7.45073
-7.4505
-7.45141
-7.45224
-7.45434
-7.4533
-7.45311
-7.45413
-7.45516
-7.4571
-7.45615
-7.45607
-7.45739
-7.45876
-7.46012
-7.45934
-7.4595
-7.46144
-7.46332
-7.46341
-7.46299
-7.46354
-7.4667
-7.46938
-7.46697
-7.46719
-7.46845
-7.47417
-7.47816
-7.47074
-7.4719
-7.47423
-7.48465
-7.49034
-7.47463
-7.47727
-7.48157
-7.50343
-7.51414
-7.47815
-7.48197
-7.48694
-7.51595
-7.52046
-7.48116
-7.48566
-7.49074
-7.52106
-7.52437
-7.4836
-7.48826
-7.49315
-7.52098
-7.52423
-7.48549
-7.49013
-7.4953
-7.51893
-7.52708
-7.48613
-7.49029
-7.4951
-7.51281
-7.52245
-7.48548
-7.4894
-7.49477
-7.5086
-7.52932
-7.48278
-7.48587
-7.48963
-7.49631
-7.50376
-7.48022
-7.48321
-7.48703
-7.49279
-7.49978
-7.47779
-7.48086
-7.48474
-7.49007
-7.49564
)
;
    }
    rack2796428BA49E0232CAC645AEBC8DA5C1_fixedWall
    {
        type            calculated;
        value           nonuniform 0();
    }
    rack2796428BA49E0232CAC645AEBC8DA5C1_inlet
    {
        type            calculated;
        value           nonuniform 0();
    }
    rack2796428BA49E0232CAC645AEBC8DA5C1_outlet
    {
        type            calculated;
        value           nonuniform 0();
    }
    acu380F56D59CF2B3DF6EFF9D0E6E8D39CB_inlet
    {
        type            calculated;
        value           nonuniform List<scalar> 
16
(
-28.1949
-28.1823
-28.1821
-28.1621
-28.1773
-28.1543
-28.1763
-28.1546
-28.1773
-28.1585
-28.1794
-28.1647
-28.1825
-28.1734
-28.1874
-28.1854
)
;
    }
    acu380F56D59CF2B3DF6EFF9D0E6E8D39CB_outlet
    {
        type            calculated;
        value           nonuniform List<scalar> 
18
(
70.2862
70.2278
70.2009
70.1474
70.2077
70.1572
70.1841
70.1324
70.1637
70.1107
70.1443
70.0894
70.0985
70.0403
70.0762
70.1415
70.078
70.1094
)
;
    }
    acu380F56D59CF2B3DF6EFF9D0E6E8D39CB_fixedWall
    {
        type            calculated;
        value           nonuniform List<scalar> 
242
(
-7.92307
-7.92534
-7.90993
-7.91051
-7.91075
-7.91209
-7.91403
-7.91662
-7.92037
-7.92483
-8.93513
-8.93639
-8.92043
-8.92134
-8.92163
-8.92313
-8.92517
-8.92779
-8.93155
-8.93559
-9.94685
-9.9474
-9.93145
-9.93258
-9.93295
-9.93453
-9.93659
-9.93911
-9.94274
-9.94622
-10.959
-10.9589
-10.9427
-10.944
-10.9445
-10.9461
-10.948
-10.9504
-10.9539
-10.9569
-11.9715
-11.9707
-11.954
-11.9555
-11.956
-11.9576
-11.9594
-11.9615
-11.9649
-11.9675
-12.9842
-12.9827
-12.9654
-12.967
-12.9675
-12.969
-12.9706
-12.9725
-12.976
-12.978
-13.9972
-13.9948
-13.9767
-13.9784
-13.9788
-13.9802
-13.9818
-13.9835
-13.9869
-13.9884
-15.0104
-15.0071
-14.988
-14.9897
-14.99
-14.9912
-14.9928
-14.9943
-14.9976
-14.9982
-16.0238
-16.0196
-15.9991
-16.0008
-16.0009
-16.002
-16.0035
-16.0047
-16.008
-16.0075
-17.0374
-17.0322
-17.0101
-17.0118
-17.0117
-17.0126
-17.0139
-17.0147
-17.018
-17.0162
-18.0514
-18.045
-18.0209
-18.0225
-18.0222
-18.023
-18.024
-18.0243
-18.0276
-18.0243
-19.0655
-19.058
-19.0315
-19.0331
-19.0325
-19.0332
-19.0339
-19.0338
-19.0368
-19.0323
-20.08
-20.0712
-20.0419
-20.0434
-20.0425
-20.0431
-20.0436
-20.0432
-20.0462
-20.0405
-21.0948
-21.0845
-21.0521
-21.0535
-21.0523
-21.0527
-21.0531
-21.0527
-21.0557
-21.0494
-22.1098
-22.098
-22.0619
-22.0632
-22.0617
-22.0621
-22.0625
-22.0621
-22.0655
-22.0592
-23.1249
-23.1113
-23.0714
-23.0724
-23.0707
-23.0712
-23.0718
-23.0718
-23.0758
-23.0702
-24.1405
-24.1248
-24.0806
-24.0812
-24.0793
-24.0799
-24.0809
-24.0817
-24.0867
-24.0824
-25.1547
-25.1365
-25.0871
-25.0873
-25.0853
-25.0863
-25.088
-25.0902
-25.0969
-25.0948
-26.1716
-26.1507
-26.1005
-26.1008
-26.0995
-26.1014
-26.1044
-26.1087
-26.1161
-26.1156
-27.1763
-27.1501
-27.0818
-27.0794
-27.0789
-27.0824
-27.0888
-27.0981
-27.1111
-27.1178
-7.94948
-7.9447
-7.9447
-8.96365
-8.95661
-8.95598
-9.97507
-9.96755
-10.9873
-10.9796
-11.9989
-11.9914
-13.0099
-13.0031
-14.02
-14.0143
-15.0294
-15.0252
-16.0386
-16.0362
-17.0484
-17.0478
-18.0593
-18.0606
-19.0719
-19.075
-20.0865
-20.0912
-21.1033
-21.1095
-22.1223
-22.1302
-23.143
-23.1526
-24.1659
-24.1782
-25.1869
-25.2029
-26.2151
-26.2388
-27.2247
-27.2542
)
;
    }
    baffleFaces_master
    {
        type            calculated;
        value           nonuniform 0();
    }
    baffleFaces_slave
    {
        type            calculated;
        value           nonuniform 0();
    }
    procBoundary1to0
    {
        type            processor;
        value           nonuniform List<scalar> 
1536
(
77.8386
77.8322
77.8219
77.8127
77.8046
77.7971
77.7821
77.7612
77.736
77.7076
77.6784
77.6493
77.6233
77.6007
77.5814
77.5649
77.5506
77.5382
77.5273
77.5177
77.5093
77.5019
77.4955
77.4901
77.4858
77.4827
77.4808
77.4802
77.4809
77.4829
77.4861
77.4904
77.4954
77.5009
77.5071
77.514
77.5216
77.53
77.539
77.5483
77.5572
76.82
76.8134
76.7957
76.7776
76.7664
76.7568
76.7406
76.7197
76.6946
76.667
76.6393
76.6131
76.5914
76.5732
76.5576
76.5441
76.532
76.5213
76.5116
76.5028
76.495
76.488
76.482
76.4769
76.4728
76.4698
76.4679
76.4673
76.4678
76.4697
76.4728
76.477
76.4823
76.4886
76.4959
76.5035
76.5108
76.5182
76.5263
76.5352
76.5465
75.7991
75.7906
75.7674
75.7431
75.7297
75.7159
75.6967
75.6735
75.6466
75.6178
75.5899
75.565
75.5466
75.533
75.5228
75.5141
75.5065
75.4994
75.4926
75.4861
75.4798
75.474
75.4687
75.464
75.4602
75.4572
75.4553
75.4545
75.4549
75.4567
75.4598
75.4642
75.4698
75.4764
75.4838
75.4918
75.5006
75.5099
75.5195
75.5297
75.5459
74.7829
74.7745
74.7502
74.7213
74.7008
74.6805
74.6565
74.6299
74.6019
74.5735
74.5476
74.5264
74.5131
74.504
74.497
74.4915
74.4864
74.4813
74.4759
74.4704
74.4649
74.4596
74.4546
74.4501
74.4463
74.4433
74.4414
74.4406
74.4411
74.443
74.4464
74.4512
74.4576
74.4652
74.4734
74.4821
74.4912
74.5006
74.5107
74.5218
74.5412
73.7714
73.765
73.742
73.7087
73.6802
73.6559
73.631
73.6065
73.5806
73.553
73.5283
73.5085
73.4982
73.4911
73.4857
73.4813
73.477
73.4722
73.4671
73.4617
73.456
73.4504
73.445
73.44
73.4357
73.4323
73.4298
73.4286
73.4287
73.4303
73.4337
73.4386
73.4454
73.4535
73.4622
73.4712
73.4802
73.4891
73.4976
73.507
73.5202
72.7612
72.7552
72.7334
72.6978
72.663
72.6363
72.613
72.5917
72.5696
72.5463
72.5244
72.5037
72.495
72.4887
72.4835
72.4788
72.4738
72.4683
72.4624
72.4561
72.4496
72.4431
72.4368
72.4309
72.4257
72.4214
72.4182
72.4164
72.416
72.4172
72.4204
72.4252
72.4322
72.4404
72.4492
72.458
72.4666
72.4748
72.4822
72.4902
72.499
-7.91148
-7.91087
-7.91013
-7.90882
-7.90882
-7.90882
-7.90884
-7.90901
-7.91002
-7.91155
-7.91362
-7.9164
-7.91959
-7.92405
-7.92696
-7.92994
-7.93315
-7.93642
-7.93955
-7.94243
-7.94503
-7.94742
-7.94966
-7.95186
-7.9541
-7.95644
-7.95888
-7.96147
-7.96424
-7.96718
-7.97029
-7.97356
-7.97693
-7.9803
-7.98341
-7.98609
-7.98819
-7.98962
-7.99001
-7.98908
-7.98648
-7.98393
-7.98133
-8.92206
-8.9219
-8.9217
-8.92121
-8.92108
-8.92108
-8.92108
-8.92138
-8.92252
-8.92417
-8.92636
-8.92931
-8.9326
-8.93734
-8.94027
-8.94336
-8.94651
-8.94955
-8.95236
-8.9549
-8.95717
-8.9593
-8.96136
-8.96345
-8.96567
-8.96802
-8.97052
-8.97321
-8.9761
-8.97919
-8.98244
-8.98584
-8.98931
-8.99277
-8.99605
-8.99897
-9.00136
-9.00312
-9.00354
-9.00217
-8.99868
-8.99452
-8.98861
-9.9326
-9.93254
-9.9326
-9.93238
-9.93275
-9.93305
-9.93305
-9.93305
-9.9343
-9.93602
-9.93828
-9.94135
-9.94471
-9.94983
-9.95307
-9.95659
-9.95985
-9.96281
-9.96538
-9.9676
-9.96956
-9.97141
-9.97326
-9.97524
-9.97743
-9.97984
-9.98242
-9.98518
-9.98814
-9.99126
-9.99454
-9.99795
-10.0014
-10.0048
-10.0082
-10.0114
-10.0143
-10.017
-10.0185
-10.0179
-10.014
-10.0084
-10.0006
-10.9431
-10.9431
-10.9433
-10.9433
-10.9439
-10.9445
-10.9458
-10.9458
-10.9458
-10.9476
-10.95
-10.9532
-10.9567
-10.9623
-10.9659
-10.9698
-10.973
-10.9758
-10.9781
-10.9801
-10.9818
-10.9834
-10.9852
-10.9871
-10.9892
-10.9916
-10.9942
-10.997
-11
-11.0031
-11.0062
-11.0094
-11.0127
-11.0159
-11.0193
-11.0228
-11.0266
-11.0305
-11.0337
-11.0348
-11.0317
-11.0258
-11.0174
-11.9536
-11.9538
-11.9542
-11.9542
-11.955
-11.9559
-11.9574
-11.9593
-11.9593
-11.9593
-11.9616
-11.9651
-11.9687
-11.9748
-11.9787
-11.9827
-11.9858
-11.9884
-11.9905
-11.9923
-11.9939
-11.9954
-11.9971
-11.999
-12.0012
-12.0036
-12.0062
-12.0089
-12.0117
-12.0146
-12.0176
-12.0205
-12.0235
-12.0267
-12.0303
-12.0344
-12.0391
-12.0445
-12.0495
-12.0527
-12.0513
-12.0457
-12.0382
-12.9641
-12.9645
-12.965
-12.9651
-12.9661
-12.9673
-12.969
-12.9712
-12.9733
-12.9733
-12.9733
-12.977
-12.9808
-12.9871
-12.9911
-12.9952
-12.9982
-13.0007
-13.0027
-13.0044
-13.006
-13.0076
-13.0093
-13.0112
-13.0134
-13.0157
-13.0182
-13.0209
-13.0236
-13.0263
-13.029
-13.0318
-13.0349
-13.0383
-13.0423
-13.0473
-13.053
-13.0596
-13.0662
-13.0711
-13.0716
-13.0666
-13.0602
-13.9745
-13.9752
-13.9759
-13.9761
-13.9773
-13.9785
-13.9805
-13.9829
-13.9859
-13.9888
-13.9888
-13.9888
-13.9927
-13.9991
-14.0031
-14.0072
-14.0101
-14.0127
-14.0147
-14.0166
-14.0183
-14.02
-14.0218
-14.0238
-14.0259
-14.0282
-14.0307
-14.0332
-14.0358
-14.0384
-14.0412
-14.0442
-14.0477
-14.0517
-14.0566
-14.0624
-14.0691
-14.0766
-14.0839
-14.09
-14.091
-14.0871
-14.0817
-14.9848
-14.9857
-14.9867
-14.9871
-14.9884
-14.9898
-14.9919
-14.9946
-14.9978
-15.0021
-15.0042
-15.0042
-15.0042
-15.0106
-15.0146
-15.0188
-15.0219
-15.0247
-15.027
-15.0291
-15.031
-15.0329
-15.0348
-15.0369
-15.039
-15.0414
-15.0438
-15.0464
-15.049
-15.0519
-15.055
-15.0586
-15.0627
-15.0677
-15.0734
-15.0801
-15.0874
-15.0954
-15.1027
-15.1093
-15.1095
-15.1067
-15.102
-15.9949
-15.9962
-15.9974
-15.9979
-15.9994
-16.001
-16.0033
-16.0061
-16.0094
-16.0138
-16.018
-16.0216
-16.0216
-16.0216
-16.0258
-16.0303
-16.0338
-16.037
-16.0397
-16.0422
-16.0445
-16.0466
-16.0487
-16.0509
-16.0532
-16.0556
-16.0581
-16.0609
-16.0638
-16.0671
-16.0709
-16.0752
-16.0803
-16.0862
-16.0929
-16.1003
-16.1079
-16.1157
-16.1227
-16.1282
-16.129
-16.1241
-16.1212
-17.0048
-17.0065
-17.0081
-17.0087
-17.0104
-17.0121
-17.0145
-17.0175
-17.0209
-17.0253
-17.0293
-17.0348
-17.0369
-17.0369
-17.0369
-17.0421
-17.0461
-17.05
-17.0532
-17.0562
-17.0589
-17.0614
-17.0638
-17.0662
-17.0687
-17.0713
-17.0741
-17.0772
-17.0806
-17.0844
-17.089
-17.0943
-17.1004
-17.1074
-17.115
-17.123
-17.1308
-17.1382
-17.1444
-17.1484
-17.1492
-17.1422
-17.1407
-18.0144
-18.0167
-18.0186
-18.0194
-18.0213
-18.0231
-18.0256
-18.0286
-18.032
-18.0364
-18.0403
-18.046
-18.0503
-18.0544
-18.0544
-18.0544
-18.0593
-18.0639
-18.0679
-18.0715
-18.0748
-18.0777
-18.0805
-18.0831
-18.0859
-18.0887
-18.0918
-18.0953
-18.0992
-18.1038
-18.1091
-18.1155
-18.1227
-18.1308
-18.1393
-18.148
-18.156
-18.1632
-18.1687
-18.1718
-18.1714
-18.1648
-18.1608
-19.0238
-19.0266
-19.0289
-19.0299
-19.032
-19.034
-19.0366
-19.0396
-19.043
-19.0473
-19.0511
-19.0574
-19.0622
-19.0676
-19.0735
-19.0735
-19.0735
-19.0791
-19.084
-19.0884
-19.0923
-19.0957
-19.0988
-19.1018
-19.1048
-19.108
-19.1114
-19.1152
-19.1196
-19.1249
-19.1311
-19.1384
-19.1466
-19.1558
-19.1652
-19.1745
-19.1828
-19.19
-19.1952
-19.1977
-19.196
-19.1888
-19.181
-20.0329
-20.0363
-20.039
-20.0403
-20.0426
-20.0447
-20.0474
-20.0504
-20.0538
-20.0582
-20.0621
-20.0691
-20.0749
-20.0813
-20.0871
-20.096
-20.096
-20.096
-20.1019
-20.1071
-20.1116
-20.1155
-20.119
-20.1223
-20.1255
-20.1288
-20.1324
-20.1366
-20.1414
-20.1472
-20.1541
-20.1622
-20.1713
-20.1814
-20.1916
-20.2014
-20.2099
-20.2168
-20.2219
-20.2246
-20.2228
-20.2152
-20.2058
-21.0418
-21.0459
-21.049
-21.0505
-21.053
-21.0552
-21.058
-21.0611
-21.0646
-21.0692
-21.0734
-21.0816
-21.0884
-21.0962
-21.1031
-21.1098
-21.1216
-21.1216
-21.1216
-21.1276
-21.1327
-21.1371
-21.1408
-21.1442
-21.1475
-21.1508
-21.1545
-21.1588
-21.1638
-21.17
-21.1773
-21.186
-21.1957
-21.2064
-21.217
-21.227
-21.2352
-21.2419
-21.2469
-21.2497
-21.2487
-21.2425
-21.2335
-22.0505
-22.0553
-22.0589
-22.0606
-22.0633
-22.0657
-22.0686
-22.0718
-22.0755
-22.0806
-22.0854
-22.0949
-22.1032
-22.1124
-22.1207
-22.1285
-22.1355
-22.1498
-22.1498
-22.1498
-22.1554
-22.1599
-22.1637
-22.167
-22.1702
-22.1733
-22.1768
-22.181
-22.1861
-22.1923
-22.1998
-22.2087
-22.2187
-22.2296
-22.2402
-22.2496
-22.257
-22.2623
-22.265
-22.2661
-22.2647
-22.2595
-22.2529
-23.0593
-23.0647
-23.0688
-23.0707
-23.0735
-23.076
-23.0791
-23.0826
-23.0868
-23.0924
-23.0981
-23.1093
-23.1193
-23.1301
-23.1397
-23.1487
-23.1564
-23.1632
-23.1789
-23.1789
-23.1789
-23.1835
-23.1871
-23.19
-23.1928
-23.1955
-23.1986
-23.2025
-23.2073
-23.2133
-23.2207
-23.2296
-23.2395
-23.2502
-23.2601
-23.2683
-23.2738
-23.2758
-23.2753
-23.2736
-23.2702
-23.2642
-23.2585
-24.0682
-24.0742
-24.0787
-24.0808
-24.0838
-24.0865
-24.0899
-24.0938
-24.0986
-24.1051
-24.112
-24.1251
-24.1367
-24.1491
-24.1599
-24.1697
-24.178
-24.185
-24.1907
-24.2067
-24.2067
-24.2067
-24.2098
-24.2122
-24.2143
-24.2165
-24.2191
-24.2224
-24.2267
-24.2324
-24.2396
-24.2481
-24.2576
-24.2677
-24.2765
-24.283
-24.2858
-24.2845
-24.2815
-24.2771
-24.2707
-24.2623
-24.2551
-25.0774
-25.0839
-25.0887
-25.0909
-25.094
-25.097
-25.1008
-25.1053
-25.111
-25.1186
-25.127
-25.142
-25.1553
-25.1688
-25.1806
-25.1908
-25.1992
-25.2061
-25.2115
-25.2157
-25.2309
-25.2309
-25.2309
-25.2325
-25.2339
-25.2353
-25.2373
-25.24
-25.2439
-25.2492
-25.2559
-25.264
-25.273
-25.2821
-25.2896
-25.2943
-25.2942
-25.2907
-25.285
-25.2775
-25.2679
-25.2571
-25.2496
-26.0876
-26.0947
-26.1
-26.1026
-26.1062
-26.1097
-26.1141
-26.1195
-26.1262
-26.1349
-26.1447
-26.1608
-26.1751
-26.189
-26.2009
-26.2109
-26.2189
-26.2252
-26.2299
-26.2334
-26.236
-26.2497
-26.2497
-26.2497
-26.2503
-26.2512
-26.2526
-26.2549
-26.2584
-26.2633
-26.2696
-26.2773
-26.2856
-26.2937
-26.2997
-26.3022
-26.2996
-26.2938
-26.2851
-26.2743
-26.2614
-26.2483
-26.2399
-27.0981
-27.1052
-27.11
-27.1122
-27.1156
-27.1195
-27.1247
-27.1312
-27.1394
-27.1497
-27.1617
-27.179
-27.194
-27.2078
-27.2192
-27.2284
-27.2355
-27.2408
-27.2446
-27.2472
-27.2491
-27.2505
-27.2629
-27.2629
-27.2629
-27.2633
-27.2644
-27.2665
-27.2699
-27.2746
-27.2807
-27.288
-27.2955
-27.3024
-27.3068
-27.3066
-27.3019
-27.2932
-27.2813
-27.2669
-27.2507
-27.2352
-27.2259
-28.1108
-28.1186
-28.125
-28.1308
-28.1366
-28.1427
-28.1496
-28.1576
-28.1668
-28.1774
-28.1889
-28.202
-28.2143
-28.2255
-28.2349
-28.2425
-28.2482
-28.2522
-28.2548
-28.2564
-28.2575
-28.2584
-28.2597
-28.2712
-28.2712
-28.2712
-28.2726
-28.275
-28.2785
-28.2834
-28.2894
-28.2963
-28.3031
-28.3087
-28.3107
-28.3078
-28.3004
-28.2886
-28.2731
-28.255
-28.2354
-28.2178
-28.2077
-29.1226
-29.1308
-29.1374
-29.1439
-29.1504
-29.1574
-29.1652
-29.1739
-29.1837
-29.1944
-29.2057
-29.2172
-29.228
-29.2374
-29.2453
-29.2512
-29.2554
-29.2578
-29.2591
-29.2596
-29.26
-29.2607
-29.262
-29.264
-29.2765
-29.2765
-29.2765
-29.2795
-29.284
-29.2896
-29.2959
-29.3024
-29.3081
-29.3114
-29.3107
-29.3053
-29.2948
-29.2796
-29.2607
-29.2392
-29.2167
-29.1968
-29.1855
-30.1351
-30.1436
-30.1504
-30.1572
-30.164
-30.1713
-30.1792
-30.1879
-30.1975
-30.2076
-30.2178
-30.2275
-30.2365
-30.2441
-30.25
-30.254
-30.2561
-30.2569
-30.2568
-30.2566
-30.2567
-30.2576
-30.2595
-30.2625
-30.2667
-30.2817
-30.2817
-30.2817
-30.2872
-30.2933
-30.2997
-30.3057
-30.3099
-30.3106
-30.3071
-30.2985
-30.2846
-30.2662
-30.2444
-30.2202
-30.1955
-30.1727
-30.1595
-31.1477
-31.156
-31.1624
-31.1686
-31.1748
-31.1814
-31.1887
-31.1967
-31.2053
-31.2144
-31.2233
-31.2316
-31.2389
-31.2446
-31.2485
-31.2506
-31.2511
-31.2506
-31.2497
-31.2491
-31.2493
-31.2507
-31.2535
-31.2577
-31.2628
-31.2686
-31.2882
-31.2882
-31.2882
-31.2948
-31.3011
-31.306
-31.3079
-31.3058
-31.2988
-31.2864
-31.2691
-31.248
-31.2243
-31.1986
-31.1721
-31.1449
-31.1286
-32.1612
-32.1687
-32.1743
-32.1794
-32.1846
-32.1901
-32.1961
-32.2028
-32.21
-32.2176
-32.2249
-32.2315
-32.2368
-32.2406
-32.2427
-32.2433
-32.2425
-32.2411
-32.2397
-32.239
-32.2395
-32.2416
-32.2452
-32.2501
-32.256
-32.2624
-32.2686
-32.2937
-32.2937
-32.2937
-32.2991
-32.3022
-32.3012
-32.2954
-32.2841
-32.2678
-32.2475
-32.2248
-32.2006
-32.1744
-32.1457
-32.1116
-32.0909
-33.1751
-33.1815
-33.1859
-33.1899
-33.1937
-33.1977
-33.2023
-33.2073
-33.2129
-33.2187
-33.2242
-33.2289
-33.2325
-33.2347
-33.2355
-33.2349
-33.2334
-33.2315
-33.2299
-33.2292
-33.2298
-33.2319
-33.2354
-33.2401
-33.2454
-33.251
-33.2562
-33.2603
-33.2898
-33.2898
-33.2898
-33.29
-33.2854
-33.2752
-33.2596
-33.2395
-33.2171
-33.1941
-33.1707
-33.1448
-33.1121
-33.0695
-33.0439
-34.1894
-34.1944
-34.1974
-34.2002
-34.2028
-34.2055
-34.2085
-34.2121
-34.2161
-34.2202
-34.224
-34.2272
-34.2295
-34.2306
-34.2305
-34.2294
-34.2276
-34.2257
-34.2241
-34.2232
-34.2232
-34.2243
-34.2263
-34.2289
-34.2317
-34.2344
-34.2364
-34.237
-34.2353
-34.266
-34.266
-34.266
-34.2573
-34.2573
-34.2425
-34.2226
-34.1995
-34.1759
-34.1541
-34.1322
-34.1057
-34.0664
-34.0171
-33.9872
-35.2033
-35.2066
-35.2086
-35.2104
-35.212
-35.2137
-35.2156
-35.2181
-35.221
-35.2239
-35.2266
-35.2289
-35.2303
-35.2308
-35.2304
-35.2293
-35.2276
-35.2257
-35.2238
-35.2223
-35.221
-35.2201
-35.2193
-35.2184
-35.217
-35.2147
-35.2112
-35.2058
-35.1978
-35.1865
-35.1712
-35.1922
-35.1922
-35.1922
-35.1673
-35.1408
-35.1164
-35.0968
-35.0758
-35.0467
-35.0066
-34.9587
-34.9287
-36.2148
-36.2171
-36.2185
-36.22
-36.2217
-36.223
-36.2245
-36.2268
-36.2293
-36.232
-36.2344
-36.2364
-36.2377
-36.2383
-36.2382
-36.2376
-36.2365
-36.2351
-36.2336
-36.232
-36.23
-36.2276
-36.2244
-36.22
-36.2138
-36.2055
-36.1945
-36.1804
-36.1629
-36.1418
-36.1172
-36.0897
-36.099
-36.099
-36.099
-36.0698
-36.0447
-36.0284
-36.0081
-35.9797
-35.9465
-35.9115
-35.8884
-37.224
-37.2261
-37.2282
-37.23
-37.2313
-37.2324
-37.234
-37.2364
-37.2392
-37.2421
-37.2449
-37.2472
-37.2489
-37.2499
-37.2502
-37.2499
-37.249
-37.2479
-37.2464
-37.2446
-37.2424
-37.2395
-37.2354
-37.2297
-37.2218
-37.211
-37.1969
-37.1787
-37.1561
-37.1289
-37.0974
-37.0627
-37.027
-37.0079
-37.0079
-36.9799
-36.9639
-36.9502
-36.9364
-36.9188
-36.8992
-36.8779
)
;
    }
    procBoundary1to2
    {
        type            processor;
        value           nonuniform List<scalar> 
1404
(
77.9099
77.8971
77.8971
77.9261
76.8558
77.9742
77.979
77.9894
77.9811
77.9578
77.9206
77.8695
77.8094
77.7355
77.6705
77.6197
77.5821
77.5548
77.5347
77.519
77.5057
77.4938
77.4827
77.4718
77.4611
77.4504
77.4399
77.4294
77.4194
77.4102
77.4029
77.398
77.3982
77.4022
77.4149
77.429
77.4384
77.4469
77.464
77.489
77.5114
77.5296
77.5375
76.8777
76.8585
76.8558
76.8558
76.9186
75.8372
76.9259
76.935
76.9243
76.9015
76.865
76.8147
76.7569
76.6818
76.6222
76.5777
76.5478
76.5273
76.5122
76.4999
76.4887
76.4781
76.4677
76.4573
76.4467
76.436
76.425
76.414
76.4032
76.3929
76.3843
76.3772
76.3767
76.3773
76.3918
76.4065
76.4149
76.4276
76.4456
76.4738
76.4954
76.5147
76.5239
75.8321
75.8102
75.8006
75.8372
75.8372
75.8712
74.7984
75.8813
75.8676
75.8446
75.8076
75.7556
75.6991
75.6138
75.5609
75.5256
75.5066
75.4955
75.4877
75.4808
75.4737
75.4658
75.4569
75.4467
75.4354
75.4231
75.4098
75.3955
75.3802
75.3637
75.3473
75.3277
75.3164
75.2942
75.3125
75.3353
75.352
75.3751
75.4023
75.4492
75.4765
75.5017
75.5133
74.7989
74.7808
74.7592
74.7879
74.7984
74.7984
74.8289
73.7665
74.8117
74.7885
74.7512
74.6973
74.6419
74.5375
74.4921
74.4703
74.4656
74.4644
74.464
74.4623
74.4583
74.4521
74.4439
74.4337
74.4218
74.408
74.3922
74.3742
74.354
74.3298
74.3036
74.2668
74.2447
74.1883
74.2288
74.2647
74.2914
74.3307
74.369
74.4421
74.4644
74.492
74.5054
73.7885
73.776
73.7555
73.7721
73.7603
73.7665
73.7665
73.7636
72.71
73.7388
73.6998
73.6426
73.58
73.4632
73.4215
73.4158
73.4336
73.4434
73.4479
73.4486
73.4464
73.4415
73.4341
73.4243
73.4123
73.3978
73.3805
73.3594
73.3337
73.2999
73.2592
73.1883
73.1353
72.9386
73.0042
73.0559
73.1045
73.18
73.2614
73.422
73.443
73.48
73.487
72.7841
72.7716
72.7519
72.7712
72.7343
72.7361
72.71
72.71
72.6994
71.6742
72.6584
72.5903
72.4673
72.2617
72.37
72.3791
72.4059
72.4211
72.4309
72.4336
72.432
72.4271
72.4196
72.4096
72.3972
72.3822
72.3638
72.3409
72.3124
72.2733
72.2264
72.1372
72.0896
71.8453
72.01
72.0613
72.1117
72.1978
72.2285
72.3977
72.4158
72.4597
72.4664
71.7612
71.718
71.7219
71.6962
71.6742
71.6742
71.6561
70.6362
71.6116
71.6037
70.7652
70.6882
70.7025
70.6792
70.6579
70.6362
70.6362
70.5876
70.6195
-7.92766
-7.92751
-7.92826
-7.9449
-7.94358
-7.94277
-7.94262
-7.94359
-7.94496
-7.94628
-7.94717
-7.94745
-7.94722
-7.94739
-7.95075
-7.95664
-7.95815
-7.96107
-7.96514
-7.97103
-7.98035
-7.99814
-8.0362
-8.2305
-8.3207
-8.3199
-8.29725
-8.23291
-8.17947
-8.09908
-8.02777
-8.01574
-8.00722
-8.93794
-8.93795
-8.93875
-8.95597
-9.96715
-8.95499
-8.95444
-8.95476
-8.95599
-8.95744
-8.95864
-8.95907
-8.95851
-8.95668
-8.95567
-8.95984
-8.96535
-8.96655
-8.96958
-8.97352
-8.97857
-8.98564
-8.99659
-9.0175
-9.06535
-9.0743
-9.07125
-9.06629
-9.0745
-9.06316
-9.0835
-9.03344
-9.0208
-9.0136
-9.94866
-9.94871
-9.94951
-9.96715
-9.96715
-9.96649
-10.9781
-9.96672
-9.96768
-9.96939
-9.97107
-9.97238
-9.97278
-9.97205
-9.96915
-9.96727
-9.97119
-9.97641
-9.97637
-9.97918
-9.98291
-9.98762
-9.9942
-10.0038
-10.0233
-10.0439
-10.0607
-10.0605
-10.0548
-10.0755
-10.0547
-10.0789
-10.043
-10.03
-10.0235
-10.9598
-10.9599
-10.9608
-10.9792
-10.9781
-10.9781
-10.9797
-11.9918
-10.9812
-10.9832
-10.9851
-10.9866
-10.9871
-10.9858
-10.9826
-10.9801
-10.9833
-10.9866
-10.9861
-10.9886
-10.9919
-10.996
-11.0015
-11.0089
-11.0244
-11.0247
-11.0461
-11.0489
-11.0456
-11.0733
-11.0507
-11.0727
-11.0483
-11.0377
-11.0323
-11.9711
-11.9713
-11.9723
-11.9912
-11.9905
-11.9918
-11.9918
-11.9947
-13.0061
-11.9971
-11.9992
-12.0007
-12.0009
-11.9993
-11.9956
-11.9922
-11.9947
-11.9962
-11.9958
-11.9982
-12.0012
-12.0048
-12.0096
-12.0155
-12.0282
-12.0162
-12.0372
-12.0396
-12.0379
-12.0716
-12.0532
-12.0731
-12.0563
-12.0483
-12.0439
-12.9826
-12.9829
-12.984
-13.0031
-13.0029
-13.0047
-13.0061
-13.0061
-13.0105
-14.021
-13.0126
-13.014
-13.0139
-13.0116
-13.0076
-13.0037
-13.0055
-13.006
-13.0058
-13.0081
-13.0109
-13.0143
-13.0185
-13.0233
-13.0334
-13.0198
-13.0385
-13.0409
-13.039
-13.0748
-13.0615
-13.0782
-13.0664
-13.0606
-13.057
-13.9942
-13.9947
-13.9959
-14.0146
-14.0149
-14.0171
-14.0188
-14.021
-14.021
-14.0255
-15.0356
-14.0266
-14.026
-14.0233
-14.0193
-14.0155
-14.0163
-14.0166
-14.0168
-14.0191
-14.0219
-14.0252
-14.0291
-14.0332
-14.0409
-14.0323
-14.0466
-14.0501
-14.0486
-14.0821
-14.0738
-14.0873
-14.0789
-14.0746
-14.0718
-15.006
-15.0066
-15.008
-15.026
-15.0269
-15.0295
-15.0315
-15.0339
-15.0356
-15.0356
-15.039
-16.05
-15.0381
-15.0353
-15.0314
-15.0281
-15.0282
-15.0284
-15.0292
-15.0314
-15.0344
-15.0378
-15.0415
-15.0454
-15.0511
-15.0505
-15.0596
-15.065
-15.0636
-15.0933
-15.0891
-15.0994
-15.093
-15.0901
-15.0878
-16.0179
-16.0187
-16.0202
-16.0377
-16.0392
-16.0422
-16.0446
-16.0472
-16.0491
-16.05
-16.05
-16.0509
-17.0646
-16.0483
-16.0449
-16.0422
-16.0421
-16.042
-16.0434
-16.0457
-16.0488
-16.0525
-16.0563
-16.0604
-16.0646
-16.071
-16.0762
-16.0838
-16.0823
-16.1074
-16.1064
-16.1138
-16.1086
-16.1066
-16.1046
-17.0298
-17.0308
-17.0325
-17.0502
-17.0522
-17.0558
-17.0586
-17.0616
-17.0637
-17.0648
-17.0646
-17.0646
-17.0631
-18.0807
-17.0604
-17.0583
-17.0582
-17.0578
-17.0595
-17.0621
-17.0655
-17.0695
-17.0737
-17.0783
-17.0812
-17.0924
-17.096
-17.1054
-17.1034
-17.1237
-17.1252
-17.13
-17.1253
-17.1238
-17.1219
-18.042
-18.0432
-18.0451
-18.0639
-18.0664
-18.0706
-18.0739
-18.0774
-18.0798
-18.0813
-18.0815
-18.0807
-18.0807
-18.0781
-19.0998
-18.0766
-18.0767
-18.0759
-18.0779
-18.0807
-18.0845
-18.089
-18.0935
-18.0986
-18.1009
-18.1146
-18.1186
-18.1285
-18.1261
-18.1424
-18.1448
-18.1472
-18.1425
-18.1412
-18.1391
-19.0542
-19.0557
-19.0578
-19.0792
-19.0821
-19.087
-19.0909
-19.0948
-19.0978
-19.0998
-19.1006
-19.1005
-19.0998
-19.0998
-19.0969
-20.1222
-19.0973
-19.0964
-19.0986
-19.1017
-19.1058
-19.1107
-19.1154
-19.1209
-19.1229
-19.1376
-19.1431
-19.1523
-19.1493
-19.1622
-19.1634
-19.1651
-19.1598
-19.158
-19.1554
-20.0666
-20.0684
-20.0707
-20.0964
-20.0998
-20.1053
-20.1098
-20.1143
-20.1178
-20.1204
-20.1218
-20.1222
-20.1221
-20.1222
-20.1222
-20.1198
-21.1476
-20.119
-20.1212
-20.1245
-20.1287
-20.1339
-20.1387
-20.1444
-20.1463
-20.161
-20.1686
-20.1756
-20.1721
-20.1813
-20.1804
-20.181
-20.1751
-20.1731
-20.17
-21.079
-21.0812
-21.0837
-21.1155
-21.1194
-21.1256
-21.1307
-21.1359
-21.14
-21.1431
-21.145
-21.1458
-21.146
-21.1462
-21.1476
-21.1476
-21.1432
-22.1753
-21.1453
-21.1485
-21.1527
-21.1578
-21.1626
-21.1682
-21.1702
-21.1844
-21.1944
-21.1977
-21.1934
-21.1985
-21.1953
-21.1932
-21.187
-21.1853
-21.1817
-22.0917
-22.0942
-22.0969
-22.137
-22.1414
-22.1483
-22.154
-22.1597
-22.1642
-22.1676
-22.1697
-22.1707
-22.1709
-22.1711
-22.1724
-22.1753
-22.1753
-22.1701
-23.2005
-22.173
-22.1768
-22.1816
-22.1861
-22.1915
-22.1935
-22.2073
-22.2191
-22.2184
-22.2128
-22.2128
-22.2069
-22.202
-22.1953
-22.1936
-22.1895
-23.1042
-23.1071
-23.1097
-23.1604
-23.1655
-23.1732
-23.1795
-23.1855
-23.1901
-23.1935
-23.1955
-23.1964
-23.1964
-23.1963
-23.1975
-23.2
-23.2005
-23.2005
-23.1972
-24.2252
-23.2004
-23.2047
-23.2087
-23.2137
-23.2156
-23.2293
-23.2422
-23.2377
-23.2297
-23.2241
-23.2146
-23.2066
-23.1988
-23.1966
-23.1924
-24.1174
-24.1205
-24.1227
-24.1877
-24.1933
-24.2012
-24.2076
-24.2131
-24.2173
-24.2201
-24.2217
-24.2221
-24.2216
-24.221
-24.2219
-24.2237
-24.2236
-24.2252
-24.2252
-24.2226
-25.2469
-24.2262
-24.2297
-24.2343
-24.2358
-24.2502
-24.2635
-24.2554
-24.2438
-24.2321
-24.2181
-24.2064
-24.197
-24.1939
-24.1896
-25.1291
-25.1321
-25.1337
-25.215
-25.2223
-25.2304
-25.2368
-25.2415
-25.2447
-25.2465
-25.2471
-25.2466
-25.2455
-25.2443
-25.2447
-25.2455
-25.2445
-25.2454
-25.2469
-25.2469
-25.2456
-26.2658
-25.2486
-25.253
-25.254
-25.2707
-25.2835
-25.2718
-25.255
-25.2365
-25.2169
-25.2009
-25.1891
-25.1851
-25.1806
-26.1446
-26.1489
-26.148
-26.2556
-26.2608
-26.2657
-26.269
-26.271
-26.2719
-26.2718
-26.2708
-26.2691
-26.2671
-26.2652
-26.2651
-26.2646
-26.2627
-26.2628
-26.2637
-26.2658
-26.2658
-26.2658
-27.2821
-26.2703
-26.2707
-26.2887
-26.3013
-26.2849
-26.2623
-26.2366
-26.2105
-26.1895
-26.1753
-26.17
-26.1652
-27.1551
-27.1597
-27.1448
-27.2773
-27.291
-27.2958
-27.2982
-27.2977
-27.2962
-27.2939
-27.2911
-27.2878
-27.2846
-27.2818
-27.2814
-27.2787
-27.2761
-27.2758
-27.2766
-27.2787
-27.2821
-27.2821
-27.2848
-28.3049
-27.2849
-28.3107
-27.3087
-27.3183
-27.2941
-27.2643
-27.2307
-27.198
-27.1727
-27.1561
-27.148
-27.1429
-28.18
-28.1931
-28.2025
-28.398
-28.4008
-28.4263
-28.4531
-28.4812
-28.5091
-28.5362
-28.5762
-28.4083
-28.3706
-28.3427
-28.3321
-28.3237
-28.3175
-28.3117
-28.3063
-28.3014
-28.2974
-28.2946
-28.2943
-28.2923
-28.2889
-28.288
-28.2888
-28.292
-28.2981
-28.3049
-28.3107
-28.3107
-28.3127
-29.3135
-28.3234
-28.2928
-28.2571
-28.2166
-28.1791
-28.1509
-28.1314
-28.1196
-28.1135
-29.1878
-29.1968
-29.2153
-29.3146
-29.3479
-29.3792
-29.4094
-29.438
-29.463
-29.4808
-29.4863
-29.3988
-29.3832
-29.3618
-29.3504
-29.3397
-29.3306
-29.3222
-29.3147
-29.3084
-29.3039
-29.3009
-29.2991
-29.2961
-29.2929
-29.2922
-29.2935
-29.2975
-29.304
-29.311
-29.3135
-29.3135
-29.3135
-29.3066
-30.3079
-29.278
-29.2385
-29.1932
-29.1534
-29.1237
-29.1022
-29.0878
-29.0806
-30.1965
-30.2032
-30.215
-30.2536
-30.2783
-30.3084
-30.3382
-30.3674
-30.3939
-30.4148
-30.4266
-30.3982
-30.3869
-30.3713
-30.3591
-30.3468
-30.3355
-30.3249
-30.3155
-30.3081
-30.3037
-30.3009
-30.2994
-30.2965
-30.296
-30.2977
-30.3011
-30.3066
-30.3145
-30.3224
-30.3234
-30.3172
-30.3079
-30.3079
-30.2547
-31.2524
-30.2083
-30.1594
-30.1197
-30.0917
-30.0714
-30.0588
-30.0495
-31.2003
-31.205
-31.2141
-31.2355
-31.2571
-31.2838
-31.3111
-31.3387
-31.3639
-31.3838
-31.3952
-31.3871
-31.3807
-31.369
-31.3572
-31.3442
-31.331
-31.3181
-31.3067
-31.2981
-31.2926
-31.2902
-31.29
-31.2931
-31.2976
-31.3028
-31.3084
-31.3153
-31.3233
-31.3294
-31.3258
-31.3109
-31.2885
-31.2524
-31.2524
-31.1591
-32.1511
-31.1098
-31.0749
-31.0536
-31.0386
-31.0316
-31.0204
-32.2029
-32.206
-32.2119
-32.225
-32.2426
-32.2647
-32.289
-32.314
-32.3373
-32.3564
-32.3687
-32.3697
-32.3668
-32.3578
-32.3462
-32.3321
-32.317
-32.302
-32.2884
-32.2772
-32.2717
-32.272
-32.2791
-32.2891
-32.2994
-32.3073
-32.3142
-32.3215
-32.3268
-32.3266
-32.3132
-32.2863
-32.2488
-32.2005
-32.1511
-32.1511
-32.0364
-33.0267
-32.0131
-32.0054
-32.002
-31.9975
-31.9856
-33.2052
-33.2072
-33.2115
-33.221
-33.2348
-33.2531
-33.2739
-33.2957
-33.3163
-33.3332
-33.3445
-33.3484
-33.3468
-33.3391
-33.3274
-33.3124
-33.2957
-33.2783
-33.2625
-33.2517
-33.249
-33.2557
-33.2695
-33.2852
-33.2986
-33.3083
-33.3146
-33.3179
-33.3163
-33.3057
-33.2791
-33.2354
-33.1788
-33.1156
-33.0602
-33.0267
-33.0267
-32.9236
-33.9146
-32.9373
-32.9557
-32.9534
-32.9357
-34.2089
-34.2102
-34.2131
-34.2195
-34.2298
-34.2439
-34.2607
-34.2786
-34.2957
-34.3099
-34.3197
-34.3236
-34.322
-34.3147
-34.3031
-34.2881
-34.271
-34.254
-34.2402
-34.2328
-34.2344
-34.2457
-34.2627
-34.2802
-34.2944
-34.3032
-34.3061
-34.3027
-34.2904
-34.2644
-34.219
-34.1532
-34.0735
-33.9922
-33.931
-33.9083
-33.9146
-33.9146
-33.8442
-34.8234
-33.8929
-33.8909
-33.846
-35.2148
-35.2156
-35.2173
-35.2212
-35.2279
-35.2378
-35.2502
-35.2639
-35.2774
-35.2886
-35.2962
-35.2992
-35.2972
-35.2903
-35.2796
-35.2661
-35.2514
-35.2376
-35.2272
-35.2232
-35.2274
-35.2391
-35.2546
-35.2698
-35.2812
-35.2865
-35.2818
-35.2655
-35.2361
-35.188
-35.1166
-35.0222
-34.9144
-34.8116
-34.7459
-34.7374
-34.7635
-34.8234
-34.8234
-34.7796
-35.7436
-34.7768
-34.6966
-36.222
-36.2222
-36.2236
-36.2266
-36.2306
-36.2368
-36.245
-36.2546
-36.264
-36.2718
-36.2768
-36.2783
-36.2761
-36.2705
-36.2623
-36.2526
-36.2428
-36.2346
-36.2298
-36.2294
-36.2338
-36.2421
-36.2519
-36.2603
-36.2643
-36.2617
-36.2494
-36.2217
-36.173
-36.0992
-35.9965
-35.8672
-35.7242
-35.5911
-35.5177
-35.5212
-35.5771
-35.6764
-35.7436
-35.7436
-35.6199
-36.5879
-35.5139
-37.2303
-37.2307
-37.2317
-37.2326
-37.2348
-37.2396
-37.2465
-37.2544
-37.262
-37.268
-37.2714
-37.2716
-37.2688
-37.2638
-37.2575
-37.2509
-37.2449
-37.2403
-37.2376
-37.2376
-37.2406
-37.2458
-37.251
-37.2534
-37.2497
-37.2363
-37.2088
-37.162
-37.0907
-36.9885
-36.8498
-36.676
-36.4819
-36.294
-36.1994
-36.1979
-36.3012
-36.4683
-36.5821
-36.5879
-36.5879
-36.3791
)
;
    }
}


// ************************************************************************* //
