/*--------------------------------*- C++ -*----------------------------------*\
| =========                 |                                                 |
| \\      /  F ield         | OpenFOAM: The Open Source CFD Toolbox           |
|  \\    /   O peration     | Version:  2.3.1                                 |
|   \\  /    A nd           | Web:      www.OpenFOAM.org                      |
|    \\/     M anipulation  |                                                 |
\*---------------------------------------------------------------------------*/
FoamFile
{
    version     2.0;
    format      ascii;
    class       volScalarField;
    location    "600";
    object      T;
}
// * * * * * * * * * * * * * * * * * * * * * * * * * * * * * * * * * * * * * //

dimensions      [0 0 0 1 0 0 0];

internalField   nonuniform List<scalar> 
6852
(
289.15
289.15
289.15
289.15
289.15
289.15
289.15
289.15
289.15
289.15
289.15
289.15
289.15
289.15
289.15
289.15
289.15
289.15
289.15
289.15
289.15
289.15
289.15
289.15
289.15
289.15
289.15
289.15
289.15
289.15
289.15
289.15
289.15
289.15
289.15
289.15
289.15
289.15
289.15
289.15
289.15
289.15
289.15
289.15
289.15
289.15
289.15
289.15
289.15
289.15
289.15
289.15
289.15
289.15
289.15
289.15
289.15
289.15
289.15
289.15
289.15
289.15
289.15
289.15
289.15
289.15
289.15
289.15
289.15
289.15
289.15
289.15
289.15
289.15
289.15
289.15
289.15
289.15
289.15
289.15
289.15
289.15
289.15
289.15
289.15
289.15
289.15
289.15
289.15
289.15
289.15
289.15
289.15
289.15
289.15
289.15
289.15
289.15
289.15
289.15
289.15
289.15
289.15
289.15
289.15
289.15
289.15
289.15
289.15
289.15
289.15
289.15
289.15
289.15
289.15
289.15
289.15
289.15
289.15
289.15
289.15
289.15
289.15
289.15
289.15
289.15
289.15
289.15
289.15
289.15
289.15
289.15
289.15
289.15
289.15
289.15
289.15
289.15
289.15
289.15
289.15
289.15
289.15
289.15
289.15
289.15
289.15
289.15
289.15
289.15
289.15
289.15
289.15
289.15
289.15
289.15
289.15
289.15
289.15
289.15
289.15
289.15
289.15
289.15
289.15
289.15
289.15
289.15
289.15
289.15
289.15
289.15
289.15
289.15
289.15
289.15
289.15
289.15
289.15
289.15
289.15
289.15
289.15
289.15
289.15
289.15
289.15
289.15
289.15
289.15
289.15
289.15
289.15
289.15
289.15
289.15
289.15
289.15
289.15
289.15
289.15
289.15
289.15
289.15
289.15
289.15
289.15
289.15
289.15
289.15
289.15
289.15
289.15
289.15
289.15
289.15
289.15
289.15
289.15
289.15
289.15
289.15
289.15
289.15
289.15
289.15
289.15
289.15
289.15
289.15
289.15
289.15
289.15
289.15
289.15
289.15
289.15
289.15
289.15
289.15
289.15
289.15
289.15
289.15
289.15
289.15
289.15
289.15
289.15
289.15
289.15
289.15
289.15
289.15
289.15
289.15
289.15
289.15
289.15
289.15
289.15
289.15
289.15
289.15
289.15
289.15
289.15
289.15
289.15
289.15
289.15
289.15
289.15
289.15
289.15
289.15
289.15
289.15
289.15
289.15
289.15
289.15
289.15
289.15
289.15
289.15
289.15
289.15
289.15
289.15
289.15
289.15
289.15
289.15
289.15
289.15
289.15
289.15
289.15
289.15
289.15
289.15
289.15
289.15
289.15
289.15
289.15
289.15
289.15
289.15
289.15
289.15
289.15
289.15
289.15
289.15
289.15
289.15
289.15
289.15
289.15
289.15
289.15
289.15
289.15
289.15
289.15
289.15
289.15
289.15
289.15
289.15
289.15
289.15
289.15
289.15
289.15
289.15
289.15
289.15
289.15
289.15
289.15
289.15
289.15
289.15
289.15
289.15
289.15
289.15
289.15
289.15
289.15
289.15
289.15
289.15
289.15
289.15
289.15
289.15
289.15
289.15
289.15
289.15
289.15
289.15
289.15
289.15
289.15
289.15
289.15
289.15
289.15
289.15
289.15
289.15
289.15
289.15
289.15
289.15
289.15
289.15
289.15
289.15
289.15
289.15
289.15
289.15
289.15
289.15
289.15
289.15
289.15
289.15
289.15
289.15
289.15
289.15
289.15
289.15
289.15
289.15
289.15
289.15
289.15
289.15
289.15
289.15
289.15
289.15
289.15
289.15
289.15
289.15
289.15
289.15
289.15
289.15
289.15
289.15
289.15
289.15
289.15
289.15
289.15
289.15
289.15
289.15
289.15
289.15
289.15
289.15
289.15
289.15
289.15
289.15
289.15
289.15
289.15
289.15
289.15
289.15
289.15
289.15
289.15
289.15
289.15
289.15
289.15
289.15
289.15
289.15
289.15
289.15
289.15
289.15
289.15
289.15
289.15
289.15
289.15
289.15
289.15
289.15
289.15
289.15
289.15
289.15
289.15
289.15
289.15
289.15
289.15
289.15
289.15
289.15
289.15
289.15
289.15
289.15
289.15
289.15
289.15
289.15
289.15
289.15
289.15
289.15
289.15
289.15
289.15
289.15
289.15
289.15
289.15
289.15
289.15
289.15
289.15
289.15
289.15
289.15
289.15
289.15
289.15
289.15
289.15
289.15
289.15
289.15
289.15
289.15
289.15
289.15
289.15
289.15
289.15
289.15
289.15
289.15
289.15
289.15
289.15
289.15
289.15
289.15
289.15
289.15
289.15
289.15
289.15
289.15
289.15
289.15
289.15
289.15
289.15
289.15
289.15
289.15
289.15
289.15
289.15
289.15
289.15
289.15
289.15
289.15
289.15
289.15
289.15
289.15
289.15
289.15
289.15
289.15
289.15
289.15
289.15
289.15
289.15
289.15
289.15
289.15
289.15
289.15
289.15
289.15
289.15
289.15
289.15
289.15
289.15
289.15
289.15
289.15
289.15
289.15
289.15
289.15
289.15
289.15
289.15
289.15
289.15
289.15
289.15
289.15
289.15
289.15
289.15
289.15
289.15
289.15
289.15
289.15
289.15
289.15
289.15
289.15
289.15
289.15
289.15
289.15
289.15
289.15
289.15
289.15
289.15
289.15
289.15
289.15
289.15
289.15
289.15
289.15
289.15
289.15
289.15
289.15
289.15
289.15
289.15
289.15
289.15
289.15
289.15
289.15
289.15
289.15
289.15
289.15
289.15
289.15
289.15
289.15
289.15
289.15
289.15
289.15
289.15
289.15
289.15
289.15
289.15
289.15
289.15
289.15
289.15
289.15
289.15
289.15
289.15
289.15
289.15
289.15
289.15
289.15
289.15
289.15
289.15
289.15
289.15
289.15
289.15
289.15
289.15
289.15
289.15
289.15
289.15
289.15
289.15
289.15
289.15
289.15
289.15
289.15
289.15
289.15
289.15
289.15
289.15
289.15
289.15
289.15
289.15
289.15
289.15
289.15
289.15
289.15
289.15
289.15
289.15
289.15
289.15
289.15
289.15
289.15
289.15
289.15
289.15
289.15
289.15
289.15
289.15
289.15
289.15
289.15
289.15
289.15
289.15
289.15
289.15
289.15
289.15
289.15
289.15
289.15
289.15
289.15
289.15
289.15
289.15
289.15
289.15
289.15
289.15
289.15
289.15
289.15
289.15
289.15
289.15
289.15
289.15
289.15
289.15
289.15
289.15
289.15
289.15
289.15
289.15
289.15
289.15
289.15
289.15
289.15
289.15
289.15
289.15
289.15
289.15
289.15
289.15
289.15
289.15
289.15
289.15
289.15
289.15
289.15
289.15
289.15
289.15
289.15
289.15
289.15
289.15
289.15
289.15
289.15
289.15
289.15
289.15
289.15
289.15
289.15
289.15
289.15
289.15
289.15
289.15
289.15
289.15
289.15
289.15
289.15
289.15
289.15
289.15
289.15
289.15
289.15
289.15
289.15
289.15
289.15
289.15
289.15
289.15
289.15
289.15
289.15
289.15
289.15
289.15
289.15
289.15
289.15
289.15
289.15
289.15
289.15
289.15
289.15
289.15
289.15
289.15
289.15
289.15
289.15
289.15
289.15
289.15
289.15
289.15
289.15
289.15
289.15
289.15
289.15
289.15
289.15
289.15
289.15
289.15
289.15
289.15
289.15
289.15
289.15
289.15
289.15
289.15
289.15
289.15
289.15
289.15
289.15
289.15
289.15
289.15
289.15
289.15
289.15
289.15
289.15
289.15
289.15
289.15
289.15
289.15
289.15
289.15
289.15
289.15
289.15
289.15
289.15
289.15
289.15
289.15
289.15
289.15
289.15
289.15
289.15
289.15
289.15
289.15
289.15
289.15
289.15
289.15
289.15
289.15
289.15
289.15
289.15
289.15
289.15
289.15
289.15
289.15
289.15
289.15
289.15
289.15
289.15
289.15
289.15
289.15
289.15
289.15
289.15
289.15
289.15
289.15
289.15
289.15
289.15
289.15
289.15
289.15
289.15
289.15
289.15
289.15
289.15
289.15
289.15
289.15
289.15
289.15
289.15
289.15
289.15
289.15
289.15
289.15
289.15
289.15
289.15
289.15
289.15
289.15
289.15
289.15
289.15
289.15
289.15
289.15
289.15
289.15
289.15
289.15
289.15
289.15
289.15
289.15
289.15
289.15
289.15
289.15
289.15
289.15
289.15
289.15
289.15
289.15
289.15
289.15
289.15
289.15
289.15
289.15
289.15
289.15
289.15
289.15
289.15
289.15
289.15
289.15
289.15
289.15
289.15
289.15
289.15
289.15
289.15
289.15
289.15
289.15
289.15
289.15
289.15
289.15
289.15
289.15
289.15
289.15
289.15
289.15
289.15
289.15
289.15
289.15
289.15
289.15
289.15
289.15
289.15
289.15
289.15
289.15
289.15
289.15
289.15
289.15
289.15
289.15
289.15
289.15
289.15
289.15
289.15
289.15
289.15
289.15
289.15
289.15
289.15
289.15
289.15
289.15
289.15
289.15
289.15
289.15
289.15
289.15
289.15
289.15
289.15
289.15
289.15
289.15
289.15
289.15
289.15
289.15
289.15
289.15
289.15
289.15
289.15
289.15
289.15
289.15
289.15
289.15
289.15
289.15
289.15
289.15
289.15
289.15
289.15
289.15
289.15
289.15
289.15
289.15
289.15
289.15
289.15
289.15
289.15
289.15
289.15
289.15
289.15
289.15
289.15
289.15
289.15
289.15
289.15
289.15
289.15
289.15
289.15
289.15
289.15
289.15
289.15
289.15
289.15
289.15
289.15
289.15
289.15
289.15
289.15
289.15
289.15
289.15
289.15
289.15
289.15
289.15
289.15
289.15
289.15
289.15
289.15
289.15
289.15
289.15
289.15
289.15
289.15
289.15
289.15
289.15
289.15
289.15
289.15
289.15
289.15
289.15
289.15
289.15
289.15
289.15
289.15
289.15
289.15
289.15
289.15
289.15
289.15
289.15
289.15
289.15
289.15
289.15
289.15
289.15
289.15
289.15
289.15
289.15
289.15
289.15
289.15
289.15
289.15
289.15
289.15
289.15
289.15
289.15
289.15
289.15
289.15
289.15
289.15
289.15
289.15
289.15
289.15
289.15
289.15
289.15
289.15
289.15
289.15
289.15
289.15
289.15
289.15
289.15
289.15
289.15
289.15
289.15
289.15
289.15
289.15
289.15
289.15
289.15
289.15
289.15
289.15
289.15
289.15
289.15
289.15
289.15
289.15
289.15
289.15
289.15
289.15
289.15
289.15
289.15
289.15
289.15
289.15
289.15
289.15
289.15
289.15
289.15
289.15
289.15
289.15
289.15
289.15
289.15
289.15
289.15
289.15
289.15
289.15
289.15
289.15
289.15
289.15
289.15
289.15
289.15
289.15
289.15
289.15
289.15
289.15
289.15
289.15
289.15
289.15
289.15
289.15
290.199
290.2
290.201
290.202
290.204
290.197
290.199
290.2
290.201
290.203
290.194
290.196
290.197
290.199
290.201
290.193
290.195
290.188
290.19
290.183
290.186
290.178
290.183
290.173
290.178
290.166
290.174
290.159
290.168
290.149
290.16
290.135
290.147
290.136
290.117
290.095
290.117
290.129
290.122
290.107
290.087
290.097
290.105
290.099
290.084
290.066
290.075
290.079
290.072
290.059
290.043
290.054
290.053
290.045
290.034
290.022
290.033
290.028
290.02
290.011
290.002
290.014
290.005
289.997
289.99
289.985
289.994
289.984
289.976
289.971
289.971
289.974
289.963
289.956
289.956
289.964
289.955
289.943
289.939
289.947
289.981
289.935
289.923
289.925
289.947
290.048
289.915
289.905
289.914
289.958
290.178
289.895
289.887
289.905
289.969
290.248
289.875
289.87
289.895
289.973
290.252
289.855
289.852
289.884
289.971
290.229
289.836
289.834
289.87
289.961
290.194
289.817
289.815
289.853
289.944
290.153
289.798
289.795
289.833
289.92
290.106
289.779
289.775
289.809
289.889
290.053
289.762
289.755
289.782
289.851
289.99
289.745
289.736
289.755
289.809
289.896
289.732
289.719
289.728
289.764
289.81
289.722
289.705
289.705
289.725
289.743
289.716
289.695
289.688
289.694
289.694
289.715
289.691
289.678
289.674
289.664
289.719
289.693
289.676
289.665
289.649
289.729
289.703
289.684
289.67
289.659
289.744
289.72
289.702
289.688
289.68
289.765
289.744
289.727
289.716
289.71
289.782
289.764
289.748
289.736
289.725
290.202
290.205
290.206
290.207
290.208
290.2
290.203
290.206
290.207
290.209
290.196
290.2
290.202
290.204
290.205
290.191
290.196
290.199
290.19
290.193
290.184
290.189
290.177
290.184
290.169
290.179
290.16
290.174
290.148
290.167
290.132
290.156
290.111
290.135
290.118
290.089
290.06
290.083
290.102
290.088
290.064
290.037
290.053
290.062
290.05
290.029
290.007
290.022
290.023
290.011
289.994
289.977
289.993
289.986
289.975
289.962
289.951
289.966
289.955
289.944
289.935
289.93
289.942
289.928
289.918
289.913
289.915
289.92
289.904
289.897
289.899
289.912
289.899
289.884
289.882
289.895
289.93
289.879
289.866
289.873
289.907
290.002
289.859
289.851
289.87
289.937
290.151
289.84
289.837
289.871
289.973
290.324
289.821
289.823
289.868
289.987
290.317
289.802
289.808
289.86
289.984
290.278
289.784
289.79
289.845
289.969
290.232
289.765
289.772
289.826
289.947
290.184
289.747
289.752
289.803
289.917
290.133
289.729
289.731
289.777
289.881
290.079
289.713
289.711
289.748
289.84
290.019
289.698
289.691
289.719
289.795
289.952
289.686
289.673
289.69
289.749
289.861
289.676
289.659
289.665
289.707
289.772
289.669
289.648
289.645
289.67
289.702
289.666
289.641
289.632
289.642
289.651
289.668
289.64
289.625
289.625
289.62
289.677
289.647
289.628
289.619
289.603
289.693
289.663
289.642
289.627
289.614
289.715
289.687
289.665
289.649
289.638
289.74
289.715
289.695
289.68
289.67
289.765
289.744
289.727
289.714
289.706
290.209
290.212
290.215
290.216
290.218
290.204
290.209
290.212
290.215
290.218
290.198
290.204
290.208
290.212
290.214
290.192
290.2
290.206
290.183
290.193
290.2
290.186
290.194
290.177
290.189
290.167
290.182
290.154
290.175
290.136
290.165
290.112
290.148
290.08
290.111
290.078
290.039
290.04
290.059
290.035
290.005
289.979
289.998
290.003
289.984
289.961
289.942
289.958
289.952
289.936
289.919
289.907
289.922
289.909
289.895
289.884
289.879
289.891
289.874
289.862
289.857
289.862
289.864
289.846
289.838
289.842
289.86
289.841
289.823
289.822
289.841
289.885
289.819
289.806
289.817
289.863
289.962
289.8
289.793
289.823
289.913
290.131
289.782
289.784
289.838
289.985
290.379
289.765
289.775
289.849
290.044
290.59
289.747
289.762
289.843
290.037
290.482
289.729
289.745
289.825
290.006
290.371
289.712
289.726
289.801
289.965
290.277
289.694
289.705
289.773
289.92
290.194
289.678
289.685
289.743
289.873
290.116
289.663
289.664
289.712
289.824
290.039
289.65
289.645
289.681
289.774
289.964
289.639
289.628
289.651
289.724
289.888
289.63
289.613
289.624
289.68
289.787
289.623
289.601
289.603
289.642
289.703
289.617
289.593
289.587
289.611
289.642
289.614
289.587
289.576
289.588
289.597
289.616
289.589
289.573
289.574
289.571
289.629
289.599
289.58
289.572
289.557
289.654
289.623
289.6
289.585
289.569
289.686
289.656
289.632
289.614
289.599
289.72
289.693
289.671
289.654
289.642
289.753
289.732
289.713
289.698
289.687
290.215
290.22
290.224
290.227
290.229
290.208
290.215
290.22
290.225
290.228
290.201
290.209
290.216
290.221
290.224
290.193
290.205
290.214
290.184
290.198
290.209
290.172
290.19
290.203
290.179
290.196
290.166
290.188
290.147
290.178
290.122
290.162
290.088
290.134
290.044
290.078
290.036
289.998
289.992
290.008
289.981
289.953
289.94
289.939
289.919
289.9
289.887
289.892
289.881
289.865
289.853
289.848
289.851
289.834
289.821
289.817
289.822
289.817
289.798
289.789
289.795
289.816
289.788
289.77
289.769
289.79
289.838
289.764
289.749
289.762
289.81
289.908
289.743
289.736
289.769
289.863
290.058
289.725
289.728
289.789
289.951
290.316
289.708
289.723
289.814
290.052
290.626
289.692
289.714
289.823
290.105
290.817
289.675
289.698
289.804
290.055
290.588
289.658
289.678
289.772
289.986
290.405
289.641
289.657
289.737
289.919
290.265
289.627
289.636
289.703
289.858
290.151
289.614
289.617
289.671
289.801
290.051
289.603
289.6
289.641
289.747
289.961
289.594
289.584
289.612
289.696
289.879
289.586
289.571
289.586
289.649
289.803
289.578
289.559
289.564
289.614
289.71
289.57
289.549
289.548
289.585
289.64
289.563
289.541
289.536
289.561
289.591
289.557
289.536
289.528
289.543
289.554
289.558
289.537
289.526
289.532
289.532
289.573
289.55
289.535
289.531
289.523
289.608
289.58
289.56
289.547
289.535
289.653
289.625
289.601
289.583
289.567
289.701
289.674
289.652
289.634
289.619
289.745
289.723
289.703
289.687
289.675
290.221
290.228
290.233
290.238
290.241
290.213
290.222
290.23
290.236
290.24
290.205
290.216
290.226
290.232
290.236
290.196
290.211
290.224
290.185
290.205
290.22
290.172
290.196
290.213
290.155
290.183
290.205
290.165
290.195
290.141
290.179
290.108
290.154
290.063
290.112
290.008
290.041
290
289.968
289.945
289.957
289.933
289.912
289.884
289.88
289.864
289.851
289.83
289.817
289.805
289.8
289.805
289.785
289.768
289.761
289.766
289.786
289.748
289.731
289.73
289.751
289.797
289.718
289.704
289.715
289.762
289.855
289.693
289.686
289.716
289.805
289.983
289.672
289.675
289.732
289.883
290.198
289.654
289.669
289.758
289.99
290.499
289.638
289.663
289.781
290.093
290.818
289.622
289.651
289.779
290.118
290.947
289.606
289.631
289.741
290.013
290.587
289.591
289.609
289.699
289.914
290.342
289.577
289.589
289.66
289.833
290.172
289.566
289.571
289.627
289.767
290.044
289.557
289.556
289.599
289.711
289.939
289.55
289.543
289.573
289.662
289.851
289.543
289.532
289.551
289.618
289.776
289.536
289.522
289.531
289.581
289.713
289.528
289.512
289.516
289.558
289.639
289.518
289.503
289.504
289.54
289.585
289.508
289.495
289.495
289.522
289.547
289.5
289.489
289.488
289.506
289.518
289.501
289.489
289.486
289.497
289.501
289.517
289.504
289.497
289.498
289.495
289.558
289.54
289.526
289.517
289.509
289.62
289.596
289.575
289.558
289.544
289.684
289.659
289.638
289.619
289.602
289.739
289.717
289.697
289.68
289.666
290.228
290.237
290.244
290.249
290.253
290.219
290.23
290.24
290.248
290.254
290.209
290.224
290.237
290.245
290.25
290.2
290.22
290.237
290.188
290.213
290.233
290.174
290.203
290.226
290.154
290.188
290.216
290.129
290.167
290.202
290.137
290.18
290.095
290.145
290.04
290.089
289.975
290.006
289.973
289.949
289.903
289.913
289.896
289.882
289.834
289.831
289.821
289.815
289.775
289.766
289.76
289.764
289.728
289.716
289.716
289.733
289.774
289.69
289.679
289.689
289.729
289.811
289.659
289.654
289.679
289.754
289.907
289.634
289.637
289.684
289.812
290.077
289.614
289.626
289.7
289.899
290.326
289.596
289.617
289.72
289.999
290.625
289.58
289.608
289.731
290.075
290.888
289.564
289.592
289.716
290.064
290.935
289.549
289.571
289.668
289.919
290.464
289.536
289.55
289.623
289.808
290.189
289.526
289.533
289.588
289.73
290.02
289.518
289.519
289.56
289.671
289.902
289.511
289.508
289.538
289.625
289.809
289.505
289.499
289.519
289.587
289.735
289.499
289.49
289.503
289.553
289.676
289.491
289.482
289.489
289.528
289.63
289.482
289.473
289.479
289.516
289.58
289.472
289.465
289.471
289.503
289.54
289.462
289.458
289.464
289.489
289.51
289.456
289.454
289.459
289.478
289.488
289.458
289.456
289.459
289.471
289.475
289.476
289.472
289.471
289.475
289.473
289.521
289.511
289.502
289.495
289.49
289.595
289.577
289.559
289.542
289.527
289.673
289.65
289.629
289.61
289.59
289.736
289.714
289.694
289.676
289.658
290.235
290.246
290.256
290.262
290.267
290.225
290.24
290.253
290.262
290.268
290.215
290.234
290.25
290.259
290.266
290.205
290.23
290.251
290.192
290.223
290.248
290.176
290.212
290.242
290.155
290.195
290.229
290.127
290.17
290.21
290.09
290.135
290.181
290.086
290.137
290.022
290.07
289.948
289.979
289.955
289.938
289.868
289.88
289.87
289.862
289.795
289.795
289.791
289.793
289.734
289.729
289.732
289.745
289.687
289.682
289.691
289.72
289.649
289.648
289.667
289.723
289.84
289.619
289.622
289.657
289.754
289.959
289.593
289.604
289.66
289.814
290.148
289.572
289.59
289.67
289.893
290.395
289.553
289.577
289.679
289.97
290.656
289.537
289.563
289.676
290.008
290.838
289.522
289.546
289.649
289.961
290.783
289.508
289.525
289.602
289.812
290.281
289.497
289.507
289.561
289.704
290.005
289.488
289.493
289.532
289.637
289.858
289.48
289.482
289.51
289.591
289.763
289.474
289.473
289.494
289.557
289.692
289.468
289.465
289.481
289.529
289.637
289.462
289.458
289.469
289.506
289.595
289.454
289.452
289.46
289.49
289.568
289.447
289.445
289.453
289.484
289.533
289.439
289.439
289.449
289.477
289.504
289.433
289.435
289.444
289.469
289.481
289.431
289.434
289.442
289.46
289.463
289.437
289.44
289.445
289.457
289.456
289.456
289.458
289.459
289.462
289.457
289.501
289.498
289.492
289.485
289.476
289.584
289.57
289.554
289.535
289.516
289.669
289.649
289.628
289.606
289.581
289.736
289.715
289.694
289.673
289.651
290.244
290.257
290.269
290.276
290.282
290.233
290.251
290.267
290.277
290.285
290.222
290.246
290.266
290.276
290.283
290.212
290.243
290.269
290.199
290.235
290.266
290.181
290.223
290.258
290.158
290.204
290.244
290.127
290.177
290.221
290.086
290.137
290.186
290.033
290.082
290.136
290.012
290.06
289.93
289.963
289.948
289.936
289.845
289.86
289.856
289.854
289.769
289.775
289.779
289.788
289.711
289.714
289.723
289.743
289.665
289.669
289.684
289.722
289.628
289.634
289.659
289.726
289.597
289.607
289.648
289.756
289.998
289.57
289.586
289.645
289.808
290.183
289.548
289.569
289.646
289.869
290.403
289.528
289.552
289.643
289.917
290.607
289.51
289.535
289.629
289.921
290.703
289.495
289.515
289.597
289.851
290.563
289.481
289.496
289.553
289.717
290.101
289.47
289.48
289.519
289.625
289.847
289.461
289.467
289.496
289.57
289.724
289.454
289.458
289.479
289.534
289.651
289.448
289.45
289.466
289.509
289.601
289.442
289.443
289.456
289.49
289.564
289.436
289.438
289.448
289.475
289.538
289.431
289.433
289.441
289.466
289.526
289.426
289.429
289.438
289.464
289.498
289.422
289.426
289.436
289.46
289.476
289.421
289.425
289.434
289.454
289.458
289.423
289.427
289.435
289.449
289.445
289.431
289.436
289.441
289.448
289.441
289.452
289.457
289.457
289.457
289.446
289.494
289.498
289.494
289.482
289.467
289.574
289.57
289.557
289.533
289.509
289.672
289.655
289.633
289.606
289.575
289.739
289.718
289.696
289.672
289.644
290.253
290.269
290.283
290.292
290.298
290.242
290.264
290.283
290.294
290.303
290.232
290.261
290.284
290.295
290.303
290.222
290.258
290.289
290.208
290.251
290.286
290.189
290.237
290.277
290.164
290.216
290.261
290.13
290.185
290.235
290.086
290.144
290.197
290.031
290.085
290.142
289.964
290.011
290.061
289.922
289.959
289.951
289.944
289.834
289.854
289.858
289.862
289.765
289.776
289.786
289.799
289.709
289.718
289.732
289.756
289.663
289.673
289.692
289.735
289.625
289.637
289.666
289.738
289.593
289.608
289.65
289.762
289.565
289.584
289.641
289.801
290.188
289.541
289.563
289.634
289.842
290.371
289.519
289.543
289.622
289.864
290.517
289.5
289.523
289.599
289.844
290.543
289.483
289.502
289.565
289.766
290.358
289.468
289.482
289.526
289.649
289.952
289.456
289.467
289.496
289.573
289.738
289.446
289.454
289.476
289.529
289.638
289.438
289.445
289.462
289.501
289.584
289.432
289.437
289.451
289.482
289.549
289.427
289.431
289.443
289.468
289.524
289.423
289.427
289.436
289.458
289.507
289.419
289.424
289.432
289.452
289.498
289.417
289.422
289.43
289.451
289.472
289.417
289.421
289.43
289.448
289.454
289.418
289.423
289.43
289.444
289.44
289.423
289.428
289.433
289.441
289.429
289.434
289.44
289.442
289.443
289.429
289.456
289.465
289.462
289.454
289.437
289.498
289.508
289.501
289.483
289.461
289.569
289.575
289.565
289.535
289.505
289.671
289.66
289.641
289.608
289.569
289.739
289.72
289.697
289.67
289.636
290.263
290.283
290.298
290.308
290.315
290.252
290.279
290.301
290.313
290.322
290.243
290.277
290.305
290.317
290.324
290.233
290.276
290.311
290.22
290.269
290.309
290.2
290.254
290.299
290.173
290.231
290.28
290.138
290.198
290.252
290.092
290.154
290.213
290.034
290.096
290.157
289.966
290.021
290.073
289.889
289.927
289.969
289.967
289.962
289.845
289.867
289.876
289.883
289.778
289.795
289.808
289.823
289.724
289.739
289.755
289.781
289.678
289.694
289.715
289.759
289.64
289.657
289.686
289.759
289.606
289.625
289.666
289.775
289.576
289.598
289.651
289.802
289.549
289.573
289.636
289.825
290.329
289.525
289.549
289.617
289.828
290.426
289.503
289.526
289.589
289.792
290.404
289.483
289.503
289.553
289.712
290.203
289.467
289.482
289.517
289.611
289.848
289.453
289.465
289.489
289.546
289.669
289.442
289.452
289.47
289.509
289.588
289.433
289.442
289.456
289.486
289.546
289.426
289.434
289.446
289.47
289.52
289.421
289.428
289.438
289.459
289.502
289.418
289.424
289.433
289.451
289.49
289.417
289.422
289.429
289.446
289.479
289.416
289.421
289.428
289.443
289.453
289.418
289.422
289.429
289.44
289.436
289.421
289.426
289.43
289.437
289.425
289.428
289.433
289.435
289.435
289.417
289.44
289.447
289.445
289.439
289.419
289.461
289.474
289.469
289.454
289.43
289.498
289.516
289.511
289.485
289.457
289.561
289.577
289.572
289.538
289.501
289.655
289.659
289.645
289.611
289.564
289.734
289.719
289.697
289.667
289.625
290.275
290.297
290.315
290.326
290.334
290.264
290.296
290.32
290.334
290.344
290.256
290.296
290.328
290.341
290.348
290.248
290.297
290.337
290.235
290.29
290.335
290.215
290.276
290.325
290.188
290.251
290.304
290.152
290.218
290.274
290.105
290.173
290.234
290.047
290.114
290.181
289.98
290.04
290.096
289.904
289.95
289.993
289.995
289.992
289.837
289.872
289.898
289.91
289.917
289.808
289.83
289.844
289.859
289.755
289.775
289.792
289.818
289.71
289.73
289.752
289.795
289.671
289.691
289.721
289.791
289.635
289.657
289.697
289.801
289.602
289.627
289.677
289.816
289.572
289.598
289.656
289.826
289.545
289.57
289.63
289.815
290.359
289.519
289.543
289.597
289.77
290.307
289.496
289.517
289.559
289.69
290.103
289.476
289.493
289.522
289.597
289.787
289.46
289.474
289.494
289.538
289.633
289.446
289.458
289.474
289.504
289.564
289.436
289.446
289.459
289.483
289.528
289.428
289.437
289.448
289.468
289.506
289.423
289.431
289.44
289.457
289.492
289.42
289.426
289.434
289.449
289.481
289.419
289.424
289.431
289.444
289.467
289.42
289.424
289.429
289.438
289.439
289.422
289.426
289.429
289.434
289.423
289.427
289.43
289.431
289.431
289.413
289.434
289.439
289.437
289.431
289.407
289.446
289.454
289.448
289.437
289.411
289.464
289.481
289.474
289.453
289.425
289.495
289.52
289.518
289.485
289.453
289.546
289.576
289.577
289.539
289.497
289.627
289.65
289.646
289.61
289.557
289.717
289.712
289.694
289.659
289.611
290.287
290.312
290.333
290.345
290.353
290.278
290.314
290.343
290.357
290.367
290.272
290.318
290.355
290.367
290.374
290.265
290.321
290.367
290.253
290.316
290.366
290.235
290.301
290.355
290.208
290.277
290.334
290.172
290.244
290.304
290.126
290.2
290.264
290.07
290.143
290.212
290.005
290.072
290.132
289.934
289.986
290.031
290.036
290.033
289.87
289.913
289.943
289.956
289.962
289.816
289.853
289.879
289.894
289.907
289.803
289.826
289.843
289.867
289.758
289.781
289.802
289.844
289.717
289.741
289.77
289.837
289.68
289.705
289.742
289.841
289.644
289.671
289.717
289.849
289.61
289.638
289.691
289.849
289.578
289.605
289.66
289.827
289.548
289.573
289.622
289.774
290.255
289.52
289.543
289.58
289.692
290.051
289.496
289.515
289.541
289.602
289.759
289.475
289.492
289.51
289.545
289.618
289.458
289.473
289.487
289.51
289.555
289.445
289.458
289.47
289.488
289.522
289.435
289.446
289.457
289.473
289.502
289.429
289.438
289.447
289.461
289.488
289.425
289.432
289.44
289.452
289.476
289.424
289.429
289.435
289.444
289.459
289.425
289.428
289.432
289.436
289.428
289.428
289.43
289.431
289.43
289.412
289.433
289.435
289.433
289.427
289.404
289.442
289.444
289.438
289.427
289.399
289.453
289.461
289.451
289.434
289.404
289.47
289.487
289.479
289.452
289.42
289.494
289.524
289.522
289.485
289.449
289.531
289.573
289.579
289.539
289.493
289.593
289.635
289.643
289.605
289.549
289.674
289.695
289.687
289.645
289.595
290.3
290.329
290.352
290.365
290.374
290.294
290.335
290.367
290.383
290.392
290.29
290.342
290.384
290.397
290.403
290.286
290.349
290.4
290.276
290.345
290.401
290.259
290.332
290.39
290.234
290.309
290.37
290.2
290.277
290.34
290.156
290.235
290.301
290.104
290.182
290.252
290.043
290.116
290.179
289.976
290.036
290.083
290.089
290.085
289.918
289.97
290.003
290.015
290.019
289.867
289.914
289.943
289.957
289.967
289.822
289.865
289.892
289.908
289.929
289.822
289.847
289.867
289.906
289.78
289.806
289.833
289.898
289.74
289.768
289.804
289.899
289.701
289.73
289.774
289.9
289.662
289.693
289.743
289.891
289.625
289.655
289.706
289.861
289.589
289.617
289.662
289.8
289.555
289.58
289.615
289.714
290.035
289.525
289.547
289.57
289.622
289.754
289.499
289.518
289.535
289.562
289.619
289.477
289.494
289.508
289.526
289.558
289.46
289.475
289.487
289.501
289.524
289.447
289.46
289.47
289.482
289.504
289.438
289.448
289.458
289.469
289.489
289.432
289.44
289.448
289.458
289.476
289.43
289.436
289.441
289.447
289.454
289.43
289.434
289.436
289.435
289.421
289.434
289.435
289.433
289.427
289.404
289.44
289.44
289.434
289.423
289.396
289.45
289.449
289.439
289.423
289.392
289.464
289.467
289.452
289.431
289.398
289.479
289.494
289.481
289.449
289.414
289.497
289.53
289.525
289.483
289.444
289.52
289.571
289.58
289.536
289.488
289.556
289.619
289.637
289.594
289.538
289.608
289.667
289.671
289.626
289.577
290.314
290.347
290.373
290.387
290.396
290.311
290.357
290.394
290.411
290.42
290.311
290.369
290.417
290.429
290.435
290.31
290.38
290.437
290.302
290.378
290.44
290.288
290.368
290.431
290.265
290.347
290.411
290.234
290.318
290.383
290.195
290.279
290.347
290.147
290.231
290.302
290.092
290.171
290.236
290.032
290.1
290.148
290.154
290.148
289.98
290.04
290.076
290.087
290.087
289.933
289.99
290.021
290.033
290.04
289.89
289.944
289.973
289.987
290.005
289.849
289.902
289.93
289.948
289.985
289.86
289.889
289.913
289.975
289.817
289.848
289.881
289.973
289.774
289.807
289.849
289.969
289.731
289.764
289.812
289.953
289.687
289.72
289.769
289.915
289.643
289.676
289.718
289.847
289.602
289.632
289.664
289.753
289.564
289.59
289.612
289.655
289.768
289.531
289.554
289.57
289.591
289.633
289.503
289.524
289.537
289.549
289.57
289.48
289.498
289.51
289.52
289.534
289.462
289.478
289.489
289.498
289.512
289.449
289.462
289.472
289.48
289.495
289.441
289.451
289.458
289.466
289.478
289.436
289.443
289.448
289.451
289.451
289.436
289.439
289.44
289.436
289.416
289.439
289.439
289.436
289.425
289.398
289.447
289.443
289.435
289.42
289.389
289.458
289.453
289.44
289.42
289.386
289.475
289.472
289.452
289.427
289.392
289.493
289.502
289.481
289.446
289.409
289.511
289.538
289.524
289.479
289.439
289.527
289.576
289.576
289.528
289.481
289.545
289.614
289.625
289.577
289.527
289.569
289.648
289.65
289.604
289.56
290.33
290.367
290.395
290.411
290.42
290.33
290.382
290.424
290.441
290.451
290.334
290.4
290.453
290.466
290.471
290.337
290.414
290.478
290.333
290.417
290.484
290.322
290.408
290.476
290.303
290.391
290.459
290.277
290.366
290.433
290.243
290.332
290.4
290.201
290.29
290.361
290.154
290.239
290.303
290.101
290.177
290.226
290.232
290.223
290.056
290.126
290.164
290.173
290.169
290.014
290.082
290.116
290.125
290.128
289.975
290.041
290.072
290.082
290.097
289.935
290
290.031
290.045
290.077
289.894
289.958
289.99
290.011
290.068
289.914
289.948
289.978
290.064
289.867
289.903
289.942
290.057
289.817
289.856
289.9
290.036
289.766
289.805
289.85
289.99
289.714
289.752
289.792
289.912
289.663
289.698
289.728
289.809
289.616
289.648
289.668
289.702
289.573
289.602
289.617
289.63
289.659
289.536
289.563
289.575
289.582
289.591
289.505
289.529
289.541
289.547
289.551
289.481
289.502
289.513
289.519
289.525
289.463
289.48
289.49
289.496
289.505
289.451
289.463
289.471
289.477
289.484
289.444
289.452
289.457
289.457
289.451
289.442
289.446
289.445
289.437
289.412
289.444
289.444
289.438
289.424
289.394
289.452
289.447
289.436
289.417
289.384
289.465
289.456
289.439
289.416
289.381
289.484
289.475
289.451
289.423
289.387
289.507
289.505
289.478
289.442
289.405
289.53
289.543
289.519
289.473
289.434
289.549
289.58
289.565
289.518
289.474
289.566
289.612
289.605
289.559
289.516
289.58
289.633
289.622
289.58
289.542
290.346
290.387
290.42
290.436
290.446
290.351
290.41
290.456
290.475
290.486
290.36
290.434
290.494
290.506
290.513
290.368
290.454
290.524
290.369
290.46
290.533
290.362
290.455
290.528
290.348
290.442
290.512
290.327
290.421
290.49
290.299
290.394
290.461
290.266
290.361
290.428
290.227
290.319
290.381
290.184
290.27
290.319
290.324
290.312
290.147
290.229
290.268
290.274
290.267
290.112
290.193
290.228
290.232
290.23
290.077
290.157
290.19
290.195
290.202
290.039
290.119
290.152
290.161
290.186
289.996
290.078
290.113
290.13
290.179
289.95
290.032
290.07
290.097
290.177
289.981
290.023
290.058
290.168
289.925
289.97
290.012
290.142
289.865
289.912
289.955
290.087
289.803
289.849
289.887
289.999
289.741
289.785
289.813
289.883
289.682
289.723
289.741
289.766
289.627
289.666
289.679
289.684
289.579
289.614
289.628
289.627
289.622
289.538
289.57
289.583
289.583
289.576
289.505
289.533
289.546
289.547
289.545
289.48
289.502
289.514
289.518
289.519
289.463
289.479
289.488
289.492
289.492
289.452
289.463
289.468
289.466
289.452
289.447
289.452
289.452
289.44
289.411
289.448
289.448
289.441
289.424
289.39
289.455
289.449
289.436
289.415
289.38
289.469
289.458
289.438
289.413
289.377
289.488
289.475
289.449
289.419
289.383
289.512
289.504
289.474
289.437
289.4
289.538
289.538
289.51
289.467
289.43
289.559
289.572
289.549
289.506
289.467
289.574
289.597
289.58
289.54
289.504
289.58
289.607
289.59
289.555
289.525
290.363
290.409
290.446
290.464
290.475
290.375
290.441
290.493
290.514
290.525
290.391
290.472
290.54
290.554
290.564
290.405
290.498
290.576
290.41
290.509
290.588
290.408
290.509
290.585
290.4
290.501
290.572
290.386
290.486
290.553
290.366
290.467
290.531
290.342
290.443
290.506
290.314
290.414
290.472
290.282
290.379
290.427
290.43
290.416
290.254
290.35
290.391
290.392
290.378
290.226
290.323
290.361
290.359
290.347
290.195
290.294
290.33
290.33
290.325
290.16
290.26
290.297
290.302
290.314
290.118
290.221
290.261
290.273
290.312
290.068
290.174
290.218
290.241
290.312
290.012
290.119
290.169
290.202
290.303
290.057
290.112
290.151
290.273
289.988
290.047
290.087
290.21
289.915
289.974
290.01
290.11
289.839
289.898
289.924
289.981
289.765
289.821
289.839
289.851
289.696
289.749
289.764
289.757
289.634
289.683
289.698
289.688
289.58
289.624
289.641
289.634
289.612
289.536
289.573
289.59
289.587
289.573
289.502
289.531
289.547
289.547
289.54
289.477
289.499
289.511
289.512
289.505
289.461
289.475
289.482
289.477
289.457
289.453
289.459
289.459
289.445
289.411
289.451
289.451
289.444
289.424
289.389
289.457
289.45
289.437
289.413
289.377
289.468
289.457
289.437
289.41
289.373
289.486
289.473
289.446
289.416
289.379
289.508
289.498
289.468
289.432
289.396
289.529
289.527
289.499
289.461
289.425
289.545
289.553
289.53
289.494
289.46
289.55
289.568
289.552
289.521
289.492
289.537
289.568
289.555
289.53
289.509
290.381
290.433
290.475
290.494
290.507
290.403
290.476
290.535
290.559
290.574
290.426
290.517
290.593
290.613
290.634
290.447
290.551
290.635
290.459
290.567
290.651
290.464
290.573
290.651
290.462
290.57
290.641
290.455
290.563
290.626
290.444
290.552
290.609
290.43
290.539
290.593
290.414
290.524
290.576
290.394
290.507
290.555
290.555
290.535
290.377
290.492
290.535
290.532
290.507
290.357
290.476
290.517
290.51
290.483
290.331
290.455
290.495
290.487
290.468
290.298
290.427
290.469
290.465
290.464
290.256
290.39
290.437
290.441
290.468
290.204
290.343
290.398
290.413
290.473
290.143
290.286
290.349
290.375
290.466
290.072
290.217
290.289
290.324
290.434
290.139
290.217
290.254
290.365
290.052
290.134
290.169
290.254
289.961
290.043
290.072
290.111
289.87
289.95
289.972
289.967
289.782
289.859
289.881
289.859
289.702
289.773
289.797
289.776
289.632
289.695
289.721
289.707
289.574
289.627
289.652
289.645
289.615
289.528
289.569
289.592
289.591
289.571
289.494
289.524
289.541
289.541
289.524
289.471
289.49
289.5
289.493
289.465
289.458
289.468
289.469
289.452
289.414
289.453
289.455
289.448
289.426
289.388
289.456
289.451
289.436
289.412
289.375
289.465
289.455
289.434
289.407
289.37
289.479
289.468
289.442
289.412
289.376
289.496
289.488
289.461
289.428
289.392
289.511
289.511
289.487
289.454
289.42
289.517
289.528
289.511
289.482
289.453
289.51
289.532
289.524
289.503
289.481
289.491
289.519
289.521
289.508
289.494
290.401
290.459
290.506
290.528
290.544
290.435
290.517
290.585
290.615
290.635
290.469
290.572
290.658
290.694
290.736
290.5
290.615
290.708
290.52
290.64
290.729
290.531
290.652
290.732
290.536
290.657
290.727
290.537
290.657
290.716
290.536
290.656
290.704
290.533
290.656
290.697
290.529
290.657
290.699
290.522
290.658
290.709
290.709
290.677
290.514
290.658
290.707
290.699
290.658
290.502
290.653
290.701
290.685
290.642
290.482
290.64
290.689
290.67
290.635
290.452
290.618
290.672
290.656
290.64
290.41
290.585
290.647
290.641
290.654
290.355
290.54
290.614
290.62
290.667
290.288
290.48
290.568
290.589
290.667
290.209
290.406
290.507
290.54
290.637
290.12
290.317
290.43
290.47
290.565
290.216
290.336
290.38
290.445
290.108
290.23
290.272
290.291
289.996
290.117
290.157
290.134
289.887
290.002
290.045
290.011
289.786
289.892
289.938
289.911
289.696
289.789
289.836
289.821
289.62
289.697
289.741
289.735
289.559
289.618
289.655
289.658
289.625
289.513
289.556
289.583
289.586
289.558
289.482
289.509
289.525
289.518
289.481
289.463
289.477
289.481
289.464
289.421
289.455
289.458
289.452
289.43
289.391
289.454
289.45
289.436
289.411
289.374
289.46
289.451
289.432
289.404
289.368
289.47
289.461
289.438
289.408
289.373
289.481
289.477
289.454
289.423
289.389
289.489
289.492
289.474
289.446
289.416
289.489
289.501
289.491
289.47
289.446
289.476
289.498
289.498
289.485
289.469
289.454
289.477
289.489
289.486
289.479
290.424
290.489
290.543
290.571
290.59
290.474
290.569
290.65
290.689
290.715
290.524
290.645
290.754
290.816
290.878
290.567
290.704
290.823
290.598
290.743
290.861
290.619
290.765
290.875
290.631
290.779
290.882
290.639
290.788
290.884
290.646
290.797
290.886
290.653
290.808
290.889
290.659
290.822
290.896
290.663
290.838
290.907
290.914
290.862
290.663
290.849
290.915
290.9
290.841
290.657
290.854
290.919
290.891
290.829
290.64
290.849
290.917
290.886
290.832
290.612
290.833
290.91
290.884
290.85
290.57
290.804
290.895
290.881
290.878
290.513
290.76
290.869
290.873
290.906
290.441
290.698
290.829
290.854
290.919
290.354
290.618
290.77
290.815
290.899
290.254
290.518
290.689
290.754
290.831
290.144
290.403
290.586
290.662
290.712
290.275
290.462
290.546
290.556
290.142
290.326
290.415
290.395
290.01
290.185
290.279
290.258
289.884
290.044
290.14
290.133
289.771
289.909
290.001
290.008
289.674
289.786
289.868
289.885
289.595
289.68
289.746
289.769
289.536
289.595
289.643
289.659
289.631
289.494
289.532
289.559
289.558
289.518
289.468
289.488
289.497
289.482
289.438
289.455
289.461
289.458
289.436
289.396
289.451
289.449
289.436
289.412
289.375
289.453
289.447
289.429
289.402
289.366
289.459
289.453
289.433
289.404
289.37
289.466
289.464
289.445
289.418
289.386
289.469
289.474
289.461
289.438
289.411
289.464
289.477
289.473
289.458
289.439
289.448
289.468
289.474
289.468
289.458
289.425
289.444
289.458
289.465
289.463
290.449
290.515
290.567
290.596
290.621
290.521
290.629
290.716
290.767
290.807
290.593
290.739
290.867
290.963
291.04
290.655
290.832
290.997
291.179
291.332
290.7
290.897
291.085
291.335
291.577
290.73
290.937
291.128
291.393
291.671
290.75
290.96
291.144
291.404
291.668
290.763
290.976
291.147
291.392
291.621
290.775
290.99
291.146
291.367
291.546
290.787
291.007
291.148
291.329
291.44
290.8
291.026
291.153
291.27
291.294
290.81
291.047
291.162
291.176
291.108
290.814
291.062
291.167
291.144
291.065
290.81
291.071
291.174
291.138
291.057
290.796
291.07
291.18
291.143
291.071
290.767
291.057
291.181
291.155
291.106
290.724
291.03
291.176
291.17
291.156
290.664
290.986
291.16
291.184
291.209
290.587
290.922
291.127
291.187
291.248
290.493
290.835
291.069
291.172
291.255
290.383
290.725
290.983
291.119
291.208
290.261
290.595
290.868
291.028
291.105
290.132
290.451
290.727
290.905
290.966
290.297
290.569
290.757
290.82
290.14
290.399
290.592
290.671
289.989
290.224
290.413
290.505
289.852
290.052
290.226
290.32
289.732
289.892
290.041
290.135
289.634
289.754
289.87
289.951
289.559
289.641
289.721
289.774
289.507
289.556
289.601
289.619
289.473
289.498
289.516
289.507
289.467
289.454
289.464
289.463
289.444
289.406
289.446
289.446
289.435
289.412
289.376
289.445
289.441
289.425
289.399
289.365
289.448
289.444
289.427
289.4
289.367
289.45
289.451
289.436
289.412
289.383
289.449
289.456
289.448
289.43
289.407
289.44
289.454
289.455
289.445
289.431
289.423
289.441
289.451
289.45
289.445
289.4
289.416
289.429
289.438
289.444
290.486
290.564
290.625
290.667
290.713
290.585
290.714
290.819
290.89
290.953
290.684
290.865
291.02
291.139
291.237
290.77
290.995
291.195
291.382
291.536
290.832
291.085
291.312
291.55
291.771
290.871
291.139
291.374
291.621
291.86
290.894
291.169
291.403
291.639
291.858
290.908
291.188
291.415
291.632
291.816
290.919
291.204
291.421
291.61
291.747
290.93
291.221
291.425
291.578
291.655
290.941
291.24
291.43
291.536
291.543
290.949
291.258
291.435
291.487
291.423
290.952
291.273
291.441
291.454
291.354
290.945
291.28
291.45
291.441
291.341
290.928
291.279
291.46
291.45
291.367
290.897
291.264
291.468
291.477
291.425
290.85
291.233
291.468
291.517
291.507
290.784
291.185
291.457
291.56
291.6
290.7
291.115
291.427
291.59
291.683
290.597
291.019
291.366
291.588
291.73
290.478
290.898
291.27
291.541
291.722
290.348
290.755
291.139
291.447
291.661
290.212
290.596
290.979
291.31
291.564
290.075
290.427
290.798
291.138
291.421
290.255
290.603
290.94
291.242
290.086
290.399
290.718
291.016
289.928
290.195
290.479
290.753
289.786
290
290.235
290.473
289.669
289.827
290.007
290.188
289.58
289.685
289.804
289.916
289.517
289.578
289.643
289.687
289.476
289.507
289.532
289.534
289.452
289.464
289.466
289.452
289.417
289.441
289.442
289.433
289.412
289.378
289.437
289.435
289.42
289.396
289.363
289.436
289.435
289.42
289.396
289.365
289.436
289.438
289.427
289.406
289.379
289.432
289.439
289.435
289.421
289.402
289.421
289.434
289.437
289.432
289.422
289.402
289.417
289.428
289.432
289.43
289.38
289.392
289.401
289.41
289.416
290.527
290.619
290.694
290.751
290.814
290.653
290.807
290.937
291.031
291.117
290.781
290.999
291.187
291.337
291.459
290.892
291.163
291.402
291.612
291.776
290.969
291.275
291.541
291.783
291.99
291.014
291.337
291.612
291.857
292.063
291.036
291.368
291.643
291.878
292.062
291.046
291.385
291.655
291.873
292.026
291.052
291.397
291.662
291.857
291.969
291.056
291.41
291.668
291.833
291.896
291.059
291.424
291.676
291.805
291.813
291.06
291.437
291.685
291.778
291.732
291.055
291.446
291.696
291.764
291.676
291.04
291.447
291.708
291.77
291.675
291.016
291.438
291.718
291.798
291.724
290.978
291.418
291.727
291.844
291.814
290.922
291.381
291.73
291.903
291.937
290.846
291.324
291.717
291.96
292.074
290.752
291.24
291.676
291.995
292.199
290.64
291.128
291.596
291.987
292.284
290.514
290.991
291.475
291.92
292.307
290.379
290.834
291.317
291.79
292.242
290.24
290.665
291.131
291.608
292.087
290.102
290.489
290.931
291.397
291.88
289.969
290.312
290.721
291.166
291.633
290.137
290.502
290.915
291.354
289.969
290.28
290.646
291.044
289.818
290.064
290.363
290.699
289.69
289.869
290.091
290.34
289.592
289.708
289.85
290.001
289.521
289.588
289.661
289.725
289.476
289.508
289.536
289.547
289.449
289.461
289.465
289.454
289.434
289.437
289.43
289.41
289.38
289.428
289.427
289.415
289.393
289.362
289.425
289.425
289.413
289.391
289.362
289.422
289.425
289.417
289.4
289.376
289.416
289.423
289.422
289.412
289.396
289.404
289.415
289.42
289.418
289.412
289.385
289.397
289.407
289.413
289.414
289.366
289.373
289.38
289.386
289.39
290.568
290.674
290.766
290.84
290.917
290.719
290.897
291.049
291.17
291.275
290.874
291.124
291.341
291.518
291.66
291.007
291.317
291.585
291.809
291.986
291.098
291.445
291.738
291.98
292.168
291.146
291.511
291.813
292.054
292.23
291.165
291.539
291.842
292.076
292.233
291.166
291.549
291.854
292.076
292.208
291.16
291.552
291.859
292.068
292.17
291.152
291.555
291.865
292.057
292.123
291.141
291.558
291.873
292.046
292.074
291.125
291.557
291.882
292.041
292.033
291.108
291.554
291.889
292.048
292.018
291.082
291.545
291.899
292.069
292.041
291.043
291.526
291.908
292.111
292.119
290.989
291.491
291.912
292.171
292.242
290.916
291.435
291.901
292.233
292.396
290.825
291.354
291.863
292.278
292.554
290.716
291.244
291.784
292.278
292.682
290.594
291.108
291.66
292.213
292.737
290.463
290.951
291.493
292.068
292.667
290.329
290.783
291.297
291.858
292.47
290.197
290.612
291.09
291.615
292.187
290.07
290.443
290.884
291.368
291.888
289.947
290.277
290.678
291.127
291.6
289.832
290.113
290.47
290.879
291.311
289.955
290.257
290.615
290.996
289.809
290.047
290.337
290.652
289.685
289.855
290.065
290.298
289.587
289.697
289.828
289.966
289.517
289.579
289.647
289.705
289.471
289.502
289.529
289.54
289.443
289.455
289.46
289.451
289.427
289.43
289.424
289.407
289.419
289.418
289.408
289.388
289.36
289.414
289.414
289.404
289.386
289.359
289.41
289.413
289.407
289.392
289.372
289.402
289.409
289.409
289.402
289.389
289.389
289.399
289.404
289.404
289.4
289.372
289.38
289.388
289.395
289.397
289.355
289.36
289.364
289.368
289.372
290.602
290.722
290.829
290.922
291.01
290.772
290.969
291.142
291.286
291.416
290.949
291.225
291.464
291.662
291.829
291.102
291.442
291.729
291.959
292.138
291.206
291.581
291.889
292.127
292.296
291.257
291.648
291.963
292.199
292.354
291.268
291.668
291.989
292.223
292.363
291.257
291.667
291.996
292.228
292.354
291.233
291.656
291.996
292.228
292.338
291.207
291.639
291.995
292.228
292.321
291.179
291.626
291.993
292.23
292.309
291.145
291.611
291.996
292.239
292.309
291.105
291.589
291.998
292.258
292.334
291.054
291.558
291.997
292.291
292.392
290.989
291.511
291.988
292.334
292.492
290.909
291.444
291.961
292.377
292.624
290.812
291.352
291.905
292.398
292.761
290.7
291.232
291.807
292.372
292.864
290.576
291.086
291.662
292.273
292.879
290.447
290.922
291.475
292.092
292.761
290.319
290.752
291.261
291.842
292.504
290.196
290.586
291.042
291.561
292.152
290.082
290.431
290.837
291.29
291.789
289.976
290.286
290.651
291.052
291.477
289.875
290.148
290.475
290.836
291.209
289.78
290.012
290.301
290.624
290.953
289.692
289.881
290.124
290.401
290.68
289.759
289.949
290.17
290.397
289.652
289.789
289.95
290.115
289.567
289.656
289.758
289.857
289.504
289.556
289.61
289.654
289.461
289.487
289.509
289.519
289.434
289.445
289.448
289.441
289.418
289.421
289.415
289.4
289.409
289.409
289.4
289.382
289.404
289.404
289.395
289.379
289.355
289.398
289.401
289.396
289.384
289.367
289.39
289.395
289.396
289.391
289.381
289.378
289.385
289.389
289.391
289.389
289.361
289.367
289.373
289.378
289.382
289.347
289.35
289.353
289.356
289.358
290.619
290.751
290.871
290.979
291.086
290.799
291.009
291.196
291.358
291.514
290.991
291.284
291.537
291.75
291.935
291.164
291.521
291.818
292.052
292.231
291.282
291.672
291.984
292.218
292.378
291.336
291.739
292.058
292.29
292.435
291.341
291.75
292.077
292.313
292.452
291.316
291.735
292.074
292.319
292.456
291.276
291.708
292.065
292.322
292.459
291.226
291.674
292.052
292.325
292.466
291.169
291.635
292.039
292.333
292.483
291.104
291.589
292.022
292.345
292.514
291.029
291.532
291.998
292.361
292.565
290.943
291.46
291.961
292.376
292.638
290.843
291.367
291.902
292.378
292.72
290.73
291.25
291.81
292.349
292.792
290.606
291.108
291.676
292.267
292.814
290.475
290.945
291.499
292.113
292.745
290.344
290.77
291.285
291.884
292.552
290.22
290.596
291.053
291.597
292.232
290.108
290.435
290.828
291.292
291.839
290.009
290.294
290.628
291.012
291.449
289.922
290.172
290.462
290.781
291.128
289.843
290.064
290.32
290.596
290.881
289.769
289.964
290.19
290.433
290.677
289.699
289.866
290.063
290.276
290.486
289.634
289.77
289.936
290.117
290.293
289.574
289.68
289.811
289.956
290.098
289.6
289.696
289.802
289.905
289.534
289.598
289.666
289.73
289.483
289.521
289.559
289.588
289.447
289.466
289.481
289.488
289.423
289.43
289.432
289.425
289.408
289.409
289.403
289.39
289.399
289.398
289.389
289.374
289.393
289.392
289.385
289.371
289.387
289.389
289.385
289.375
289.36
289.379
289.383
289.384
289.38
289.372
289.368
289.373
289.376
289.378
289.377
289.354
289.357
289.361
289.364
289.367
289.342
289.343
289.345
289.346
289.348
290.602
290.733
290.857
290.978
291.107
290.781
290.993
291.184
291.361
291.54
290.98
291.277
291.538
291.765
291.969
291.171
291.534
291.837
292.078
292.264
291.311
291.705
292.017
292.252
292.413
291.374
291.78
292.097
292.328
292.474
291.377
291.791
292.115
292.351
292.497
291.339
291.762
292.103
292.354
292.51
291.277
291.712
292.076
292.352
292.523
291.198
291.649
292.041
292.347
292.542
291.106
291.573
291.996
292.339
292.566
291.001
291.482
291.939
292.325
292.595
290.884
291.373
291.862
292.298
292.625
290.755
291.243
291.758
292.247
292.646
290.616
291.091
291.619
292.155
292.635
290.472
290.918
291.441
292.008
292.565
290.329
290.733
291.226
291.794
292.402
290.193
290.545
290.986
291.518
292.129
290.071
290.369
290.744
291.206
291.762
289.968
290.215
290.522
290.899
291.357
289.883
290.09
290.338
290.633
290.984
289.813
289.99
290.195
290.428
290.69
289.754
289.909
290.085
290.276
290.479
289.702
289.839
289.994
290.158
290.325
289.654
289.775
289.911
290.055
290.198
289.608
289.712
289.831
289.956
290.079
289.564
289.651
289.751
289.857
289.961
289.523
289.592
289.672
289.758
289.84
289.487
289.539
289.599
289.661
289.72
289.493
289.533
289.574
289.611
289.456
289.48
289.502
289.52
289.427
289.44
289.448
289.451
289.408
289.412
289.411
289.405
289.395
289.394
289.389
289.377
289.387
289.385
289.377
289.364
289.381
289.38
289.373
289.361
289.376
289.377
289.373
289.364
289.37
289.372
289.371
289.368
289.362
289.359
289.362
289.365
289.365
289.364
289.347
289.349
289.351
289.353
289.354
289.337
289.338
289.339
289.339
289.34
290.54
290.655
290.765
290.877
291.014
290.683
290.875
291.061
291.248
291.45
290.884
291.165
291.425
291.669
291.902
291.09
291.449
291.757
292.015
292.223
291.26
291.656
291.973
292.219
292.399
291.35
291.76
292.081
292.32
292.477
291.367
291.785
292.109
292.345
292.502
291.321
291.745
292.082
292.337
292.511
291.237
291.67
292.03
292.314
292.516
291.128
291.571
291.959
292.279
292.518
290.999
291.449
291.866
292.228
292.512
290.852
291.304
291.747
292.154
292.492
290.692
291.134
291.595
292.045
292.444
290.522
290.942
291.407
291.89
292.351
290.352
290.734
291.182
291.678
292.189
290.19
290.522
290.93
291.41
291.941
290.044
290.319
290.668
291.098
291.606
289.921
290.14
290.421
290.777
291.216
289.824
289.994
290.21
290.484
290.827
289.749
289.883
290.047
290.248
290.496
289.691
289.801
289.928
290.078
290.253
289.647
289.739
289.844
289.961
290.089
289.61
289.691
289.781
289.878
289.981
289.577
289.65
289.73
289.815
289.901
289.547
289.612
289.683
289.759
289.834
289.519
289.575
289.638
289.705
289.771
289.492
289.54
289.594
289.65
289.708
289.467
289.506
289.549
289.596
289.642
289.444
289.474
289.507
289.542
289.574
289.424
289.446
289.469
289.491
289.51
289.407
289.422
289.436
289.447
289.456
289.403
289.409
289.412
289.412
289.388
289.39
289.387
289.381
289.379
289.377
289.371
289.361
289.372
289.369
289.362
289.351
289.368
289.366
289.359
289.349
289.365
289.364
289.359
289.352
289.359
289.36
289.358
289.355
289.35
289.352
289.352
289.352
289.351
289.341
289.342
289.342
289.343
289.343
289.334
289.333
289.334
289.334
289.334
290.459
290.547
290.632
290.719
290.823
290.519
290.648
290.776
290.919
291.129
290.668
290.887
291.117
291.374
291.653
290.878
291.201
291.504
291.783
292.037
291.071
291.46
291.787
292.065
292.3
291.22
291.635
291.978
292.253
292.438
291.294
291.729
292.059
292.299
292.463
291.262
291.693
292.024
292.273
292.452
291.166
291.597
291.944
292.217
292.425
291.034
291.465
291.831
292.135
292.38
290.876
291.302
291.685
292.023
292.309
290.697
291.108
291.502
291.87
292.201
290.505
290.888
291.279
291.668
292.041
290.309
290.65
291.02
291.412
291.815
290.124
290.409
290.738
291.108
291.514
289.96
290.184
290.454
290.775
291.149
289.826
289.993
290.197
290.449
290.757
289.725
289.844
289.988
290.169
290.394
289.652
289.737
289.837
289.958
290.108
289.599
289.662
289.733
289.815
289.913
289.56
289.61
289.664
289.723
289.789
289.53
289.571
289.615
289.661
289.711
289.504
289.54
289.578
289.617
289.657
289.482
289.514
289.547
289.581
289.616
289.463
289.49
289.519
289.55
289.582
289.444
289.468
289.494
289.521
289.549
289.428
289.448
289.47
289.493
289.518
289.412
289.429
289.447
289.467
289.488
289.399
289.411
289.426
289.441
289.457
289.387
289.396
289.406
289.417
289.426
289.377
289.383
289.389
289.394
289.397
289.369
289.372
289.375
289.375
289.373
289.364
289.363
289.36
289.354
289.358
289.355
289.35
289.342
289.354
289.351
289.344
289.335
289.352
289.349
289.343
289.334
289.35
289.348
289.344
289.338
289.345
289.345
289.343
289.34
289.34
289.34
289.339
289.338
289.334
289.334
289.333
289.333
289.332
289.33
289.329
289.329
289.328
289.327
290.41
290.484
290.56
290.644
290.748
290.415
290.502
290.593
290.695
290.828
290.449
290.572
290.706
290.855
291.024
290.501
290.67
290.854
291.063
291.321
290.599
290.835
291.102
291.43
291.89
290.774
291.127
291.562
292.041
292.34
291.076
291.581
291.959
292.225
292.399
291.146
291.616
291.957
292.199
292.37
291.061
291.519
291.864
292.12
292.311
290.928
291.375
291.73
292.008
292.224
290.765
291.197
291.56
291.859
292.104
290.581
290.988
291.35
291.667
291.941
290.384
290.753
291.103
291.427
291.724
290.187
290.504
290.824
291.139
291.446
290.004
290.258
290.529
290.814
291.109
289.848
290.036
290.246
290.478
290.733
289.726
289.856
290.003
290.171
290.363
289.637
289.723
289.818
289.927
290.052
289.575
289.632
289.692
289.758
289.833
289.532
289.571
289.611
289.652
289.696
289.499
289.529
289.557
289.584
289.613
289.474
289.497
289.518
289.539
289.559
289.453
289.471
289.488
289.504
289.52
289.435
289.449
289.463
289.476
289.489
289.418
289.43
289.441
289.451
289.462
289.403
289.412
289.421
289.429
289.438
289.39
289.396
289.403
289.41
289.417
289.378
289.383
289.387
289.392
289.397
289.368
289.37
289.373
289.376
289.379
289.359
289.36
289.361
289.362
289.364
289.351
289.351
289.351
289.35
289.35
289.346
289.344
289.343
289.341
289.338
289.341
289.339
289.337
289.333
289.328
289.336
289.332
289.327
289.321
289.334
289.33
289.324
289.317
289.333
289.329
289.324
289.317
289.333
289.33
289.326
289.321
289.331
289.329
289.326
289.323
289.33
289.328
289.325
289.323
289.328
289.326
289.325
289.323
289.328
289.326
289.325
289.323
289.322
)
;

boundaryField
{
    floor
    {
        type            zeroGradient;
    }
    ceiling
    {
        type            zeroGradient;
    }
    fixedWalls
    {
        type            zeroGradient;
    }
    rack2796428BA49E0232CAC645AEBC8DA5C1_fixedWall
    {
        type            zeroGradient;
    }
    rack2796428BA49E0232CAC645AEBC8DA5C1_inlet
    {
        type            zeroGradient;
    }
    rack2796428BA49E0232CAC645AEBC8DA5C1_outlet
    {
        type            groovyBC;
        refValue        nonuniform 0();
        refGradient     nonuniform 0();
        valueFraction   nonuniform 0();
        value           nonuniform 0();
        valueExpression "Trackinlet+2.00/(1.015*1.18*0.17)";
        gradientExpression "0";
        fractionExpression "1";
        evaluateDuringConstruction 0;
        variables       "Trackinlet{rack2796428BA49E0232CAC645AEBC8DA5C1_inlet}=sum(T*mag(Sf()))/sum(mag(Sf()));";
        timelines       (
);
        lookuptables    (
);
    }
    acu380F56D59CF2B3DF6EFF9D0E6E8D39CB_inlet
    {
        type            zeroGradient;
    }
    acu380F56D59CF2B3DF6EFF9D0E6E8D39CB_outlet
    {
        type            fixedValue;
        value           uniform 289.15;
    }
    acu380F56D59CF2B3DF6EFF9D0E6E8D39CB_fixedWall
    {
        type            zeroGradient;
    }
    baffleFaces_master
    {
        type            zeroGradient;
    }
    baffleFaces_slave
    {
        type            zeroGradient;
    }
    procBoundary1to0
    {
        type            processor;
        value           nonuniform List<scalar> 
1536
(
289.15
289.15
289.15
289.15
289.15
289.15
289.15
289.15
289.15
289.15
289.15
289.15
289.15
289.15
289.15
289.15
289.15
289.15
289.15
289.15
289.15
289.15
289.15
289.15
289.15
289.15
289.15
289.15
289.15
289.15
289.15
289.15
289.15
289.15
289.15
289.15
289.15
289.15
289.15
289.15
289.15
289.15
289.15
289.15
289.15
289.15
289.15
289.15
289.15
289.15
289.15
289.15
289.15
289.15
289.15
289.15
289.15
289.15
289.15
289.15
289.15
289.15
289.15
289.15
289.15
289.15
289.15
289.15
289.15
289.15
289.15
289.15
289.15
289.15
289.15
289.15
289.15
289.15
289.15
289.15
289.15
289.15
289.15
289.15
289.15
289.15
289.15
289.15
289.15
289.15
289.15
289.15
289.15
289.15
289.15
289.15
289.15
289.15
289.15
289.15
289.15
289.15
289.15
289.15
289.15
289.15
289.15
289.15
289.15
289.15
289.15
289.15
289.15
289.15
289.15
289.15
289.15
289.15
289.15
289.15
289.15
289.15
289.15
289.15
289.15
289.15
289.15
289.15
289.15
289.15
289.15
289.15
289.15
289.15
289.15
289.15
289.15
289.15
289.15
289.15
289.15
289.15
289.15
289.15
289.15
289.15
289.15
289.15
289.15
289.15
289.15
289.15
289.15
289.15
289.15
289.15
289.15
289.15
289.15
289.15
289.15
289.15
289.15
289.15
289.15
289.15
289.15
289.15
289.15
289.15
289.15
289.15
289.15
289.15
289.15
289.15
289.15
289.15
289.15
289.15
289.15
289.15
289.15
289.15
289.15
289.15
289.15
289.15
289.15
289.15
289.15
289.15
289.15
289.15
289.15
289.15
289.15
289.15
289.15
289.15
289.15
289.15
289.15
289.15
289.15
289.15
289.15
289.15
289.15
289.15
289.15
289.15
289.15
289.15
289.15
289.15
289.15
289.15
289.15
289.15
289.15
289.15
289.15
289.15
289.15
289.15
289.15
289.15
289.15
289.15
289.15
289.15
289.15
289.15
289.15
289.15
289.15
289.15
289.15
289.15
289.15
289.15
289.15
289.15
289.15
289.15
290.196
290.195
290.191
290.19
290.19
290.19
290.183
290.177
290.17
290.163
290.154
290.145
290.133
290.12
290.105
290.089
290.072
290.056
290.04
290.025
290.01
289.995
289.98
289.963
289.945
289.926
289.907
289.887
289.868
289.849
289.83
289.813
289.798
289.784
289.771
289.761
289.754
289.752
289.756
289.764
289.776
289.791
289.802
290.199
290.197
290.192
290.185
290.183
290.183
290.183
290.175
290.166
290.156
290.144
290.129
290.112
290.092
290.07
290.047
290.024
290.003
289.983
289.964
289.946
289.927
289.909
289.891
289.873
289.855
289.836
289.818
289.799
289.782
289.766
289.751
289.737
289.725
289.715
289.709
289.706
289.708
289.717
289.732
289.75
289.77
289.788
290.204
290.2
290.193
290.184
290.174
290.173
290.173
290.173
290.162
290.148
290.132
290.111
290.087
290.059
290.029
289.998
289.969
289.942
289.917
289.895
289.874
289.854
289.834
289.814
289.795
289.776
289.759
289.742
289.727
289.712
289.699
289.687
289.678
289.67
289.663
289.658
289.655
289.658
289.671
289.695
289.724
289.752
289.779
290.209
290.202
290.194
290.183
290.171
290.157
290.158
290.158
290.158
290.141
290.119
290.092
290.059
290.023
289.984
289.945
289.909
289.877
289.849
289.824
289.8
289.778
289.757
289.737
289.719
289.701
289.685
289.67
289.658
289.647
289.639
289.631
289.624
289.617
289.609
289.6
289.592
289.593
289.608
289.645
289.69
289.733
289.771
290.214
290.205
290.194
290.183
290.168
290.151
290.132
290.134
290.134
290.134
290.107
290.073
290.031
289.986
289.938
289.892
289.85
289.813
289.78
289.752
289.726
289.703
289.681
289.662
289.644
289.629
289.616
289.605
289.596
289.589
289.583
289.577
289.569
289.56
289.547
289.534
289.523
289.521
289.538
289.584
289.65
289.713
289.763
290.218
290.208
290.195
290.182
290.166
290.147
290.124
290.098
290.097
290.097
290.097
290.055
290.006
289.952
289.896
289.843
289.795
289.753
289.718
289.687
289.659
289.635
289.614
289.596
289.58
289.567
289.557
289.548
289.542
289.537
289.531
289.524
289.514
289.502
289.488
289.475
289.465
289.465
289.483
289.533
289.617
289.698
289.759
290.223
290.211
290.197
290.182
290.164
290.144
290.119
290.089
290.052
290.042
290.042
290.042
289.985
289.923
289.86
289.8
289.748
289.704
289.667
289.635
289.607
289.583
289.563
289.545
289.531
289.519
289.51
289.503
289.497
289.491
289.485
289.476
289.467
289.456
289.445
289.436
289.431
289.434
289.452
289.5
289.596
289.69
289.757
290.229
290.214
290.199
290.183
290.164
290.141
290.114
290.082
290.041
289.994
289.971
289.971
289.971
289.901
289.832
289.768
289.716
289.672
289.634
289.601
289.573
289.549
289.529
289.511
289.497
289.485
289.476
289.468
289.461
289.455
289.449
289.442
289.434
289.427
289.421
289.418
289.417
289.423
289.441
289.482
289.569
289.687
289.758
290.235
290.219
290.203
290.186
290.165
290.141
290.112
290.077
290.035
289.984
289.927
289.888
289.888
289.888
289.816
289.755
289.703
289.658
289.62
289.587
289.558
289.533
289.512
289.493
289.478
289.465
289.454
289.445
289.438
289.432
289.427
289.422
289.417
289.414
289.412
289.412
289.415
289.423
289.44
289.477
289.55
289.674
289.755
290.242
290.225
290.208
290.19
290.169
290.144
290.114
290.077
290.032
289.979
289.92
289.856
289.819
289.819
289.819
289.759
289.708
289.664
289.625
289.591
289.561
289.534
289.51
289.489
289.472
289.457
289.445
289.435
289.427
289.421
289.416
289.413
289.411
289.411
289.412
289.414
289.419
289.426
289.439
289.468
289.527
289.635
289.742
290.25
290.232
290.215
290.197
290.176
290.15
290.119
290.082
290.036
289.982
289.923
289.859
289.801
289.779
289.779
289.779
289.73
289.686
289.647
289.612
289.579
289.55
289.523
289.499
289.478
289.46
289.446
289.434
289.425
289.419
289.415
289.412
289.412
289.413
289.416
289.42
289.424
289.431
289.44
289.459
289.499
289.582
289.709
290.258
290.24
290.223
290.206
290.185
290.16
290.13
290.092
290.047
289.994
289.936
289.875
289.82
289.77
289.768
289.768
289.768
289.725
289.685
289.648
289.613
289.58
289.549
289.521
289.496
289.474
289.456
289.442
289.431
289.423
289.418
289.416
289.416
289.418
289.421
289.426
289.432
289.439
289.445
289.455
289.477
289.528
289.629
290.267
290.249
290.233
290.217
290.198
290.175
290.145
290.109
290.066
290.016
289.961
289.904
289.852
289.805
289.762
289.78
289.78
289.78
289.739
289.7
289.661
289.624
289.588
289.554
289.523
289.496
289.474
289.455
289.441
289.431
289.425
289.421
289.421
289.423
289.427
289.434
289.441
289.449
289.456
289.46
289.465
289.477
289.518
290.277
290.26
290.245
290.231
290.214
290.193
290.166
290.133
290.093
290.047
289.996
289.944
289.897
289.853
289.812
289.773
289.808
289.808
289.808
289.766
289.724
289.681
289.639
289.599
289.561
289.527
289.498
289.474
289.455
289.442
289.433
289.428
289.426
289.428
289.433
289.441
289.451
289.462
289.473
289.479
289.48
289.478
289.476
290.288
290.272
290.26
290.249
290.234
290.216
290.192
290.163
290.128
290.087
290.042
289.996
289.953
289.914
289.875
289.837
289.796
289.849
289.849
289.849
289.802
289.754
289.704
289.655
289.609
289.566
289.529
289.498
289.473
289.455
289.442
289.435
289.432
289.433
289.438
289.447
289.459
289.474
289.49
289.502
289.509
289.509
289.501
290.299
290.286
290.277
290.269
290.258
290.243
290.224
290.199
290.17
290.136
290.098
290.058
290.021
289.986
289.95
289.912
289.871
289.826
289.898
289.898
289.898
289.842
289.784
289.726
289.669
289.616
289.568
289.528
289.496
289.471
289.453
289.442
289.437
289.437
289.441
289.45
289.463
289.48
289.496
289.509
289.516
289.516
289.509
290.31
290.301
290.297
290.293
290.286
290.276
290.261
290.243
290.22
290.193
290.163
290.131
290.1
290.069
290.036
289.999
289.957
289.909
289.856
289.949
289.949
289.949
289.881
289.811
289.742
289.676
289.617
289.565
289.523
289.49
289.467
289.451
289.443
289.44
289.443
289.451
289.463
289.477
289.49
289.5
289.503
289.496
289.482
290.323
290.319
290.32
290.322
290.32
290.315
290.306
290.293
290.277
290.258
290.237
290.212
290.188
290.162
290.132
290.095
290.052
290
289.942
289.879
289.994
289.994
289.994
289.911
289.828
289.748
289.674
289.609
289.556
289.513
289.482
289.46
289.448
289.443
289.444
289.449
289.458
289.469
289.478
289.483
289.48
289.468
289.45
290.336
290.341
290.348
290.356
290.361
290.361
290.358
290.351
290.342
290.331
290.317
290.301
290.283
290.261
290.233
290.197
290.152
290.097
290.034
289.963
289.887
290.024
290.024
290.024
289.926
289.829
289.74
289.66
289.593
289.539
289.499
289.471
289.453
289.445
289.443
289.446
289.452
289.458
289.464
289.464
289.457
289.442
289.423
290.352
290.367
290.384
290.401
290.412
290.418
290.42
290.418
290.415
290.41
290.403
290.392
290.379
290.36
290.334
290.298
290.251
290.193
290.124
290.046
289.962
289.876
290.03
290.03
290.03
289.917
289.811
289.716
289.634
289.568
289.517
289.482
289.459
289.446
289.441
289.441
289.444
289.447
289.449
289.446
289.437
289.42
289.401
290.371
290.399
290.428
290.455
290.475
290.487
290.492
290.494
290.493
290.491
290.488
290.482
290.471
290.453
290.427
290.39
290.341
290.279
290.205
290.121
290.03
289.936
289.842
290.004
290.004
290.004
289.882
289.771
289.675
289.597
289.536
289.493
289.464
289.447
289.438
289.436
289.436
289.436
289.435
289.43
289.418
289.401
289.383
290.397
290.44
290.486
290.526
290.556
290.572
290.579
290.58
290.578
290.575
290.57
290.563
290.55
290.531
290.502
290.464
290.413
290.347
290.269
290.179
290.083
289.982
289.883
289.788
289.943
289.943
289.943
289.82
289.711
289.622
289.552
289.502
289.468
289.447
289.435
289.43
289.427
289.426
289.422
289.415
289.403
289.386
289.369
290.423
290.484
290.547
290.602
290.641
290.661
290.668
290.665
290.658
290.649
290.638
290.625
290.607
290.583
290.55
290.504
290.444
290.372
290.287
290.193
290.094
289.993
289.894
289.8
289.713
289.845
289.845
289.845
289.733
289.638
289.563
289.507
289.469
289.445
289.431
289.423
289.419
289.416
289.411
289.402
289.39
289.373
289.358
290.45
290.526
290.606
290.676
290.724
290.747
290.751
290.742
290.727
290.708
290.686
290.662
290.634
290.597
290.55
290.492
290.422
290.34
290.25
290.154
290.056
289.96
289.869
289.783
289.703
289.632
289.727
289.727
289.727
289.636
289.562
289.506
289.468
289.442
289.426
289.417
289.411
289.406
289.4
289.391
289.379
289.363
289.35
290.47
290.559
290.653
290.737
290.794
290.821
290.822
290.804
290.777
290.744
290.707
290.665
290.616
290.56
290.495
290.42
290.336
290.246
290.152
290.059
289.969
289.884
289.807
289.735
289.67
289.61
289.557
289.613
289.613
289.613
289.548
289.498
289.461
289.436
289.42
289.41
289.403
289.397
289.391
289.382
289.37
289.356
289.345
290.478
290.573
290.677
290.774
290.842
290.876
290.875
290.848
290.805
290.752
290.691
290.623
290.549
290.467
290.38
290.287
290.192
290.097
290.006
289.922
289.846
289.78
289.72
289.666
289.617
289.572
289.531
289.494
289.523
289.523
289.523
289.481
289.45
289.427
289.411
289.401
289.394
289.388
289.382
289.374
289.363
289.35
289.34
290.463
290.557
290.665
290.771
290.855
290.901
290.897
290.858
290.797
290.721
290.634
290.537
290.434
290.327
290.218
290.111
290.01
289.919
289.839
289.771
289.715
289.667
289.626
289.589
289.555
289.523
289.494
289.468
289.445
289.456
289.456
289.456
289.432
289.432
289.413
289.4
289.391
289.384
289.379
289.373
289.366
289.356
289.345
289.337
290.421
290.491
290.597
290.709
290.809
290.869
290.872
290.827
290.752
290.655
290.542
290.419
290.29
290.161
290.038
289.926
289.83
289.751
289.688
289.638
289.599
289.567
289.539
289.514
289.492
289.471
289.451
289.434
289.418
289.404
289.393
289.394
289.394
289.394
289.384
289.377
289.372
289.368
289.363
289.357
289.348
289.34
289.334
290.369
290.392
290.459
290.565
290.664
290.751
290.781
290.742
290.662
290.555
290.428
290.289
290.146
290.007
289.882
289.775
289.69
289.626
289.578
289.542
289.514
289.491
289.471
289.453
289.437
289.423
289.41
289.398
289.387
289.378
289.371
289.365
289.363
289.363
289.363
289.358
289.355
289.353
289.35
289.345
289.34
289.335
289.331
290.338
290.332
290.338
290.352
290.391
290.467
290.574
290.555
290.494
290.402
290.287
290.156
290.021
289.893
289.779
289.685
289.613
289.559
289.521
289.491
289.469
289.45
289.434
289.419
289.406
289.394
289.383
289.373
289.365
289.358
289.352
289.347
289.343
289.338
289.338
289.337
289.336
289.335
289.333
289.332
289.33
289.33
)
;
    }
    procBoundary1to2
    {
        type            processor;
        value           nonuniform List<scalar> 
1404
(
289.15
289.15
289.15
289.15
289.15
289.15
289.15
289.15
289.15
289.15
289.15
289.15
289.15
289.15
289.15
289.15
289.15
289.15
289.15
289.15
289.15
289.15
289.15
289.15
289.15
289.15
289.15
289.15
289.15
289.15
289.15
289.15
289.15
289.15
289.15
289.15
289.15
289.15
289.15
289.15
289.15
289.15
289.15
289.15
289.15
289.15
289.15
289.15
289.15
289.15
289.15
289.15
289.15
289.15
289.15
289.15
289.15
289.15
289.15
289.15
289.15
289.15
289.15
289.15
289.15
289.15
289.15
289.15
289.15
289.15
289.15
289.15
289.15
289.15
289.15
289.15
289.15
289.15
289.15
289.15
289.15
289.15
289.15
289.15
289.15
289.15
289.15
289.15
289.15
289.15
289.15
289.15
289.15
289.15
289.15
289.15
289.15
289.15
289.15
289.15
289.15
289.15
289.15
289.15
289.15
289.15
289.15
289.15
289.15
289.15
289.15
289.15
289.15
289.15
289.15
289.15
289.15
289.15
289.15
289.15
289.15
289.15
289.15
289.15
289.15
289.15
289.15
289.15
289.15
289.15
289.15
289.15
289.15
289.15
289.15
289.15
289.15
289.15
289.15
289.15
289.15
289.15
289.15
289.15
289.15
289.15
289.15
289.15
289.15
289.15
289.15
289.15
289.15
289.15
289.15
289.15
289.15
289.15
289.15
289.15
289.15
289.15
289.15
289.15
289.15
289.15
289.15
289.15
289.15
289.15
289.15
289.15
289.15
289.15
289.15
289.15
289.15
289.15
289.15
289.15
289.15
289.15
289.15
289.15
289.15
289.15
289.15
289.15
289.15
289.15
289.15
289.15
289.15
289.15
289.15
289.15
289.15
289.15
289.15
289.15
289.15
289.15
289.15
289.15
289.15
289.15
289.15
289.15
289.15
289.15
289.15
289.15
289.15
289.15
289.15
289.15
289.15
289.15
289.15
289.15
289.15
289.15
289.15
289.15
289.15
289.15
289.15
289.15
289.15
289.15
289.15
289.15
289.15
289.15
289.15
289.15
289.15
289.15
289.15
289.15
289.15
289.15
289.15
289.15
289.15
289.15
289.15
289.15
289.15
289.15
289.15
289.15
289.15
289.15
289.15
289.15
289.15
289.15
289.15
289.15
289.15
289.15
289.15
289.15
289.15
289.15
289.15
289.15
289.15
289.15
289.15
289.15
289.15
289.15
289.15
289.15
289.15
290.205
290.204
290.203
290.073
290.066
290.047
290.028
290.01
289.995
289.982
289.976
289.998
290.189
290.773
291.929
291.318
290.937
290.691
290.526
290.405
290.309
290.219
290.1
289.812
289.655
289.574
289.525
289.523
289.519
289.639
289.678
289.703
289.715
290.208
290.21
290.206
290.038
290.008
290.015
289.989
289.964
289.944
289.929
289.923
289.937
290.022
290.376
291.163
292.186
291.483
291.054
290.787
290.607
290.476
290.37
290.267
290.11
289.757
289.606
289.53
289.485
289.488
289.486
289.57
289.629
289.67
289.703
290.218
290.219
290.215
290.008
290.008
289.96
289.932
289.928
289.9
289.881
289.875
289.892
289.962
290.18
290.763
291.693
292.785
291.723
291.174
290.865
290.662
290.514
290.388
290.262
290.063
289.693
289.557
289.492
289.452
289.458
289.461
289.527
289.584
289.637
289.683
290.23
290.231
290.226
289.971
289.932
289.932
289.88
289.845
289.851
289.838
289.851
289.911
290.073
290.456
291.197
292.219
293.212
291.844
291.216
290.879
290.658
290.491
290.343
290.196
289.979
289.629
289.515
289.459
289.426
289.432
289.441
289.497
289.552
289.612
289.669
290.243
290.244
290.239
289.947
289.897
289.845
289.845
289.821
289.781
289.822
289.869
290.001
290.29
290.808
291.608
292.597
293.437
291.795
291.139
290.796
290.564
290.381
290.218
290.072
289.872
289.57
289.479
289.433
289.404
289.411
289.425
289.475
289.529
289.593
289.658
290.256
290.258
290.253
289.932
289.874
289.817
289.781
289.781
289.84
289.782
289.94
290.155
290.538
291.13
291.924
292.782
293.396
291.557
290.926
290.6
290.372
290.188
290.037
289.912
289.761
289.519
289.449
289.411
289.387
289.394
289.412
289.458
289.511
289.577
289.646
290.271
290.273
290.269
289.926
289.86
289.804
289.775
289.782
289.782
290.033
289.87
290.311
290.747
291.358
292.096
292.791
293.095
291.274
290.627
290.33
290.129
289.972
289.85
289.765
289.665
289.478
289.425
289.394
289.374
289.381
289.401
289.445
289.498
289.564
289.634
290.286
290.29
290.287
289.927
289.857
289.806
289.784
289.801
289.87
289.87
290.433
290.022
290.886
291.474
292.122
292.642
292.665
290.96
290.313
290.067
289.911
289.799
289.718
289.667
289.593
289.447
289.405
289.38
289.364
289.37
289.393
289.435
289.487
289.552
289.62
290.303
290.308
290.306
289.937
289.868
289.82
289.803
289.826
289.898
290.022
290.022
290.957
290.183
291.496
292.042
292.406
292.248
290.667
290.059
289.873
289.764
289.69
289.639
289.605
289.542
289.423
289.389
289.369
289.355
289.362
289.385
289.427
289.479
289.542
289.606
290.32
290.328
290.327
289.957
289.891
289.846
289.832
289.857
289.926
290.04
290.183
290.183
291.462
290.299
291.912
292.153
291.885
290.424
289.898
289.752
289.675
289.624
289.59
289.565
289.506
289.405
289.376
289.359
289.348
289.355
289.38
289.421
289.472
289.533
289.589
290.339
290.349
290.35
289.987
289.924
289.882
289.87
289.895
289.961
290.062
290.185
290.299
290.299
291.781
290.326
291.936
291.609
290.252
289.802
289.681
289.622
289.585
289.561
289.539
289.48
289.391
289.366
289.352
289.343
289.35
289.375
289.415
289.466
289.523
289.573
290.359
290.372
290.376
290.026
289.967
289.929
289.919
289.944
290.005
290.096
290.202
290.292
290.326
290.326
291.781
290.242
291.422
290.142
289.747
289.64
289.592
289.562
289.542
289.521
289.461
289.38
289.358
289.345
289.338
289.346
289.37
289.411
289.46
289.514
289.558
290.38
290.397
290.403
290.075
290.021
289.987
289.979
290.004
290.061
290.145
290.238
290.312
290.327
290.242
290.242
291.312
290.048
290.079
289.719
289.619
289.576
289.55
289.532
289.51
289.447
289.372
289.351
289.34
289.334
289.342
289.367
289.406
289.454
289.504
289.544
290.403
290.425
290.434
290.137
290.087
290.057
290.051
290.077
290.133
290.212
290.297
290.358
290.359
290.262
290.048
290.048
290.049
289.798
289.708
289.611
289.57
289.545
289.527
289.502
289.437
289.366
289.346
289.336
289.331
289.339
289.363
289.402
289.449
289.496
289.531
290.427
290.455
290.469
290.209
290.164
290.138
290.135
290.163
290.22
290.298
290.377
290.43
290.42
290.309
290.084
289.798
289.798
289.712
289.696
289.613
289.571
289.546
289.526
289.499
289.43
289.362
289.343
289.332
289.328
289.336
289.36
289.398
289.444
289.487
289.518
290.453
290.49
290.51
290.292
290.253
290.231
290.232
290.264
290.325
290.404
290.482
290.529
290.507
290.382
290.141
289.844
289.696
289.696
289.624
289.666
289.58
289.552
289.53
289.498
289.426
289.36
289.341
289.33
289.326
289.334
289.358
289.395
289.439
289.479
289.506
290.482
290.53
290.564
290.387
290.354
290.337
290.345
290.383
290.45
290.533
290.612
290.654
290.622
290.48
290.221
289.907
289.749
289.666
289.666
289.596
289.666
289.564
289.538
289.501
289.424
289.359
289.34
289.328
289.324
289.332
289.356
289.392
289.434
289.471
289.494
290.515
290.581
290.645
290.496
290.47
290.459
290.475
290.521
290.597
290.688
290.771
290.81
290.768
290.607
290.327
289.994
289.823
289.73
289.666
289.666
289.585
289.688
289.553
289.508
289.426
289.361
289.34
289.327
289.323
289.33
289.354
289.389
289.429
289.463
289.483
290.555
290.648
290.764
290.623
290.604
290.602
290.627
290.685
290.773
290.876
290.965
291.004
290.951
290.772
290.468
290.122
289.939
289.834
289.754
289.688
289.688
289.583
289.739
289.528
289.434
289.368
289.343
289.328
289.322
289.329
289.352
289.387
289.425
289.455
289.471
290.604
290.732
290.92
290.782
290.765
290.771
290.808
290.883
290.988
291.106
291.208
291.252
291.192
290.995
290.683
290.348
290.164
290.044
289.937
289.839
289.739
289.739
289.594
289.792
289.465
289.595
289.384
289.349
289.33
289.322
289.328
289.351
289.385
289.42
289.447
289.459
290.644
290.835
291.094
291.436
291.75
291.894
291.872
291.778
291.639
291.459
291.239
291.003
290.967
290.979
291.032
291.127
291.256
291.401
291.529
291.596
291.544
291.351
291.077
290.818
290.663
290.523
290.361
290.187
289.995
289.792
289.595
289.595
289.421
289.503
289.361
289.333
289.322
289.327
289.35
289.383
289.415
289.438
289.446
290.764
291.013
291.317
291.65
291.926
292.038
292.012
291.924
291.799
291.643
291.469
291.298
291.234
291.246
291.315
291.437
291.602
291.791
291.966
292.077
292.075
291.955
291.79
291.655
291.529
291.324
291.061
290.749
290.395
290.023
289.695
289.503
289.503
289.375
289.425
289.338
289.323
289.327
289.349
289.38
289.409
289.426
289.422
290.89
291.205
291.565
291.896
292.125
292.195
292.165
292.09
291.986
291.861
291.728
291.606
291.55
291.573
291.669
291.829
292.043
292.284
292.514
292.686
292.758
292.72
292.605
292.41
292.141
291.835
291.48
291.07
290.614
290.144
289.752
289.526
289.425
289.425
289.342
289.379
289.324
289.327
289.348
289.378
289.402
289.412
289.394
291.012
291.389
291.786
292.104
292.283
292.323
292.297
292.241
292.165
292.079
291.992
291.921
291.901
291.956
292.09
292.293
292.549
292.826
293.082
293.263
293.309
293.167
292.831
292.45
292.092
291.746
291.371
290.958
290.517
290.079
289.73
289.527
289.427
289.379
289.379
289.325
289.357
289.327
289.347
289.374
289.394
289.398
289.374
291.123
291.551
291.97
292.261
292.39
292.42
292.406
292.374
292.332
292.29
292.255
292.241
292.271
292.366
292.533
292.759
293.017
293.264
293.44
293.469
293.259
292.834
292.343
291.924
291.579
291.264
290.932
290.595
290.253
289.931
289.675
289.511
289.421
289.376
289.357
289.357
289.326
289.35
289.345
289.369
289.385
289.384
289.36
291.215
291.681
292.094
292.35
292.46
292.492
292.493
292.485
292.478
292.478
292.493
292.531
292.602
292.723
292.89
293.078
293.247
293.333
293.259
292.958
292.482
291.949
291.503
291.171
290.911
290.674
290.447
290.217
289.988
289.776
289.603
289.482
289.409
289.369
289.352
289.35
289.35
289.342
289.352
289.362
289.374
289.37
289.35
291.265
291.737
292.145
292.39
292.5
292.539
292.555
292.568
292.587
292.617
292.661
292.723
292.801
292.895
292.987
293.038
292.993
292.787
292.405
291.905
291.398
290.984
290.694
290.491
290.332
290.19
290.051
289.909
289.768
289.638
289.528
289.446
289.392
289.359
289.344
289.343
289.352
289.352
289.354
289.35
289.362
289.355
289.341
291.208
291.682
292.109
292.375
292.508
292.56
292.584
292.606
292.631
292.661
292.694
292.726
292.747
292.738
292.664
292.486
292.171
291.739
291.249
290.801
290.459
290.231
290.086
289.986
289.906
289.833
289.76
289.68
289.6
289.525
289.459
289.407
289.37
289.346
289.335
289.334
289.342
289.35
289.35
289.348
289.336
289.343
289.334
290.973
291.413
291.916
292.248
292.466
292.544
292.565
292.571
292.571
292.562
292.536
292.482
292.38
292.209
291.945
291.576
291.131
290.677
290.295
290.029
289.863
289.763
289.699
289.652
289.613
289.578
289.544
289.509
289.471
289.433
289.398
289.369
289.346
289.331
289.323
289.323
289.33
289.335
289.336
289.336
289.33
289.321
289.326
290.892
291.006
291.235
291.662
292.294
292.487
292.506
292.487
292.449
292.39
292.302
292.175
291.995
291.744
291.414
291.014
290.587
290.201
289.919
289.743
289.642
289.579
289.535
289.501
289.473
289.447
289.424
289.403
289.383
289.365
289.348
289.334
289.322
289.313
289.309
289.309
289.315
289.319
289.32
289.321
289.321
289.32
)
;
    }
}


// ************************************************************************* //
