/*--------------------------------*- C++ -*----------------------------------*\
| =========                 |                                                 |
| \\      /  F ield         | OpenFOAM: The Open Source CFD Toolbox           |
|  \\    /   O peration     | Version:  2.3.1                                 |
|   \\  /    A nd           | Web:      www.OpenFOAM.org                      |
|    \\/     M anipulation  |                                                 |
\*---------------------------------------------------------------------------*/
FoamFile
{
    version     2.0;
    format      ascii;
    class       labelList;
    location    "constant/polyMesh";
    object      cellProcAddressing;
}
// * * * * * * * * * * * * * * * * * * * * * * * * * * * * * * * * * * * * * //


6852
(
20
21
22
23
24
25
55
56
57
58
59
60
90
91
92
93
94
95
125
126
127
128
129
130
160
161
162
163
164
165
196
197
198
199
200
231
232
233
234
235
266
267
268
269
270
301
302
303
304
305
336
337
338
339
340
371
372
373
374
375
406
407
408
409
410
441
442
443
444
445
476
477
478
479
480
511
512
513
514
515
546
547
548
549
550
581
582
583
584
585
616
617
618
619
620
651
652
653
654
655
686
687
688
689
690
721
722
723
724
725
756
757
758
759
760
791
792
793
794
795
826
827
828
829
830
861
862
863
864
865
896
897
898
899
900
931
932
933
934
935
966
967
968
969
970
1001
1002
1003
1004
1005
1036
1037
1038
1039
1040
1071
1072
1073
1074
1075
1106
1107
1108
1109
1110
1141
1142
1143
1144
1145
1176
1177
1178
1179
1180
1211
1212
1213
1214
1215
1246
1247
1248
1249
1250
1281
1282
1283
1284
1285
1316
1317
1318
1319
1320
1351
1352
1353
1354
1355
1386
1387
1388
1389
1390
1421
1422
1423
1424
1425
1455
1456
1457
1458
1459
1490
1491
1492
1493
1494
1495
1525
1526
1527
1528
1529
1530
1560
1561
1562
1563
1564
1565
1595
1596
1597
1598
1599
1600
1630
1631
1632
1633
1634
1635
1666
1667
1668
1669
1670
1701
1702
1703
1704
1705
1736
1737
1738
1739
1740
1771
1772
1773
1774
1775
1806
1807
1808
1809
1810
1841
1842
1843
1844
1845
1876
1877
1878
1879
1880
1911
1912
1913
1914
1915
1946
1947
1948
1949
1950
1981
1982
1983
1984
1985
2016
2017
2018
2019
2020
2051
2052
2053
2054
2055
2086
2087
2088
2089
2090
2121
2122
2123
2124
2125
2156
2157
2158
2159
2160
2191
2192
2193
2194
2195
2226
2227
2228
2229
2230
2261
2262
2263
2264
2265
2296
2297
2298
2299
2300
2331
2332
2333
2334
2335
2366
2367
2368
2369
2370
2401
2402
2403
2404
2405
2436
2437
2438
2439
2440
2471
2472
2473
2474
2475
2506
2507
2508
2509
2510
2541
2542
2543
2544
2545
2576
2577
2578
2579
2580
2611
2612
2613
2614
2615
2646
2647
2648
2649
2650
2681
2682
2683
2684
2685
2716
2717
2718
2719
2720
2751
2752
2753
2754
2755
2786
2787
2788
2789
2790
2821
2822
2823
2824
2825
2856
2857
2858
2859
2860
2890
2891
2892
2893
2894
2925
2926
2927
2928
2929
2960
2961
2962
2963
2964
2965
2995
2996
2997
2998
2999
3000
3030
3031
3032
3033
3034
3035
3065
3066
3067
3068
3069
3070
3100
3101
3102
3103
3104
3105
3136
3137
3138
3139
3140
3171
3172
3173
3174
3175
3206
3207
3208
3209
3210
3241
3242
3243
3244
3245
3276
3277
3278
3279
3280
3311
3312
3313
3314
3315
3346
3347
3348
3349
3350
3381
3382
3383
3384
3385
3416
3417
3418
3419
3420
3451
3452
3453
3454
3455
3486
3487
3488
3489
3490
3521
3522
3523
3524
3525
3556
3557
3558
3559
3560
3591
3592
3593
3594
3595
3626
3627
3628
3629
3630
3661
3662
3663
3664
3665
3696
3697
3698
3699
3700
3731
3732
3733
3734
3735
3766
3767
3768
3769
3770
3801
3802
3803
3804
3805
3836
3837
3838
3839
3840
3871
3872
3873
3874
3875
3906
3907
3908
3909
3910
3941
3942
3943
3944
3945
3976
3977
3978
3979
3980
4011
4012
4013
4014
4015
4046
4047
4048
4049
4050
4081
4082
4083
4084
4085
4116
4117
4118
4119
4120
4151
4152
4153
4154
4155
4186
4187
4188
4189
4190
4221
4222
4223
4224
4225
4256
4257
4258
4259
4260
4291
4292
4293
4294
4295
4325
4326
4327
4328
4329
4360
4361
4362
4363
4364
4395
4396
4397
4398
4399
4430
4431
4432
4433
4434
4435
4465
4466
4467
4468
4469
4470
4500
4501
4502
4503
4504
4505
4535
4536
4537
4538
4539
4540
4570
4571
4572
4573
4574
4575
4605
4606
4607
4608
4609
4610
4641
4642
4643
4644
4645
4676
4677
4678
4679
4680
4711
4712
4713
4714
4715
4746
4747
4748
4749
4750
4781
4782
4783
4784
4785
4816
4817
4818
4819
4820
4851
4852
4853
4854
4855
4886
4887
4888
4889
4890
4921
4922
4923
4924
4925
4956
4957
4958
4959
4960
4991
4992
4993
4994
4995
5026
5027
5028
5029
5030
5061
5062
5063
5064
5065
5096
5097
5098
5099
5100
5131
5132
5133
5134
5135
5166
5167
5168
5169
5170
5201
5202
5203
5204
5205
5236
5237
5238
5239
5240
5271
5272
5273
5274
5275
5306
5307
5308
5309
5310
5341
5342
5343
5344
5345
5376
5377
5378
5379
5380
5411
5412
5413
5414
5415
5446
5447
5448
5449
5450
5481
5482
5483
5484
5485
5516
5517
5518
5519
5520
5551
5552
5553
5554
5555
5586
5587
5588
5589
5590
5621
5622
5623
5624
5625
5656
5657
5658
5659
5660
5691
5692
5693
5694
5695
5726
5727
5728
5729
5730
5760
5761
5762
5763
5764
5795
5796
5797
5798
5799
5830
5831
5832
5833
5834
5865
5866
5867
5868
5869
5900
5901
5902
5903
5904
5905
5935
5936
5937
5938
5939
5940
5970
5971
5972
5973
5974
5975
6005
6006
6007
6008
6009
6010
6040
6041
6042
6043
6044
6045
6075
6076
6077
6078
6079
6080
6111
6112
6113
6114
6115
6146
6147
6148
6149
6150
6181
6182
6183
6184
6185
6216
6217
6218
6219
6220
6251
6252
6253
6254
6255
6286
6287
6288
6289
6290
6321
6322
6323
6324
6325
6356
6357
6358
6359
6360
6391
6392
6393
6394
6395
6426
6427
6428
6429
6430
6461
6462
6463
6464
6465
6496
6497
6498
6499
6500
6531
6532
6533
6534
6535
6566
6567
6568
6569
6570
6601
6602
6603
6604
6605
6636
6637
6638
6639
6640
6671
6672
6673
6674
6675
6706
6707
6708
6709
6710
6741
6742
6743
6744
6745
6776
6777
6778
6779
6780
6811
6812
6813
6814
6815
6846
6847
6848
6849
6850
6881
6882
6883
6884
6885
6916
6917
6918
6919
6920
6951
6952
6953
6954
6955
6986
6987
6988
6989
6990
7021
7022
7023
7024
7025
7056
7057
7058
7059
7060
7091
7092
7093
7094
7095
7126
7127
7128
7129
7130
7161
7162
7163
7164
7165
7195
7196
7197
7198
7199
7230
7231
7232
7233
7234
7265
7266
7267
7268
7269
7300
7301
7302
7303
7304
7335
7336
7337
7338
7339
7370
7371
7372
7373
7374
7375
7405
7406
7407
7408
7409
7410
7440
7441
7442
7443
7444
7445
7475
7476
7477
7478
7479
7480
7510
7511
7512
7513
7514
7515
7545
7546
7547
7548
7549
7550
7581
7582
7583
7584
7585
7616
7617
7618
7619
7620
7651
7652
7653
7654
7655
7686
7687
7688
7689
7690
7721
7722
7723
7724
7725
7756
7757
7758
7759
7760
7791
7792
7793
7794
7795
7826
7827
7828
7829
7830
7861
7862
7863
7864
7865
7896
7897
7898
7899
7900
7931
7932
7933
7934
7935
7966
7967
7968
7969
7970
8001
8002
8003
8004
8005
8036
8037
8038
8039
8040
8071
8072
8073
8074
8075
8106
8107
8108
8109
8110
8141
8142
8143
8144
8145
8176
8177
8178
8179
8180
8211
8212
8213
8214
8215
8246
8247
8248
8249
8250
8281
8282
8283
8284
8285
8316
8317
8318
8319
8320
8351
8352
8353
8354
8355
8386
8387
8388
8389
8390
8421
8422
8423
8424
8425
8456
8457
8458
8459
8460
8491
8492
8493
8494
8495
8526
8527
8528
8529
8530
8561
8562
8563
8564
8565
8596
8597
8598
8599
8600
8623
8624
8625
8626
8627
8643
8644
8645
8646
8647
8663
8664
8665
8666
8667
8683
8684
8685
8686
8687
8688
8703
8704
8705
8706
8707
8708
8723
8724
8725
8726
8727
8728
8743
8744
8745
8746
8747
8748
8763
8764
8765
8766
8767
8768
8819
8820
8821
8822
8823
8839
8840
8841
8842
8843
8859
8860
8861
8862
8863
8879
8880
8881
8882
8883
8899
8900
8901
8902
8903
8904
8919
8920
8921
8922
8923
8924
8939
8940
8941
8942
8943
8944
8959
8960
8961
8962
8963
8964
9022
9023
9024
9025
9026
9057
9058
9059
9060
9061
9092
9093
9094
9095
9096
9247
9248
9249
9250
9251
9252
9282
9283
9284
9285
9286
9287
9317
9318
9319
9320
9321
9322
9353
9354
9355
9356
9357
9388
9389
9390
9391
9392
9423
9424
9425
9426
9427
9458
9459
9460
9461
9462
9493
9494
9495
9496
9497
9528
9529
9530
9531
9532
9563
9564
9565
9566
9567
9598
9599
9600
9601
9602
9633
9634
9635
9636
9637
9662
9663
9664
9665
9666
9691
9692
9693
9694
9695
9720
9721
9722
9723
9724
9749
9750
9751
9752
9753
9778
9779
9780
9781
9782
9807
9808
9809
9810
9811
9836
9837
9838
9839
9840
9865
9866
9867
9868
9869
9900
9901
9902
9903
9904
9935
9936
9937
9938
9939
9970
9971
9972
9973
9974
10005
10006
10007
10008
10009
10040
10041
10042
10043
10044
10075
10076
10077
10078
10079
10110
10111
10112
10113
10114
10145
10146
10147
10148
10149
10180
10181
10182
10183
10184
10215
10216
10217
10218
10219
10249
10250
10251
10252
10253
10284
10285
10286
10287
10288
10319
10320
10321
10322
10323
10474
10475
10476
10477
10478
10479
10509
10510
10511
10512
10513
10514
10544
10545
10546
10547
10548
10549
10579
10580
10581
10582
10583
10584
10615
10616
10617
10618
10619
10650
10651
10652
10653
10654
10685
10686
10687
10688
10689
10720
10721
10722
10723
10724
10755
10756
10757
10758
10759
10790
10791
10792
10793
10794
10825
10826
10827
10828
10829
10860
10861
10862
10863
10864
10889
10890
10891
10892
10893
10918
10919
10920
10921
10922
10947
10948
10949
10950
10951
10976
10977
10978
10979
10980
11005
11006
11007
11008
11009
11034
11035
11036
11037
11038
11063
11064
11065
11066
11067
11092
11093
11094
11095
11096
11127
11128
11129
11130
11131
11162
11163
11164
11165
11166
11197
11198
11199
11200
11201
11232
11233
11234
11235
11236
11267
11268
11269
11270
11271
11302
11303
11304
11305
11306
11337
11338
11339
11340
11341
11372
11373
11374
11375
11376
11407
11408
11409
11410
11411
11442
11443
11444
11445
11446
11476
11477
11478
11479
11480
11511
11512
11513
11514
11515
11546
11547
11548
11549
11550
11701
11702
11703
11704
11705
11706
11736
11737
11738
11739
11740
11741
11771
11772
11773
11774
11775
11776
11806
11807
11808
11809
11810
11811
11841
11842
11843
11844
11845
11846
11877
11878
11879
11880
11881
11912
11913
11914
11915
11916
11947
11948
11949
11950
11951
11982
11983
11984
11985
11986
12017
12018
12019
12020
12021
12052
12053
12054
12055
12056
12087
12088
12089
12090
12091
12116
12117
12118
12119
12120
12145
12146
12147
12148
12149
12174
12175
12176
12177
12178
12203
12204
12205
12206
12207
12232
12233
12234
12235
12236
12261
12262
12263
12264
12265
12290
12291
12292
12293
12294
12319
12320
12321
12322
12323
12354
12355
12356
12357
12358
12389
12390
12391
12392
12393
12424
12425
12426
12427
12428
12459
12460
12461
12462
12463
12494
12495
12496
12497
12498
12529
12530
12531
12532
12533
12564
12565
12566
12567
12568
12599
12600
12601
12602
12603
12634
12635
12636
12637
12638
12669
12670
12671
12672
12673
12703
12704
12705
12706
12707
12738
12739
12740
12741
12742
12773
12774
12775
12776
12777
12928
12929
12930
12931
12932
12933
12963
12964
12965
12966
12967
12968
12998
12999
13000
13001
13002
13003
13033
13034
13035
13036
13037
13038
13068
13069
13070
13071
13072
13073
13103
13104
13105
13106
13107
13108
13139
13140
13141
13142
13143
13174
13175
13176
13177
13178
13209
13210
13211
13212
13213
13244
13245
13246
13247
13248
13279
13280
13281
13282
13283
13314
13315
13316
13317
13318
13343
13344
13345
13346
13347
13372
13373
13374
13375
13376
13401
13402
13403
13404
13405
13430
13431
13432
13433
13434
13459
13460
13461
13462
13463
13488
13489
13490
13491
13492
13517
13518
13519
13520
13521
13546
13547
13548
13549
13550
13581
13582
13583
13584
13585
13616
13617
13618
13619
13620
13651
13652
13653
13654
13655
13686
13687
13688
13689
13690
13721
13722
13723
13724
13725
13756
13757
13758
13759
13760
13791
13792
13793
13794
13795
13826
13827
13828
13829
13830
13861
13862
13863
13864
13865
13896
13897
13898
13899
13900
13930
13931
13932
13933
13934
13965
13966
13967
13968
13969
14000
14001
14002
14003
14004
14155
14156
14157
14158
14159
14190
14191
14192
14193
14194
14195
14225
14226
14227
14228
14229
14230
14260
14261
14262
14263
14264
14265
14295
14296
14297
14298
14299
14300
14330
14331
14332
14333
14334
14335
14365
14366
14367
14368
14369
14370
14401
14402
14403
14404
14405
14436
14437
14438
14439
14440
14471
14472
14473
14474
14475
14506
14507
14508
14509
14510
14541
14542
14543
14544
14545
14570
14571
14572
14573
14574
14599
14600
14601
14602
14603
14628
14629
14630
14631
14632
14657
14658
14659
14660
14661
14686
14687
14688
14689
14690
14715
14716
14717
14718
14719
14744
14745
14746
14747
14748
14773
14774
14775
14776
14777
14808
14809
14810
14811
14812
14843
14844
14845
14846
14847
14878
14879
14880
14881
14882
14913
14914
14915
14916
14917
14948
14949
14950
14951
14952
14983
14984
14985
14986
14987
15018
15019
15020
15021
15022
15053
15054
15055
15056
15057
15088
15089
15090
15091
15092
15123
15124
15125
15126
15127
15157
15158
15159
15160
15161
15192
15193
15194
15195
15196
15227
15228
15229
15230
15231
15382
15383
15384
15385
15386
15417
15418
15419
15420
15421
15452
15453
15454
15455
15456
15457
15487
15488
15489
15490
15491
15492
15522
15523
15524
15525
15526
15527
15557
15558
15559
15560
15561
15562
15592
15593
15594
15595
15596
15597
15627
15628
15629
15630
15631
15632
15663
15664
15665
15666
15667
15698
15699
15700
15701
15702
15733
15734
15735
15736
15737
15768
15769
15770
15771
15772
15797
15798
15799
15800
15801
15826
15827
15828
15829
15830
15855
15856
15857
15858
15859
15884
15885
15886
15887
15888
15913
15914
15915
15916
15917
15942
15943
15944
15945
15946
15971
15972
15973
15974
15975
16000
16001
16002
16003
16004
16035
16036
16037
16038
16039
16070
16071
16072
16073
16074
16105
16106
16107
16108
16109
16140
16141
16142
16143
16144
16175
16176
16177
16178
16179
16210
16211
16212
16213
16214
16245
16246
16247
16248
16249
16280
16281
16282
16283
16284
16315
16316
16317
16318
16319
16350
16351
16352
16353
16354
16384
16385
16386
16387
16388
16419
16420
16421
16422
16423
16454
16455
16456
16457
16458
16609
16610
16611
16612
16613
16644
16645
16646
16647
16648
16679
16680
16681
16682
16683
16714
16715
16716
16717
16718
16719
16749
16750
16751
16752
16753
16754
16784
16785
16786
16787
16788
16789
16819
16820
16821
16822
16823
16824
16854
16855
16856
16857
16858
16859
16889
16890
16891
16892
16893
16894
16925
16926
16927
16928
16929
16960
16961
16962
16963
16964
16995
16996
16997
16998
16999
17024
17025
17026
17027
17028
17053
17054
17055
17056
17057
17082
17083
17084
17085
17086
17111
17112
17113
17114
17115
17140
17141
17142
17143
17144
17169
17170
17171
17172
17173
17198
17199
17200
17201
17202
17227
17228
17229
17230
17231
17262
17263
17264
17265
17266
17297
17298
17299
17300
17301
17332
17333
17334
17335
17336
17367
17368
17369
17370
17371
17402
17403
17404
17405
17406
17437
17438
17439
17440
17441
17472
17473
17474
17475
17476
17507
17508
17509
17510
17511
17542
17543
17544
17545
17546
17577
17578
17579
17580
17581
17611
17612
17613
17614
17615
17646
17647
17648
17649
17650
17681
17682
17683
17684
17685
17836
17837
17838
17839
17840
17871
17872
17873
17874
17875
17906
17907
17908
17909
17910
17941
17942
17943
17944
17945
17976
17977
17978
17979
17980
17981
18011
18012
18013
18014
18015
18016
18046
18047
18048
18049
18050
18051
18081
18082
18083
18084
18085
18086
18116
18117
18118
18119
18120
18121
18151
18152
18153
18154
18155
18156
18187
18188
18189
18190
18191
18222
18223
18224
18225
18226
18251
18252
18253
18254
18255
18280
18281
18282
18283
18284
18309
18310
18311
18312
18313
18338
18339
18340
18341
18342
18367
18368
18369
18370
18371
18396
18397
18398
18399
18400
18425
18426
18427
18428
18429
18454
18455
18456
18457
18458
18489
18490
18491
18492
18493
18524
18525
18526
18527
18528
18559
18560
18561
18562
18563
18594
18595
18596
18597
18598
18629
18630
18631
18632
18633
18664
18665
18666
18667
18668
18699
18700
18701
18702
18703
18734
18735
18736
18737
18738
18769
18770
18771
18772
18773
18804
18805
18806
18807
18808
18838
18839
18840
18841
18842
18873
18874
18875
18876
18877
18908
18909
18910
18911
18912
19063
19064
19065
19066
19067
19098
19099
19100
19101
19102
19133
19134
19135
19136
19137
19168
19169
19170
19171
19172
19203
19204
19205
19206
19207
19238
19239
19240
19241
19242
19243
19273
19274
19275
19276
19277
19278
19308
19309
19310
19311
19312
19313
19343
19344
19345
19346
19347
19348
19378
19379
19380
19381
19382
19383
19413
19414
19415
19416
19417
19418
19449
19450
19451
19452
19453
19478
19479
19480
19481
19482
19507
19508
19509
19510
19511
19536
19537
19538
19539
19540
19565
19566
19567
19568
19569
19594
19595
19596
19597
19598
19623
19624
19625
19626
19627
19652
19653
19654
19655
19656
19681
19682
19683
19684
19685
19716
19717
19718
19719
19720
19751
19752
19753
19754
19755
19786
19787
19788
19789
19790
19821
19822
19823
19824
19825
19856
19857
19858
19859
19860
19891
19892
19893
19894
19895
19926
19927
19928
19929
19930
19961
19962
19963
19964
19965
19996
19997
19998
19999
20000
20031
20032
20033
20034
20035
20065
20066
20067
20068
20069
20100
20101
20102
20103
20104
20135
20136
20137
20138
20139
20290
20291
20292
20293
20294
20325
20326
20327
20328
20329
20360
20361
20362
20363
20364
20395
20396
20397
20398
20399
20430
20431
20432
20433
20434
20465
20466
20467
20468
20469
20500
20501
20502
20503
20504
20535
20536
20537
20538
20539
20540
20570
20571
20572
20573
20574
20575
20605
20606
20607
20608
20609
20610
20640
20641
20642
20643
20644
20645
20675
20676
20677
20678
20679
20680
20705
20706
20707
20708
20709
20734
20735
20736
20737
20738
20763
20764
20765
20766
20767
20792
20793
20794
20795
20796
20821
20822
20823
20824
20825
20850
20851
20852
20853
20854
20879
20880
20881
20882
20883
20908
20909
20910
20911
20912
20943
20944
20945
20946
20947
20978
20979
20980
20981
20982
21013
21014
21015
21016
21017
21048
21049
21050
21051
21052
21083
21084
21085
21086
21087
21118
21119
21120
21121
21122
21153
21154
21155
21156
21157
21188
21189
21190
21191
21192
21223
21224
21225
21226
21227
21258
21259
21260
21261
21262
21292
21293
21294
21295
21296
21327
21328
21329
21330
21331
21362
21363
21364
21365
21366
21517
21518
21519
21520
21521
21552
21553
21554
21555
21556
21587
21588
21589
21590
21591
21622
21623
21624
21625
21626
21657
21658
21659
21660
21661
21692
21693
21694
21695
21696
21727
21728
21729
21730
21731
21762
21763
21764
21765
21766
21797
21798
21799
21800
21801
21802
21832
21833
21834
21835
21836
21837
21867
21868
21869
21870
21871
21872
21902
21903
21904
21905
21906
21907
21931
21932
21933
21934
21935
21936
21961
21962
21963
21964
21965
21990
21991
21992
21993
21994
22019
22020
22021
22022
22023
22048
22049
22050
22051
22052
22077
22078
22079
22080
22081
22106
22107
22108
22109
22110
22135
22136
22137
22138
22139
22170
22171
22172
22173
22174
22205
22206
22207
22208
22209
22240
22241
22242
22243
22244
22275
22276
22277
22278
22279
22310
22311
22312
22313
22314
22345
22346
22347
22348
22349
22380
22381
22382
22383
22384
22415
22416
22417
22418
22419
22450
22451
22452
22453
22454
22485
22486
22487
22488
22489
22519
22520
22521
22522
22523
22554
22555
22556
22557
22558
22589
22590
22591
22592
22593
22744
22745
22746
22747
22748
22779
22780
22781
22782
22783
22814
22815
22816
22817
22818
22849
22850
22851
22852
22853
22884
22885
22886
22887
22888
22919
22920
22921
22922
22923
22954
22955
22956
22957
22958
22989
22990
22991
22992
22993
23024
23025
23026
23027
23028
23059
23060
23061
23062
23063
23064
23094
23095
23096
23097
23098
23099
23129
23130
23131
23132
23133
23134
23158
23159
23160
23161
23162
23163
23187
23188
23189
23190
23191
23192
23217
23218
23219
23220
23221
23246
23247
23248
23249
23250
23275
23276
23277
23278
23279
23304
23305
23306
23307
23308
23333
23334
23335
23336
23337
23362
23363
23364
23365
23366
23397
23398
23399
23400
23401
23432
23433
23434
23435
23436
23467
23468
23469
23470
23471
23502
23503
23504
23505
23506
23537
23538
23539
23540
23541
23572
23573
23574
23575
23576
23607
23608
23609
23610
23611
23642
23643
23644
23645
23646
23677
23678
23679
23680
23681
23712
23713
23714
23715
23716
23746
23747
23748
23749
23750
23781
23782
23783
23784
23785
23816
23817
23818
23819
23820
23971
23972
23973
23974
23975
24006
24007
24008
24009
24010
24041
24042
24043
24044
24045
24076
24077
24078
24079
24080
24111
24112
24113
24114
24115
24146
24147
24148
24149
24150
24181
24182
24183
24184
24185
24216
24217
24218
24219
24220
24251
24252
24253
24254
24255
24286
24287
24288
24289
24290
24321
24322
24323
24324
24325
24326
24356
24357
24358
24359
24360
24361
24385
24386
24387
24388
24389
24390
24414
24415
24416
24417
24418
24419
24443
24444
24445
24446
24447
24448
24473
24474
24475
24476
24477
24502
24503
24504
24505
24506
24531
24532
24533
24534
24535
24560
24561
24562
24563
24564
24589
24590
24591
24592
24593
24624
24625
24626
24627
24628
24659
24660
24661
24662
24663
24694
24695
24696
24697
24698
24729
24730
24731
24732
24733
24764
24765
24766
24767
24768
24799
24800
24801
24802
24803
24834
24835
24836
24837
24838
24869
24870
24871
24872
24873
24904
24905
24906
24907
24908
24939
24940
24941
24942
24943
24973
24974
24975
24976
24977
25008
25009
25010
25011
25012
25043
25044
25045
25046
25047
25198
25199
25200
25201
25202
25233
25234
25235
25236
25237
25268
25269
25270
25271
25272
25303
25304
25305
25306
25307
25338
25339
25340
25341
25342
25373
25374
25375
25376
25377
25408
25409
25410
25411
25412
25443
25444
25445
25446
25447
25478
25479
25480
25481
25482
25513
25514
25515
25516
25517
25548
25549
25550
25551
25552
25583
25584
25585
25586
25587
25588
25612
25613
25614
25615
25616
25617
25641
25642
25643
25644
25645
25646
25670
25671
25672
25673
25674
25675
25699
25700
25701
25702
25703
25704
25729
25730
25731
25732
25733
25758
25759
25760
25761
25762
25787
25788
25789
25790
25791
25816
25817
25818
25819
25820
25851
25852
25853
25854
25855
25886
25887
25888
25889
25890
25921
25922
25923
25924
25925
25956
25957
25958
25959
25960
25991
25992
25993
25994
25995
26026
26027
26028
26029
26030
26061
26062
26063
26064
26065
26096
26097
26098
26099
26100
26131
26132
26133
26134
26135
26166
26167
26168
26169
26170
26200
26201
26202
26203
26204
26235
26236
26237
26238
26239
26270
26271
26272
26273
26274
26425
26426
26427
26428
26429
26460
26461
26462
26463
26464
26495
26496
26497
26498
26499
26530
26531
26532
26533
26534
26565
26566
26567
26568
26569
26600
26601
26602
26603
26604
26635
26636
26637
26638
26639
26670
26671
26672
26673
26674
26705
26706
26707
26708
26709
26740
26741
26742
26743
26744
26775
26776
26777
26778
26779
26810
26811
26812
26813
26814
26839
26840
26841
26842
26843
26844
26868
26869
26870
26871
26872
26873
26897
26898
26899
26900
26901
26902
26926
26927
26928
26929
26930
26931
26955
26956
26957
26958
26959
26960
26985
26986
26987
26988
26989
27014
27015
27016
27017
27018
27043
27044
27045
27046
27047
27078
27079
27080
27081
27082
27113
27114
27115
27116
27117
27148
27149
27150
27151
27152
27183
27184
27185
27186
27187
27218
27219
27220
27221
27222
27253
27254
27255
27256
27257
27288
27289
27290
27291
27292
27323
27324
27325
27326
27327
27358
27359
27360
27361
27362
27393
27394
27395
27396
27397
27427
27428
27429
27430
27431
27462
27463
27464
27465
27466
27497
27498
27499
27500
27501
27652
27653
27654
27655
27656
27687
27688
27689
27690
27691
27722
27723
27724
27725
27726
27757
27758
27759
27760
27761
27792
27793
27794
27795
27796
27827
27828
27829
27830
27831
27862
27863
27864
27865
27866
27897
27898
27899
27900
27901
27932
27933
27934
27935
27936
27967
27968
27969
27970
27971
28002
28003
28004
28005
28006
28037
28038
28039
28040
28041
28066
28067
28068
28069
28070
28095
28096
28097
28098
28099
28100
28124
28125
28126
28127
28128
28129
28153
28154
28155
28156
28157
28158
28182
28183
28184
28185
28186
28187
28211
28212
28213
28214
28215
28216
28241
28242
28243
28244
28245
28270
28271
28272
28273
28274
28305
28306
28307
28308
28309
28340
28341
28342
28343
28344
28375
28376
28377
28378
28379
28410
28411
28412
28413
28414
28445
28446
28447
28448
28449
28480
28481
28482
28483
28484
28515
28516
28517
28518
28519
28550
28551
28552
28553
28554
28585
28586
28587
28588
28589
28620
28621
28622
28623
28624
28654
28655
28656
28657
28658
28689
28690
28691
28692
28693
28724
28725
28726
28727
28728
28879
28880
28881
28882
28883
28914
28915
28916
28917
28918
28949
28950
28951
28952
28953
28984
28985
28986
28987
28988
29019
29020
29021
29022
29023
29054
29055
29056
29057
29058
29089
29090
29091
29092
29093
29124
29125
29126
29127
29128
29159
29160
29161
29162
29163
29194
29195
29196
29197
29198
29229
29230
29231
29232
29233
29264
29265
29266
29267
29268
29293
29294
29295
29296
29297
29322
29323
29324
29325
29326
29351
29352
29353
29354
29355
29356
29380
29381
29382
29383
29384
29385
29409
29410
29411
29412
29413
29414
29438
29439
29440
29441
29442
29443
29467
29468
29469
29470
29471
29472
29497
29498
29499
29500
29501
29532
29533
29534
29535
29536
29567
29568
29569
29570
29571
29602
29603
29604
29605
29606
29637
29638
29639
29640
29641
29672
29673
29674
29675
29676
29707
29708
29709
29710
29711
29742
29743
29744
29745
29746
29777
29778
29779
29780
29781
29812
29813
29814
29815
29816
29847
29848
29849
29850
29851
29881
29882
29883
29884
29885
29916
29917
29918
29919
29920
29951
29952
29953
29954
29955
30106
30107
30108
30109
30110
30141
30142
30143
30144
30145
30176
30177
30178
30179
30180
30211
30212
30213
30214
30215
30246
30247
30248
30249
30250
30281
30282
30283
30284
30285
30316
30317
30318
30319
30320
30351
30352
30353
30354
30355
30386
30387
30388
30389
30390
30421
30422
30423
30424
30425
30456
30457
30458
30459
30460
30491
30492
30493
30494
30495
30520
30521
30522
30523
30524
30549
30550
30551
30552
30553
30578
30579
30580
30581
30582
30607
30608
30609
30610
30611
30612
30636
30637
30638
30639
30640
30641
30665
30666
30667
30668
30669
30670
30694
30695
30696
30697
30698
30699
30723
30724
30725
30726
30727
30728
30759
30760
30761
30762
30763
30794
30795
30796
30797
30798
30829
30830
30831
30832
30833
30864
30865
30866
30867
30868
30899
30900
30901
30902
30903
30934
30935
30936
30937
30938
30969
30970
30971
30972
30973
31004
31005
31006
31007
31008
31039
31040
31041
31042
31043
31074
31075
31076
31077
31078
31108
31109
31110
31111
31112
31143
31144
31145
31146
31147
31178
31179
31180
31181
31182
31333
31334
31335
31336
31337
31368
31369
31370
31371
31372
31403
31404
31405
31406
31407
31438
31439
31440
31441
31442
31473
31474
31475
31476
31477
31508
31509
31510
31511
31512
31543
31544
31545
31546
31547
31578
31579
31580
31581
31582
31613
31614
31615
31616
31617
31648
31649
31650
31651
31652
31683
31684
31685
31686
31687
31718
31719
31720
31721
31722
31747
31748
31749
31750
31751
31776
31777
31778
31779
31780
31805
31806
31807
31808
31809
31834
31835
31836
31837
31838
31863
31864
31865
31866
31867
31868
31892
31893
31894
31895
31896
31897
31921
31922
31923
31924
31925
31926
31950
31951
31952
31953
31954
31955
31985
31986
31987
31988
31989
31990
32021
32022
32023
32024
32025
32056
32057
32058
32059
32060
32091
32092
32093
32094
32095
32126
32127
32128
32129
32130
32161
32162
32163
32164
32165
32196
32197
32198
32199
32200
32231
32232
32233
32234
32235
32266
32267
32268
32269
32270
32301
32302
32303
32304
32305
32335
32336
32337
32338
32339
32370
32371
32372
32373
32374
32405
32406
32407
32408
32409
32560
32561
32562
32563
32564
32595
32596
32597
32598
32599
32630
32631
32632
32633
32634
32665
32666
32667
32668
32669
32700
32701
32702
32703
32704
32735
32736
32737
32738
32739
32770
32771
32772
32773
32774
32805
32806
32807
32808
32809
32840
32841
32842
32843
32844
32875
32876
32877
32878
32879
32910
32911
32912
32913
32914
32945
32946
32947
32948
32949
32974
32975
32976
32977
32978
33003
33004
33005
33006
33007
33032
33033
33034
33035
33036
33061
33062
33063
33064
33065
33090
33091
33092
33093
33094
33119
33120
33121
33122
33123
33124
33148
33149
33150
33151
33152
33153
33177
33178
33179
33180
33181
33182
33212
33213
33214
33215
33216
33217
33247
33248
33249
33250
33251
33252
33283
33284
33285
33286
33287
33318
33319
33320
33321
33322
33353
33354
33355
33356
33357
33388
33389
33390
33391
33392
33423
33424
33425
33426
33427
33458
33459
33460
33461
33462
33493
33494
33495
33496
33497
33528
33529
33530
33531
33532
33562
33563
33564
33565
33566
33597
33598
33599
33600
33601
33632
33633
33634
33635
33636
33667
33668
33669
33670
33671
33702
33703
33704
33705
33706
33737
33738
33739
33740
33741
33772
33773
33774
33775
33776
33807
33808
33809
33810
33811
33842
33843
33844
33845
33846
33877
33878
33879
33880
33881
33912
33913
33914
33915
33916
33947
33948
33949
33950
33951
33982
33983
33984
33985
33986
34017
34018
34019
34020
34021
34052
34053
34054
34055
34056
34087
34088
34089
34090
34091
34122
34123
34124
34125
34126
34157
34158
34159
34160
34161
34192
34193
34194
34195
34196
34227
34228
34229
34230
34231
34262
34263
34264
34265
34266
34297
34298
34299
34300
34301
34332
34333
34334
34335
34336
34367
34368
34369
34370
34371
34402
34403
34404
34405
34406
34437
34438
34439
34440
34441
34472
34473
34474
34475
34476
34507
34508
34509
34510
34511
34542
34543
34544
34545
34546
34577
34578
34579
34580
34581
34582
34612
34613
34614
34615
34616
34617
34647
34648
34649
34650
34651
34652
34682
34683
34684
34685
34686
34687
34717
34718
34719
34720
34721
34722
34753
34754
34755
34756
34757
34788
34789
34790
34791
34792
34823
34824
34825
34826
34827
34858
34859
34860
34861
34862
34893
34894
34895
34896
34897
34928
34929
34930
34931
34932
34963
34964
34965
34966
34967
34997
34998
34999
35000
35001
35032
35033
35034
35035
35036
35067
35068
35069
35070
35071
35102
35103
35104
35105
35106
35137
35138
35139
35140
35141
35172
35173
35174
35175
35176
35207
35208
35209
35210
35211
35242
35243
35244
35245
35246
35277
35278
35279
35280
35281
35312
35313
35314
35315
35316
35347
35348
35349
35350
35351
35382
35383
35384
35385
35386
35417
35418
35419
35420
35421
35452
35453
35454
35455
35456
35487
35488
35489
35490
35491
35522
35523
35524
35525
35526
35557
35558
35559
35560
35561
35592
35593
35594
35595
35596
35627
35628
35629
35630
35631
35662
35663
35664
35665
35666
35697
35698
35699
35700
35701
35732
35733
35734
35735
35736
35767
35768
35769
35770
35771
35802
35803
35804
35805
35806
35837
35838
35839
35840
35841
35872
35873
35874
35875
35876
35907
35908
35909
35910
35911
35942
35943
35944
35945
35946
35977
35978
35979
35980
35981
36012
36013
36014
36015
36016
36047
36048
36049
36050
36051
36052
36082
36083
36084
36085
36086
36087
36117
36118
36119
36120
36121
36122
36152
36153
36154
36155
36156
36157
36187
36188
36189
36190
36191
36192
36223
36224
36225
36226
36227
36258
36259
36260
36261
36262
36293
36294
36295
36296
36297
36328
36329
36330
36331
36332
36363
36364
36365
36366
36367
36398
36399
36400
36401
36402
36432
36433
36434
36435
36436
36467
36468
36469
36470
36471
36502
36503
36504
36505
36506
36537
36538
36539
36540
36541
36572
36573
36574
36575
36576
36607
36608
36609
36610
36611
36642
36643
36644
36645
36646
36677
36678
36679
36680
36681
36712
36713
36714
36715
36716
36747
36748
36749
36750
36751
36782
36783
36784
36785
36786
36817
36818
36819
36820
36821
36852
36853
36854
36855
36856
36887
36888
36889
36890
36891
36922
36923
36924
36925
36926
36957
36958
36959
36960
36961
36992
36993
36994
36995
36996
37027
37028
37029
37030
37031
37062
37063
37064
37065
37066
37097
37098
37099
37100
37101
37132
37133
37134
37135
37136
37167
37168
37169
37170
37171
37202
37203
37204
37205
37206
37237
37238
37239
37240
37241
37272
37273
37274
37275
37276
37307
37308
37309
37310
37311
37342
37343
37344
37345
37346
37377
37378
37379
37380
37381
37412
37413
37414
37415
37416
37447
37448
37449
37450
37451
37482
37483
37484
37485
37486
37517
37518
37519
37520
37521
37522
37552
37553
37554
37555
37556
37557
37587
37588
37589
37590
37591
37592
37622
37623
37624
37625
37626
37627
37657
37658
37659
37660
37661
37662
37693
37694
37695
37696
37697
37728
37729
37730
37731
37732
37763
37764
37765
37766
37767
37798
37799
37800
37801
37802
37833
37834
37835
37836
37837
37867
37868
37869
37870
37871
37902
37903
37904
37905
37906
37937
37938
37939
37940
37941
37972
37973
37974
37975
37976
38007
38008
38009
38010
38011
38042
38043
38044
38045
38046
38077
38078
38079
38080
38081
38112
38113
38114
38115
38116
38147
38148
38149
38150
38151
38182
38183
38184
38185
38186
38217
38218
38219
38220
38221
38252
38253
38254
38255
38256
38287
38288
38289
38290
38291
38322
38323
38324
38325
38326
38357
38358
38359
38360
38361
38392
38393
38394
38395
38396
38427
38428
38429
38430
38431
38462
38463
38464
38465
38466
38497
38498
38499
38500
38501
38532
38533
38534
38535
38536
38567
38568
38569
38570
38571
38602
38603
38604
38605
38606
38637
38638
38639
38640
38641
38672
38673
38674
38675
38676
38707
38708
38709
38710
38711
38742
38743
38744
38745
38746
38777
38778
38779
38780
38781
38812
38813
38814
38815
38816
38847
38848
38849
38850
38851
38882
38883
38884
38885
38886
38917
38918
38919
38920
38921
38952
38953
38954
38955
38956
38987
38988
38989
38990
38991
38992
39022
39023
39024
39025
39026
39027
39057
39058
39059
39060
39061
39062
39092
39093
39094
39095
39096
39097
39127
39128
39129
39130
39131
39132
39163
39164
39165
39166
39167
39198
39199
39200
39201
39202
39233
39234
39235
39236
39237
39268
39269
39270
39271
39272
39302
39303
39304
39305
39306
39337
39338
39339
39340
39341
39372
39373
39374
39375
39376
39407
39408
39409
39410
39411
39442
39443
39444
39445
39446
39477
39478
39479
39480
39481
39512
39513
39514
39515
39516
39547
39548
39549
39550
39551
39582
39583
39584
39585
39586
39617
39618
39619
39620
39621
39652
39653
39654
39655
39656
39687
39688
39689
39690
39691
39722
39723
39724
39725
39726
39757
39758
39759
39760
39761
39792
39793
39794
39795
39796
39827
39828
39829
39830
39831
39862
39863
39864
39865
39866
39897
39898
39899
39900
39901
39932
39933
39934
39935
39936
39967
39968
39969
39970
39971
40002
40003
40004
40005
40006
40037
40038
40039
40040
40041
40072
40073
40074
40075
40076
40107
40108
40109
40110
40111
40142
40143
40144
40145
40146
40177
40178
40179
40180
40181
40212
40213
40214
40215
40216
40247
40248
40249
40250
40251
40282
40283
40284
40285
40286
40317
40318
40319
40320
40321
40352
40353
40354
40355
40356
40387
40388
40389
40390
40391
40422
40423
40424
40425
40426
40457
40458
40459
40460
40461
40462
40492
40493
40494
40495
40496
40497
40527
40528
40529
40530
40531
40532
40562
40563
40564
40565
40566
40567
40597
40598
40599
40600
40601
40602
40633
40634
40635
40636
40637
40668
40669
40670
40671
40672
40703
40704
40705
40706
40707
40737
40738
40739
40740
40741
40772
40773
40774
40775
40776
40807
40808
40809
40810
40811
40842
40843
40844
40845
40846
40877
40878
40879
40880
40881
40912
40913
40914
40915
40916
40947
40948
40949
40950
40951
40982
40983
40984
40985
40986
41017
41018
41019
41020
41021
41052
41053
41054
41055
41056
41087
41088
41089
41090
41091
41122
41123
41124
41125
41126
41157
41158
41159
41160
41161
41192
41193
41194
41195
41196
41227
41228
41229
41230
41231
41262
41263
41264
41265
41266
41297
41298
41299
41300
41301
41332
41333
41334
41335
41336
41367
41368
41369
41370
41371
41402
41403
41404
41405
41406
41437
41438
41439
41440
41441
41472
41473
41474
41475
41476
41507
41508
41509
41510
41511
41542
41543
41544
41545
41546
41577
41578
41579
41580
41581
41612
41613
41614
41615
41616
41647
41648
41649
41650
41651
41682
41683
41684
41685
41686
41717
41718
41719
41720
41721
41752
41753
41754
41755
41756
41787
41788
41789
41790
41791
41822
41823
41824
41825
41826
41857
41858
41859
41860
41861
41892
41893
41894
41895
41896
41927
41928
41929
41930
41931
41932
41962
41963
41964
41965
41966
41967
41997
41998
41999
42000
42001
42002
42032
42033
42034
42035
42036
42037
42067
42068
42069
42070
42071
42072
42103
42104
42105
42106
42107
42138
42139
42140
42141
42142
42172
42173
42174
42175
42176
42207
42208
42209
42210
42211
42242
42243
42244
42245
42246
42277
42278
42279
42280
42281
42312
42313
42314
42315
42316
42347
42348
42349
42350
42351
42382
42383
42384
42385
42386
42417
42418
42419
42420
42421
42452
42453
42454
42455
42456
42487
42488
42489
42490
42491
42522
42523
42524
42525
42526
42557
42558
42559
42560
42561
42592
42593
42594
42595
42596
42627
42628
42629
42630
42631
42662
42663
42664
42665
42666
42697
42698
42699
42700
42701
42732
42733
42734
42735
42736
42767
42768
42769
42770
42771
42802
42803
42804
42805
42806
42837
42838
42839
42840
42841
42872
42873
42874
42875
42876
42907
42908
42909
42910
42911
42942
42943
42944
42945
42946
42977
42978
42979
42980
42981
43012
43013
43014
43015
43016
43047
43048
43049
43050
43051
43082
43083
43084
43085
43086
43117
43118
43119
43120
43121
43152
43153
43154
43155
43156
43187
43188
43189
43190
43191
43222
43223
43224
43225
43226
43257
43258
43259
43260
43261
43292
43293
43294
43295
43296
43327
43328
43329
43330
43331
43362
43363
43364
43365
43366
43397
43398
43399
43400
43401
43402
43432
43433
43434
43435
43436
43437
43467
43468
43469
43470
43471
43472
43502
43503
43504
43505
43506
43507
43537
43538
43539
43540
43541
43542
43573
43574
43575
43576
43577
43607
43608
43609
43610
43611
43642
43643
43644
43645
43646
43677
43678
43679
43680
43681
43712
43713
43714
43715
43716
43747
43748
43749
43750
43751
43782
43783
43784
43785
43786
43817
43818
43819
43820
43821
43852
43853
43854
43855
43856
43887
43888
43889
43890
43891
43922
43923
43924
43925
43926
43957
43958
43959
43960
43961
43992
43993
43994
43995
43996
44027
44028
44029
44030
44031
44062
44063
44064
44065
44066
44097
44098
44099
44100
44101
44132
44133
44134
44135
44136
44167
44168
44169
44170
44171
44202
44203
44204
44205
44206
44237
44238
44239
44240
44241
44272
44273
44274
44275
44276
44307
44308
44309
44310
44311
44342
44343
44344
44345
44346
44377
44378
44379
44380
44381
44412
44413
44414
44415
44416
44447
44448
44449
44450
44451
44482
44483
44484
44485
44486
44517
44518
44519
44520
44521
44552
44553
44554
44555
44556
44587
44588
44589
44590
44591
44622
44623
44624
44625
44626
44657
44658
44659
44660
44661
44692
44693
44694
44695
44696
44727
44728
44729
44730
44731
44762
44763
44764
44765
44766
44797
44798
44799
44800
44801
44832
44833
44834
44835
44836
44867
44868
44869
44870
44871
44872
44902
44903
44904
44905
44906
44907
44937
44938
44939
44940
44941
44942
44972
44973
44974
44975
44976
44977
45007
45008
45009
45010
45011
45012
45042
45043
45044
45045
45046
45077
45078
45079
45080
45081
45112
45113
45114
45115
45116
45147
45148
45149
45150
45151
45182
45183
45184
45185
45186
45217
45218
45219
45220
45221
45252
45253
45254
45255
45256
45287
45288
45289
45290
45291
45322
45323
45324
45325
45326
45357
45358
45359
45360
45361
45392
45393
45394
45395
45396
45427
45428
45429
45430
45431
45462
45463
45464
45465
45466
45497
45498
45499
45500
45501
45532
45533
45534
45535
45536
45567
45568
45569
45570
45571
45602
45603
45604
45605
45606
45637
45638
45639
45640
45641
45672
45673
45674
45675
45676
45707
45708
45709
45710
45711
45742
45743
45744
45745
45746
45777
45778
45779
45780
45781
45812
45813
45814
45815
45816
45847
45848
45849
45850
45851
45882
45883
45884
45885
45886
45917
45918
45919
45920
45921
45952
45953
45954
45955
45956
45987
45988
45989
45990
45991
46022
46023
46024
46025
46026
46057
46058
46059
46060
46061
46092
46093
46094
46095
46096
46127
46128
46129
46130
46131
46162
46163
46164
46165
46166
46197
46198
46199
46200
46201
46232
46233
46234
46235
46236
46267
46268
46269
46270
46271
46302
46303
46304
46305
46306
46337
46338
46339
46340
46341
46342
46372
46373
46374
46375
46376
46377
46407
46408
46409
46410
46411
46412
46442
46443
46444
46445
46446
46447
46477
46478
46479
46480
46481
46512
46513
46514
46515
46516
46547
46548
46549
46550
46551
46582
46583
46584
46585
46586
46617
46618
46619
46620
46621
46652
46653
46654
46655
46656
46687
46688
46689
46690
46691
46722
46723
46724
46725
46726
46757
46758
46759
46760
46761
46792
46793
46794
46795
46796
46827
46828
46829
46830
46831
46862
46863
46864
46865
46866
46897
46898
46899
46900
46901
46932
46933
46934
46935
46936
46967
46968
46969
46970
46971
47002
47003
47004
47005
47006
47037
47038
47039
47040
47041
47072
47073
47074
47075
47076
47107
47108
47109
47110
47111
47142
47143
47144
47145
47146
47177
47178
47179
47180
47181
47212
47213
47214
47215
47216
47247
47248
47249
47250
47251
47282
47283
47284
47285
47286
47317
47318
47319
47320
47321
47352
47353
47354
47355
47356
47387
47388
47389
47390
47391
47422
47423
47424
47425
47426
47457
47458
47459
47460
47461
47492
47493
47494
47495
47496
47527
47528
47529
47530
47531
47562
47563
47564
47565
47566
47597
47598
47599
47600
47601
47632
47633
47634
47635
47636
47667
47668
47669
47670
47671
47702
47703
47704
47705
47706
47737
47738
47739
47740
47741
47772
47773
47774
47775
47776
47807
47808
47809
47810
47811
47812
47842
47843
47844
47845
47846
47847
47877
47878
47879
47880
47881
47882
)


// ************************************************************************* //
