/*--------------------------------*- C++ -*----------------------------------*\
| =========                 |                                                 |
| \\      /  F ield         | OpenFOAM: The Open Source CFD Toolbox           |
|  \\    /   O peration     | Version:  2.3.1                                 |
|   \\  /    A nd           | Web:      www.OpenFOAM.org                      |
|    \\/     M anipulation  |                                                 |
\*---------------------------------------------------------------------------*/
FoamFile
{
    version     2.0;
    format      ascii;
    class       labelList;
    note        "nPoints: 9117 nCells: 6852 nFaces: 22667 nInternalFaces: 18445";
    location    "constant/polyMesh";
    object      neighbour;
}
// * * * * * * * * * * * * * * * * * * * * * * * * * * * * * * * * * * * * * //


18445
(
1
6
210
2
7
211
3
8
212
4
9
213
5
10
214
11
7
12
215
8
13
216
9
14
217
10
15
218
11
16
219
17
220
13
18
221
14
19
222
15
20
223
16
21
224
17
22
225
23
226
19
24
227
20
25
228
21
26
229
22
27
230
23
28
231
29
232
25
233
26
30
234
27
31
235
28
32
236
29
33
237
34
238
31
35
240
32
36
241
33
37
242
34
38
243
39
244
36
40
245
37
41
246
38
42
247
39
43
248
44
249
41
45
250
42
46
251
43
47
252
44
48
253
49
254
46
50
255
47
51
256
48
52
257
49
53
258
54
259
51
55
260
52
56
261
53
57
262
54
58
263
59
264
56
60
265
57
61
266
58
62
267
59
63
268
64
269
61
65
270
62
66
271
63
67
272
64
68
273
69
274
66
70
275
67
71
276
68
72
277
69
73
278
74
279
71
75
280
72
76
281
73
77
282
74
78
283
79
284
76
80
285
77
81
286
78
82
287
79
83
288
84
289
81
85
290
82
86
291
83
87
292
84
88
293
89
294
86
90
295
87
91
296
88
92
297
89
93
298
94
299
91
95
300
92
96
301
93
97
302
94
98
303
99
304
96
100
305
97
101
306
98
102
307
99
103
308
104
309
101
105
310
102
106
311
103
107
312
104
108
313
109
314
106
110
315
107
111
316
108
112
317
109
113
318
114
319
111
115
320
112
116
321
113
117
322
114
118
323
119
324
116
120
325
117
121
326
118
122
327
119
123
328
124
329
121
125
330
122
126
331
123
127
332
124
128
333
129
334
126
130
335
127
131
336
128
132
337
129
133
338
134
339
131
135
340
132
136
341
133
137
342
134
138
343
139
344
136
140
345
137
141
346
138
142
347
139
143
348
144
349
141
145
350
142
146
351
143
147
352
144
148
353
149
354
146
150
355
147
151
356
148
152
357
149
153
358
154
359
151
155
360
152
156
361
153
157
362
154
158
363
159
364
156
160
365
157
161
366
158
162
367
159
163
368
164
369
161
165
370
162
166
371
163
167
372
164
168
373
169
374
166
170
375
167
171
376
168
172
377
169
173
378
174
379
171
175
380
172
176
381
173
177
382
174
178
383
179
384
176
180
385
177
181
386
178
182
387
179
183
388
184
389
181
185
390
182
186
391
183
187
392
184
188
393
189
394
186
190
395
187
191
396
188
192
397
189
193
398
194
399
191
195
400
192
196
401
193
197
402
194
198
403
199
404
196
200
405
197
201
406
198
202
407
199
203
408
204
409
201
205
410
202
206
411
203
207
412
204
208
413
209
414
206
415
207
416
208
417
209
418
419
211
215
420
212
216
421
213
217
422
214
218
423
219
424
216
221
425
217
222
426
218
223
427
219
224
428
220
225
429
226
222
227
430
223
228
431
224
229
432
225
230
433
226
231
434
232
435
228
233
436
229
234
437
230
235
438
231
236
439
232
237
440
238
441
234
239
442
235
240
443
236
241
444
237
242
445
238
243
446
244
447
240
448
241
245
449
242
246
450
243
247
451
244
248
452
249
453
246
250
455
247
251
456
248
252
457
249
253
458
254
459
251
255
460
252
256
461
253
257
462
254
258
463
259
464
256
260
465
257
261
466
258
262
467
259
263
468
264
469
261
265
470
262
266
471
263
267
472
264
268
473
269
474
266
270
475
267
271
476
268
272
477
269
273
478
274
479
271
275
480
272
276
481
273
277
482
274
278
483
279
484
276
280
485
277
281
486
278
282
487
279
283
488
284
489
281
285
490
282
286
491
283
287
492
284
288
493
289
494
286
290
495
287
291
496
288
292
497
289
293
498
294
499
291
295
500
292
296
501
293
297
502
294
298
503
299
504
296
300
505
297
301
506
298
302
507
299
303
508
304
509
301
305
510
302
306
511
303
307
512
304
308
513
309
514
306
310
515
307
311
516
308
312
517
309
313
518
314
519
311
315
520
312
316
521
313
317
522
314
318
523
319
524
316
320
525
317
321
526
318
322
527
319
323
528
324
529
321
325
530
322
326
531
323
327
532
324
328
533
329
534
326
330
535
327
331
536
328
332
537
329
333
538
334
539
331
335
540
332
336
541
333
337
542
334
338
543
339
544
336
340
545
337
341
546
338
342
547
339
343
548
344
549
341
345
550
342
346
551
343
347
552
344
348
553
349
554
346
350
555
347
351
556
348
352
557
349
353
558
354
559
351
355
560
352
356
561
353
357
562
354
358
563
359
564
356
360
565
357
361
566
358
362
567
359
363
568
364
569
361
365
570
362
366
571
363
367
572
364
368
573
369
574
366
370
575
367
371
576
368
372
577
369
373
578
374
579
371
375
580
372
376
581
373
377
582
374
378
583
379
584
376
380
585
377
381
586
378
382
587
379
383
588
384
589
381
385
590
382
386
591
383
387
592
384
388
593
389
594
386
390
595
387
391
596
388
392
597
389
393
598
394
599
391
395
600
392
396
601
393
397
602
394
398
603
399
604
396
400
605
397
401
606
398
402
607
399
403
608
404
609
401
405
610
402
406
611
403
407
612
404
408
613
409
614
406
410
615
407
411
616
408
412
617
409
413
618
414
619
411
415
620
412
416
621
413
417
622
414
418
623
419
624
416
625
417
626
418
627
419
628
629
421
425
630
422
426
631
423
427
632
424
428
633
429
634
426
430
635
427
431
636
428
432
637
429
433
638
434
639
431
436
640
432
437
641
433
438
642
434
439
643
435
440
644
441
437
442
645
438
443
646
439
444
647
440
445
648
441
446
649
447
650
443
448
651
444
449
652
445
450
653
446
451
654
447
452
655
453
656
449
454
657
450
455
658
451
456
659
452
457
660
453
458
661
459
662
455
663
456
460
664
457
461
665
458
462
666
459
463
667
464
668
461
465
670
462
466
671
463
467
672
464
468
673
469
674
466
470
676
467
471
677
468
472
678
469
473
679
474
680
471
475
681
472
476
682
473
477
683
474
478
684
479
685
476
480
686
477
481
687
478
482
688
479
483
689
484
690
481
485
691
482
486
692
483
487
693
484
488
694
489
695
486
490
696
487
491
697
488
492
698
489
493
699
494
700
491
495
701
492
496
702
493
497
703
494
498
704
499
705
496
500
706
497
501
707
498
502
708
499
503
709
504
710
501
505
711
502
506
712
503
507
713
504
508
714
509
715
506
510
716
507
511
717
508
512
718
509
513
719
514
720
511
515
721
512
516
722
513
517
723
514
518
724
519
725
516
520
726
517
521
727
518
522
728
519
523
729
524
730
521
525
731
522
526
732
523
527
733
524
528
734
529
735
526
530
736
527
531
737
528
532
738
529
533
739
534
740
531
535
741
532
536
742
533
537
743
534
538
744
539
745
536
540
746
537
541
747
538
542
748
539
543
749
544
750
541
545
751
542
546
752
543
547
753
544
548
754
549
755
546
550
756
547
551
757
548
552
758
549
553
759
554
760
551
555
761
552
556
762
553
557
763
554
558
764
559
765
556
560
766
557
561
767
558
562
768
559
563
769
564
770
561
565
771
562
566
772
563
567
773
564
568
774
569
775
566
570
776
567
571
777
568
572
778
569
573
779
574
780
571
575
781
572
576
782
573
577
783
574
578
784
579
785
576
580
786
577
581
787
578
582
788
579
583
789
584
790
581
585
791
582
586
792
583
587
793
584
588
794
589
795
586
590
796
587
591
797
588
592
798
589
593
799
594
800
591
595
801
592
596
802
593
597
803
594
598
804
599
805
596
600
806
597
601
807
598
602
808
599
603
809
604
810
601
605
811
602
606
812
603
607
813
604
608
814
609
815
606
610
816
607
611
817
608
612
818
609
613
819
614
820
611
615
821
612
616
822
613
617
823
614
618
824
619
825
616
620
826
617
621
827
618
622
828
619
623
829
624
830
621
625
831
622
626
832
623
627
833
624
628
834
629
835
626
836
627
837
628
838
629
839
840
631
635
841
632
636
842
633
637
843
634
638
844
639
845
636
640
846
637
641
847
638
642
848
639
643
849
644
850
641
645
851
642
646
852
643
647
853
644
648
854
649
855
646
651
856
647
652
857
648
653
858
649
654
859
650
655
860
656
652
657
861
653
658
862
654
659
863
655
660
864
656
661
865
662
866
658
663
867
659
664
868
660
665
869
661
666
870
662
667
871
668
872
664
669
873
665
670
874
666
671
875
667
672
876
668
673
877
674
878
670
675
879
671
676
880
672
677
881
673
678
882
674
679
883
680
884
676
885
677
681
886
678
682
887
679
683
888
680
684
889
685
890
682
686
892
683
687
893
684
688
894
685
689
895
690
896
687
691
897
688
692
898
689
693
899
690
694
900
695
901
692
696
902
693
697
903
694
698
904
695
699
905
700
906
697
701
907
698
702
908
699
703
909
700
704
910
705
911
702
706
912
703
707
913
704
708
914
705
709
915
710
916
707
711
917
708
712
918
709
713
919
710
714
920
715
921
712
716
922
713
717
923
714
718
924
715
719
925
720
926
717
721
927
718
722
928
719
723
929
720
724
930
725
931
722
726
932
723
727
933
724
728
934
725
729
935
730
936
727
731
937
728
732
938
729
733
939
730
734
940
735
941
732
736
942
733
737
943
734
738
944
735
739
945
740
946
737
741
947
738
742
948
739
743
949
740
744
950
745
951
742
746
952
743
747
953
744
748
954
745
749
955
750
956
747
751
957
748
752
958
749
753
959
750
754
960
755
961
752
756
962
753
757
963
754
758
964
755
759
965
760
966
757
761
967
758
762
968
759
763
969
760
764
970
765
971
762
766
972
763
767
973
764
768
974
765
769
975
770
976
767
771
977
768
772
978
769
773
979
770
774
980
775
981
772
776
982
773
777
983
774
778
984
775
779
985
780
986
777
781
987
778
782
988
779
783
989
780
784
990
785
991
782
786
992
783
787
993
784
788
994
785
789
995
790
996
787
791
997
788
792
998
789
793
999
790
794
1000
795
1001
792
796
1002
793
797
1003
794
798
1004
795
799
1005
800
1006
797
801
1007
798
802
1008
799
803
1009
800
804
1010
805
1011
802
806
1012
803
807
1013
804
808
1014
805
809
1015
810
1016
807
811
1017
808
812
1018
809
813
1019
810
814
1020
815
1021
812
816
1022
813
817
1023
814
818
1024
815
819
1025
820
1026
817
821
1027
818
822
1028
819
823
1029
820
824
1030
825
1031
822
826
1032
823
827
1033
824
828
1034
825
829
1035
830
1036
827
831
1037
828
832
1038
829
833
1039
830
834
1040
835
1041
832
836
1042
833
837
1043
834
838
1044
835
839
1045
840
1046
837
1047
838
1048
839
1049
840
1050
1051
842
846
1052
843
847
1053
844
848
1054
845
849
1055
850
1056
847
851
1057
848
852
1058
849
853
1059
850
854
1060
855
1061
852
856
1062
853
857
1063
854
858
1064
855
859
1065
860
1066
857
861
1067
858
862
1068
859
863
1069
860
864
1070
865
1071
862
867
1072
863
868
1073
864
869
1074
865
870
1075
866
871
1076
872
868
873
1077
869
874
1078
870
875
1079
871
876
1080
872
877
1081
878
1082
874
879
1083
875
880
1084
876
881
1085
877
882
1086
878
883
1087
884
1088
880
885
1089
881
886
1090
882
887
1091
883
888
1092
884
889
1093
890
1094
886
891
1095
887
892
1096
888
893
1097
889
894
1098
890
895
1099
896
1100
892
1101
893
897
1102
894
898
1103
895
899
1104
896
900
1105
901
1106
898
902
1108
899
903
1109
900
904
1110
901
905
1111
906
1112
903
907
1113
904
908
1114
905
909
1115
906
910
1116
911
1117
908
912
1118
909
913
1119
910
914
1120
911
915
1121
916
1122
913
917
1123
914
918
1124
915
919
1125
916
920
1126
921
1127
918
922
1128
919
923
1129
920
924
1130
921
925
1131
926
1132
923
927
1133
924
928
1134
925
929
1135
926
930
1136
931
1137
928
932
1138
929
933
1139
930
934
1140
931
935
1141
936
1142
933
937
1143
934
938
1144
935
939
1145
936
940
1146
941
1147
938
942
1148
939
943
1149
940
944
1150
941
945
1151
946
1152
943
947
1153
944
948
1154
945
949
1155
946
950
1156
951
1157
948
952
1158
949
953
1159
950
954
1160
951
955
1161
956
1162
953
957
1163
954
958
1164
955
959
1165
956
960
1166
961
1167
958
962
1168
959
963
1169
960
964
1170
961
965
1171
966
1172
963
967
1173
964
968
1174
965
969
1175
966
970
1176
971
1177
968
972
1178
969
973
1179
970
974
1180
971
975
1181
976
1182
973
977
1183
974
978
1184
975
979
1185
976
980
1186
981
1187
978
982
1188
979
983
1189
980
984
1190
981
985
1191
986
1192
983
987
1193
984
988
1194
985
989
1195
986
990
1196
991
1197
988
992
1198
989
993
1199
990
994
1200
991
995
1201
996
1202
993
997
1203
994
998
1204
995
999
1205
996
1000
1206
1001
1207
998
1002
1208
999
1003
1209
1000
1004
1210
1001
1005
1211
1006
1212
1003
1007
1213
1004
1008
1214
1005
1009
1215
1006
1010
1216
1011
1217
1008
1012
1218
1009
1013
1219
1010
1014
1220
1011
1015
1221
1016
1222
1013
1017
1223
1014
1018
1224
1015
1019
1225
1016
1020
1226
1021
1227
1018
1022
1228
1019
1023
1229
1020
1024
1230
1021
1025
1231
1026
1232
1023
1027
1233
1024
1028
1234
1025
1029
1235
1026
1030
1236
1031
1237
1028
1032
1238
1029
1033
1239
1030
1034
1240
1031
1035
1241
1036
1242
1033
1037
1243
1034
1038
1244
1035
1039
1245
1036
1040
1246
1041
1247
1038
1042
1248
1039
1043
1249
1040
1044
1250
1041
1045
1251
1046
1252
1043
1047
1253
1044
1048
1254
1045
1049
1255
1046
1050
1256
1051
1257
1048
1258
1049
1259
1050
1260
1051
1261
1262
1053
1057
1054
1058
1055
1059
1056
1060
1061
1058
1062
1059
1063
1060
1064
1061
1065
1066
1063
1067
1064
1068
1065
1069
1066
1070
1071
1068
1072
1263
1069
1073
1264
1070
1074
1265
1071
1075
1266
1076
1267
1073
1077
1268
1074
1078
1269
1075
1079
1270
1076
1080
1271
1081
1272
1078
1083
1273
1079
1084
1274
1080
1085
1275
1081
1086
1276
1082
1087
1277
1088
1084
1089
1278
1085
1090
1279
1086
1091
1280
1087
1092
1281
1088
1093
1282
1094
1283
1090
1095
1284
1091
1096
1285
1092
1097
1286
1093
1098
1287
1094
1099
1288
1100
1289
1096
1101
1290
1097
1102
1291
1098
1103
1292
1099
1104
1293
1100
1105
1294
1106
1295
1102
1107
1296
1103
1108
1297
1104
1109
1298
1105
1110
1299
1106
1111
1300
1112
1301
1108
1302
1109
1113
1303
1110
1114
1304
1111
1115
1305
1112
1116
1306
1117
1307
1114
1118
1115
1119
1116
1120
1117
1121
1122
1119
1123
1120
1124
1121
1125
1122
1126
1127
1124
1128
1125
1129
1126
1130
1127
1131
1132
1129
1133
1130
1134
1131
1135
1132
1136
1137
1134
1138
1135
1139
1136
1140
1137
1141
1142
1139
1143
1140
1144
1141
1145
1142
1146
1147
1144
1148
1145
1149
1146
1150
1147
1151
1152
1149
1153
1150
1154
1151
1155
1152
1156
1157
1154
1158
1155
1159
1156
1160
1157
1161
1162
1159
1163
1160
1164
1161
1165
1162
1166
1167
1164
1168
1165
1169
1166
1170
1167
1171
1172
1169
1173
1170
1174
1171
1175
1172
1176
1177
1174
1178
1175
1179
1176
1180
1177
1181
1182
1179
1183
1180
1184
1181
1185
1182
1186
1187
1184
1188
1185
1189
1186
1190
1187
1191
1192
1189
1193
1190
1194
1191
1195
1192
1196
1197
1194
1198
1195
1199
1196
1200
1197
1201
1202
1199
1203
1200
1204
1201
1205
1202
1206
1207
1204
1208
1205
1209
1206
1210
1207
1211
1212
1209
1213
1210
1214
1211
1215
1212
1216
1217
1214
1218
1215
1219
1216
1220
1217
1221
1222
1219
1223
1220
1224
1221
1225
1222
1226
1227
1224
1228
1225
1229
1226
1230
1227
1231
1232
1229
1233
1230
1234
1231
1235
1232
1236
1237
1234
1238
1235
1239
1236
1240
1237
1241
1242
1239
1243
1240
1244
1241
1245
1242
1246
1247
1244
1248
1245
1249
1246
1250
1247
1251
1252
1249
1253
1250
1254
1251
1255
1252
1256
1257
1254
1258
1255
1259
1256
1260
1257
1261
1262
1259
1260
1261
1262
1264
1268
1308
1265
1269
1309
1266
1270
1310
1267
1271
1311
1272
1312
1269
1273
1313
1270
1274
1314
1271
1275
1315
1272
1276
1316
1277
1317
1274
1278
1318
1275
1279
1319
1276
1280
1320
1277
1281
1321
1282
1322
1279
1284
1323
1280
1285
1324
1281
1286
1325
1282
1287
1326
1283
1288
1327
1289
1285
1290
1328
1286
1291
1329
1287
1292
1330
1288
1293
1331
1289
1294
1332
1295
1333
1291
1296
1334
1292
1297
1335
1293
1298
1336
1294
1299
1337
1295
1300
1338
1301
1339
1297
1302
1340
1298
1303
1341
1299
1304
1342
1300
1305
1343
1301
1306
1344
1307
1345
1303
1346
1304
1347
1305
1348
1306
1349
1307
1350
1351
1309
1313
1310
1314
1311
1315
1312
1316
1317
1314
1318
1315
1319
1316
1320
1317
1321
1322
1319
1323
1320
1324
1321
1325
1322
1326
1327
1324
1328
1325
1329
1326
1330
1327
1331
1332
1329
1334
1330
1335
1331
1336
1332
1337
1333
1338
1339
1335
1340
1336
1341
1337
1342
1338
1343
1339
1344
1345
1341
1346
1342
1347
1343
1348
1344
1349
1345
1350
1351
1347
1348
1349
1350
1351
1353
1357
1520
1354
1358
1521
1355
1359
1522
1356
1360
1523
1361
1524
1358
1362
1525
1359
1363
1526
1360
1364
1527
1361
1365
1528
1366
1529
1363
1530
1364
1531
1365
1532
1366
1533
1534
1368
1373
1535
1369
1374
1536
1370
1375
1537
1371
1376
1538
1372
1377
1539
1378
1540
1374
1379
1541
1375
1380
1542
1376
1381
1543
1377
1382
1544
1378
1383
1545
1384
1546
1380
1547
1381
1385
1548
1382
1386
1549
1383
1387
1550
1384
1388
1551
1389
1552
1386
1390
1554
1387
1391
1555
1388
1392
1556
1389
1393
1557
1394
1558
1391
1395
1559
1392
1396
1560
1393
1397
1561
1394
1398
1562
1399
1563
1396
1400
1564
1397
1401
1565
1398
1402
1566
1399
1403
1567
1404
1568
1401
1405
1569
1402
1406
1570
1403
1407
1571
1404
1408
1572
1409
1573
1406
1410
1574
1407
1411
1575
1408
1412
1576
1409
1413
1577
1414
1578
1411
1415
1579
1412
1416
1580
1413
1417
1581
1414
1418
1582
1419
1583
1416
1420
1584
1417
1421
1585
1418
1422
1586
1419
1423
1587
1424
1588
1421
1425
1589
1422
1426
1590
1423
1427
1591
1424
1428
1592
1429
1593
1426
1430
1594
1427
1431
1595
1428
1432
1596
1429
1433
1597
1434
1598
1431
1435
1599
1432
1436
1600
1433
1437
1601
1434
1438
1602
1439
1603
1436
1440
1604
1437
1441
1605
1438
1442
1606
1439
1443
1607
1444
1608
1441
1445
1609
1442
1446
1610
1443
1447
1611
1444
1448
1612
1449
1613
1446
1450
1614
1447
1451
1615
1448
1452
1616
1449
1453
1617
1454
1618
1451
1455
1619
1452
1456
1620
1453
1457
1621
1454
1458
1622
1459
1623
1456
1460
1624
1457
1461
1625
1458
1462
1626
1459
1463
1627
1464
1628
1461
1465
1629
1462
1466
1630
1463
1467
1631
1464
1468
1632
1469
1633
1466
1470
1634
1467
1471
1635
1468
1472
1636
1469
1473
1637
1474
1638
1471
1475
1639
1472
1476
1640
1473
1477
1641
1474
1478
1642
1479
1643
1476
1480
1644
1477
1481
1645
1478
1482
1646
1479
1483
1647
1484
1648
1481
1485
1649
1482
1486
1650
1483
1487
1651
1484
1488
1652
1489
1653
1486
1490
1654
1487
1491
1655
1488
1492
1656
1489
1493
1657
1494
1658
1491
1495
1659
1492
1496
1660
1493
1497
1661
1494
1498
1662
1499
1663
1496
1500
1664
1497
1501
1665
1498
1502
1666
1499
1503
1667
1504
1668
1501
1505
1669
1502
1506
1670
1503
1507
1671
1504
1508
1672
1509
1673
1506
1510
1674
1507
1511
1675
1508
1512
1676
1509
1513
1677
1514
1678
1511
1515
1679
1512
1516
1680
1513
1517
1681
1514
1518
1682
1519
1683
1516
1684
1517
1685
1518
1686
1519
1687
1688
1521
1525
1689
1522
1526
1690
1523
1527
1691
1524
1528
1692
1529
1693
1526
1530
1694
1527
1531
1695
1528
1532
1696
1529
1533
1697
1534
1698
1531
1699
1532
1700
1533
1701
1534
1702
1703
1536
1541
1704
1537
1542
1705
1538
1543
1706
1539
1544
1707
1540
1545
1708
1546
1709
1542
1547
1710
1543
1548
1711
1544
1549
1712
1545
1550
1713
1546
1551
1714
1552
1715
1548
1553
1716
1549
1554
1717
1550
1555
1718
1551
1556
1719
1552
1557
1720
1558
1721
1554
1722
1555
1559
1723
1556
1560
1724
1557
1561
1725
1558
1562
1726
1563
1727
1560
1564
1729
1561
1565
1730
1562
1566
1731
1563
1567
1732
1568
1733
1565
1569
1734
1566
1570
1735
1567
1571
1736
1568
1572
1737
1573
1738
1570
1574
1739
1571
1575
1740
1572
1576
1741
1573
1577
1742
1578
1743
1575
1579
1744
1576
1580
1745
1577
1581
1746
1578
1582
1747
1583
1748
1580
1584
1749
1581
1585
1750
1582
1586
1751
1583
1587
1752
1588
1753
1585
1589
1754
1586
1590
1755
1587
1591
1756
1588
1592
1757
1593
1758
1590
1594
1759
1591
1595
1760
1592
1596
1761
1593
1597
1762
1598
1763
1595
1599
1764
1596
1600
1765
1597
1601
1766
1598
1602
1767
1603
1768
1600
1604
1769
1601
1605
1770
1602
1606
1771
1603
1607
1772
1608
1773
1605
1609
1774
1606
1610
1775
1607
1611
1776
1608
1612
1777
1613
1778
1610
1614
1779
1611
1615
1780
1612
1616
1781
1613
1617
1782
1618
1783
1615
1619
1784
1616
1620
1785
1617
1621
1786
1618
1622
1787
1623
1788
1620
1624
1789
1621
1625
1790
1622
1626
1791
1623
1627
1792
1628
1793
1625
1629
1794
1626
1630
1795
1627
1631
1796
1628
1632
1797
1633
1798
1630
1634
1799
1631
1635
1800
1632
1636
1801
1633
1637
1802
1638
1803
1635
1639
1804
1636
1640
1805
1637
1641
1806
1638
1642
1807
1643
1808
1640
1644
1809
1641
1645
1810
1642
1646
1811
1643
1647
1812
1648
1813
1645
1649
1814
1646
1650
1815
1647
1651
1816
1648
1652
1817
1653
1818
1650
1654
1819
1651
1655
1820
1652
1656
1821
1653
1657
1822
1658
1823
1655
1659
1824
1656
1660
1825
1657
1661
1826
1658
1662
1827
1663
1828
1660
1664
1829
1661
1665
1830
1662
1666
1831
1663
1667
1832
1668
1833
1665
1669
1834
1666
1670
1835
1667
1671
1836
1668
1672
1837
1673
1838
1670
1674
1839
1671
1675
1840
1672
1676
1841
1673
1677
1842
1678
1843
1675
1679
1844
1676
1680
1845
1677
1681
1846
1678
1682
1847
1683
1848
1680
1684
1849
1681
1685
1850
1682
1686
1851
1683
1687
1852
1688
1853
1685
1854
1686
1855
1687
1856
1688
1857
1858
1690
1694
1859
1691
1695
1860
1692
1696
1861
1693
1697
1862
1698
1863
1695
1699
1864
1696
1700
1865
1697
1701
1866
1698
1702
1867
1703
1868
1700
1869
1701
1870
1702
1871
1703
1872
1873
1705
1710
1874
1706
1711
1875
1707
1712
1876
1708
1713
1877
1709
1714
1878
1715
1879
1711
1716
1880
1712
1717
1881
1713
1718
1882
1714
1719
1883
1715
1720
1884
1721
1885
1717
1722
1886
1718
1723
1887
1719
1724
1888
1720
1725
1889
1721
1726
1890
1727
1891
1723
1728
1892
1724
1729
1893
1725
1730
1894
1726
1731
1895
1727
1732
1896
1733
1897
1729
1898
1730
1734
1899
1731
1735
1900
1732
1736
1901
1733
1737
1902
1738
1903
1735
1739
1905
1736
1740
1906
1737
1741
1907
1738
1742
1908
1743
1909
1740
1744
1910
1741
1745
1911
1742
1746
1912
1743
1747
1913
1748
1914
1745
1749
1915
1746
1750
1916
1747
1751
1917
1748
1752
1918
1753
1919
1750
1754
1920
1751
1755
1921
1752
1756
1922
1753
1757
1923
1758
1924
1755
1759
1925
1756
1760
1926
1757
1761
1927
1758
1762
1928
1763
1929
1760
1764
1930
1761
1765
1931
1762
1766
1932
1763
1767
1933
1768
1934
1765
1769
1935
1766
1770
1936
1767
1771
1937
1768
1772
1938
1773
1939
1770
1774
1940
1771
1775
1941
1772
1776
1942
1773
1777
1943
1778
1944
1775
1779
1945
1776
1780
1946
1777
1781
1947
1778
1782
1948
1783
1949
1780
1784
1950
1781
1785
1951
1782
1786
1952
1783
1787
1953
1788
1954
1785
1789
1955
1786
1790
1956
1787
1791
1957
1788
1792
1958
1793
1959
1790
1794
1960
1791
1795
1961
1792
1796
1962
1793
1797
1963
1798
1964
1795
1799
1965
1796
1800
1966
1797
1801
1967
1798
1802
1968
1803
1969
1800
1804
1970
1801
1805
1971
1802
1806
1972
1803
1807
1973
1808
1974
1805
1809
1975
1806
1810
1976
1807
1811
1977
1808
1812
1978
1813
1979
1810
1814
1980
1811
1815
1981
1812
1816
1982
1813
1817
1983
1818
1984
1815
1819
1985
1816
1820
1986
1817
1821
1987
1818
1822
1988
1823
1989
1820
1824
1990
1821
1825
1991
1822
1826
1992
1823
1827
1993
1828
1994
1825
1829
1995
1826
1830
1996
1827
1831
1997
1828
1832
1998
1833
1999
1830
1834
2000
1831
1835
2001
1832
1836
2002
1833
1837
2003
1838
2004
1835
1839
2005
1836
1840
2006
1837
1841
2007
1838
1842
2008
1843
2009
1840
1844
2010
1841
1845
2011
1842
1846
2012
1843
1847
2013
1848
2014
1845
1849
2015
1846
1850
2016
1847
1851
2017
1848
1852
2018
1853
2019
1850
1854
2020
1851
1855
2021
1852
1856
2022
1853
1857
2023
1858
2024
1855
2025
1856
2026
1857
2027
1858
2028
2029
1860
1864
2030
1861
1865
2031
1862
1866
2032
1863
1867
2033
1868
2034
1865
1869
2035
1866
1870
2036
1867
1871
2037
1868
1872
2038
1873
2039
1870
2040
1871
2041
1872
2042
1873
2043
2044
1875
1880
2045
1876
1881
2046
1877
1882
2047
1878
1883
2048
1879
1884
2049
1885
1881
1886
2050
1882
1887
2051
1883
1888
2052
1884
1889
2053
1885
1890
2054
1891
2055
1887
1892
2056
1888
1893
2057
1889
1894
2058
1890
1895
2059
1891
1896
2060
1897
2061
1893
1898
2062
1894
1899
2063
1895
1900
2064
1896
1901
2065
1897
1902
2066
1903
2067
1899
1904
2068
1900
1905
2069
1901
1906
2070
1902
1907
2071
1903
1908
2072
1909
2073
1905
2074
1906
1910
2075
1907
1911
2076
1908
1912
2077
1909
1913
2078
1914
2079
1911
1915
2081
1912
1916
2082
1913
1917
2083
1914
1918
2084
1919
2085
1916
1920
2086
1917
1921
2087
1918
1922
2088
1919
1923
2089
1924
2090
1921
1925
2091
1922
1926
2092
1923
1927
2093
1924
1928
2094
1929
2095
1926
1930
2096
1927
1931
2097
1928
1932
2098
1929
1933
2099
1934
2100
1931
1935
2101
1932
1936
2102
1933
1937
2103
1934
1938
2104
1939
2105
1936
1940
2106
1937
1941
2107
1938
1942
2108
1939
1943
2109
1944
2110
1941
1945
2111
1942
1946
2112
1943
1947
2113
1944
1948
2114
1949
2115
1946
1950
2116
1947
1951
2117
1948
1952
2118
1949
1953
2119
1954
2120
1951
1955
2121
1952
1956
2122
1953
1957
2123
1954
1958
2124
1959
2125
1956
1960
2126
1957
1961
2127
1958
1962
2128
1959
1963
2129
1964
2130
1961
1965
2131
1962
1966
2132
1963
1967
2133
1964
1968
2134
1969
2135
1966
1970
2136
1967
1971
2137
1968
1972
2138
1969
1973
2139
1974
2140
1971
1975
2141
1972
1976
2142
1973
1977
2143
1974
1978
2144
1979
2145
1976
1980
2146
1977
1981
2147
1978
1982
2148
1979
1983
2149
1984
2150
1981
1985
2151
1982
1986
2152
1983
1987
2153
1984
1988
2154
1989
2155
1986
1990
2156
1987
1991
2157
1988
1992
2158
1989
1993
2159
1994
2160
1991
1995
2161
1992
1996
2162
1993
1997
2163
1994
1998
2164
1999
2165
1996
2000
2166
1997
2001
2167
1998
2002
2168
1999
2003
2169
2004
2170
2001
2005
2171
2002
2006
2172
2003
2007
2173
2004
2008
2174
2009
2175
2006
2010
2176
2007
2011
2177
2008
2012
2178
2009
2013
2179
2014
2180
2011
2015
2181
2012
2016
2182
2013
2017
2183
2014
2018
2184
2019
2185
2016
2020
2186
2017
2021
2187
2018
2022
2188
2019
2023
2189
2024
2190
2021
2025
2191
2022
2026
2192
2023
2027
2193
2024
2028
2194
2029
2195
2026
2196
2027
2197
2028
2198
2029
2199
2200
2031
2035
2201
2032
2036
2202
2033
2037
2203
2034
2038
2204
2039
2205
2036
2040
2206
2037
2041
2207
2038
2042
2208
2039
2043
2209
2044
2210
2041
2211
2042
2212
2043
2213
2044
2214
2215
2046
2050
2216
2047
2051
2217
2048
2052
2218
2049
2053
2219
2054
2220
2051
2056
2221
2052
2057
2222
2053
2058
2223
2054
2059
2224
2055
2060
2225
2061
2057
2062
2226
2058
2063
2227
2059
2064
2228
2060
2065
2229
2061
2066
2230
2067
2231
2063
2068
2232
2064
2069
2233
2065
2070
2234
2066
2071
2235
2067
2072
2236
2073
2237
2069
2074
2238
2070
2075
2239
2071
2076
2240
2072
2077
2241
2073
2078
2242
2079
2243
2075
2080
2244
2076
2081
2245
2077
2082
2246
2078
2083
2247
2079
2084
2248
2085
2249
2081
2250
2082
2086
2251
2083
2087
2252
2084
2088
2253
2085
2089
2254
2090
2255
2087
2091
2257
2088
2092
2258
2089
2093
2259
2090
2094
2260
2095
2261
2092
2096
2262
2093
2097
2263
2094
2098
2264
2095
2099
2265
2100
2266
2097
2101
2267
2098
2102
2268
2099
2103
2269
2100
2104
2270
2105
2271
2102
2106
2272
2103
2107
2273
2104
2108
2274
2105
2109
2275
2110
2276
2107
2111
2277
2108
2112
2278
2109
2113
2279
2110
2114
2280
2115
2281
2112
2116
2282
2113
2117
2283
2114
2118
2284
2115
2119
2285
2120
2286
2117
2121
2287
2118
2122
2288
2119
2123
2289
2120
2124
2290
2125
2291
2122
2126
2292
2123
2127
2293
2124
2128
2294
2125
2129
2295
2130
2296
2127
2131
2297
2128
2132
2298
2129
2133
2299
2130
2134
2300
2135
2301
2132
2136
2302
2133
2137
2303
2134
2138
2304
2135
2139
2305
2140
2306
2137
2141
2307
2138
2142
2308
2139
2143
2309
2140
2144
2310
2145
2311
2142
2146
2312
2143
2147
2313
2144
2148
2314
2145
2149
2315
2150
2316
2147
2151
2317
2148
2152
2318
2149
2153
2319
2150
2154
2320
2155
2321
2152
2156
2322
2153
2157
2323
2154
2158
2324
2155
2159
2325
2160
2326
2157
2161
2327
2158
2162
2328
2159
2163
2329
2160
2164
2330
2165
2331
2162
2166
2332
2163
2167
2333
2164
2168
2334
2165
2169
2335
2170
2336
2167
2171
2337
2168
2172
2338
2169
2173
2339
2170
2174
2340
2175
2341
2172
2176
2342
2173
2177
2343
2174
2178
2344
2175
2179
2345
2180
2346
2177
2181
2347
2178
2182
2348
2179
2183
2349
2180
2184
2350
2185
2351
2182
2186
2352
2183
2187
2353
2184
2188
2354
2185
2189
2355
2190
2356
2187
2191
2357
2188
2192
2358
2189
2193
2359
2190
2194
2360
2195
2361
2192
2196
2362
2193
2197
2363
2194
2198
2364
2195
2199
2365
2200
2366
2197
2367
2198
2368
2199
2369
2200
2370
2371
2202
2206
2372
2203
2207
2373
2204
2208
2374
2205
2209
2375
2210
2376
2207
2211
2377
2208
2212
2378
2209
2213
2379
2210
2214
2380
2215
2381
2212
2382
2213
2383
2214
2384
2215
2385
2386
2217
2221
2387
2218
2222
2388
2219
2223
2389
2220
2224
2390
2225
2391
2222
2226
2392
2223
2227
2393
2224
2228
2394
2225
2229
2395
2230
2396
2227
2232
2397
2228
2233
2398
2229
2234
2399
2230
2235
2400
2231
2236
2401
2237
2233
2238
2402
2234
2239
2403
2235
2240
2404
2236
2241
2405
2237
2242
2406
2243
2407
2239
2244
2408
2240
2245
2409
2241
2246
2410
2242
2247
2411
2243
2248
2412
2249
2413
2245
2250
2414
2246
2251
2415
2247
2252
2416
2248
2253
2417
2249
2254
2418
2255
2419
2251
2256
2420
2252
2257
2421
2253
2258
2422
2254
2259
2423
2255
2260
2424
2261
2425
2257
2426
2258
2262
2427
2259
2263
2428
2260
2264
2429
2261
2265
2430
2266
2431
2263
2267
2433
2264
2268
2434
2265
2269
2435
2266
2270
2436
2271
2437
2268
2272
2438
2269
2273
2439
2270
2274
2440
2271
2275
2441
2276
2442
2273
2277
2443
2274
2278
2444
2275
2279
2445
2276
2280
2446
2281
2447
2278
2282
2448
2279
2283
2449
2280
2284
2450
2281
2285
2451
2286
2452
2283
2287
2453
2284
2288
2454
2285
2289
2455
2286
2290
2456
2291
2457
2288
2292
2458
2289
2293
2459
2290
2294
2460
2291
2295
2461
2296
2462
2293
2297
2463
2294
2298
2464
2295
2299
2465
2296
2300
2466
2301
2467
2298
2302
2468
2299
2303
2469
2300
2304
2470
2301
2305
2471
2306
2472
2303
2307
2473
2304
2308
2474
2305
2309
2475
2306
2310
2476
2311
2477
2308
2312
2478
2309
2313
2479
2310
2314
2480
2311
2315
2481
2316
2482
2313
2317
2483
2314
2318
2484
2315
2319
2485
2316
2320
2486
2321
2487
2318
2322
2488
2319
2323
2489
2320
2324
2490
2321
2325
2491
2326
2492
2323
2327
2493
2324
2328
2494
2325
2329
2495
2326
2330
2496
2331
2497
2328
2332
2498
2329
2333
2499
2330
2334
2500
2331
2335
2501
2336
2502
2333
2337
2503
2334
2338
2504
2335
2339
2505
2336
2340
2506
2341
2507
2338
2342
2508
2339
2343
2509
2340
2344
2510
2341
2345
2511
2346
2512
2343
2347
2513
2344
2348
2514
2345
2349
2515
2346
2350
2516
2351
2517
2348
2352
2518
2349
2353
2519
2350
2354
2520
2351
2355
2521
2356
2522
2353
2357
2523
2354
2358
2524
2355
2359
2525
2356
2360
2526
2361
2527
2358
2362
2528
2359
2363
2529
2360
2364
2530
2361
2365
2531
2366
2532
2363
2367
2533
2364
2368
2534
2365
2369
2535
2366
2370
2536
2371
2537
2368
2538
2369
2539
2370
2540
2371
2541
2542
2373
2377
2543
2374
2378
2544
2375
2379
2545
2376
2380
2546
2381
2547
2378
2382
2548
2379
2383
2549
2380
2384
2550
2381
2385
2551
2386
2552
2383
2553
2384
2554
2385
2555
2386
2556
2557
2388
2392
2558
2389
2393
2559
2390
2394
2560
2391
2395
2561
2396
2562
2393
2397
2563
2394
2398
2564
2395
2399
2565
2396
2400
2566
2401
2567
2398
2402
2568
2399
2403
2569
2400
2404
2570
2401
2405
2571
2406
2572
2403
2408
2573
2404
2409
2574
2405
2410
2575
2406
2411
2576
2407
2412
2577
2413
2409
2414
2578
2410
2415
2579
2411
2416
2580
2412
2417
2581
2413
2418
2582
2419
2583
2415
2420
2584
2416
2421
2585
2417
2422
2586
2418
2423
2587
2419
2424
2588
2425
2589
2421
2426
2590
2422
2427
2591
2423
2428
2592
2424
2429
2593
2425
2430
2594
2431
2595
2427
2432
2596
2428
2433
2597
2429
2434
2598
2430
2435
2599
2431
2436
2600
2437
2601
2433
2602
2434
2438
2603
2435
2439
2604
2436
2440
2605
2437
2441
2606
2442
2607
2439
2443
2609
2440
2444
2610
2441
2445
2611
2442
2446
2612
2447
2613
2444
2448
2614
2445
2449
2615
2446
2450
2616
2447
2451
2617
2452
2618
2449
2453
2619
2450
2454
2620
2451
2455
2621
2452
2456
2622
2457
2623
2454
2458
2624
2455
2459
2625
2456
2460
2626
2457
2461
2627
2462
2628
2459
2463
2629
2460
2464
2630
2461
2465
2631
2462
2466
2632
2467
2633
2464
2468
2634
2465
2469
2635
2466
2470
2636
2467
2471
2637
2472
2638
2469
2473
2639
2470
2474
2640
2471
2475
2641
2472
2476
2642
2477
2643
2474
2478
2644
2475
2479
2645
2476
2480
2646
2477
2481
2647
2482
2648
2479
2483
2649
2480
2484
2650
2481
2485
2651
2482
2486
2652
2487
2653
2484
2488
2654
2485
2489
2655
2486
2490
2656
2487
2491
2657
2492
2658
2489
2493
2659
2490
2494
2660
2491
2495
2661
2492
2496
2662
2497
2663
2494
2498
2664
2495
2499
2665
2496
2500
2666
2497
2501
2667
2502
2668
2499
2503
2669
2500
2504
2670
2501
2505
2671
2502
2506
2672
2507
2673
2504
2508
2674
2505
2509
2675
2506
2510
2676
2507
2511
2677
2512
2678
2509
2513
2679
2510
2514
2680
2511
2515
2681
2512
2516
2682
2517
2683
2514
2518
2684
2515
2519
2685
2516
2520
2686
2517
2521
2687
2522
2688
2519
2523
2689
2520
2524
2690
2521
2525
2691
2522
2526
2692
2527
2693
2524
2528
2694
2525
2529
2695
2526
2530
2696
2527
2531
2697
2532
2698
2529
2533
2699
2530
2534
2700
2531
2535
2701
2532
2536
2702
2537
2703
2534
2538
2704
2535
2539
2705
2536
2540
2706
2537
2541
2707
2542
2708
2539
2709
2540
2710
2541
2711
2542
2712
2713
2544
2548
2714
2545
2549
2715
2546
2550
2716
2547
2551
2717
2552
2718
2549
2553
2719
2550
2554
2720
2551
2555
2721
2552
2556
2722
2557
2723
2554
2724
2555
2725
2556
2726
2557
2727
2728
2559
2563
2729
2560
2564
2730
2561
2565
2731
2562
2566
2732
2567
2733
2564
2568
2734
2565
2569
2735
2566
2570
2736
2567
2571
2737
2572
2738
2569
2573
2739
2570
2574
2740
2571
2575
2741
2572
2576
2742
2577
2743
2574
2578
2744
2575
2579
2745
2576
2580
2746
2577
2581
2747
2582
2748
2579
2584
2749
2580
2585
2750
2581
2586
2751
2582
2587
2752
2583
2588
2753
2589
2585
2590
2754
2586
2591
2755
2587
2592
2756
2588
2593
2757
2589
2594
2758
2595
2759
2591
2596
2760
2592
2597
2761
2593
2598
2762
2594
2599
2763
2595
2600
2764
2601
2765
2597
2602
2766
2598
2603
2767
2599
2604
2768
2600
2605
2769
2601
2606
2770
2607
2771
2603
2608
2772
2604
2609
2773
2605
2610
2774
2606
2611
2775
2607
2612
2776
2613
2777
2609
2778
2610
2614
2779
2611
2615
2780
2612
2616
2781
2613
2617
2782
2618
2783
2615
2619
2785
2616
2620
2786
2617
2621
2787
2618
2622
2788
2623
2789
2620
2624
2790
2621
2625
2791
2622
2626
2792
2623
2627
2793
2628
2794
2625
2629
2795
2626
2630
2796
2627
2631
2797
2628
2632
2798
2633
2799
2630
2634
2800
2631
2635
2801
2632
2636
2802
2633
2637
2803
2638
2804
2635
2639
2805
2636
2640
2806
2637
2641
2807
2638
2642
2808
2643
2809
2640
2644
2810
2641
2645
2811
2642
2646
2812
2643
2647
2813
2648
2814
2645
2649
2815
2646
2650
2816
2647
2651
2817
2648
2652
2818
2653
2819
2650
2654
2820
2651
2655
2821
2652
2656
2822
2653
2657
2823
2658
2824
2655
2659
2825
2656
2660
2826
2657
2661
2827
2658
2662
2828
2663
2829
2660
2664
2830
2661
2665
2831
2662
2666
2832
2663
2667
2833
2668
2834
2665
2669
2835
2666
2670
2836
2667
2671
2837
2668
2672
2838
2673
2839
2670
2674
2840
2671
2675
2841
2672
2676
2842
2673
2677
2843
2678
2844
2675
2679
2845
2676
2680
2846
2677
2681
2847
2678
2682
2848
2683
2849
2680
2684
2850
2681
2685
2851
2682
2686
2852
2683
2687
2853
2688
2854
2685
2689
2855
2686
2690
2856
2687
2691
2857
2688
2692
2858
2693
2859
2690
2694
2860
2691
2695
2861
2692
2696
2862
2693
2697
2863
2698
2864
2695
2699
2865
2696
2700
2866
2697
2701
2867
2698
2702
2868
2703
2869
2700
2704
2870
2701
2705
2871
2702
2706
2872
2703
2707
2873
2708
2874
2705
2709
2875
2706
2710
2876
2707
2711
2877
2708
2712
2878
2713
2879
2710
2880
2711
2881
2712
2882
2713
2883
2884
2715
2719
2885
2716
2720
2886
2717
2721
2887
2718
2722
2888
2723
2889
2720
2724
2890
2721
2725
2891
2722
2726
2892
2723
2727
2893
2728
2894
2725
2895
2726
2896
2727
2897
2728
2898
2899
2730
2734
2900
2731
2735
2901
2732
2736
2902
2733
2737
2903
2738
2904
2735
2739
2905
2736
2740
2906
2737
2741
2907
2738
2742
2908
2743
2909
2740
2744
2910
2741
2745
2911
2742
2746
2912
2743
2747
2913
2748
2914
2745
2749
2915
2746
2750
2916
2747
2751
2917
2748
2752
2918
2753
2919
2750
2754
2920
2751
2755
2921
2752
2756
2922
2753
2757
2923
2758
2924
2755
2760
2925
2756
2761
2926
2757
2762
2927
2758
2763
2928
2759
2764
2929
2765
2761
2766
2930
2762
2767
2931
2763
2768
2932
2764
2769
2933
2765
2770
2934
2771
2767
2772
2935
2768
2773
2936
2769
2774
2937
2770
2775
2938
2771
2776
2939
2777
2940
2773
2778
2941
2774
2779
2942
2775
2780
2943
2776
2781
2944
2777
2782
2945
2783
2946
2779
2784
2947
2780
2785
2948
2781
2786
2949
2782
2787
2950
2783
2788
2951
2789
2952
2785
2953
2786
2790
2954
2787
2791
2955
2788
2792
2956
2789
2793
2957
2794
2958
2791
2795
2960
2792
2796
2961
2793
2797
2962
2794
2798
2963
2799
2964
2796
2800
2965
2797
2801
2966
2798
2802
2967
2799
2803
2968
2804
2969
2801
2805
2970
2802
2806
2971
2803
2807
2972
2804
2808
2973
2809
2974
2806
2810
2975
2807
2811
2976
2808
2812
2977
2809
2813
2978
2814
2979
2811
2815
2980
2812
2816
2981
2813
2817
2982
2814
2818
2983
2819
2984
2816
2820
2985
2817
2821
2986
2818
2822
2987
2819
2823
2988
2824
2989
2821
2825
2990
2822
2826
2991
2823
2827
2992
2824
2828
2993
2829
2994
2826
2830
2995
2827
2831
2996
2828
2832
2997
2829
2833
2998
2834
2999
2831
2835
3000
2832
2836
3001
2833
2837
3002
2834
2838
3003
2839
3004
2836
2840
3005
2837
2841
3006
2838
2842
3007
2839
2843
3008
2844
3009
2841
2845
3010
2842
2846
3011
2843
2847
3012
2844
2848
3013
2849
3014
2846
2850
3015
2847
2851
3016
2848
2852
3017
2849
2853
3018
2854
3019
2851
2855
3020
2852
2856
3021
2853
2857
3022
2854
2858
3023
2859
3024
2856
2860
3025
2857
2861
3026
2858
2862
3027
2859
2863
3028
2864
3029
2861
2865
3030
2862
2866
3031
2863
2867
3032
2864
2868
3033
2869
3034
2866
2870
3035
2867
2871
3036
2868
2872
3037
2869
2873
3038
2874
3039
2871
2875
3040
2872
2876
3041
2873
2877
3042
2874
2878
3043
2879
3044
2876
2880
3045
2877
2881
3046
2878
2882
3047
2879
2883
3048
2884
3049
2881
3050
2882
3051
2883
3052
2884
3053
3054
2886
2890
3055
2887
2891
3056
2888
2892
3057
2889
2893
3058
2894
3059
2891
2895
3060
2892
2896
3061
2893
2897
3062
2894
2898
3063
2899
3064
2896
3065
2897
3066
2898
3067
2899
3068
3069
2901
2905
3070
2902
2906
3071
2903
2907
3072
2904
2908
3073
2909
3074
2906
2910
3075
2907
2911
3076
2908
2912
3077
2909
2913
3078
2914
3079
2911
2915
3080
2912
2916
3081
2913
2917
3082
2914
2918
3083
2919
3084
2916
2920
3085
2917
2921
3086
2918
2922
3087
2919
2923
3088
2924
3089
2921
2925
3090
2922
2926
3091
2923
2927
3092
2924
2928
3093
2929
3094
2926
2930
3095
2927
2931
3096
2928
2932
3097
2929
2933
3098
2934
3099
2931
2935
3100
2932
2936
3101
2933
2937
3102
2934
2938
3103
2939
3104
2936
2941
3105
2937
2942
3106
2938
2943
3107
2939
2944
3108
2940
2945
3109
2946
2942
2947
3110
2943
2948
3111
2944
2949
3112
2945
2950
3113
2946
2951
3114
2952
3115
2948
2953
3116
2949
2954
3117
2950
2955
3118
2951
2956
3119
2952
2957
3120
2958
3121
2954
2959
3122
2955
2960
3123
2956
2961
3124
2957
2962
3125
2958
2963
3126
2964
3127
2960
3128
2961
2965
3129
2962
2966
3130
2963
2967
3131
2964
2968
3132
2969
3133
2966
2970
3135
2967
2971
3136
2968
2972
3137
2969
2973
3138
2974
3139
2971
2975
3140
2972
2976
3141
2973
2977
3142
2974
2978
3143
2979
3144
2976
2980
3145
2977
2981
3146
2978
2982
3147
2979
2983
3148
2984
3149
2981
2985
3150
2982
2986
3151
2983
2987
3152
2984
2988
3153
2989
3154
2986
2990
3155
2987
2991
3156
2988
2992
3157
2989
2993
3158
2994
3159
2991
2995
3160
2992
2996
3161
2993
2997
3162
2994
2998
3163
2999
3164
2996
3000
3165
2997
3001
3166
2998
3002
3167
2999
3003
3168
3004
3169
3001
3005
3170
3002
3006
3171
3003
3007
3172
3004
3008
3173
3009
3174
3006
3010
3175
3007
3011
3176
3008
3012
3177
3009
3013
3178
3014
3179
3011
3015
3180
3012
3016
3181
3013
3017
3182
3014
3018
3183
3019
3184
3016
3020
3185
3017
3021
3186
3018
3022
3187
3019
3023
3188
3024
3189
3021
3025
3190
3022
3026
3191
3023
3027
3192
3024
3028
3193
3029
3194
3026
3030
3195
3027
3031
3196
3028
3032
3197
3029
3033
3198
3034
3199
3031
3035
3200
3032
3036
3201
3033
3037
3202
3034
3038
3203
3039
3204
3036
3040
3205
3037
3041
3206
3038
3042
3207
3039
3043
3208
3044
3209
3041
3045
3210
3042
3046
3211
3043
3047
3212
3044
3048
3213
3049
3214
3046
3050
3215
3047
3051
3216
3048
3052
3217
3049
3053
3218
3054
3219
3051
3220
3052
3221
3053
3222
3054
3223
3224
3056
3060
3225
3057
3061
3226
3058
3062
3227
3059
3063
3228
3064
3229
3061
3065
3230
3062
3066
3231
3063
3067
3232
3064
3068
3233
3069
3234
3066
3235
3067
3236
3068
3237
3069
3238
3239
3071
3075
3240
3072
3076
3241
3073
3077
3242
3074
3078
3243
3079
3244
3076
3080
3245
3077
3081
3246
3078
3082
3247
3079
3083
3248
3084
3249
3081
3085
3250
3082
3086
3251
3083
3087
3252
3084
3088
3253
3089
3254
3086
3090
3255
3087
3091
3256
3088
3092
3257
3089
3093
3258
3094
3259
3091
3095
3260
3092
3096
3261
3093
3097
3262
3094
3098
3263
3099
3264
3096
3100
3265
3097
3101
3266
3098
3102
3267
3099
3103
3268
3104
3269
3101
3105
3270
3102
3106
3271
3103
3107
3272
3104
3108
3273
3109
3274
3106
3110
3275
3107
3111
3276
3108
3112
3277
3109
3113
3278
3114
3279
3111
3116
3280
3112
3117
3281
3113
3118
3282
3114
3119
3283
3115
3120
3284
3121
3117
3122
3285
3118
3123
3286
3119
3124
3287
3120
3125
3288
3121
3126
3289
3127
3290
3123
3128
3291
3124
3129
3292
3125
3130
3293
3126
3131
3294
3127
3132
3295
3133
3296
3129
3134
3297
3130
3135
3298
3131
3136
3299
3132
3137
3300
3133
3138
3301
3139
3302
3135
3303
3136
3140
3304
3137
3141
3305
3138
3142
3306
3139
3143
3307
3144
3308
3141
3145
3310
3142
3146
3311
3143
3147
3312
3144
3148
3313
3149
3314
3146
3150
3315
3147
3151
3316
3148
3152
3317
3149
3153
3318
3154
3319
3151
3155
3320
3152
3156
3321
3153
3157
3322
3154
3158
3323
3159
3324
3156
3160
3325
3157
3161
3326
3158
3162
3327
3159
3163
3328
3164
3329
3161
3165
3330
3162
3166
3331
3163
3167
3332
3164
3168
3333
3169
3334
3166
3170
3335
3167
3171
3336
3168
3172
3337
3169
3173
3338
3174
3339
3171
3175
3340
3172
3176
3341
3173
3177
3342
3174
3178
3343
3179
3344
3176
3180
3345
3177
3181
3346
3178
3182
3347
3179
3183
3348
3184
3349
3181
3185
3350
3182
3186
3351
3183
3187
3352
3184
3188
3353
3189
3354
3186
3190
3355
3187
3191
3356
3188
3192
3357
3189
3193
3358
3194
3359
3191
3195
3360
3192
3196
3361
3193
3197
3362
3194
3198
3363
3199
3364
3196
3200
3365
3197
3201
3366
3198
3202
3367
3199
3203
3368
3204
3369
3201
3205
3370
3202
3206
3371
3203
3207
3372
3204
3208
3373
3209
3374
3206
3210
3375
3207
3211
3376
3208
3212
3377
3209
3213
3378
3214
3379
3211
3215
3380
3212
3216
3381
3213
3217
3382
3214
3218
3383
3219
3384
3216
3220
3385
3217
3221
3386
3218
3222
3387
3219
3223
3388
3224
3389
3221
3390
3222
3391
3223
3392
3224
3393
3394
3226
3230
3395
3227
3231
3396
3228
3232
3397
3229
3233
3398
3234
3399
3231
3235
3400
3232
3236
3401
3233
3237
3402
3234
3238
3403
3239
3404
3236
3405
3237
3406
3238
3407
3239
3408
3409
3241
3245
3410
3242
3246
3411
3243
3247
3412
3244
3248
3413
3249
3414
3246
3250
3415
3247
3251
3416
3248
3252
3417
3249
3253
3418
3254
3419
3251
3255
3420
3252
3256
3421
3253
3257
3422
3254
3258
3423
3259
3424
3256
3260
3425
3257
3261
3426
3258
3262
3427
3259
3263
3428
3264
3429
3261
3265
3430
3262
3266
3431
3263
3267
3432
3264
3268
3433
3269
3434
3266
3270
3435
3267
3271
3436
3268
3272
3437
3269
3273
3438
3274
3439
3271
3275
3440
3272
3276
3441
3273
3277
3442
3274
3278
3443
3279
3444
3276
3280
3445
3277
3281
3446
3278
3282
3447
3279
3283
3448
3284
3449
3281
3285
3450
3282
3286
3451
3283
3287
3452
3284
3288
3453
3289
3454
3286
3291
3455
3287
3292
3456
3288
3293
3457
3289
3294
3458
3290
3295
3459
3296
3292
3297
3460
3293
3298
3461
3294
3299
3462
3295
3300
3463
3296
3301
3464
3302
3465
3298
3303
3466
3299
3304
3467
3300
3305
3468
3301
3306
3469
3302
3307
3470
3308
3471
3304
3309
3472
3305
3310
3473
3306
3311
3474
3307
3312
3475
3308
3313
3476
3314
3477
3310
3478
3311
3315
3479
3312
3316
3480
3313
3317
3481
3314
3318
3482
3319
3483
3316
3320
3485
3317
3321
3486
3318
3322
3487
3319
3323
3488
3324
3489
3321
3325
3490
3322
3326
3491
3323
3327
3492
3324
3328
3493
3329
3494
3326
3330
3495
3327
3331
3496
3328
3332
3497
3329
3333
3498
3334
3499
3331
3335
3500
3332
3336
3501
3333
3337
3502
3334
3338
3503
3339
3504
3336
3340
3505
3337
3341
3506
3338
3342
3507
3339
3343
3508
3344
3509
3341
3345
3510
3342
3346
3511
3343
3347
3512
3344
3348
3513
3349
3514
3346
3350
3515
3347
3351
3516
3348
3352
3517
3349
3353
3518
3354
3519
3351
3355
3520
3352
3356
3521
3353
3357
3522
3354
3358
3523
3359
3524
3356
3360
3525
3357
3361
3526
3358
3362
3527
3359
3363
3528
3364
3529
3361
3365
3530
3362
3366
3531
3363
3367
3532
3364
3368
3533
3369
3534
3366
3370
3535
3367
3371
3536
3368
3372
3537
3369
3373
3538
3374
3539
3371
3375
3540
3372
3376
3541
3373
3377
3542
3374
3378
3543
3379
3544
3376
3380
3545
3377
3381
3546
3378
3382
3547
3379
3383
3548
3384
3549
3381
3385
3550
3382
3386
3551
3383
3387
3552
3384
3388
3553
3389
3554
3386
3390
3555
3387
3391
3556
3388
3392
3557
3389
3393
3558
3394
3559
3391
3560
3392
3561
3393
3562
3394
3563
3564
3396
3400
3565
3397
3401
3566
3398
3402
3567
3399
3403
3568
3404
3569
3401
3405
3570
3402
3406
3571
3403
3407
3572
3404
3408
3573
3409
3574
3406
3575
3407
3576
3408
3577
3409
3578
3579
3411
3415
3580
3412
3416
3581
3413
3417
3582
3414
3418
3583
3419
3584
3416
3420
3585
3417
3421
3586
3418
3422
3587
3419
3423
3588
3424
3589
3421
3425
3590
3422
3426
3591
3423
3427
3592
3424
3428
3593
3429
3594
3426
3430
3595
3427
3431
3596
3428
3432
3597
3429
3433
3598
3434
3599
3431
3435
3600
3432
3436
3601
3433
3437
3602
3434
3438
3603
3439
3604
3436
3440
3605
3437
3441
3606
3438
3442
3607
3439
3443
3608
3444
3609
3441
3445
3610
3442
3446
3611
3443
3447
3612
3444
3448
3613
3449
3614
3446
3450
3615
3447
3451
3616
3448
3452
3617
3449
3453
3618
3454
3619
3451
3455
3620
3452
3456
3621
3453
3457
3622
3454
3458
3623
3459
3624
3456
3460
3625
3457
3461
3626
3458
3462
3627
3459
3463
3628
3464
3629
3461
3466
3630
3462
3467
3631
3463
3468
3632
3464
3469
3633
3465
3470
3634
3471
3467
3472
3635
3468
3473
3636
3469
3474
3637
3470
3475
3638
3471
3476
3639
3477
3640
3473
3478
3641
3474
3479
3642
3475
3480
3643
3476
3481
3644
3477
3482
3645
3483
3646
3479
3484
3647
3480
3485
3648
3481
3486
3649
3482
3487
3650
3483
3488
3651
3489
3652
3485
3653
3486
3490
3654
3487
3491
3655
3488
3492
3656
3489
3493
3657
3494
3658
3491
3495
3660
3492
3496
3661
3493
3497
3662
3494
3498
3663
3499
3664
3496
3500
3665
3497
3501
3666
3498
3502
3667
3499
3503
3668
3504
3669
3501
3505
3670
3502
3506
3671
3503
3507
3672
3504
3508
3673
3509
3674
3506
3510
3675
3507
3511
3676
3508
3512
3677
3509
3513
3678
3514
3679
3511
3515
3680
3512
3516
3681
3513
3517
3682
3514
3518
3683
3519
3684
3516
3520
3685
3517
3521
3686
3518
3522
3687
3519
3523
3688
3524
3689
3521
3525
3690
3522
3526
3691
3523
3527
3692
3524
3528
3693
3529
3694
3526
3530
3695
3527
3531
3696
3528
3532
3697
3529
3533
3698
3534
3699
3531
3535
3700
3532
3536
3701
3533
3537
3702
3534
3538
3703
3539
3704
3536
3540
3705
3537
3541
3706
3538
3542
3707
3539
3543
3708
3544
3709
3541
3545
3710
3542
3546
3711
3543
3547
3712
3544
3548
3713
3549
3714
3546
3550
3715
3547
3551
3716
3548
3552
3717
3549
3553
3718
3554
3719
3551
3555
3720
3552
3556
3721
3553
3557
3722
3554
3558
3723
3559
3724
3556
3560
3725
3557
3561
3726
3558
3562
3727
3559
3563
3728
3564
3729
3561
3730
3562
3731
3563
3732
3564
3733
3734
3566
3570
3735
3567
3571
3736
3568
3572
3737
3569
3573
3738
3574
3739
3571
3575
3740
3572
3576
3741
3573
3577
3742
3574
3578
3743
3579
3744
3576
3745
3577
3746
3578
3747
3579
3748
3749
3581
3585
3750
3582
3586
3751
3583
3587
3752
3584
3588
3753
3589
3754
3586
3590
3755
3587
3591
3756
3588
3592
3757
3589
3593
3758
3594
3759
3591
3595
3760
3592
3596
3761
3593
3597
3762
3594
3598
3763
3599
3764
3596
3600
3765
3597
3601
3766
3598
3602
3767
3599
3603
3768
3604
3769
3601
3605
3770
3602
3606
3771
3603
3607
3772
3604
3608
3773
3609
3774
3606
3610
3775
3607
3611
3776
3608
3612
3777
3609
3613
3778
3614
3779
3611
3615
3780
3612
3616
3781
3613
3617
3782
3614
3618
3783
3619
3784
3616
3620
3785
3617
3621
3786
3618
3622
3787
3619
3623
3788
3624
3789
3621
3625
3790
3622
3626
3791
3623
3627
3792
3624
3628
3793
3629
3794
3626
3630
3795
3627
3631
3796
3628
3632
3797
3629
3633
3798
3634
3799
3631
3635
3800
3632
3636
3801
3633
3637
3802
3634
3638
3803
3639
3804
3636
3641
3805
3637
3642
3806
3638
3643
3807
3639
3644
3808
3640
3645
3809
3646
3642
3647
3810
3643
3648
3811
3644
3649
3812
3645
3650
3813
3646
3651
3814
3652
3815
3648
3653
3816
3649
3654
3817
3650
3655
3818
3651
3656
3819
3652
3657
3820
3658
3821
3654
3659
3822
3655
3660
3823
3656
3661
3824
3657
3662
3825
3658
3663
3826
3664
3827
3660
3828
3661
3665
3829
3662
3666
3830
3663
3667
3831
3664
3668
3832
3669
3833
3666
3670
3835
3667
3671
3836
3668
3672
3837
3669
3673
3838
3674
3839
3671
3675
3840
3672
3676
3841
3673
3677
3842
3674
3678
3843
3679
3844
3676
3680
3845
3677
3681
3846
3678
3682
3847
3679
3683
3848
3684
3849
3681
3685
3850
3682
3686
3851
3683
3687
3852
3684
3688
3853
3689
3854
3686
3690
3855
3687
3691
3856
3688
3692
3857
3689
3693
3858
3694
3859
3691
3695
3860
3692
3696
3861
3693
3697
3862
3694
3698
3863
3699
3864
3696
3700
3865
3697
3701
3866
3698
3702
3867
3699
3703
3868
3704
3869
3701
3705
3870
3702
3706
3871
3703
3707
3872
3704
3708
3873
3709
3874
3706
3710
3875
3707
3711
3876
3708
3712
3877
3709
3713
3878
3714
3879
3711
3715
3880
3712
3716
3881
3713
3717
3882
3714
3718
3883
3719
3884
3716
3720
3885
3717
3721
3886
3718
3722
3887
3719
3723
3888
3724
3889
3721
3725
3890
3722
3726
3891
3723
3727
3892
3724
3728
3893
3729
3894
3726
3730
3895
3727
3731
3896
3728
3732
3897
3729
3733
3898
3734
3899
3731
3900
3732
3901
3733
3902
3734
3903
3904
3736
3740
3905
3737
3741
3906
3738
3742
3907
3739
3743
3908
3744
3909
3741
3745
3910
3742
3746
3911
3743
3747
3912
3744
3748
3913
3749
3914
3746
3915
3747
3916
3748
3917
3749
3918
3919
3751
3755
3920
3752
3756
3921
3753
3757
3922
3754
3758
3923
3759
3924
3756
3760
3925
3757
3761
3926
3758
3762
3927
3759
3763
3928
3764
3929
3761
3765
3930
3762
3766
3931
3763
3767
3932
3764
3768
3933
3769
3934
3766
3770
3935
3767
3771
3936
3768
3772
3937
3769
3773
3938
3774
3939
3771
3775
3940
3772
3776
3941
3773
3777
3942
3774
3778
3943
3779
3944
3776
3780
3945
3777
3781
3946
3778
3782
3947
3779
3783
3948
3784
3949
3781
3785
3950
3782
3786
3951
3783
3787
3952
3784
3788
3953
3789
3954
3786
3790
3955
3787
3791
3956
3788
3792
3957
3789
3793
3958
3794
3959
3791
3795
3960
3792
3796
3961
3793
3797
3962
3794
3798
3963
3799
3964
3796
3800
3965
3797
3801
3966
3798
3802
3967
3799
3803
3968
3804
3969
3801
3805
3970
3802
3806
3971
3803
3807
3972
3804
3808
3973
3809
3974
3806
3810
3975
3807
3811
3976
3808
3812
3977
3809
3813
3978
3814
3979
3811
3816
3980
3812
3817
3981
3813
3818
3982
3814
3819
3983
3815
3820
3984
3821
3817
3822
3985
3818
3823
3986
3819
3824
3987
3820
3825
3988
3821
3826
3989
3827
3990
3823
3828
3991
3824
3829
3992
3825
3830
3993
3826
3831
3994
3827
3832
3995
3833
3996
3829
3834
3997
3830
3835
3998
3831
3836
3999
3832
3837
4000
3833
3838
4001
3839
4002
3835
4003
3836
3840
4004
3837
3841
4005
3838
3842
4006
3839
3843
4007
3844
4008
3841
3845
4010
3842
3846
4011
3843
3847
4012
3844
3848
4013
3849
4014
3846
3850
4015
3847
3851
4016
3848
3852
4017
3849
3853
4018
3854
4019
3851
3855
4020
3852
3856
4021
3853
3857
4022
3854
3858
4023
3859
4024
3856
3860
4025
3857
3861
4026
3858
3862
4027
3859
3863
4028
3864
4029
3861
3865
4030
3862
3866
4031
3863
3867
4032
3864
3868
4033
3869
4034
3866
3870
4035
3867
3871
4036
3868
3872
4037
3869
3873
4038
3874
4039
3871
3875
4040
3872
3876
4041
3873
3877
4042
3874
3878
4043
3879
4044
3876
3880
4045
3877
3881
4046
3878
3882
4047
3879
3883
4048
3884
4049
3881
3885
4050
3882
3886
4051
3883
3887
4052
3884
3888
4053
3889
4054
3886
3890
4055
3887
3891
4056
3888
3892
4057
3889
3893
4058
3894
4059
3891
3895
4060
3892
3896
4061
3893
3897
4062
3894
3898
4063
3899
4064
3896
3900
4065
3897
3901
4066
3898
3902
4067
3899
3903
4068
3904
4069
3901
4070
3902
4071
3903
4072
3904
4073
4074
3906
3910
4075
3907
3911
4076
3908
3912
4077
3909
3913
4078
3914
4079
3911
3915
4080
3912
3916
4081
3913
3917
4082
3914
3918
4083
3919
4084
3916
4085
3917
4086
3918
4087
3919
4088
4089
3921
3925
4090
3922
3926
4091
3923
3927
4092
3924
3928
4093
3929
4094
3926
3930
4095
3927
3931
4096
3928
3932
4097
3929
3933
4098
3934
4099
3931
3935
4100
3932
3936
4101
3933
3937
4102
3934
3938
4103
3939
4104
3936
3940
4105
3937
3941
4106
3938
3942
4107
3939
3943
4108
3944
4109
3941
3945
4110
3942
3946
4111
3943
3947
4112
3944
3948
4113
3949
4114
3946
3950
4115
3947
3951
4116
3948
3952
4117
3949
3953
4118
3954
4119
3951
3955
4120
3952
3956
4121
3953
3957
4122
3954
3958
4123
3959
4124
3956
3960
4125
3957
3961
4126
3958
3962
4127
3959
3963
4128
3964
4129
3961
3965
4130
3962
3966
4131
3963
3967
4132
3964
3968
4133
3969
4134
3966
3970
4135
3967
3971
4136
3968
3972
4137
3969
3973
4138
3974
4139
3971
3975
4140
3972
3976
4141
3973
3977
4142
3974
3978
4143
3979
4144
3976
3980
4145
3977
3981
4146
3978
3982
4147
3979
3983
4148
3984
4149
3981
3985
4150
3982
3986
4151
3983
3987
4152
3984
3988
4153
3989
4154
3986
3991
4155
3987
3992
4156
3988
3993
4157
3989
3994
4158
3990
3995
4159
3996
3992
3997
4160
3993
3998
4161
3994
3999
4162
3995
4000
4163
3996
4001
4164
4002
4165
3998
4003
4166
3999
4004
4167
4000
4005
4168
4001
4006
4169
4002
4007
4170
4008
4171
4004
4009
4172
4005
4010
4173
4006
4011
4174
4007
4012
4175
4008
4013
4176
4014
4177
4010
4178
4011
4015
4179
4012
4016
4180
4013
4017
4181
4014
4018
4182
4019
4183
4016
4020
4185
4017
4021
4186
4018
4022
4187
4019
4023
4188
4024
4189
4021
4025
4190
4022
4026
4191
4023
4027
4192
4024
4028
4193
4029
4194
4026
4030
4195
4027
4031
4196
4028
4032
4197
4029
4033
4198
4034
4199
4031
4035
4200
4032
4036
4201
4033
4037
4202
4034
4038
4203
4039
4204
4036
4040
4205
4037
4041
4206
4038
4042
4207
4039
4043
4208
4044
4209
4041
4045
4210
4042
4046
4211
4043
4047
4212
4044
4048
4213
4049
4214
4046
4050
4215
4047
4051
4216
4048
4052
4217
4049
4053
4218
4054
4219
4051
4055
4220
4052
4056
4221
4053
4057
4222
4054
4058
4223
4059
4224
4056
4060
4225
4057
4061
4226
4058
4062
4227
4059
4063
4228
4064
4229
4061
4065
4230
4062
4066
4231
4063
4067
4232
4064
4068
4233
4069
4234
4066
4070
4235
4067
4071
4236
4068
4072
4237
4069
4073
4238
4074
4239
4071
4240
4072
4241
4073
4242
4074
4243
4244
4076
4080
4245
4077
4081
4246
4078
4082
4247
4079
4083
4248
4084
4249
4081
4085
4250
4082
4086
4251
4083
4087
4252
4084
4088
4253
4089
4254
4086
4255
4087
4256
4088
4257
4089
4258
4259
4091
4095
4260
4092
4096
4261
4093
4097
4262
4094
4098
4263
4099
4264
4096
4100
4265
4097
4101
4266
4098
4102
4267
4099
4103
4268
4104
4269
4101
4105
4270
4102
4106
4271
4103
4107
4272
4104
4108
4273
4109
4274
4106
4110
4275
4107
4111
4276
4108
4112
4277
4109
4113
4278
4114
4279
4111
4115
4280
4112
4116
4281
4113
4117
4282
4114
4118
4283
4119
4284
4116
4120
4285
4117
4121
4286
4118
4122
4287
4119
4123
4288
4124
4289
4121
4125
4290
4122
4126
4291
4123
4127
4292
4124
4128
4293
4129
4294
4126
4130
4295
4127
4131
4296
4128
4132
4297
4129
4133
4298
4134
4299
4131
4135
4300
4132
4136
4301
4133
4137
4302
4134
4138
4303
4139
4304
4136
4140
4305
4137
4141
4306
4138
4142
4307
4139
4143
4308
4144
4309
4141
4145
4310
4142
4146
4311
4143
4147
4312
4144
4148
4313
4149
4314
4146
4150
4315
4147
4151
4316
4148
4152
4317
4149
4153
4318
4154
4319
4151
4155
4320
4152
4156
4321
4153
4157
4322
4154
4158
4323
4159
4324
4156
4160
4325
4157
4161
4326
4158
4162
4327
4159
4163
4328
4164
4329
4161
4166
4330
4162
4167
4331
4163
4168
4332
4164
4169
4333
4165
4170
4334
4171
4167
4172
4335
4168
4173
4336
4169
4174
4337
4170
4175
4338
4171
4176
4339
4177
4340
4173
4178
4341
4174
4179
4342
4175
4180
4343
4176
4181
4344
4177
4182
4345
4183
4346
4179
4184
4347
4180
4185
4348
4181
4186
4349
4182
4187
4350
4183
4188
4351
4189
4352
4185
4353
4186
4190
4354
4187
4191
4355
4188
4192
4356
4189
4193
4357
4194
4358
4191
4195
4360
4192
4196
4361
4193
4197
4362
4194
4198
4363
4199
4364
4196
4200
4365
4197
4201
4366
4198
4202
4367
4199
4203
4368
4204
4369
4201
4205
4370
4202
4206
4371
4203
4207
4372
4204
4208
4373
4209
4374
4206
4210
4375
4207
4211
4376
4208
4212
4377
4209
4213
4378
4214
4379
4211
4215
4380
4212
4216
4381
4213
4217
4382
4214
4218
4383
4219
4384
4216
4220
4385
4217
4221
4386
4218
4222
4387
4219
4223
4388
4224
4389
4221
4225
4390
4222
4226
4391
4223
4227
4392
4224
4228
4393
4229
4394
4226
4230
4395
4227
4231
4396
4228
4232
4397
4229
4233
4398
4234
4399
4231
4235
4400
4232
4236
4401
4233
4237
4402
4234
4238
4403
4239
4404
4236
4240
4405
4237
4241
4406
4238
4242
4407
4239
4243
4408
4244
4409
4241
4410
4242
4411
4243
4412
4244
4413
4414
4246
4250
4415
4247
4251
4416
4248
4252
4417
4249
4253
4418
4254
4419
4251
4255
4420
4252
4256
4421
4253
4257
4422
4254
4258
4423
4259
4424
4256
4425
4257
4426
4258
4427
4259
4428
4429
4261
4265
4430
4262
4266
4431
4263
4267
4432
4264
4268
4433
4269
4434
4266
4270
4435
4267
4271
4436
4268
4272
4437
4269
4273
4438
4274
4439
4271
4275
4440
4272
4276
4441
4273
4277
4442
4274
4278
4443
4279
4444
4276
4280
4445
4277
4281
4446
4278
4282
4447
4279
4283
4448
4284
4449
4281
4285
4450
4282
4286
4451
4283
4287
4452
4284
4288
4453
4289
4454
4286
4290
4455
4287
4291
4456
4288
4292
4457
4289
4293
4458
4294
4459
4291
4295
4460
4292
4296
4461
4293
4297
4462
4294
4298
4463
4299
4464
4296
4300
4465
4297
4301
4466
4298
4302
4467
4299
4303
4468
4304
4469
4301
4305
4470
4302
4306
4471
4303
4307
4472
4304
4308
4473
4309
4474
4306
4310
4475
4307
4311
4476
4308
4312
4477
4309
4313
4478
4314
4479
4311
4315
4480
4312
4316
4481
4313
4317
4482
4314
4318
4483
4319
4484
4316
4320
4485
4317
4321
4486
4318
4322
4487
4319
4323
4488
4324
4489
4321
4325
4490
4322
4326
4491
4323
4327
4492
4324
4328
4493
4329
4494
4326
4330
4495
4327
4331
4496
4328
4332
4497
4329
4333
4498
4334
4499
4331
4335
4500
4332
4336
4501
4333
4337
4502
4334
4338
4503
4339
4504
4336
4341
4505
4337
4342
4506
4338
4343
4507
4339
4344
4508
4340
4345
4509
4346
4342
4347
4510
4343
4348
4511
4344
4349
4512
4345
4350
4513
4346
4351
4514
4352
4515
4348
4353
4516
4349
4354
4517
4350
4355
4518
4351
4356
4519
4352
4357
4520
4358
4521
4354
4359
4522
4355
4360
4523
4356
4361
4524
4357
4362
4525
4358
4363
4526
4364
4527
4360
4528
4361
4365
4529
4362
4366
4530
4363
4367
4531
4364
4368
4532
4369
4533
4366
4370
4535
4367
4371
4536
4368
4372
4537
4369
4373
4538
4374
4539
4371
4375
4540
4372
4376
4541
4373
4377
4542
4374
4378
4543
4379
4544
4376
4380
4545
4377
4381
4546
4378
4382
4547
4379
4383
4548
4384
4549
4381
4385
4550
4382
4386
4551
4383
4387
4552
4384
4388
4553
4389
4554
4386
4390
4555
4387
4391
4556
4388
4392
4557
4389
4393
4558
4394
4559
4391
4395
4560
4392
4396
4561
4393
4397
4562
4394
4398
4563
4399
4564
4396
4400
4565
4397
4401
4566
4398
4402
4567
4399
4403
4568
4404
4569
4401
4405
4570
4402
4406
4571
4403
4407
4572
4404
4408
4573
4409
4574
4406
4410
4575
4407
4411
4576
4408
4412
4577
4409
4413
4578
4414
4579
4411
4580
4412
4581
4413
4582
4414
4583
4584
4416
4420
4585
4417
4421
4586
4418
4422
4587
4419
4423
4588
4424
4589
4421
4425
4590
4422
4426
4591
4423
4427
4592
4424
4428
4593
4429
4594
4426
4595
4427
4596
4428
4597
4429
4598
4599
4431
4435
4600
4432
4436
4601
4433
4437
4602
4434
4438
4603
4439
4604
4436
4440
4605
4437
4441
4606
4438
4442
4607
4439
4443
4608
4444
4609
4441
4445
4610
4442
4446
4611
4443
4447
4612
4444
4448
4613
4449
4614
4446
4450
4615
4447
4451
4616
4448
4452
4617
4449
4453
4618
4454
4619
4451
4455
4620
4452
4456
4621
4453
4457
4622
4454
4458
4623
4459
4624
4456
4460
4625
4457
4461
4626
4458
4462
4627
4459
4463
4628
4464
4629
4461
4465
4630
4462
4466
4631
4463
4467
4632
4464
4468
4633
4469
4634
4466
4470
4635
4467
4471
4636
4468
4472
4637
4469
4473
4638
4474
4639
4471
4475
4640
4472
4476
4641
4473
4477
4642
4474
4478
4643
4479
4644
4476
4480
4645
4477
4481
4646
4478
4482
4647
4479
4483
4648
4484
4649
4481
4485
4650
4482
4486
4651
4483
4487
4652
4484
4488
4653
4489
4654
4486
4490
4655
4487
4491
4656
4488
4492
4657
4489
4493
4658
4494
4659
4491
4495
4660
4492
4496
4661
4493
4497
4662
4494
4498
4663
4499
4664
4496
4500
4665
4497
4501
4666
4498
4502
4667
4499
4503
4668
4504
4669
4501
4505
4670
4502
4506
4671
4503
4507
4672
4504
4508
4673
4509
4674
4506
4510
4675
4507
4511
4676
4508
4512
4677
4509
4513
4678
4514
4679
4511
4516
4680
4512
4517
4681
4513
4518
4682
4514
4519
4683
4515
4520
4684
4521
4517
4522
4685
4518
4523
4686
4519
4524
4687
4520
4525
4688
4521
4526
4689
4527
4690
4523
4528
4691
4524
4529
4692
4525
4530
4693
4526
4531
4694
4527
4532
4695
4533
4696
4529
4534
4697
4530
4535
4698
4531
4536
4699
4532
4537
4700
4533
4538
4701
4539
4702
4535
4703
4536
4540
4704
4537
4541
4705
4538
4542
4706
4539
4543
4707
4544
4708
4541
4545
4710
4542
4546
4711
4543
4547
4712
4544
4548
4713
4549
4714
4546
4550
4715
4547
4551
4716
4548
4552
4717
4549
4553
4718
4554
4719
4551
4555
4720
4552
4556
4721
4553
4557
4722
4554
4558
4723
4559
4724
4556
4560
4725
4557
4561
4726
4558
4562
4727
4559
4563
4728
4564
4729
4561
4565
4730
4562
4566
4731
4563
4567
4732
4564
4568
4733
4569
4734
4566
4570
4735
4567
4571
4736
4568
4572
4737
4569
4573
4738
4574
4739
4571
4575
4740
4572
4576
4741
4573
4577
4742
4574
4578
4743
4579
4744
4576
4580
4745
4577
4581
4746
4578
4582
4747
4579
4583
4748
4584
4749
4581
4750
4582
4751
4583
4752
4584
4753
4754
4586
4590
4755
4587
4591
4756
4588
4592
4757
4589
4593
4758
4594
4759
4591
4595
4760
4592
4596
4761
4593
4597
4762
4594
4598
4763
4599
4764
4596
4765
4597
4766
4598
4767
4599
4768
4769
4601
4605
4810
4602
4606
4811
4603
4607
4812
4604
4608
4813
4609
4814
4606
4610
4815
4607
4611
4816
4608
4612
4817
4609
4613
4818
4614
4819
4611
4615
4820
4612
4616
4821
4613
4617
4822
4614
4618
4823
4619
4824
4616
4620
4825
4617
4621
4826
4618
4622
4827
4619
4623
4828
4624
4829
4621
4625
4830
4622
4626
4831
4623
4627
4832
4624
4628
4833
4629
4834
4626
4630
4835
4627
4631
4836
4628
4632
4837
4629
4633
4838
4634
4839
4631
4635
4840
4632
4636
4841
4633
4637
4842
4634
4638
4843
4639
4844
4636
4640
4845
4637
4641
4846
4638
4642
4847
4639
4643
4848
4644
4849
4641
4645
4850
4642
4646
4851
4643
4647
4852
4644
4648
4853
4649
4854
4646
4650
4855
4647
4651
4856
4648
4652
4857
4649
4653
4858
4654
4859
4651
4655
4860
4652
4656
4861
4653
4657
4862
4654
4658
4863
4659
4864
4656
4660
4865
4657
4661
4866
4658
4662
4867
4659
4663
4868
4664
4869
4661
4665
4870
4662
4666
4871
4663
4667
4872
4664
4668
4873
4669
4874
4666
4670
4875
4667
4671
4876
4668
4672
4877
4669
4673
4878
4674
4879
4671
4675
4880
4672
4676
4881
4673
4677
4882
4674
4678
4883
4679
4884
4676
4680
4885
4677
4681
4886
4678
4682
4887
4679
4683
4888
4684
4889
4681
4685
4890
4682
4686
4891
4683
4687
4892
4684
4688
4893
4689
4894
4686
4691
4895
4687
4692
4896
4688
4693
4897
4689
4694
4898
4690
4695
4899
4696
4692
4697
4900
4693
4698
4901
4694
4699
4902
4695
4700
4903
4696
4701
4904
4702
4905
4698
4703
4906
4699
4704
4907
4700
4705
4908
4701
4706
4909
4702
4707
4910
4708
4911
4704
4709
4912
4705
4710
4913
4706
4711
4914
4707
4712
4915
4708
4713
4916
4714
4917
4710
4918
4711
4715
4919
4712
4716
4920
4713
4717
4921
4714
4718
4922
4719
4923
4716
4720
4925
4717
4721
4926
4718
4722
4927
4719
4723
4928
4724
4929
4721
4725
4930
4722
4726
4931
4723
4727
4932
4724
4728
4933
4729
4934
4726
4730
4935
4727
4731
4936
4728
4732
4937
4729
4733
4938
4734
4939
4731
4735
4940
4732
4736
4941
4733
4737
4942
4734
4738
4943
4739
4944
4736
4740
4945
4737
4741
4946
4738
4742
4947
4739
4743
4948
4744
4949
4741
4745
4950
4742
4746
4951
4743
4747
4952
4744
4748
4953
4749
4954
4746
4750
4955
4747
4751
4956
4748
4752
4957
4749
4753
4958
4754
4959
4751
4960
4752
4961
4753
4962
4754
4963
4964
4756
4760
4965
4757
4761
4966
4758
4762
4967
4759
4763
4968
4764
4969
4761
4765
4970
4762
4766
4971
4763
4767
4972
4764
4768
4973
4769
4974
4766
4770
4975
4767
4771
4976
4768
4772
4977
4769
4773
4978
4774
4979
4771
4775
4980
4772
4776
4981
4773
4777
4982
4774
4778
4983
4779
4984
4776
4780
4985
4777
4781
4986
4778
4782
4987
4779
4783
4988
4784
4989
4781
4785
4990
4782
4786
4991
4783
4787
4992
4784
4788
4993
4789
4994
4786
4790
4995
4787
4791
4996
4788
4792
4997
4789
4793
4998
4794
4999
4791
4795
5000
4792
4796
5001
4793
4797
5002
4794
4798
5003
4799
5004
4796
4800
5005
4797
4801
5006
4798
4802
5007
4799
4803
5008
4804
5009
4801
4805
5010
4802
4806
5011
4803
4807
5012
4804
4808
5013
4809
5014
4806
4810
5015
4807
4811
5016
4808
4812
5017
4809
4813
5018
4814
5019
4811
4815
5020
4812
4816
5021
4813
4817
5022
4814
4818
5023
4819
5024
4816
4820
5025
4817
4821
5026
4818
4822
5027
4819
4823
5028
4824
5029
4821
4825
5030
4822
4826
5031
4823
4827
5032
4824
4828
5033
4829
5034
4826
4830
5035
4827
4831
5036
4828
4832
5037
4829
4833
5038
4834
5039
4831
4835
5040
4832
4836
5041
4833
4837
5042
4834
4838
5043
4839
5044
4836
4840
5045
4837
4841
5046
4838
4842
5047
4839
4843
5048
4844
5049
4841
4845
5050
4842
4846
5051
4843
4847
5052
4844
4848
5053
4849
5054
4846
4850
5055
4847
4851
5056
4848
4852
5057
4849
4853
5058
4854
5059
4851
4855
5060
4852
4856
5061
4853
4857
5062
4854
4858
5063
4859
5064
4856
4860
5065
4857
4861
5066
4858
4862
5067
4859
4863
5068
4864
5069
4861
4865
5070
4862
4866
5071
4863
4867
5072
4864
4868
5073
4869
5074
4866
4870
5075
4867
4871
5076
4868
4872
5077
4869
4873
5078
4874
5079
4871
4875
5080
4872
4876
5081
4873
4877
5082
4874
4878
5083
4879
5084
4876
4880
5085
4877
4881
5086
4878
4882
5087
4879
4883
5088
4884
5089
4881
4885
5090
4882
4886
5091
4883
4887
5092
4884
4888
5093
4889
5094
4886
4890
5095
4887
4891
5096
4888
4892
5097
4889
4893
5098
4894
5099
4891
4895
5100
4892
4896
5101
4893
4897
5102
4894
4898
5103
4899
5104
4896
4900
5105
4897
4901
5106
4898
4902
5107
4899
4903
5108
4904
5109
4901
4906
5110
4902
4907
5111
4903
4908
5112
4904
4909
5113
4905
4910
5114
4911
4907
4912
5115
4908
4913
5116
4909
4914
5117
4910
4915
5118
4911
4916
5119
4917
5120
4913
4918
5121
4914
4919
5122
4915
4920
5123
4916
4921
5124
4917
4922
5125
4923
5126
4919
4924
5127
4920
4925
5128
4921
4926
5129
4922
4927
5130
4923
4928
5131
4929
5132
4925
5133
4926
4930
5134
4927
4931
5135
4928
4932
5136
4929
4933
5137
4934
5138
4931
4935
5140
4932
4936
5141
4933
4937
5142
4934
4938
5143
4939
5144
4936
4940
5145
4937
4941
5146
4938
4942
5147
4939
4943
5148
4944
5149
4941
4945
5150
4942
4946
5151
4943
4947
5152
4944
4948
5153
4949
5154
4946
4950
5155
4947
4951
5156
4948
4952
5157
4949
4953
5158
4954
5159
4951
4955
5160
4952
4956
5161
4953
4957
5162
4954
4958
5163
4959
5164
4956
4960
5165
4957
4961
5166
4958
4962
5167
4959
4963
5168
4964
5169
4961
5170
4962
5171
4963
5172
4964
5173
5174
4966
4970
5175
4967
4971
5176
4968
4972
5177
4969
4973
5178
4974
5179
4971
4975
5180
4972
4976
5181
4973
4977
5182
4974
4978
5183
4979
5184
4976
4980
5185
4977
4981
5186
4978
4982
5187
4979
4983
5188
4984
5189
4981
4985
5190
4982
4986
5191
4983
4987
5192
4984
4988
5193
4989
5194
4986
4990
5195
4987
4991
5196
4988
4992
5197
4989
4993
5198
4994
5199
4991
4995
5200
4992
4996
5201
4993
4997
5202
4994
4998
5203
4999
5204
4996
5000
5205
4997
5001
5206
4998
5002
5207
4999
5003
5208
5004
5209
5001
5005
5210
5002
5006
5211
5003
5007
5212
5004
5008
5213
5009
5214
5006
5010
5215
5007
5011
5216
5008
5012
5217
5009
5013
5218
5014
5219
5011
5015
5220
5012
5016
5221
5013
5017
5222
5014
5018
5223
5019
5224
5016
5020
5225
5017
5021
5226
5018
5022
5227
5019
5023
5228
5024
5229
5021
5025
5230
5022
5026
5231
5023
5027
5232
5024
5028
5233
5029
5234
5026
5030
5235
5027
5031
5236
5028
5032
5237
5029
5033
5238
5034
5239
5031
5035
5240
5032
5036
5241
5033
5037
5242
5034
5038
5243
5039
5244
5036
5040
5245
5037
5041
5246
5038
5042
5247
5039
5043
5248
5044
5249
5041
5045
5250
5042
5046
5251
5043
5047
5252
5044
5048
5253
5049
5254
5046
5050
5255
5047
5051
5256
5048
5052
5257
5049
5053
5258
5054
5259
5051
5055
5260
5052
5056
5261
5053
5057
5262
5054
5058
5263
5059
5264
5056
5060
5265
5057
5061
5266
5058
5062
5267
5059
5063
5268
5064
5269
5061
5065
5270
5062
5066
5271
5063
5067
5272
5064
5068
5273
5069
5274
5066
5070
5275
5067
5071
5276
5068
5072
5277
5069
5073
5278
5074
5279
5071
5075
5280
5072
5076
5281
5073
5077
5282
5074
5078
5283
5079
5284
5076
5080
5285
5077
5081
5286
5078
5082
5287
5079
5083
5288
5084
5289
5081
5085
5290
5082
5086
5291
5083
5087
5292
5084
5088
5293
5089
5294
5086
5090
5295
5087
5091
5296
5088
5092
5297
5089
5093
5298
5094
5299
5091
5095
5300
5092
5096
5301
5093
5097
5302
5094
5098
5303
5099
5304
5096
5100
5305
5097
5101
5306
5098
5102
5307
5099
5103
5308
5104
5309
5101
5105
5310
5102
5106
5311
5103
5107
5312
5104
5108
5313
5109
5314
5106
5110
5315
5107
5111
5316
5108
5112
5317
5109
5113
5318
5114
5319
5111
5115
5320
5112
5116
5321
5113
5117
5322
5114
5118
5323
5119
5324
5116
5121
5325
5117
5122
5326
5118
5123
5327
5119
5124
5328
5120
5125
5329
5126
5122
5127
5330
5123
5128
5331
5124
5129
5332
5125
5130
5333
5126
5131
5334
5132
5335
5128
5133
5336
5129
5134
5337
5130
5135
5338
5131
5136
5339
5132
5137
5340
5138
5341
5134
5139
5342
5135
5140
5343
5136
5141
5344
5137
5142
5345
5138
5143
5346
5144
5347
5140
5348
5141
5145
5349
5142
5146
5350
5143
5147
5351
5144
5148
5352
5149
5353
5146
5150
5355
5147
5151
5356
5148
5152
5357
5149
5153
5358
5154
5359
5151
5155
5360
5152
5156
5361
5153
5157
5362
5154
5158
5363
5159
5364
5156
5160
5365
5157
5161
5366
5158
5162
5367
5159
5163
5368
5164
5369
5161
5165
5370
5162
5166
5371
5163
5167
5372
5164
5168
5373
5169
5374
5166
5170
5375
5167
5171
5376
5168
5172
5377
5169
5173
5378
5174
5379
5171
5380
5172
5381
5173
5382
5174
5383
5384
5176
5180
5385
5177
5181
5386
5178
5182
5387
5179
5183
5388
5184
5389
5181
5185
5390
5182
5186
5391
5183
5187
5392
5184
5188
5393
5189
5394
5186
5190
5395
5187
5191
5396
5188
5192
5397
5189
5193
5398
5194
5399
5191
5195
5400
5192
5196
5401
5193
5197
5402
5194
5198
5403
5199
5404
5196
5200
5405
5197
5201
5406
5198
5202
5407
5199
5203
5408
5204
5409
5201
5205
5410
5202
5206
5411
5203
5207
5412
5204
5208
5413
5209
5414
5206
5210
5415
5207
5211
5416
5208
5212
5417
5209
5213
5418
5214
5419
5211
5215
5420
5212
5216
5421
5213
5217
5422
5214
5218
5423
5219
5424
5216
5220
5425
5217
5221
5426
5218
5222
5427
5219
5223
5428
5224
5429
5221
5225
5430
5222
5226
5431
5223
5227
5432
5224
5228
5433
5229
5434
5226
5230
5435
5227
5231
5436
5228
5232
5437
5229
5233
5438
5234
5439
5231
5235
5440
5232
5236
5441
5233
5237
5442
5234
5238
5443
5239
5444
5236
5240
5445
5237
5241
5446
5238
5242
5447
5239
5243
5448
5244
5449
5241
5245
5450
5242
5246
5451
5243
5247
5452
5244
5248
5453
5249
5454
5246
5250
5455
5247
5251
5456
5248
5252
5457
5249
5253
5458
5254
5459
5251
5255
5460
5252
5256
5461
5253
5257
5462
5254
5258
5463
5259
5464
5256
5260
5465
5257
5261
5466
5258
5262
5467
5259
5263
5468
5264
5469
5261
5265
5470
5262
5266
5471
5263
5267
5472
5264
5268
5473
5269
5474
5266
5270
5475
5267
5271
5476
5268
5272
5477
5269
5273
5478
5274
5479
5271
5275
5480
5272
5276
5481
5273
5277
5482
5274
5278
5483
5279
5484
5276
5280
5485
5277
5281
5486
5278
5282
5487
5279
5283
5488
5284
5489
5281
5285
5490
5282
5286
5491
5283
5287
5492
5284
5288
5493
5289
5494
5286
5290
5495
5287
5291
5496
5288
5292
5497
5289
5293
5498
5294
5499
5291
5295
5500
5292
5296
5501
5293
5297
5502
5294
5298
5503
5299
5504
5296
5300
5505
5297
5301
5506
5298
5302
5507
5299
5303
5508
5304
5509
5301
5305
5510
5302
5306
5511
5303
5307
5512
5304
5308
5513
5309
5514
5306
5310
5515
5307
5311
5516
5308
5312
5517
5309
5313
5518
5314
5519
5311
5315
5520
5312
5316
5521
5313
5317
5522
5314
5318
5523
5319
5524
5316
5320
5525
5317
5321
5526
5318
5322
5527
5319
5323
5528
5324
5529
5321
5325
5530
5322
5326
5531
5323
5327
5532
5324
5328
5533
5329
5534
5326
5330
5535
5327
5331
5536
5328
5332
5537
5329
5333
5538
5334
5539
5331
5336
5540
5332
5337
5541
5333
5338
5542
5334
5339
5543
5335
5340
5544
5341
5337
5342
5545
5338
5343
5546
5339
5344
5547
5340
5345
5548
5341
5346
5549
5347
5550
5343
5348
5551
5344
5349
5552
5345
5350
5553
5346
5351
5554
5347
5352
5555
5353
5556
5349
5354
5557
5350
5355
5558
5351
5356
5559
5352
5357
5560
5353
5358
5561
5359
5562
5355
5563
5356
5360
5564
5357
5361
5565
5358
5362
5566
5359
5363
5567
5364
5568
5361
5365
5570
5362
5366
5571
5363
5367
5572
5364
5368
5573
5369
5574
5366
5370
5575
5367
5371
5576
5368
5372
5577
5369
5373
5578
5374
5579
5371
5375
5580
5372
5376
5581
5373
5377
5582
5374
5378
5583
5379
5584
5376
5380
5585
5377
5381
5586
5378
5382
5587
5379
5383
5588
5384
5589
5381
5590
5382
5591
5383
5592
5384
5593
5594
5386
5390
5595
5387
5391
5596
5388
5392
5597
5389
5393
5598
5394
5599
5391
5395
5600
5392
5396
5601
5393
5397
5602
5394
5398
5603
5399
5604
5396
5400
5605
5397
5401
5606
5398
5402
5607
5399
5403
5608
5404
5609
5401
5405
5610
5402
5406
5611
5403
5407
5612
5404
5408
5613
5409
5614
5406
5410
5615
5407
5411
5616
5408
5412
5617
5409
5413
5618
5414
5619
5411
5415
5620
5412
5416
5621
5413
5417
5622
5414
5418
5623
5419
5624
5416
5420
5625
5417
5421
5626
5418
5422
5627
5419
5423
5628
5424
5629
5421
5425
5630
5422
5426
5631
5423
5427
5632
5424
5428
5633
5429
5634
5426
5430
5635
5427
5431
5636
5428
5432
5637
5429
5433
5638
5434
5639
5431
5435
5640
5432
5436
5641
5433
5437
5642
5434
5438
5643
5439
5644
5436
5440
5645
5437
5441
5646
5438
5442
5647
5439
5443
5648
5444
5649
5441
5445
5650
5442
5446
5651
5443
5447
5652
5444
5448
5653
5449
5654
5446
5450
5655
5447
5451
5656
5448
5452
5657
5449
5453
5658
5454
5659
5451
5455
5660
5452
5456
5661
5453
5457
5662
5454
5458
5663
5459
5664
5456
5460
5665
5457
5461
5666
5458
5462
5667
5459
5463
5668
5464
5669
5461
5465
5670
5462
5466
5671
5463
5467
5672
5464
5468
5673
5469
5674
5466
5470
5675
5467
5471
5676
5468
5472
5677
5469
5473
5678
5474
5679
5471
5475
5680
5472
5476
5681
5473
5477
5682
5474
5478
5683
5479
5684
5476
5480
5685
5477
5481
5686
5478
5482
5687
5479
5483
5688
5484
5689
5481
5485
5690
5482
5486
5691
5483
5487
5692
5484
5488
5693
5489
5694
5486
5490
5695
5487
5491
5696
5488
5492
5697
5489
5493
5698
5494
5699
5491
5495
5700
5492
5496
5701
5493
5497
5702
5494
5498
5703
5499
5704
5496
5500
5705
5497
5501
5706
5498
5502
5707
5499
5503
5708
5504
5709
5501
5505
5710
5502
5506
5711
5503
5507
5712
5504
5508
5713
5509
5714
5506
5510
5715
5507
5511
5716
5508
5512
5717
5509
5513
5718
5514
5719
5511
5515
5720
5512
5516
5721
5513
5517
5722
5514
5518
5723
5519
5724
5516
5520
5725
5517
5521
5726
5518
5522
5727
5519
5523
5728
5524
5729
5521
5525
5730
5522
5526
5731
5523
5527
5732
5524
5528
5733
5529
5734
5526
5530
5735
5527
5531
5736
5528
5532
5737
5529
5533
5738
5534
5739
5531
5535
5740
5532
5536
5741
5533
5537
5742
5534
5538
5743
5539
5744
5536
5540
5745
5537
5541
5746
5538
5542
5747
5539
5543
5748
5544
5749
5541
5545
5750
5542
5546
5751
5543
5547
5752
5544
5548
5753
5549
5754
5546
5551
5755
5547
5552
5756
5548
5553
5757
5549
5554
5758
5550
5555
5759
5556
5552
5557
5760
5553
5558
5761
5554
5559
5762
5555
5560
5763
5556
5561
5764
5562
5765
5558
5563
5766
5559
5564
5767
5560
5565
5768
5561
5566
5769
5562
5567
5770
5568
5771
5564
5569
5772
5565
5570
5773
5566
5571
5774
5567
5572
5775
5568
5573
5776
5574
5777
5570
5778
5571
5575
5779
5572
5576
5780
5573
5577
5781
5574
5578
5782
5579
5783
5576
5580
5785
5577
5581
5786
5578
5582
5787
5579
5583
5788
5584
5789
5581
5585
5790
5582
5586
5791
5583
5587
5792
5584
5588
5793
5589
5794
5586
5590
5795
5587
5591
5796
5588
5592
5797
5589
5593
5798
5594
5799
5591
5800
5592
5801
5593
5802
5594
5803
5804
5596
5600
5805
5597
5601
5806
5598
5602
5807
5599
5603
5808
5604
5809
5601
5605
5810
5602
5606
5811
5603
5607
5812
5604
5608
5813
5609
5814
5606
5610
5815
5607
5611
5816
5608
5612
5817
5609
5613
5818
5614
5819
5611
5615
5820
5612
5616
5821
5613
5617
5822
5614
5618
5823
5619
5824
5616
5620
5825
5617
5621
5826
5618
5622
5827
5619
5623
5828
5624
5829
5621
5625
5830
5622
5626
5831
5623
5627
5832
5624
5628
5833
5629
5834
5626
5630
5835
5627
5631
5836
5628
5632
5837
5629
5633
5838
5634
5839
5631
5635
5840
5632
5636
5841
5633
5637
5842
5634
5638
5843
5639
5844
5636
5640
5845
5637
5641
5846
5638
5642
5847
5639
5643
5848
5644
5849
5641
5645
5850
5642
5646
5851
5643
5647
5852
5644
5648
5853
5649
5854
5646
5650
5855
5647
5651
5856
5648
5652
5857
5649
5653
5858
5654
5859
5651
5655
5860
5652
5656
5861
5653
5657
5862
5654
5658
5863
5659
5864
5656
5660
5865
5657
5661
5866
5658
5662
5867
5659
5663
5868
5664
5869
5661
5665
5870
5662
5666
5871
5663
5667
5872
5664
5668
5873
5669
5874
5666
5670
5875
5667
5671
5876
5668
5672
5877
5669
5673
5878
5674
5879
5671
5675
5880
5672
5676
5881
5673
5677
5882
5674
5678
5883
5679
5884
5676
5680
5885
5677
5681
5886
5678
5682
5887
5679
5683
5888
5684
5889
5681
5685
5890
5682
5686
5891
5683
5687
5892
5684
5688
5893
5689
5894
5686
5690
5895
5687
5691
5896
5688
5692
5897
5689
5693
5898
5694
5899
5691
5695
5900
5692
5696
5901
5693
5697
5902
5694
5698
5903
5699
5904
5696
5700
5905
5697
5701
5906
5698
5702
5907
5699
5703
5908
5704
5909
5701
5705
5910
5702
5706
5911
5703
5707
5912
5704
5708
5913
5709
5914
5706
5710
5915
5707
5711
5916
5708
5712
5917
5709
5713
5918
5714
5919
5711
5715
5920
5712
5716
5921
5713
5717
5922
5714
5718
5923
5719
5924
5716
5720
5925
5717
5721
5926
5718
5722
5927
5719
5723
5928
5724
5929
5721
5725
5930
5722
5726
5931
5723
5727
5932
5724
5728
5933
5729
5934
5726
5730
5935
5727
5731
5936
5728
5732
5937
5729
5733
5938
5734
5939
5731
5735
5940
5732
5736
5941
5733
5737
5942
5734
5738
5943
5739
5944
5736
5740
5945
5737
5741
5946
5738
5742
5947
5739
5743
5948
5744
5949
5741
5745
5950
5742
5746
5951
5743
5747
5952
5744
5748
5953
5749
5954
5746
5750
5955
5747
5751
5956
5748
5752
5957
5749
5753
5958
5754
5959
5751
5755
5960
5752
5756
5961
5753
5757
5962
5754
5758
5963
5759
5964
5756
5760
5965
5757
5761
5966
5758
5762
5967
5759
5763
5968
5764
5969
5761
5766
5970
5762
5767
5971
5763
5768
5972
5764
5769
5973
5765
5770
5974
5771
5767
5772
5975
5768
5773
5976
5769
5774
5977
5770
5775
5978
5771
5776
5979
5777
5980
5773
5778
5981
5774
5779
5982
5775
5780
5983
5776
5781
5984
5777
5782
5985
5783
5986
5779
5784
5987
5780
5785
5988
5781
5786
5989
5782
5787
5990
5783
5788
5991
5789
5992
5785
5993
5786
5790
5994
5787
5791
5995
5788
5792
5996
5789
5793
5997
5794
5998
5791
5795
6000
5792
5796
6001
5793
5797
6002
5794
5798
6003
5799
6004
5796
5800
6005
5797
5801
6006
5798
5802
6007
5799
5803
6008
5804
6009
5801
6010
5802
6011
5803
6012
5804
6013
6014
5806
5810
6015
5807
5811
6016
5808
5812
6017
5809
5813
6018
5814
6019
5811
5815
6020
5812
5816
6021
5813
5817
6022
5814
5818
6023
5819
6024
5816
5820
6025
5817
5821
6026
5818
5822
6027
5819
5823
6028
5824
6029
5821
5825
6030
5822
5826
6031
5823
5827
6032
5824
5828
6033
5829
6034
5826
5830
6035
5827
5831
6036
5828
5832
6037
5829
5833
6038
5834
6039
5831
5835
6040
5832
5836
6041
5833
5837
6042
5834
5838
6043
5839
6044
5836
5840
6045
5837
5841
6046
5838
5842
6047
5839
5843
6048
5844
6049
5841
5845
6050
5842
5846
6051
5843
5847
6052
5844
5848
6053
5849
6054
5846
5850
6055
5847
5851
6056
5848
5852
6057
5849
5853
6058
5854
6059
5851
5855
6060
5852
5856
6061
5853
5857
6062
5854
5858
6063
5859
6064
5856
5860
6065
5857
5861
6066
5858
5862
6067
5859
5863
6068
5864
6069
5861
5865
6070
5862
5866
6071
5863
5867
6072
5864
5868
6073
5869
6074
5866
5870
6075
5867
5871
6076
5868
5872
6077
5869
5873
6078
5874
6079
5871
5875
6080
5872
5876
6081
5873
5877
6082
5874
5878
6083
5879
6084
5876
5880
6085
5877
5881
6086
5878
5882
6087
5879
5883
6088
5884
6089
5881
5885
6090
5882
5886
6091
5883
5887
6092
5884
5888
6093
5889
6094
5886
5890
6095
5887
5891
6096
5888
5892
6097
5889
5893
6098
5894
6099
5891
5895
6100
5892
5896
6101
5893
5897
6102
5894
5898
6103
5899
6104
5896
5900
6105
5897
5901
6106
5898
5902
6107
5899
5903
6108
5904
6109
5901
5905
6110
5902
5906
6111
5903
5907
6112
5904
5908
6113
5909
6114
5906
5910
6115
5907
5911
6116
5908
5912
6117
5909
5913
6118
5914
6119
5911
5915
6120
5912
5916
6121
5913
5917
6122
5914
5918
6123
5919
6124
5916
5920
6125
5917
5921
6126
5918
5922
6127
5919
5923
6128
5924
6129
5921
5925
6130
5922
5926
6131
5923
5927
6132
5924
5928
6133
5929
6134
5926
5930
6135
5927
5931
6136
5928
5932
6137
5929
5933
6138
5934
6139
5931
5935
6140
5932
5936
6141
5933
5937
6142
5934
5938
6143
5939
6144
5936
5940
6145
5937
5941
6146
5938
5942
6147
5939
5943
6148
5944
6149
5941
5945
6150
5942
5946
6151
5943
5947
6152
5944
5948
6153
5949
6154
5946
5950
6155
5947
5951
6156
5948
5952
6157
5949
5953
6158
5954
6159
5951
5955
6160
5952
5956
6161
5953
5957
6162
5954
5958
6163
5959
6164
5956
5960
6165
5957
5961
6166
5958
5962
6167
5959
5963
6168
5964
6169
5961
5965
6170
5962
5966
6171
5963
5967
6172
5964
5968
6173
5969
6174
5966
5970
6175
5967
5971
6176
5968
5972
6177
5969
5973
6178
5974
6179
5971
5975
6180
5972
5976
6181
5973
5977
6182
5974
5978
6183
5979
6184
5976
5981
6185
5977
5982
6186
5978
5983
6187
5979
5984
6188
5980
5985
6189
5986
5982
5987
6190
5983
5988
6191
5984
5989
6192
5985
5990
6193
5986
5991
6194
5992
6195
5988
5993
6196
5989
5994
6197
5990
5995
6198
5991
5996
6199
5992
5997
6200
5998
6201
5994
5999
6202
5995
6000
6203
5996
6001
6204
5997
6002
6205
5998
6003
6206
6004
6207
6000
6208
6001
6005
6209
6002
6006
6210
6003
6007
6211
6004
6008
6212
6009
6213
6006
6010
6215
6007
6011
6216
6008
6012
6217
6009
6013
6218
6014
6219
6011
6220
6012
6221
6013
6222
6014
6223
6224
6016
6020
6225
6017
6021
6226
6018
6022
6227
6019
6023
6228
6024
6229
6021
6025
6230
6022
6026
6231
6023
6027
6232
6024
6028
6233
6029
6234
6026
6030
6235
6027
6031
6236
6028
6032
6237
6029
6033
6238
6034
6239
6031
6035
6240
6032
6036
6241
6033
6037
6242
6034
6038
6243
6039
6244
6036
6040
6245
6037
6041
6246
6038
6042
6247
6039
6043
6248
6044
6249
6041
6045
6250
6042
6046
6251
6043
6047
6252
6044
6048
6253
6049
6254
6046
6050
6255
6047
6051
6256
6048
6052
6257
6049
6053
6258
6054
6259
6051
6055
6260
6052
6056
6261
6053
6057
6262
6054
6058
6263
6059
6264
6056
6060
6265
6057
6061
6266
6058
6062
6267
6059
6063
6268
6064
6269
6061
6065
6270
6062
6066
6271
6063
6067
6272
6064
6068
6273
6069
6274
6066
6070
6275
6067
6071
6276
6068
6072
6277
6069
6073
6278
6074
6279
6071
6075
6280
6072
6076
6281
6073
6077
6282
6074
6078
6283
6079
6284
6076
6080
6285
6077
6081
6286
6078
6082
6287
6079
6083
6288
6084
6289
6081
6085
6290
6082
6086
6291
6083
6087
6292
6084
6088
6293
6089
6294
6086
6090
6295
6087
6091
6296
6088
6092
6297
6089
6093
6298
6094
6299
6091
6095
6300
6092
6096
6301
6093
6097
6302
6094
6098
6303
6099
6304
6096
6100
6305
6097
6101
6306
6098
6102
6307
6099
6103
6308
6104
6309
6101
6105
6310
6102
6106
6311
6103
6107
6312
6104
6108
6313
6109
6314
6106
6110
6315
6107
6111
6316
6108
6112
6317
6109
6113
6318
6114
6319
6111
6115
6320
6112
6116
6321
6113
6117
6322
6114
6118
6323
6119
6324
6116
6120
6325
6117
6121
6326
6118
6122
6327
6119
6123
6328
6124
6329
6121
6125
6330
6122
6126
6331
6123
6127
6332
6124
6128
6333
6129
6334
6126
6130
6335
6127
6131
6336
6128
6132
6337
6129
6133
6338
6134
6339
6131
6135
6340
6132
6136
6341
6133
6137
6342
6134
6138
6343
6139
6344
6136
6140
6345
6137
6141
6346
6138
6142
6347
6139
6143
6348
6144
6349
6141
6145
6350
6142
6146
6351
6143
6147
6352
6144
6148
6353
6149
6354
6146
6150
6355
6147
6151
6356
6148
6152
6357
6149
6153
6358
6154
6359
6151
6155
6360
6152
6156
6361
6153
6157
6362
6154
6158
6363
6159
6364
6156
6160
6365
6157
6161
6366
6158
6162
6367
6159
6163
6368
6164
6369
6161
6165
6370
6162
6166
6371
6163
6167
6372
6164
6168
6373
6169
6374
6166
6170
6375
6167
6171
6376
6168
6172
6377
6169
6173
6378
6174
6379
6171
6175
6380
6172
6176
6381
6173
6177
6382
6174
6178
6383
6179
6384
6176
6180
6385
6177
6181
6386
6178
6182
6387
6179
6183
6388
6184
6389
6181
6185
6390
6182
6186
6391
6183
6187
6392
6184
6188
6393
6189
6394
6186
6190
6395
6187
6191
6396
6188
6192
6397
6189
6193
6398
6194
6399
6191
6196
6400
6192
6197
6401
6193
6198
6402
6194
6199
6403
6195
6200
6404
6201
6197
6202
6405
6198
6203
6406
6199
6204
6407
6200
6205
6408
6201
6206
6409
6207
6410
6203
6208
6411
6204
6209
6412
6205
6210
6413
6206
6211
6414
6207
6212
6415
6213
6416
6209
6214
6417
6210
6215
6418
6211
6216
6419
6212
6217
6420
6213
6218
6421
6219
6422
6215
6423
6216
6220
6424
6217
6221
6425
6218
6222
6426
6219
6223
6427
6224
6428
6221
6430
6222
6431
6223
6432
6224
6433
6434
6226
6230
6435
6227
6231
6436
6228
6232
6437
6229
6233
6438
6234
6439
6231
6235
6440
6232
6236
6441
6233
6237
6442
6234
6238
6443
6239
6444
6236
6240
6445
6237
6241
6446
6238
6242
6447
6239
6243
6448
6244
6449
6241
6245
6450
6242
6246
6451
6243
6247
6452
6244
6248
6453
6249
6454
6246
6250
6455
6247
6251
6456
6248
6252
6457
6249
6253
6458
6254
6459
6251
6255
6460
6252
6256
6461
6253
6257
6462
6254
6258
6463
6259
6464
6256
6260
6465
6257
6261
6466
6258
6262
6467
6259
6263
6468
6264
6469
6261
6265
6470
6262
6266
6471
6263
6267
6472
6264
6268
6473
6269
6474
6266
6270
6475
6267
6271
6476
6268
6272
6477
6269
6273
6478
6274
6479
6271
6275
6480
6272
6276
6481
6273
6277
6482
6274
6278
6483
6279
6484
6276
6280
6485
6277
6281
6486
6278
6282
6487
6279
6283
6488
6284
6489
6281
6285
6490
6282
6286
6491
6283
6287
6492
6284
6288
6493
6289
6494
6286
6290
6495
6287
6291
6496
6288
6292
6497
6289
6293
6498
6294
6499
6291
6295
6500
6292
6296
6501
6293
6297
6502
6294
6298
6503
6299
6504
6296
6300
6505
6297
6301
6506
6298
6302
6507
6299
6303
6508
6304
6509
6301
6305
6510
6302
6306
6511
6303
6307
6512
6304
6308
6513
6309
6514
6306
6310
6515
6307
6311
6516
6308
6312
6517
6309
6313
6518
6314
6519
6311
6315
6520
6312
6316
6521
6313
6317
6522
6314
6318
6523
6319
6524
6316
6320
6525
6317
6321
6526
6318
6322
6527
6319
6323
6528
6324
6529
6321
6325
6530
6322
6326
6531
6323
6327
6532
6324
6328
6533
6329
6534
6326
6330
6535
6327
6331
6536
6328
6332
6537
6329
6333
6538
6334
6539
6331
6335
6540
6332
6336
6541
6333
6337
6542
6334
6338
6543
6339
6544
6336
6340
6545
6337
6341
6546
6338
6342
6547
6339
6343
6548
6344
6549
6341
6345
6550
6342
6346
6551
6343
6347
6552
6344
6348
6553
6349
6554
6346
6350
6555
6347
6351
6556
6348
6352
6557
6349
6353
6558
6354
6559
6351
6355
6560
6352
6356
6561
6353
6357
6562
6354
6358
6563
6359
6564
6356
6360
6565
6357
6361
6566
6358
6362
6567
6359
6363
6568
6364
6569
6361
6365
6570
6362
6366
6571
6363
6367
6572
6364
6368
6573
6369
6574
6366
6370
6575
6367
6371
6576
6368
6372
6577
6369
6373
6578
6374
6579
6371
6375
6580
6372
6376
6581
6373
6377
6582
6374
6378
6583
6379
6584
6376
6380
6585
6377
6381
6586
6378
6382
6587
6379
6383
6588
6384
6589
6381
6385
6590
6382
6386
6591
6383
6387
6592
6384
6388
6593
6389
6594
6386
6390
6595
6387
6391
6596
6388
6392
6597
6389
6393
6598
6394
6599
6391
6395
6600
6392
6396
6601
6393
6397
6602
6394
6398
6603
6399
6604
6396
6400
6605
6397
6401
6606
6398
6402
6607
6399
6403
6608
6404
6609
6401
6405
6610
6402
6406
6611
6403
6407
6612
6404
6408
6613
6409
6614
6406
6411
6615
6407
6412
6616
6408
6413
6617
6409
6414
6618
6410
6415
6619
6416
6412
6417
6620
6413
6418
6621
6414
6419
6622
6415
6420
6623
6416
6421
6624
6422
6625
6418
6423
6626
6419
6424
6627
6420
6425
6628
6421
6426
6629
6422
6427
6630
6428
6631
6424
6429
6632
6425
6430
6633
6426
6431
6634
6427
6432
6635
6428
6433
6636
6434
6637
6430
6638
6431
6639
6432
6640
6433
6641
6434
6642
6643
6436
6440
6644
6437
6441
6645
6438
6442
6646
6439
6443
6647
6444
6648
6441
6445
6649
6442
6446
6650
6443
6447
6651
6444
6448
6652
6449
6653
6446
6450
6654
6447
6451
6655
6448
6452
6656
6449
6453
6657
6454
6658
6451
6455
6659
6452
6456
6660
6453
6457
6661
6454
6458
6662
6459
6663
6456
6460
6664
6457
6461
6665
6458
6462
6666
6459
6463
6667
6464
6668
6461
6465
6669
6462
6466
6670
6463
6467
6671
6464
6468
6672
6469
6673
6466
6470
6674
6467
6471
6675
6468
6472
6676
6469
6473
6677
6474
6678
6471
6475
6679
6472
6476
6680
6473
6477
6681
6474
6478
6682
6479
6683
6476
6480
6684
6477
6481
6685
6478
6482
6686
6479
6483
6687
6484
6688
6481
6485
6689
6482
6486
6690
6483
6487
6691
6484
6488
6692
6489
6693
6486
6490
6694
6487
6491
6695
6488
6492
6696
6489
6493
6697
6494
6698
6491
6495
6699
6492
6496
6700
6493
6497
6701
6494
6498
6702
6499
6703
6496
6500
6704
6497
6501
6705
6498
6502
6706
6499
6503
6707
6504
6708
6501
6505
6709
6502
6506
6710
6503
6507
6711
6504
6508
6712
6509
6713
6506
6510
6714
6507
6511
6715
6508
6512
6716
6509
6513
6717
6514
6718
6511
6515
6719
6512
6516
6720
6513
6517
6721
6514
6518
6722
6519
6723
6516
6520
6724
6517
6521
6725
6518
6522
6726
6519
6523
6727
6524
6728
6521
6525
6729
6522
6526
6730
6523
6527
6731
6524
6528
6732
6529
6733
6526
6530
6734
6527
6531
6735
6528
6532
6736
6529
6533
6737
6534
6738
6531
6535
6739
6532
6536
6740
6533
6537
6741
6534
6538
6742
6539
6743
6536
6540
6744
6537
6541
6745
6538
6542
6746
6539
6543
6747
6544
6748
6541
6545
6749
6542
6546
6750
6543
6547
6751
6544
6548
6752
6549
6753
6546
6550
6754
6547
6551
6755
6548
6552
6756
6549
6553
6757
6554
6758
6551
6555
6759
6552
6556
6760
6553
6557
6761
6554
6558
6762
6559
6763
6556
6560
6764
6557
6561
6765
6558
6562
6766
6559
6563
6767
6564
6768
6561
6565
6769
6562
6566
6770
6563
6567
6771
6564
6568
6772
6569
6773
6566
6570
6774
6567
6571
6775
6568
6572
6776
6569
6573
6777
6574
6778
6571
6575
6779
6572
6576
6780
6573
6577
6781
6574
6578
6782
6579
6783
6576
6580
6784
6577
6581
6785
6578
6582
6786
6579
6583
6787
6584
6788
6581
6585
6789
6582
6586
6790
6583
6587
6791
6584
6588
6792
6589
6793
6586
6590
6794
6587
6591
6795
6588
6592
6796
6589
6593
6797
6594
6798
6591
6595
6799
6592
6596
6800
6593
6597
6801
6594
6598
6802
6599
6803
6596
6600
6804
6597
6601
6805
6598
6602
6806
6599
6603
6807
6604
6808
6601
6605
6809
6602
6606
6810
6603
6607
6811
6604
6608
6812
6609
6813
6606
6610
6814
6607
6611
6815
6608
6612
6816
6609
6613
6817
6614
6818
6611
6615
6819
6612
6616
6820
6613
6617
6821
6614
6618
6822
6619
6823
6616
6620
6824
6617
6621
6825
6618
6622
6826
6619
6623
6827
6624
6828
6621
6626
6829
6622
6627
6830
6623
6628
6831
6624
6629
6832
6625
6630
6833
6631
6627
6632
6834
6628
6633
6835
6629
6634
6836
6630
6635
6837
6631
6636
6838
6637
6839
6633
6638
6840
6634
6639
6841
6635
6640
6842
6636
6641
6843
6637
6642
6844
6643
6845
6639
6846
6640
6847
6641
6848
6642
6849
6643
6850
6851
6645
6649
6646
6650
6647
6651
6648
6652
6653
6650
6654
6651
6655
6652
6656
6653
6657
6658
6655
6659
6656
6660
6657
6661
6658
6662
6663
6660
6664
6661
6665
6662
6666
6663
6667
6668
6665
6669
6666
6670
6667
6671
6668
6672
6673
6670
6674
6671
6675
6672
6676
6673
6677
6678
6675
6679
6676
6680
6677
6681
6678
6682
6683
6680
6684
6681
6685
6682
6686
6683
6687
6688
6685
6689
6686
6690
6687
6691
6688
6692
6693
6690
6694
6691
6695
6692
6696
6693
6697
6698
6695
6699
6696
6700
6697
6701
6698
6702
6703
6700
6704
6701
6705
6702
6706
6703
6707
6708
6705
6709
6706
6710
6707
6711
6708
6712
6713
6710
6714
6711
6715
6712
6716
6713
6717
6718
6715
6719
6716
6720
6717
6721
6718
6722
6723
6720
6724
6721
6725
6722
6726
6723
6727
6728
6725
6729
6726
6730
6727
6731
6728
6732
6733
6730
6734
6731
6735
6732
6736
6733
6737
6738
6735
6739
6736
6740
6737
6741
6738
6742
6743
6740
6744
6741
6745
6742
6746
6743
6747
6748
6745
6749
6746
6750
6747
6751
6748
6752
6753
6750
6754
6751
6755
6752
6756
6753
6757
6758
6755
6759
6756
6760
6757
6761
6758
6762
6763
6760
6764
6761
6765
6762
6766
6763
6767
6768
6765
6769
6766
6770
6767
6771
6768
6772
6773
6770
6774
6771
6775
6772
6776
6773
6777
6778
6775
6779
6776
6780
6777
6781
6778
6782
6783
6780
6784
6781
6785
6782
6786
6783
6787
6788
6785
6789
6786
6790
6787
6791
6788
6792
6793
6790
6794
6791
6795
6792
6796
6793
6797
6798
6795
6799
6796
6800
6797
6801
6798
6802
6803
6800
6804
6801
6805
6802
6806
6803
6807
6808
6805
6809
6806
6810
6807
6811
6808
6812
6813
6810
6814
6811
6815
6812
6816
6813
6817
6818
6815
6819
6816
6820
6817
6821
6818
6822
6823
6820
6824
6821
6825
6822
6826
6823
6827
6828
6825
6829
6826
6830
6827
6831
6828
6832
6833
6830
6834
6831
6835
6832
6836
6833
6837
6838
6835
6840
6836
6841
6837
6842
6838
6843
6839
6844
6845
6841
6846
6842
6847
6843
6848
6844
6849
6845
6850
6851
6847
6848
6849
6850
6851
)


// ************************************************************************* //
