/*--------------------------------*- C++ -*----------------------------------*\
| =========                 |                                                 |
| \\      /  F ield         | OpenFOAM: The Open Source CFD Toolbox           |
|  \\    /   O peration     | Version:  2.3.1                                 |
|   \\  /    A nd           | Web:      www.OpenFOAM.org                      |
|    \\/     M anipulation  |                                                 |
\*---------------------------------------------------------------------------*/
FoamFile
{
    version     2.0;
    format      ascii;
    class       labelList;
    location    "constant/polyMesh";
    object      pointProcAddressing;
}
// * * * * * * * * * * * * * * * * * * * * * * * * * * * * * * * * * * * * * //


9117
(
20
21
22
23
24
25
26
56
57
58
59
60
61
62
92
93
94
95
96
97
98
128
129
130
131
132
133
134
164
165
166
167
168
169
170
200
201
202
203
204
205
206
237
238
239
240
241
242
273
274
275
276
277
278
309
310
311
312
313
314
345
346
347
348
349
350
381
382
383
384
385
386
417
418
419
420
421
422
453
454
455
456
457
458
489
490
491
492
493
494
525
526
527
528
529
530
561
562
563
564
565
566
597
598
599
600
601
602
633
634
635
636
637
638
669
670
671
672
673
674
705
706
707
708
709
710
741
742
743
744
745
746
777
778
779
780
781
782
813
814
815
816
817
818
849
850
851
852
853
854
885
886
887
888
889
890
921
922
923
924
925
926
957
958
959
960
961
962
993
994
995
996
997
998
1029
1030
1031
1032
1033
1034
1065
1066
1067
1068
1069
1070
1101
1102
1103
1104
1105
1106
1137
1138
1139
1140
1141
1142
1173
1174
1175
1176
1177
1178
1209
1210
1211
1212
1213
1214
1245
1246
1247
1248
1249
1250
1281
1282
1283
1284
1285
1286
1317
1318
1319
1320
1321
1322
1353
1354
1355
1356
1357
1358
1389
1390
1391
1392
1393
1394
1425
1426
1427
1428
1429
1430
1461
1462
1463
1464
1465
1466
1497
1498
1499
1500
1501
1502
1532
1533
1534
1535
1536
1537
1538
1568
1569
1570
1571
1572
1573
1574
1604
1605
1606
1607
1608
1609
1610
1640
1641
1642
1643
1644
1645
1646
1676
1677
1678
1679
1680
1681
1682
1712
1713
1714
1715
1716
1717
1718
1748
1749
1750
1751
1752
1753
1754
1785
1786
1787
1788
1789
1790
1821
1822
1823
1824
1825
1826
1857
1858
1859
1860
1861
1862
1893
1894
1895
1896
1897
1898
1929
1930
1931
1932
1933
1934
1965
1966
1967
1968
1969
1970
2001
2002
2003
2004
2005
2006
2037
2038
2039
2040
2041
2042
2073
2074
2075
2076
2077
2078
2109
2110
2111
2112
2113
2114
2145
2146
2147
2148
2149
2150
2181
2182
2183
2184
2185
2186
2217
2218
2219
2220
2221
2222
2253
2254
2255
2256
2257
2258
2289
2290
2291
2292
2293
2294
2325
2326
2327
2328
2329
2330
2361
2362
2363
2364
2365
2366
2397
2398
2399
2400
2401
2402
2433
2434
2435
2436
2437
2438
2469
2470
2471
2472
2473
2474
2505
2506
2507
2508
2509
2510
2541
2542
2543
2544
2545
2546
2577
2578
2579
2580
2581
2582
2613
2614
2615
2616
2617
2618
2649
2650
2651
2652
2653
2654
2685
2686
2687
2688
2689
2690
2721
2722
2723
2724
2725
2726
2757
2758
2759
2760
2761
2762
2793
2794
2795
2796
2797
2798
2829
2830
2831
2832
2833
2834
2865
2866
2867
2868
2869
2870
2901
2902
2903
2904
2905
2906
2937
2938
2939
2940
2941
2942
2973
2974
2975
2976
2977
2978
3009
3010
3011
3012
3013
3014
3044
3045
3046
3047
3048
3049
3080
3081
3082
3083
3084
3085
3086
3116
3117
3118
3119
3120
3121
3122
3152
3153
3154
3155
3156
3157
3158
3188
3189
3190
3191
3192
3193
3194
3224
3225
3226
3227
3228
3229
3230
3260
3261
3262
3263
3264
3265
3266
3296
3297
3298
3299
3300
3301
3302
3333
3334
3335
3336
3337
3338
3369
3370
3371
3372
3373
3374
3405
3406
3407
3408
3409
3410
3441
3442
3443
3444
3445
3446
3477
3478
3479
3480
3481
3482
3513
3514
3515
3516
3517
3518
3549
3550
3551
3552
3553
3554
3585
3586
3587
3588
3589
3590
3621
3622
3623
3624
3625
3626
3657
3658
3659
3660
3661
3662
3693
3694
3695
3696
3697
3698
3729
3730
3731
3732
3733
3734
3765
3766
3767
3768
3769
3770
3801
3802
3803
3804
3805
3806
3837
3838
3839
3840
3841
3842
3873
3874
3875
3876
3877
3878
3909
3910
3911
3912
3913
3914
3945
3946
3947
3948
3949
3950
3981
3982
3983
3984
3985
3986
4017
4018
4019
4020
4021
4022
4053
4054
4055
4056
4057
4058
4089
4090
4091
4092
4093
4094
4125
4126
4127
4128
4129
4130
4161
4162
4163
4164
4165
4166
4197
4198
4199
4200
4201
4202
4233
4234
4235
4236
4237
4238
4269
4270
4271
4272
4273
4274
4305
4306
4307
4308
4309
4310
4341
4342
4343
4344
4345
4346
4377
4378
4379
4380
4381
4382
4413
4414
4415
4416
4417
4418
4449
4450
4451
4452
4453
4454
4485
4486
4487
4488
4489
4490
4521
4522
4523
4524
4525
4526
4556
4557
4558
4559
4560
4561
4592
4593
4594
4595
4596
4597
4628
4629
4630
4631
4632
4633
4634
4664
4665
4666
4667
4668
4669
4670
4700
4701
4702
4703
4704
4705
4706
4736
4737
4738
4739
4740
4741
4742
4772
4773
4774
4775
4776
4777
4778
4808
4809
4810
4811
4812
4813
4814
4844
4845
4846
4847
4848
4849
4850
4880
4881
4882
4883
4884
4885
4886
4917
4918
4919
4920
4921
4922
4953
4954
4955
4956
4957
4958
4989
4990
4991
4992
4993
4994
5025
5026
5027
5028
5029
5030
5061
5062
5063
5064
5065
5066
5097
5098
5099
5100
5101
5102
5133
5134
5135
5136
5137
5138
5169
5170
5171
5172
5173
5174
5205
5206
5207
5208
5209
5210
5241
5242
5243
5244
5245
5246
5277
5278
5279
5280
5281
5282
5313
5314
5315
5316
5317
5318
5349
5350
5351
5352
5353
5354
5385
5386
5387
5388
5389
5390
5421
5422
5423
5424
5425
5426
5457
5458
5459
5460
5461
5462
5493
5494
5495
5496
5497
5498
5529
5530
5531
5532
5533
5534
5565
5566
5567
5568
5569
5570
5601
5602
5603
5604
5605
5606
5637
5638
5639
5640
5641
5642
5673
5674
5675
5676
5677
5678
5709
5710
5711
5712
5713
5714
5745
5746
5747
5748
5749
5750
5781
5782
5783
5784
5785
5786
5817
5818
5819
5820
5821
5822
5853
5854
5855
5856
5857
5858
5889
5890
5891
5892
5893
5894
5925
5926
5927
5928
5929
5930
5961
5962
5963
5964
5965
5966
5997
5998
5999
6000
6001
6002
6033
6034
6035
6036
6037
6038
6068
6069
6070
6071
6072
6073
6104
6105
6106
6107
6108
6109
6140
6141
6142
6143
6144
6145
6176
6177
6178
6179
6180
6181
6182
6212
6213
6214
6215
6216
6217
6218
6248
6249
6250
6251
6252
6253
6254
6284
6285
6286
6287
6288
6289
6290
6320
6321
6322
6323
6324
6325
6326
6356
6357
6358
6359
6360
6361
6362
6392
6393
6394
6395
6396
6397
6398
6428
6429
6430
6431
6432
6433
6434
6465
6466
6467
6468
6469
6470
6501
6502
6503
6504
6505
6506
6537
6538
6539
6540
6541
6542
6573
6574
6575
6576
6577
6578
6609
6610
6611
6612
6613
6614
6645
6646
6647
6648
6649
6650
6681
6682
6683
6684
6685
6686
6717
6718
6719
6720
6721
6722
6753
6754
6755
6756
6757
6758
6789
6790
6791
6792
6793
6794
6825
6826
6827
6828
6829
6830
6861
6862
6863
6864
6865
6866
6897
6898
6899
6900
6901
6902
6933
6934
6935
6936
6937
6938
6969
6970
6971
6972
6973
6974
7005
7006
7007
7008
7009
7010
7041
7042
7043
7044
7045
7046
7077
7078
7079
7080
7081
7082
7113
7114
7115
7116
7117
7118
7149
7150
7151
7152
7153
7154
7185
7186
7187
7188
7189
7190
7221
7222
7223
7224
7225
7226
7257
7258
7259
7260
7261
7262
7293
7294
7295
7296
7297
7298
7329
7330
7331
7332
7333
7334
7365
7366
7367
7368
7369
7370
7401
7402
7403
7404
7405
7406
7437
7438
7439
7440
7441
7442
7473
7474
7475
7476
7477
7478
7509
7510
7511
7512
7513
7514
7545
7546
7547
7548
7549
7550
7580
7581
7582
7583
7584
7585
7616
7617
7618
7619
7620
7621
7652
7653
7654
7655
7656
7657
7688
7689
7690
7691
7692
7693
7724
7725
7726
7727
7728
7729
7730
7760
7761
7762
7763
7764
7765
7766
7796
7797
7798
7799
7800
7801
7802
7832
7833
7834
7835
7836
7837
7838
7868
7869
7870
7871
7872
7873
7874
7904
7905
7906
7907
7908
7909
7910
7940
7941
7942
7943
7944
7945
7946
7976
7977
7978
7979
7980
7981
7982
8013
8014
8015
8016
8017
8018
8049
8050
8051
8052
8053
8054
8085
8086
8087
8088
8089
8090
8121
8122
8123
8124
8125
8126
8157
8158
8159
8160
8161
8162
8193
8194
8195
8196
8197
8198
8229
8230
8231
8232
8233
8234
8265
8266
8267
8268
8269
8270
8301
8302
8303
8304
8305
8306
8337
8338
8339
8340
8341
8342
8373
8374
8375
8376
8377
8378
8409
8410
8411
8412
8413
8414
8445
8446
8447
8448
8449
8450
8481
8482
8483
8484
8485
8486
8517
8518
8519
8520
8521
8522
8553
8554
8555
8556
8557
8558
8589
8590
8591
8592
8593
8594
8625
8626
8627
8628
8629
8630
8661
8662
8663
8664
8665
8666
8697
8698
8699
8700
8701
8702
8733
8734
8735
8736
8737
8738
8769
8770
8771
8772
8773
8774
8805
8806
8807
8808
8809
8810
8841
8842
8843
8844
8845
8846
8877
8878
8879
8880
8881
8882
8913
8914
8915
8916
8917
8918
8949
8950
8951
8952
8953
8954
8985
8986
8987
8988
8989
8990
9021
9022
9023
9024
9025
9026
9057
9058
9059
9060
9061
9062
9092
9093
9094
9095
9096
9097
9128
9129
9130
9131
9132
9133
9164
9165
9166
9167
9168
9169
9200
9201
9202
9203
9204
9205
9236
9237
9238
9239
9240
9241
9272
9273
9274
9275
9276
9277
9278
9308
9309
9310
9311
9312
9313
9314
9344
9345
9346
9347
9348
9349
9350
9380
9381
9382
9383
9384
9385
9386
9416
9417
9418
9419
9420
9421
9422
9452
9453
9454
9455
9456
9457
9458
9488
9489
9490
9491
9492
9493
9494
9525
9526
9527
9528
9529
9530
9561
9562
9563
9564
9565
9566
9597
9598
9599
9600
9601
9602
9633
9634
9635
9636
9637
9638
9669
9670
9671
9672
9673
9674
9705
9706
9707
9708
9709
9710
9741
9742
9743
9744
9745
9746
9777
9778
9779
9780
9781
9782
9813
9814
9815
9816
9817
9818
9849
9850
9851
9852
9853
9854
9885
9886
9887
9888
9889
9890
9921
9922
9923
9924
9925
9926
9957
9958
9959
9960
9961
9962
9993
9994
9995
9996
9997
9998
10029
10030
10031
10032
10033
10034
10065
10066
10067
10068
10069
10070
10101
10102
10103
10104
10105
10106
10137
10138
10139
10140
10141
10142
10173
10174
10175
10176
10177
10178
10209
10210
10211
10212
10213
10214
10245
10246
10247
10248
10249
10250
10281
10282
10283
10284
10285
10286
10317
10318
10319
10320
10321
10322
10353
10354
10355
10356
10357
10358
10389
10390
10391
10392
10393
10394
10425
10426
10427
10428
10429
10430
10461
10462
10463
10464
10465
10466
10497
10498
10499
10500
10501
10502
10533
10534
10535
10536
10537
10538
10569
10570
10571
10572
10573
10574
10597
10598
10599
10600
10601
10602
10618
10619
10620
10621
10622
10623
10639
10640
10641
10642
10643
10644
10660
10661
10662
10663
10664
10665
10666
10681
10682
10683
10684
10685
10686
10687
10702
10703
10704
10705
10706
10707
10708
10723
10724
10725
10726
10727
10728
10729
10744
10745
10746
10747
10748
10749
10750
10765
10766
10767
10768
10769
10770
10771
10842
10843
10844
10845
10846
10847
10878
10879
10880
10881
10882
10883
10914
10915
10916
10917
10918
10919
10950
10951
10952
10953
10954
10955
10986
10987
10988
10989
10990
10991
11022
11023
11024
11025
11026
11027
11058
11059
11060
11061
11062
11063
11094
11095
11096
11097
11098
11099
11100
11130
11131
11132
11133
11134
11135
11136
11166
11167
11168
11169
11170
11171
11172
11202
11203
11204
11205
11206
11207
11208
11238
11239
11240
11241
11242
11243
11244
11274
11275
11276
11277
11278
11279
11280
11310
11311
11312
11313
11314
11315
11316
11346
11347
11348
11349
11350
11351
11352
11383
11384
11385
11386
11387
11388
11419
11420
11421
11422
11423
11424
11455
11456
11457
11458
11459
11460
11491
11492
11493
11494
11495
11496
11527
11528
11529
11530
11531
11532
11563
11564
11565
11566
11567
11568
11599
11600
11601
11602
11603
11604
11635
11636
11637
11638
11639
11640
11671
11672
11673
11674
11675
11676
11702
11703
11704
11705
11706
11707
11733
11734
11735
11736
11737
11738
11764
11765
11766
11767
11768
11769
11795
11796
11797
11798
11799
11800
11826
11827
11828
11829
11830
11831
11857
11858
11859
11860
11861
11862
11888
11889
11890
11891
11892
11893
11924
11925
11926
11927
11928
11929
11960
11961
11962
11963
11964
11965
11996
11997
11998
11999
12000
12001
12032
12033
12034
12035
12036
12037
12068
12069
12070
12071
12072
12073
12104
12105
12106
12107
12108
12109
12140
12141
12142
12143
12144
12145
12176
12177
12178
12179
12180
12181
12212
12213
12214
12215
12216
12217
12248
12249
12250
12251
12252
12253
12284
12285
12286
12287
12288
12289
12319
12320
12321
12322
12323
12324
12355
12356
12357
12358
12359
12360
12391
12392
12393
12394
12395
12396
12427
12428
12429
12430
12431
12432
12582
12583
12584
12585
12586
12587
12588
12618
12619
12620
12621
12622
12623
12624
12654
12655
12656
12657
12658
12659
12660
12690
12691
12692
12693
12694
12695
12696
12726
12727
12728
12729
12730
12731
12732
12763
12764
12765
12766
12767
12768
12799
12800
12801
12802
12803
12804
12835
12836
12837
12838
12839
12840
12871
12872
12873
12874
12875
12876
12907
12908
12909
12910
12911
12912
12943
12944
12945
12946
12947
12948
12979
12980
12981
12982
12983
12984
13015
13016
13017
13018
13019
13020
13046
13047
13048
13049
13050
13051
13077
13078
13079
13080
13081
13082
13108
13109
13110
13111
13112
13113
13139
13140
13141
13142
13143
13144
13170
13171
13172
13173
13174
13175
13201
13202
13203
13204
13205
13206
13232
13233
13234
13235
13236
13237
13268
13269
13270
13271
13272
13273
13304
13305
13306
13307
13308
13309
13340
13341
13342
13343
13344
13345
13376
13377
13378
13379
13380
13381
13412
13413
13414
13415
13416
13417
13448
13449
13450
13451
13452
13453
13484
13485
13486
13487
13488
13489
13520
13521
13522
13523
13524
13525
13556
13557
13558
13559
13560
13561
13592
13593
13594
13595
13596
13597
13628
13629
13630
13631
13632
13633
13663
13664
13665
13666
13667
13668
13699
13700
13701
13702
13703
13704
13735
13736
13737
13738
13739
13740
13771
13772
13773
13774
13775
13776
13926
13927
13928
13929
13930
13931
13932
13962
13963
13964
13965
13966
13967
13968
13998
13999
14000
14001
14002
14003
14004
14034
14035
14036
14037
14038
14039
14040
14070
14071
14072
14073
14074
14075
14076
14106
14107
14108
14109
14110
14111
14112
14143
14144
14145
14146
14147
14148
14179
14180
14181
14182
14183
14184
14215
14216
14217
14218
14219
14220
14251
14252
14253
14254
14255
14256
14287
14288
14289
14290
14291
14292
14323
14324
14325
14326
14327
14328
14359
14360
14361
14362
14363
14364
14390
14391
14392
14393
14394
14395
14421
14422
14423
14424
14425
14426
14452
14453
14454
14455
14456
14457
14483
14484
14485
14486
14487
14488
14514
14515
14516
14517
14518
14519
14545
14546
14547
14548
14549
14550
14576
14577
14578
14579
14580
14581
14612
14613
14614
14615
14616
14617
14648
14649
14650
14651
14652
14653
14684
14685
14686
14687
14688
14689
14720
14721
14722
14723
14724
14725
14756
14757
14758
14759
14760
14761
14792
14793
14794
14795
14796
14797
14828
14829
14830
14831
14832
14833
14864
14865
14866
14867
14868
14869
14900
14901
14902
14903
14904
14905
14936
14937
14938
14939
14940
14941
14972
14973
14974
14975
14976
14977
15007
15008
15009
15010
15011
15012
15043
15044
15045
15046
15047
15048
15079
15080
15081
15082
15083
15084
15115
15116
15117
15118
15119
15120
15270
15271
15272
15273
15274
15275
15276
15306
15307
15308
15309
15310
15311
15312
15342
15343
15344
15345
15346
15347
15348
15378
15379
15380
15381
15382
15383
15384
15414
15415
15416
15417
15418
15419
15420
15450
15451
15452
15453
15454
15455
15456
15486
15487
15488
15489
15490
15491
15492
15523
15524
15525
15526
15527
15528
15559
15560
15561
15562
15563
15564
15595
15596
15597
15598
15599
15600
15631
15632
15633
15634
15635
15636
15667
15668
15669
15670
15671
15672
15703
15704
15705
15706
15707
15708
15734
15735
15736
15737
15738
15739
15765
15766
15767
15768
15769
15770
15796
15797
15798
15799
15800
15801
15827
15828
15829
15830
15831
15832
15858
15859
15860
15861
15862
15863
15889
15890
15891
15892
15893
15894
15920
15921
15922
15923
15924
15925
15956
15957
15958
15959
15960
15961
15992
15993
15994
15995
15996
15997
16028
16029
16030
16031
16032
16033
16064
16065
16066
16067
16068
16069
16100
16101
16102
16103
16104
16105
16136
16137
16138
16139
16140
16141
16172
16173
16174
16175
16176
16177
16208
16209
16210
16211
16212
16213
16244
16245
16246
16247
16248
16249
16280
16281
16282
16283
16284
16285
16316
16317
16318
16319
16320
16321
16351
16352
16353
16354
16355
16356
16387
16388
16389
16390
16391
16392
16423
16424
16425
16426
16427
16428
16459
16460
16461
16462
16463
16464
16614
16615
16616
16617
16618
16619
16620
16650
16651
16652
16653
16654
16655
16656
16686
16687
16688
16689
16690
16691
16692
16722
16723
16724
16725
16726
16727
16728
16758
16759
16760
16761
16762
16763
16764
16794
16795
16796
16797
16798
16799
16800
16830
16831
16832
16833
16834
16835
16836
16866
16867
16868
16869
16870
16871
16872
16903
16904
16905
16906
16907
16908
16939
16940
16941
16942
16943
16944
16975
16976
16977
16978
16979
16980
17011
17012
17013
17014
17015
17016
17047
17048
17049
17050
17051
17052
17078
17079
17080
17081
17082
17083
17109
17110
17111
17112
17113
17114
17140
17141
17142
17143
17144
17145
17171
17172
17173
17174
17175
17176
17202
17203
17204
17205
17206
17207
17233
17234
17235
17236
17237
17238
17264
17265
17266
17267
17268
17269
17300
17301
17302
17303
17304
17305
17336
17337
17338
17339
17340
17341
17372
17373
17374
17375
17376
17377
17408
17409
17410
17411
17412
17413
17444
17445
17446
17447
17448
17449
17480
17481
17482
17483
17484
17485
17516
17517
17518
17519
17520
17521
17552
17553
17554
17555
17556
17557
17588
17589
17590
17591
17592
17593
17624
17625
17626
17627
17628
17629
17660
17661
17662
17663
17664
17665
17695
17696
17697
17698
17699
17700
17731
17732
17733
17734
17735
17736
17767
17768
17769
17770
17771
17772
17803
17804
17805
17806
17807
17808
17958
17959
17960
17961
17962
17963
17994
17995
17996
17997
17998
17999
18000
18030
18031
18032
18033
18034
18035
18036
18066
18067
18068
18069
18070
18071
18072
18102
18103
18104
18105
18106
18107
18108
18138
18139
18140
18141
18142
18143
18144
18174
18175
18176
18177
18178
18179
18180
18210
18211
18212
18213
18214
18215
18216
18246
18247
18248
18249
18250
18251
18252
18283
18284
18285
18286
18287
18288
18319
18320
18321
18322
18323
18324
18355
18356
18357
18358
18359
18360
18391
18392
18393
18394
18395
18396
18422
18423
18424
18425
18426
18427
18453
18454
18455
18456
18457
18458
18484
18485
18486
18487
18488
18489
18515
18516
18517
18518
18519
18520
18546
18547
18548
18549
18550
18551
18577
18578
18579
18580
18581
18582
18608
18609
18610
18611
18612
18613
18644
18645
18646
18647
18648
18649
18680
18681
18682
18683
18684
18685
18716
18717
18718
18719
18720
18721
18752
18753
18754
18755
18756
18757
18788
18789
18790
18791
18792
18793
18824
18825
18826
18827
18828
18829
18860
18861
18862
18863
18864
18865
18896
18897
18898
18899
18900
18901
18932
18933
18934
18935
18936
18937
18968
18969
18970
18971
18972
18973
19004
19005
19006
19007
19008
19009
19039
19040
19041
19042
19043
19044
19075
19076
19077
19078
19079
19080
19111
19112
19113
19114
19115
19116
19147
19148
19149
19150
19151
19152
19302
19303
19304
19305
19306
19307
19338
19339
19340
19341
19342
19343
19374
19375
19376
19377
19378
19379
19380
19410
19411
19412
19413
19414
19415
19416
19446
19447
19448
19449
19450
19451
19452
19482
19483
19484
19485
19486
19487
19488
19518
19519
19520
19521
19522
19523
19524
19554
19555
19556
19557
19558
19559
19560
19590
19591
19592
19593
19594
19595
19596
19626
19627
19628
19629
19630
19631
19632
19663
19664
19665
19666
19667
19668
19699
19700
19701
19702
19703
19704
19735
19736
19737
19738
19739
19740
19766
19767
19768
19769
19770
19771
19797
19798
19799
19800
19801
19802
19828
19829
19830
19831
19832
19833
19859
19860
19861
19862
19863
19864
19890
19891
19892
19893
19894
19895
19921
19922
19923
19924
19925
19926
19952
19953
19954
19955
19956
19957
19988
19989
19990
19991
19992
19993
20024
20025
20026
20027
20028
20029
20060
20061
20062
20063
20064
20065
20096
20097
20098
20099
20100
20101
20132
20133
20134
20135
20136
20137
20168
20169
20170
20171
20172
20173
20204
20205
20206
20207
20208
20209
20240
20241
20242
20243
20244
20245
20276
20277
20278
20279
20280
20281
20312
20313
20314
20315
20316
20317
20348
20349
20350
20351
20352
20353
20383
20384
20385
20386
20387
20388
20419
20420
20421
20422
20423
20424
20455
20456
20457
20458
20459
20460
20491
20492
20493
20494
20495
20496
20646
20647
20648
20649
20650
20651
20682
20683
20684
20685
20686
20687
20718
20719
20720
20721
20722
20723
20754
20755
20756
20757
20758
20759
20760
20790
20791
20792
20793
20794
20795
20796
20826
20827
20828
20829
20830
20831
20832
20862
20863
20864
20865
20866
20867
20868
20898
20899
20900
20901
20902
20903
20904
20934
20935
20936
20937
20938
20939
20940
20970
20971
20972
20973
20974
20975
20976
21006
21007
21008
21009
21010
21011
21012
21043
21044
21045
21046
21047
21048
21079
21080
21081
21082
21083
21084
21110
21111
21112
21113
21114
21115
21141
21142
21143
21144
21145
21146
21172
21173
21174
21175
21176
21177
21203
21204
21205
21206
21207
21208
21234
21235
21236
21237
21238
21239
21265
21266
21267
21268
21269
21270
21296
21297
21298
21299
21300
21301
21332
21333
21334
21335
21336
21337
21368
21369
21370
21371
21372
21373
21404
21405
21406
21407
21408
21409
21440
21441
21442
21443
21444
21445
21476
21477
21478
21479
21480
21481
21512
21513
21514
21515
21516
21517
21548
21549
21550
21551
21552
21553
21584
21585
21586
21587
21588
21589
21620
21621
21622
21623
21624
21625
21656
21657
21658
21659
21660
21661
21692
21693
21694
21695
21696
21697
21727
21728
21729
21730
21731
21732
21763
21764
21765
21766
21767
21768
21799
21800
21801
21802
21803
21804
21835
21836
21837
21838
21839
21840
21990
21991
21992
21993
21994
21995
22026
22027
22028
22029
22030
22031
22062
22063
22064
22065
22066
22067
22098
22099
22100
22101
22102
22103
22134
22135
22136
22137
22138
22139
22140
22170
22171
22172
22173
22174
22175
22176
22206
22207
22208
22209
22210
22211
22212
22242
22243
22244
22245
22246
22247
22248
22278
22279
22280
22281
22282
22283
22284
22314
22315
22316
22317
22318
22319
22320
22350
22351
22352
22353
22354
22355
22356
22386
22387
22388
22389
22390
22391
22392
22423
22424
22425
22426
22427
22428
22454
22455
22456
22457
22458
22459
22485
22486
22487
22488
22489
22490
22516
22517
22518
22519
22520
22521
22547
22548
22549
22550
22551
22552
22578
22579
22580
22581
22582
22583
22609
22610
22611
22612
22613
22614
22640
22641
22642
22643
22644
22645
22676
22677
22678
22679
22680
22681
22712
22713
22714
22715
22716
22717
22748
22749
22750
22751
22752
22753
22784
22785
22786
22787
22788
22789
22820
22821
22822
22823
22824
22825
22856
22857
22858
22859
22860
22861
22892
22893
22894
22895
22896
22897
22928
22929
22930
22931
22932
22933
22964
22965
22966
22967
22968
22969
23000
23001
23002
23003
23004
23005
23036
23037
23038
23039
23040
23041
23071
23072
23073
23074
23075
23076
23107
23108
23109
23110
23111
23112
23143
23144
23145
23146
23147
23148
23179
23180
23181
23182
23183
23184
23334
23335
23336
23337
23338
23339
23370
23371
23372
23373
23374
23375
23406
23407
23408
23409
23410
23411
23442
23443
23444
23445
23446
23447
23478
23479
23480
23481
23482
23483
23514
23515
23516
23517
23518
23519
23520
23550
23551
23552
23553
23554
23555
23556
23586
23587
23588
23589
23590
23591
23592
23622
23623
23624
23625
23626
23627
23628
23658
23659
23660
23661
23662
23663
23664
23694
23695
23696
23697
23698
23699
23700
23730
23731
23732
23733
23734
23735
23736
23766
23767
23768
23769
23770
23771
23772
23798
23799
23800
23801
23802
23803
23829
23830
23831
23832
23833
23834
23860
23861
23862
23863
23864
23865
23891
23892
23893
23894
23895
23896
23922
23923
23924
23925
23926
23927
23953
23954
23955
23956
23957
23958
23984
23985
23986
23987
23988
23989
24020
24021
24022
24023
24024
24025
24056
24057
24058
24059
24060
24061
24092
24093
24094
24095
24096
24097
24128
24129
24130
24131
24132
24133
24164
24165
24166
24167
24168
24169
24200
24201
24202
24203
24204
24205
24236
24237
24238
24239
24240
24241
24272
24273
24274
24275
24276
24277
24308
24309
24310
24311
24312
24313
24344
24345
24346
24347
24348
24349
24380
24381
24382
24383
24384
24385
24415
24416
24417
24418
24419
24420
24451
24452
24453
24454
24455
24456
24487
24488
24489
24490
24491
24492
24523
24524
24525
24526
24527
24528
24678
24679
24680
24681
24682
24683
24714
24715
24716
24717
24718
24719
24750
24751
24752
24753
24754
24755
24786
24787
24788
24789
24790
24791
24822
24823
24824
24825
24826
24827
24858
24859
24860
24861
24862
24863
24894
24895
24896
24897
24898
24899
24930
24931
24932
24933
24934
24935
24936
24966
24967
24968
24969
24970
24971
24972
25002
25003
25004
25005
25006
25007
25008
25038
25039
25040
25041
25042
25043
25044
25074
25075
25076
25077
25078
25079
25080
25110
25111
25112
25113
25114
25115
25116
25141
25142
25143
25144
25145
25146
25147
25173
25174
25175
25176
25177
25178
25204
25205
25206
25207
25208
25209
25235
25236
25237
25238
25239
25240
25266
25267
25268
25269
25270
25271
25297
25298
25299
25300
25301
25302
25328
25329
25330
25331
25332
25333
25364
25365
25366
25367
25368
25369
25400
25401
25402
25403
25404
25405
25436
25437
25438
25439
25440
25441
25472
25473
25474
25475
25476
25477
25508
25509
25510
25511
25512
25513
25544
25545
25546
25547
25548
25549
25580
25581
25582
25583
25584
25585
25616
25617
25618
25619
25620
25621
25652
25653
25654
25655
25656
25657
25688
25689
25690
25691
25692
25693
25724
25725
25726
25727
25728
25729
25759
25760
25761
25762
25763
25764
25795
25796
25797
25798
25799
25800
25831
25832
25833
25834
25835
25836
25867
25868
25869
25870
25871
25872
26022
26023
26024
26025
26026
26027
26058
26059
26060
26061
26062
26063
26094
26095
26096
26097
26098
26099
26130
26131
26132
26133
26134
26135
26166
26167
26168
26169
26170
26171
26202
26203
26204
26205
26206
26207
26238
26239
26240
26241
26242
26243
26274
26275
26276
26277
26278
26279
26310
26311
26312
26313
26314
26315
26316
26346
26347
26348
26349
26350
26351
26352
26382
26383
26384
26385
26386
26387
26388
26418
26419
26420
26421
26422
26423
26424
26454
26455
26456
26457
26458
26459
26460
26485
26486
26487
26488
26489
26490
26491
26516
26517
26518
26519
26520
26521
26522
26548
26549
26550
26551
26552
26553
26579
26580
26581
26582
26583
26584
26610
26611
26612
26613
26614
26615
26641
26642
26643
26644
26645
26646
26672
26673
26674
26675
26676
26677
26708
26709
26710
26711
26712
26713
26744
26745
26746
26747
26748
26749
26780
26781
26782
26783
26784
26785
26816
26817
26818
26819
26820
26821
26852
26853
26854
26855
26856
26857
26888
26889
26890
26891
26892
26893
26924
26925
26926
26927
26928
26929
26960
26961
26962
26963
26964
26965
26996
26997
26998
26999
27000
27001
27032
27033
27034
27035
27036
27037
27068
27069
27070
27071
27072
27073
27103
27104
27105
27106
27107
27108
27139
27140
27141
27142
27143
27144
27175
27176
27177
27178
27179
27180
27211
27212
27213
27214
27215
27216
27366
27367
27368
27369
27370
27371
27402
27403
27404
27405
27406
27407
27438
27439
27440
27441
27442
27443
27474
27475
27476
27477
27478
27479
27510
27511
27512
27513
27514
27515
27546
27547
27548
27549
27550
27551
27582
27583
27584
27585
27586
27587
27618
27619
27620
27621
27622
27623
27654
27655
27656
27657
27658
27659
27690
27691
27692
27693
27694
27695
27696
27726
27727
27728
27729
27730
27731
27732
27762
27763
27764
27765
27766
27767
27768
27798
27799
27800
27801
27802
27803
27804
27829
27830
27831
27832
27833
27834
27835
27860
27861
27862
27863
27864
27865
27866
27891
27892
27893
27894
27895
27896
27897
27923
27924
27925
27926
27927
27928
27954
27955
27956
27957
27958
27959
27985
27986
27987
27988
27989
27990
28016
28017
28018
28019
28020
28021
28052
28053
28054
28055
28056
28057
28088
28089
28090
28091
28092
28093
28124
28125
28126
28127
28128
28129
28160
28161
28162
28163
28164
28165
28196
28197
28198
28199
28200
28201
28232
28233
28234
28235
28236
28237
28268
28269
28270
28271
28272
28273
28304
28305
28306
28307
28308
28309
28340
28341
28342
28343
28344
28345
28376
28377
28378
28379
28380
28381
28412
28413
28414
28415
28416
28417
28447
28448
28449
28450
28451
28452
28483
28484
28485
28486
28487
28488
28519
28520
28521
28522
28523
28524
28555
28556
28557
28558
28559
28560
28710
28711
28712
28713
28714
28715
28746
28747
28748
28749
28750
28751
28782
28783
28784
28785
28786
28787
28818
28819
28820
28821
28822
28823
28854
28855
28856
28857
28858
28859
28890
28891
28892
28893
28894
28895
28926
28927
28928
28929
28930
28931
28962
28963
28964
28965
28966
28967
28998
28999
29000
29001
29002
29003
29034
29035
29036
29037
29038
29039
29070
29071
29072
29073
29074
29075
29076
29106
29107
29108
29109
29110
29111
29112
29142
29143
29144
29145
29146
29147
29148
29173
29174
29175
29176
29177
29178
29179
29204
29205
29206
29207
29208
29209
29210
29235
29236
29237
29238
29239
29240
29241
29266
29267
29268
29269
29270
29271
29272
29298
29299
29300
29301
29302
29303
29329
29330
29331
29332
29333
29334
29360
29361
29362
29363
29364
29365
29396
29397
29398
29399
29400
29401
29432
29433
29434
29435
29436
29437
29468
29469
29470
29471
29472
29473
29504
29505
29506
29507
29508
29509
29540
29541
29542
29543
29544
29545
29576
29577
29578
29579
29580
29581
29612
29613
29614
29615
29616
29617
29648
29649
29650
29651
29652
29653
29684
29685
29686
29687
29688
29689
29720
29721
29722
29723
29724
29725
29756
29757
29758
29759
29760
29761
29791
29792
29793
29794
29795
29796
29827
29828
29829
29830
29831
29832
29863
29864
29865
29866
29867
29868
29899
29900
29901
29902
29903
29904
30054
30055
30056
30057
30058
30059
30090
30091
30092
30093
30094
30095
30126
30127
30128
30129
30130
30131
30162
30163
30164
30165
30166
30167
30198
30199
30200
30201
30202
30203
30234
30235
30236
30237
30238
30239
30270
30271
30272
30273
30274
30275
30306
30307
30308
30309
30310
30311
30342
30343
30344
30345
30346
30347
30378
30379
30380
30381
30382
30383
30414
30415
30416
30417
30418
30419
30450
30451
30452
30453
30454
30455
30456
30486
30487
30488
30489
30490
30491
30492
30517
30518
30519
30520
30521
30522
30523
30548
30549
30550
30551
30552
30553
30554
30579
30580
30581
30582
30583
30584
30585
30610
30611
30612
30613
30614
30615
30616
30641
30642
30643
30644
30645
30646
30647
30673
30674
30675
30676
30677
30678
30704
30705
30706
30707
30708
30709
30740
30741
30742
30743
30744
30745
30776
30777
30778
30779
30780
30781
30812
30813
30814
30815
30816
30817
30848
30849
30850
30851
30852
30853
30884
30885
30886
30887
30888
30889
30920
30921
30922
30923
30924
30925
30956
30957
30958
30959
30960
30961
30992
30993
30994
30995
30996
30997
31028
31029
31030
31031
31032
31033
31064
31065
31066
31067
31068
31069
31100
31101
31102
31103
31104
31105
31135
31136
31137
31138
31139
31140
31171
31172
31173
31174
31175
31176
31207
31208
31209
31210
31211
31212
31243
31244
31245
31246
31247
31248
31398
31399
31400
31401
31402
31403
31434
31435
31436
31437
31438
31439
31470
31471
31472
31473
31474
31475
31506
31507
31508
31509
31510
31511
31542
31543
31544
31545
31546
31547
31578
31579
31580
31581
31582
31583
31614
31615
31616
31617
31618
31619
31650
31651
31652
31653
31654
31655
31686
31687
31688
31689
31690
31691
31722
31723
31724
31725
31726
31727
31758
31759
31760
31761
31762
31763
31794
31795
31796
31797
31798
31799
31830
31831
31832
31833
31834
31835
31836
31861
31862
31863
31864
31865
31866
31867
31892
31893
31894
31895
31896
31897
31898
31923
31924
31925
31926
31927
31928
31929
31954
31955
31956
31957
31958
31959
31960
31985
31986
31987
31988
31989
31990
31991
32016
32017
32018
32019
32020
32021
32022
32048
32049
32050
32051
32052
32053
32084
32085
32086
32087
32088
32089
32120
32121
32122
32123
32124
32125
32156
32157
32158
32159
32160
32161
32192
32193
32194
32195
32196
32197
32228
32229
32230
32231
32232
32233
32264
32265
32266
32267
32268
32269
32300
32301
32302
32303
32304
32305
32336
32337
32338
32339
32340
32341
32372
32373
32374
32375
32376
32377
32408
32409
32410
32411
32412
32413
32444
32445
32446
32447
32448
32449
32479
32480
32481
32482
32483
32484
32515
32516
32517
32518
32519
32520
32551
32552
32553
32554
32555
32556
32587
32588
32589
32590
32591
32592
32742
32743
32744
32745
32746
32747
32778
32779
32780
32781
32782
32783
32814
32815
32816
32817
32818
32819
32850
32851
32852
32853
32854
32855
32886
32887
32888
32889
32890
32891
32922
32923
32924
32925
32926
32927
32958
32959
32960
32961
32962
32963
32994
32995
32996
32997
32998
32999
33030
33031
33032
33033
33034
33035
33066
33067
33068
33069
33070
33071
33102
33103
33104
33105
33106
33107
33138
33139
33140
33141
33142
33143
33174
33175
33176
33177
33178
33179
33205
33206
33207
33208
33209
33210
33211
33236
33237
33238
33239
33240
33241
33242
33267
33268
33269
33270
33271
33272
33273
33298
33299
33300
33301
33302
33303
33304
33329
33330
33331
33332
33333
33334
33335
33360
33361
33362
33363
33364
33365
33366
33391
33392
33393
33394
33395
33396
33397
33428
33429
33430
33431
33432
33433
33464
33465
33466
33467
33468
33469
33500
33501
33502
33503
33504
33505
33536
33537
33538
33539
33540
33541
33572
33573
33574
33575
33576
33577
33608
33609
33610
33611
33612
33613
33644
33645
33646
33647
33648
33649
33680
33681
33682
33683
33684
33685
33716
33717
33718
33719
33720
33721
33752
33753
33754
33755
33756
33757
33788
33789
33790
33791
33792
33793
33823
33824
33825
33826
33827
33828
33859
33860
33861
33862
33863
33864
33895
33896
33897
33898
33899
33900
33931
33932
33933
33934
33935
33936
34086
34087
34088
34089
34090
34091
34122
34123
34124
34125
34126
34127
34158
34159
34160
34161
34162
34163
34194
34195
34196
34197
34198
34199
34230
34231
34232
34233
34234
34235
34266
34267
34268
34269
34270
34271
34302
34303
34304
34305
34306
34307
34338
34339
34340
34341
34342
34343
34374
34375
34376
34377
34378
34379
34410
34411
34412
34413
34414
34415
34446
34447
34448
34449
34450
34451
34482
34483
34484
34485
34486
34487
34518
34519
34520
34521
34522
34523
34549
34550
34551
34552
34553
34554
34580
34581
34582
34583
34584
34585
34586
34611
34612
34613
34614
34615
34616
34617
34642
34643
34644
34645
34646
34647
34648
34673
34674
34675
34676
34677
34678
34679
34704
34705
34706
34707
34708
34709
34710
34735
34736
34737
34738
34739
34740
34741
34771
34772
34773
34774
34775
34776
34777
34808
34809
34810
34811
34812
34813
34844
34845
34846
34847
34848
34849
34880
34881
34882
34883
34884
34885
34916
34917
34918
34919
34920
34921
34952
34953
34954
34955
34956
34957
34988
34989
34990
34991
34992
34993
35024
35025
35026
35027
35028
35029
35060
35061
35062
35063
35064
35065
35096
35097
35098
35099
35100
35101
35132
35133
35134
35135
35136
35137
35167
35168
35169
35170
35171
35172
35203
35204
35205
35206
35207
35208
35239
35240
35241
35242
35243
35244
35275
35276
35277
35278
35279
35280
35430
35431
35432
35433
35434
35435
35466
35467
35468
35469
35470
35471
35502
35503
35504
35505
35506
35507
35538
35539
35540
35541
35542
35543
35574
35575
35576
35577
35578
35579
35610
35611
35612
35613
35614
35615
35646
35647
35648
35649
35650
35651
35682
35683
35684
35685
35686
35687
35718
35719
35720
35721
35722
35723
35754
35755
35756
35757
35758
35759
35790
35791
35792
35793
35794
35795
35826
35827
35828
35829
35830
35831
35862
35863
35864
35865
35866
35867
35893
35894
35895
35896
35897
35898
35924
35925
35926
35927
35928
35929
35955
35956
35957
35958
35959
35960
35961
35986
35987
35988
35989
35990
35991
35992
36017
36018
36019
36020
36021
36022
36023
36048
36049
36050
36051
36052
36053
36054
36079
36080
36081
36082
36083
36084
36085
36115
36116
36117
36118
36119
36120
36121
36151
36152
36153
36154
36155
36156
36157
36188
36189
36190
36191
36192
36193
36224
36225
36226
36227
36228
36229
36260
36261
36262
36263
36264
36265
36296
36297
36298
36299
36300
36301
36332
36333
36334
36335
36336
36337
36368
36369
36370
36371
36372
36373
36404
36405
36406
36407
36408
36409
36440
36441
36442
36443
36444
36445
36476
36477
36478
36479
36480
36481
36511
36512
36513
36514
36515
36516
36547
36548
36549
36550
36551
36552
36583
36584
36585
36586
36587
36588
36619
36620
36621
36622
36623
36624
36774
36775
36776
36777
36778
36779
36810
36811
36812
36813
36814
36815
36846
36847
36848
36849
36850
36851
36882
36883
36884
36885
36886
36887
36918
36919
36920
36921
36922
36923
36954
36955
36956
36957
36958
36959
36990
36991
36992
36993
36994
36995
37026
37027
37028
37029
37030
37031
37062
37063
37064
37065
37066
37067
37098
37099
37100
37101
37102
37103
37134
37135
37136
37137
37138
37139
37170
37171
37172
37173
37174
37175
37206
37207
37208
37209
37210
37211
37237
37238
37239
37240
37241
37242
37268
37269
37270
37271
37272
37273
37299
37300
37301
37302
37303
37304
37330
37331
37332
37333
37334
37335
37336
37361
37362
37363
37364
37365
37366
37367
37392
37393
37394
37395
37396
37397
37398
37423
37424
37425
37426
37427
37428
37429
37459
37460
37461
37462
37463
37464
37465
37495
37496
37497
37498
37499
37500
37501
37531
37532
37533
37534
37535
37536
37537
37568
37569
37570
37571
37572
37573
37604
37605
37606
37607
37608
37609
37640
37641
37642
37643
37644
37645
37676
37677
37678
37679
37680
37681
37712
37713
37714
37715
37716
37717
37748
37749
37750
37751
37752
37753
37784
37785
37786
37787
37788
37789
37820
37821
37822
37823
37824
37825
37855
37856
37857
37858
37859
37860
37891
37892
37893
37894
37895
37896
37927
37928
37929
37930
37931
37932
37963
37964
37965
37966
37967
37968
37999
38000
38001
38002
38003
38004
38035
38036
38037
38038
38039
38040
38071
38072
38073
38074
38075
38076
38107
38108
38109
38110
38111
38112
38143
38144
38145
38146
38147
38148
38179
38180
38181
38182
38183
38184
38215
38216
38217
38218
38219
38220
38251
38252
38253
38254
38255
38256
38287
38288
38289
38290
38291
38292
38323
38324
38325
38326
38327
38328
38359
38360
38361
38362
38363
38364
38395
38396
38397
38398
38399
38400
38431
38432
38433
38434
38435
38436
38467
38468
38469
38470
38471
38472
38503
38504
38505
38506
38507
38508
38539
38540
38541
38542
38543
38544
38575
38576
38577
38578
38579
38580
38611
38612
38613
38614
38615
38616
38647
38648
38649
38650
38651
38652
38683
38684
38685
38686
38687
38688
38719
38720
38721
38722
38723
38724
38755
38756
38757
38758
38759
38760
38791
38792
38793
38794
38795
38796
38827
38828
38829
38830
38831
38832
38863
38864
38865
38866
38867
38868
38869
38899
38900
38901
38902
38903
38904
38905
38935
38936
38937
38938
38939
38940
38941
38971
38972
38973
38974
38975
38976
38977
39007
39008
39009
39010
39011
39012
39013
39043
39044
39045
39046
39047
39048
39049
39079
39080
39081
39082
39083
39084
39085
39116
39117
39118
39119
39120
39121
39152
39153
39154
39155
39156
39157
39188
39189
39190
39191
39192
39193
39224
39225
39226
39227
39228
39229
39260
39261
39262
39263
39264
39265
39296
39297
39298
39299
39300
39301
39332
39333
39334
39335
39336
39337
39367
39368
39369
39370
39371
39372
39403
39404
39405
39406
39407
39408
39439
39440
39441
39442
39443
39444
39475
39476
39477
39478
39479
39480
39511
39512
39513
39514
39515
39516
39547
39548
39549
39550
39551
39552
39583
39584
39585
39586
39587
39588
39619
39620
39621
39622
39623
39624
39655
39656
39657
39658
39659
39660
39691
39692
39693
39694
39695
39696
39727
39728
39729
39730
39731
39732
39763
39764
39765
39766
39767
39768
39799
39800
39801
39802
39803
39804
39835
39836
39837
39838
39839
39840
39871
39872
39873
39874
39875
39876
39907
39908
39909
39910
39911
39912
39943
39944
39945
39946
39947
39948
39979
39980
39981
39982
39983
39984
40015
40016
40017
40018
40019
40020
40051
40052
40053
40054
40055
40056
40087
40088
40089
40090
40091
40092
40123
40124
40125
40126
40127
40128
40159
40160
40161
40162
40163
40164
40195
40196
40197
40198
40199
40200
40231
40232
40233
40234
40235
40236
40267
40268
40269
40270
40271
40272
40303
40304
40305
40306
40307
40308
40339
40340
40341
40342
40343
40344
40375
40376
40377
40378
40379
40380
40411
40412
40413
40414
40415
40416
40417
40447
40448
40449
40450
40451
40452
40453
40483
40484
40485
40486
40487
40488
40489
40519
40520
40521
40522
40523
40524
40525
40555
40556
40557
40558
40559
40560
40561
40591
40592
40593
40594
40595
40596
40597
40627
40628
40629
40630
40631
40632
40633
40664
40665
40666
40667
40668
40669
40700
40701
40702
40703
40704
40705
40736
40737
40738
40739
40740
40741
40772
40773
40774
40775
40776
40777
40808
40809
40810
40811
40812
40813
40844
40845
40846
40847
40848
40849
40879
40880
40881
40882
40883
40884
40915
40916
40917
40918
40919
40920
40951
40952
40953
40954
40955
40956
40987
40988
40989
40990
40991
40992
41023
41024
41025
41026
41027
41028
41059
41060
41061
41062
41063
41064
41095
41096
41097
41098
41099
41100
41131
41132
41133
41134
41135
41136
41167
41168
41169
41170
41171
41172
41203
41204
41205
41206
41207
41208
41239
41240
41241
41242
41243
41244
41275
41276
41277
41278
41279
41280
41311
41312
41313
41314
41315
41316
41347
41348
41349
41350
41351
41352
41383
41384
41385
41386
41387
41388
41419
41420
41421
41422
41423
41424
41455
41456
41457
41458
41459
41460
41491
41492
41493
41494
41495
41496
41527
41528
41529
41530
41531
41532
41563
41564
41565
41566
41567
41568
41599
41600
41601
41602
41603
41604
41635
41636
41637
41638
41639
41640
41671
41672
41673
41674
41675
41676
41707
41708
41709
41710
41711
41712
41743
41744
41745
41746
41747
41748
41779
41780
41781
41782
41783
41784
41815
41816
41817
41818
41819
41820
41851
41852
41853
41854
41855
41856
41887
41888
41889
41890
41891
41892
41923
41924
41925
41926
41927
41928
41959
41960
41961
41962
41963
41964
41965
41995
41996
41997
41998
41999
42000
42001
42031
42032
42033
42034
42035
42036
42037
42067
42068
42069
42070
42071
42072
42073
42103
42104
42105
42106
42107
42108
42109
42139
42140
42141
42142
42143
42144
42145
42175
42176
42177
42178
42179
42180
42181
42212
42213
42214
42215
42216
42217
42248
42249
42250
42251
42252
42253
42284
42285
42286
42287
42288
42289
42320
42321
42322
42323
42324
42325
42356
42357
42358
42359
42360
42361
42391
42392
42393
42394
42395
42396
42427
42428
42429
42430
42431
42432
42463
42464
42465
42466
42467
42468
42499
42500
42501
42502
42503
42504
42535
42536
42537
42538
42539
42540
42571
42572
42573
42574
42575
42576
42607
42608
42609
42610
42611
42612
42643
42644
42645
42646
42647
42648
42679
42680
42681
42682
42683
42684
42715
42716
42717
42718
42719
42720
42751
42752
42753
42754
42755
42756
42787
42788
42789
42790
42791
42792
42823
42824
42825
42826
42827
42828
42859
42860
42861
42862
42863
42864
42895
42896
42897
42898
42899
42900
42931
42932
42933
42934
42935
42936
42967
42968
42969
42970
42971
42972
43003
43004
43005
43006
43007
43008
43039
43040
43041
43042
43043
43044
43075
43076
43077
43078
43079
43080
43111
43112
43113
43114
43115
43116
43147
43148
43149
43150
43151
43152
43183
43184
43185
43186
43187
43188
43219
43220
43221
43222
43223
43224
43255
43256
43257
43258
43259
43260
43291
43292
43293
43294
43295
43296
43327
43328
43329
43330
43331
43332
43363
43364
43365
43366
43367
43368
43399
43400
43401
43402
43403
43404
43435
43436
43437
43438
43439
43440
43471
43472
43473
43474
43475
43476
43507
43508
43509
43510
43511
43512
43513
43543
43544
43545
43546
43547
43548
43549
43579
43580
43581
43582
43583
43584
43585
43615
43616
43617
43618
43619
43620
43621
43651
43652
43653
43654
43655
43656
43657
43687
43688
43689
43690
43691
43692
43693
43723
43724
43725
43726
43727
43728
43729
43760
43761
43762
43763
43764
43765
43796
43797
43798
43799
43800
43801
43832
43833
43834
43835
43836
43837
43868
43869
43870
43871
43872
43873
43903
43904
43905
43906
43907
43908
43939
43940
43941
43942
43943
43944
43975
43976
43977
43978
43979
43980
44011
44012
44013
44014
44015
44016
44047
44048
44049
44050
44051
44052
44083
44084
44085
44086
44087
44088
44119
44120
44121
44122
44123
44124
44155
44156
44157
44158
44159
44160
44191
44192
44193
44194
44195
44196
44227
44228
44229
44230
44231
44232
44263
44264
44265
44266
44267
44268
44299
44300
44301
44302
44303
44304
44335
44336
44337
44338
44339
44340
44371
44372
44373
44374
44375
44376
44407
44408
44409
44410
44411
44412
44443
44444
44445
44446
44447
44448
44479
44480
44481
44482
44483
44484
44515
44516
44517
44518
44519
44520
44551
44552
44553
44554
44555
44556
44587
44588
44589
44590
44591
44592
44623
44624
44625
44626
44627
44628
44659
44660
44661
44662
44663
44664
44695
44696
44697
44698
44699
44700
44731
44732
44733
44734
44735
44736
44767
44768
44769
44770
44771
44772
44803
44804
44805
44806
44807
44808
44839
44840
44841
44842
44843
44844
44875
44876
44877
44878
44879
44880
44911
44912
44913
44914
44915
44916
44947
44948
44949
44950
44951
44952
44983
44984
44985
44986
44987
44988
45019
45020
45021
45022
45023
45024
45055
45056
45057
45058
45059
45060
45061
45091
45092
45093
45094
45095
45096
45097
45127
45128
45129
45130
45131
45132
45133
45163
45164
45165
45166
45167
45168
45169
45199
45200
45201
45202
45203
45204
45205
45235
45236
45237
45238
45239
45240
45241
45271
45272
45273
45274
45275
45276
45277
45308
45309
45310
45311
45312
45313
45344
45345
45346
45347
45348
45349
45380
45381
45382
45383
45384
45385
45415
45416
45417
45418
45419
45420
45451
45452
45453
45454
45455
45456
45487
45488
45489
45490
45491
45492
45523
45524
45525
45526
45527
45528
45559
45560
45561
45562
45563
45564
45595
45596
45597
45598
45599
45600
45631
45632
45633
45634
45635
45636
45667
45668
45669
45670
45671
45672
45703
45704
45705
45706
45707
45708
45739
45740
45741
45742
45743
45744
45775
45776
45777
45778
45779
45780
45811
45812
45813
45814
45815
45816
45847
45848
45849
45850
45851
45852
45883
45884
45885
45886
45887
45888
45919
45920
45921
45922
45923
45924
45955
45956
45957
45958
45959
45960
45991
45992
45993
45994
45995
45996
46027
46028
46029
46030
46031
46032
46063
46064
46065
46066
46067
46068
46099
46100
46101
46102
46103
46104
46135
46136
46137
46138
46139
46140
46171
46172
46173
46174
46175
46176
46207
46208
46209
46210
46211
46212
46243
46244
46245
46246
46247
46248
46279
46280
46281
46282
46283
46284
46315
46316
46317
46318
46319
46320
46351
46352
46353
46354
46355
46356
46387
46388
46389
46390
46391
46392
46423
46424
46425
46426
46427
46428
46459
46460
46461
46462
46463
46464
46495
46496
46497
46498
46499
46500
46531
46532
46533
46534
46535
46536
46567
46568
46569
46570
46571
46572
46603
46604
46605
46606
46607
46608
46609
46639
46640
46641
46642
46643
46644
46645
46675
46676
46677
46678
46679
46680
46681
46711
46712
46713
46714
46715
46716
46717
46747
46748
46749
46750
46751
46752
46753
46783
46784
46785
46786
46787
46788
46789
46819
46820
46821
46822
46823
46824
46825
46856
46857
46858
46859
46860
46861
46892
46893
46894
46895
46896
46897
46927
46928
46929
46930
46931
46932
46963
46964
46965
46966
46967
46968
46999
47000
47001
47002
47003
47004
47035
47036
47037
47038
47039
47040
47071
47072
47073
47074
47075
47076
47107
47108
47109
47110
47111
47112
47143
47144
47145
47146
47147
47148
47179
47180
47181
47182
47183
47184
47215
47216
47217
47218
47219
47220
47251
47252
47253
47254
47255
47256
47287
47288
47289
47290
47291
47292
47323
47324
47325
47326
47327
47328
47359
47360
47361
47362
47363
47364
47395
47396
47397
47398
47399
47400
47431
47432
47433
47434
47435
47436
47467
47468
47469
47470
47471
47472
47503
47504
47505
47506
47507
47508
47539
47540
47541
47542
47543
47544
47575
47576
47577
47578
47579
47580
47611
47612
47613
47614
47615
47616
47647
47648
47649
47650
47651
47652
47683
47684
47685
47686
47687
47688
47719
47720
47721
47722
47723
47724
47755
47756
47757
47758
47759
47760
47791
47792
47793
47794
47795
47796
47827
47828
47829
47830
47831
47832
47863
47864
47865
47866
47867
47868
47899
47900
47901
47902
47903
47904
47935
47936
47937
47938
47939
47940
47971
47972
47973
47974
47975
47976
48007
48008
48009
48010
48011
48012
48043
48044
48045
48046
48047
48048
48079
48080
48081
48082
48083
48084
48115
48116
48117
48118
48119
48120
48151
48152
48153
48154
48155
48156
48157
48187
48188
48189
48190
48191
48192
48193
48223
48224
48225
48226
48227
48228
48229
48259
48260
48261
48262
48263
48264
48265
48295
48296
48297
48298
48299
48300
48301
48331
48332
48333
48334
48335
48336
48337
48367
48368
48369
48370
48371
48372
48373
48404
48405
48406
48407
48408
48409
48439
48440
48441
48442
48443
48444
48475
48476
48477
48478
48479
48480
48511
48512
48513
48514
48515
48516
48547
48548
48549
48550
48551
48552
48583
48584
48585
48586
48587
48588
48619
48620
48621
48622
48623
48624
48655
48656
48657
48658
48659
48660
48691
48692
48693
48694
48695
48696
48727
48728
48729
48730
48731
48732
48763
48764
48765
48766
48767
48768
48799
48800
48801
48802
48803
48804
48835
48836
48837
48838
48839
48840
48871
48872
48873
48874
48875
48876
48907
48908
48909
48910
48911
48912
48943
48944
48945
48946
48947
48948
48979
48980
48981
48982
48983
48984
49015
49016
49017
49018
49019
49020
49051
49052
49053
49054
49055
49056
49087
49088
49089
49090
49091
49092
49123
49124
49125
49126
49127
49128
49159
49160
49161
49162
49163
49164
49195
49196
49197
49198
49199
49200
49231
49232
49233
49234
49235
49236
49267
49268
49269
49270
49271
49272
49303
49304
49305
49306
49307
49308
49339
49340
49341
49342
49343
49344
49375
49376
49377
49378
49379
49380
49411
49412
49413
49414
49415
49416
49447
49448
49449
49450
49451
49452
49483
49484
49485
49486
49487
49488
49519
49520
49521
49522
49523
49524
49555
49556
49557
49558
49559
49560
49591
49592
49593
49594
49595
49596
49627
49628
49629
49630
49631
49632
49663
49664
49665
49666
49667
49668
49699
49700
49701
49702
49703
49704
49705
49735
49736
49737
49738
49739
49740
49741
49771
49772
49773
49774
49775
49776
49777
49807
49808
49809
49810
49811
49812
49813
49843
49844
49845
49846
49847
49848
49849
49879
49880
49881
49882
49883
49884
49885
49915
49916
49917
49918
49919
49920
49921
49951
49952
49953
49954
49955
49956
49987
49988
49989
49990
49991
49992
50023
50024
50025
50026
50027
50028
50059
50060
50061
50062
50063
50064
50095
50096
50097
50098
50099
50100
50131
50132
50133
50134
50135
50136
50167
50168
50169
50170
50171
50172
50203
50204
50205
50206
50207
50208
50239
50240
50241
50242
50243
50244
50275
50276
50277
50278
50279
50280
50311
50312
50313
50314
50315
50316
50347
50348
50349
50350
50351
50352
50383
50384
50385
50386
50387
50388
50419
50420
50421
50422
50423
50424
50455
50456
50457
50458
50459
50460
50491
50492
50493
50494
50495
50496
50527
50528
50529
50530
50531
50532
50563
50564
50565
50566
50567
50568
50599
50600
50601
50602
50603
50604
50635
50636
50637
50638
50639
50640
50671
50672
50673
50674
50675
50676
50707
50708
50709
50710
50711
50712
50743
50744
50745
50746
50747
50748
50779
50780
50781
50782
50783
50784
50815
50816
50817
50818
50819
50820
50851
50852
50853
50854
50855
50856
50887
50888
50889
50890
50891
50892
50923
50924
50925
50926
50927
50928
50959
50960
50961
50962
50963
50964
50995
50996
50997
50998
50999
51000
51031
51032
51033
51034
51035
51036
51067
51068
51069
51070
51071
51072
51103
51104
51105
51106
51107
51108
51139
51140
51141
51142
51143
51144
51175
51176
51177
51178
51179
51180
51211
51212
51213
51214
51215
51216
51247
51248
51249
51250
51251
51252
51253
51283
51284
51285
51286
51287
51288
51289
51319
51320
51321
51322
51323
51324
51325
51355
51356
51357
51358
51359
51360
51361
51391
51392
51393
51394
51395
51396
51397
51427
51428
51429
51430
51431
51432
51433
51463
51464
51465
51466
51467
51468
51499
51500
51501
51502
51503
51504
51535
51536
51537
51538
51539
51540
51571
51572
51573
51574
51575
51576
51607
51608
51609
51610
51611
51612
51643
51644
51645
51646
51647
51648
51679
51680
51681
51682
51683
51684
51715
51716
51717
51718
51719
51720
51751
51752
51753
51754
51755
51756
51787
51788
51789
51790
51791
51792
51823
51824
51825
51826
51827
51828
51859
51860
51861
51862
51863
51864
51895
51896
51897
51898
51899
51900
51931
51932
51933
51934
51935
51936
51967
51968
51969
51970
51971
51972
52003
52004
52005
52006
52007
52008
52039
52040
52041
52042
52043
52044
52075
52076
52077
52078
52079
52080
52111
52112
52113
52114
52115
52116
52147
52148
52149
52150
52151
52152
52183
52184
52185
52186
52187
52188
52219
52220
52221
52222
52223
52224
52255
52256
52257
52258
52259
52260
52291
52292
52293
52294
52295
52296
52327
52328
52329
52330
52331
52332
52363
52364
52365
52366
52367
52368
52399
52400
52401
52402
52403
52404
52435
52436
52437
52438
52439
52440
52471
52472
52473
52474
52475
52476
52507
52508
52509
52510
52511
52512
52543
52544
52545
52546
52547
52548
52579
52580
52581
52582
52583
52584
52615
52616
52617
52618
52619
52620
52651
52652
52653
52654
52655
52656
52687
52688
52689
52690
52691
52692
52723
52724
52725
52726
52727
52728
52759
52760
52761
52762
52763
52764
52795
52796
52797
52798
52799
52800
52801
52831
52832
52833
52834
52835
52836
52837
52867
52868
52869
52870
52871
52872
52873
52903
52904
52905
52906
52907
52908
52909
52939
52940
52941
52942
52943
52944
52945
52975
52976
52977
52978
52979
52980
53011
53012
53013
53014
53015
53016
53047
53048
53049
53050
53051
53052
53083
53084
53085
53086
53087
53088
53119
53120
53121
53122
53123
53124
53155
53156
53157
53158
53159
53160
53191
53192
53193
53194
53195
53196
53227
53228
53229
53230
53231
53232
53263
53264
53265
53266
53267
53268
53299
53300
53301
53302
53303
53304
53335
53336
53337
53338
53339
53340
53371
53372
53373
53374
53375
53376
53407
53408
53409
53410
53411
53412
53443
53444
53445
53446
53447
53448
53479
53480
53481
53482
53483
53484
53515
53516
53517
53518
53519
53520
53551
53552
53553
53554
53555
53556
53587
53588
53589
53590
53591
53592
53623
53624
53625
53626
53627
53628
53659
53660
53661
53662
53663
53664
53695
53696
53697
53698
53699
53700
53731
53732
53733
53734
53735
53736
53767
53768
53769
53770
53771
53772
53803
53804
53805
53806
53807
53808
53839
53840
53841
53842
53843
53844
53875
53876
53877
53878
53879
53880
53911
53912
53913
53914
53915
53916
53947
53948
53949
53950
53951
53952
53983
53984
53985
53986
53987
53988
54019
54020
54021
54022
54023
54024
54055
54056
54057
54058
54059
54060
54091
54092
54093
54094
54095
54096
54127
54128
54129
54130
54131
54132
54163
54164
54165
54166
54167
54168
54199
54200
54201
54202
54203
54204
54235
54236
54237
54238
54239
54240
54271
54272
54273
54274
54275
54276
54307
54308
54309
54310
54311
54312
54343
54344
54345
54346
54347
54348
54349
54379
54380
54381
54382
54383
54384
54385
54415
54416
54417
54418
54419
54420
54421
54451
54452
54453
54454
54455
54456
54457
54480
54481
54482
54483
54484
54485
54515
54516
54517
54518
54519
54520
54521
)


// ************************************************************************* //
