/*--------------------------------*- C++ -*----------------------------------*\
| =========                 |                                                 |
| \\      /  F ield         | OpenFOAM: The Open Source CFD Toolbox           |
|  \\    /   O peration     | Version:  2.3.1                                 |
|   \\  /    A nd           | Web:      www.OpenFOAM.org                      |
|    \\/     M anipulation  |                                                 |
\*---------------------------------------------------------------------------*/
FoamFile
{
    version     2.0;
    format      ascii;
    class       labelList;
    location    "constant/polyMesh";
    object      cellProcAddressing;
}
// * * * * * * * * * * * * * * * * * * * * * * * * * * * * * * * * * * * * * //


6852
(
0
1
2
3
4
35
36
37
38
39
70
71
72
73
74
105
106
107
108
109
140
141
142
143
144
175
176
177
178
179
210
211
212
213
214
245
246
247
248
249
280
281
282
283
284
315
316
317
318
319
350
351
352
353
354
385
386
387
388
389
420
421
422
423
424
455
456
457
458
459
490
491
492
493
494
525
526
527
528
529
560
561
562
563
564
595
596
597
598
599
630
631
632
633
634
665
666
667
668
669
700
701
702
703
704
735
736
737
738
739
770
771
772
773
774
805
806
807
808
809
840
841
842
843
844
875
876
877
878
879
910
911
912
913
914
945
946
947
948
949
980
981
982
983
984
1015
1016
1017
1018
1019
1050
1051
1052
1053
1054
1085
1086
1087
1088
1089
1120
1121
1122
1123
1124
1155
1156
1157
1158
1159
1190
1191
1192
1193
1194
1225
1226
1227
1228
1229
1260
1261
1262
1263
1264
1295
1296
1297
1298
1299
1330
1331
1332
1333
1334
1365
1366
1367
1368
1369
1400
1401
1402
1403
1404
1435
1436
1437
1438
1439
1470
1471
1472
1473
1474
1505
1506
1507
1508
1509
1540
1541
1542
1543
1544
1575
1576
1577
1578
1579
1610
1611
1612
1613
1614
1645
1646
1647
1648
1649
1680
1681
1682
1683
1684
1715
1716
1717
1718
1719
1750
1751
1752
1753
1754
1785
1786
1787
1788
1789
1820
1821
1822
1823
1824
1855
1856
1857
1858
1859
1890
1891
1892
1893
1894
1925
1926
1927
1928
1929
1960
1961
1962
1963
1964
1995
1996
1997
1998
1999
2030
2031
2032
2033
2034
2065
2066
2067
2068
2069
2100
2101
2102
2103
2104
2135
2136
2137
2138
2139
2170
2171
2172
2173
2174
2205
2206
2207
2208
2209
2240
2241
2242
2243
2244
2275
2276
2277
2278
2279
2310
2311
2312
2313
2314
2345
2346
2347
2348
2349
2380
2381
2382
2383
2384
2415
2416
2417
2418
2419
2450
2451
2452
2453
2454
2485
2486
2487
2488
2489
2520
2521
2522
2523
2524
2555
2556
2557
2558
2559
2590
2591
2592
2593
2594
2625
2626
2627
2628
2629
2660
2661
2662
2663
2664
2695
2696
2697
2698
2699
2730
2731
2732
2733
2734
2765
2766
2767
2768
2769
2800
2801
2802
2803
2804
2835
2836
2837
2838
2839
2870
2871
2872
2873
2874
2905
2906
2907
2908
2909
2940
2941
2942
2943
2944
2975
2976
2977
2978
2979
3010
3011
3012
3013
3014
3045
3046
3047
3048
3049
3080
3081
3082
3083
3084
3115
3116
3117
3118
3119
3150
3151
3152
3153
3154
3185
3186
3187
3188
3189
3220
3221
3222
3223
3224
3255
3256
3257
3258
3259
3290
3291
3292
3293
3294
3325
3326
3327
3328
3329
3360
3361
3362
3363
3364
3395
3396
3397
3398
3399
3430
3431
3432
3433
3434
3465
3466
3467
3468
3469
3500
3501
3502
3503
3504
3535
3536
3537
3538
3539
3570
3571
3572
3573
3574
3605
3606
3607
3608
3609
3640
3641
3642
3643
3644
3675
3676
3677
3678
3679
3710
3711
3712
3713
3714
3745
3746
3747
3748
3749
3780
3781
3782
3783
3784
3815
3816
3817
3818
3819
3850
3851
3852
3853
3854
3885
3886
3887
3888
3889
3920
3921
3922
3923
3924
3955
3956
3957
3958
3959
3990
3991
3992
3993
3994
4025
4026
4027
4028
4029
4060
4061
4062
4063
4064
4095
4096
4097
4098
4099
4130
4131
4132
4133
4134
4165
4166
4167
4168
4169
4200
4201
4202
4203
4204
4235
4236
4237
4238
4239
4270
4271
4272
4273
4274
4305
4306
4307
4308
4309
4340
4341
4342
4343
4344
4375
4376
4377
4378
4379
4410
4411
4412
4413
4414
4445
4446
4447
4448
4449
4480
4481
4482
4483
4484
4515
4516
4517
4518
4519
4550
4551
4552
4553
4554
4585
4586
4587
4588
4589
4620
4621
4622
4623
4624
4655
4656
4657
4658
4659
4690
4691
4692
4693
4694
4725
4726
4727
4728
4729
4760
4761
4762
4763
4764
4795
4796
4797
4798
4799
4830
4831
4832
4833
4834
4865
4866
4867
4868
4869
4900
4901
4902
4903
4904
4935
4936
4937
4938
4939
4970
4971
4972
4973
4974
5005
5006
5007
5008
5009
5040
5041
5042
5043
5044
5075
5076
5077
5078
5079
5110
5111
5112
5113
5114
5145
5146
5147
5148
5149
5180
5181
5182
5183
5184
5215
5216
5217
5218
5219
5250
5251
5252
5253
5254
5285
5286
5287
5288
5289
5320
5321
5322
5323
5324
5355
5356
5357
5358
5359
5390
5391
5392
5393
5394
5425
5426
5427
5428
5429
5460
5461
5462
5463
5464
5495
5496
5497
5498
5499
5530
5531
5532
5533
5534
5565
5566
5567
5568
5569
5600
5601
5602
5603
5604
5635
5636
5637
5638
5639
5670
5671
5672
5673
5674
5705
5706
5707
5708
5709
5740
5741
5742
5743
5744
5775
5776
5777
5778
5779
5810
5811
5812
5813
5814
5845
5846
5847
5848
5849
5880
5881
5882
5883
5884
5915
5916
5917
5918
5919
5950
5951
5952
5953
5954
5985
5986
5987
5988
5989
6020
6021
6022
6023
6024
6055
6056
6057
6058
6059
6090
6091
6092
6093
6094
6125
6126
6127
6128
6129
6160
6161
6162
6163
6164
6195
6196
6197
6198
6199
6230
6231
6232
6233
6234
6265
6266
6267
6268
6269
6300
6301
6302
6303
6304
6335
6336
6337
6338
6339
6370
6371
6372
6373
6374
6405
6406
6407
6408
6409
6440
6441
6442
6443
6444
6475
6476
6477
6478
6479
6510
6511
6512
6513
6514
6545
6546
6547
6548
6549
6580
6581
6582
6583
6584
6615
6616
6617
6618
6619
6650
6651
6652
6653
6654
6685
6686
6687
6688
6689
6720
6721
6722
6723
6724
6755
6756
6757
6758
6759
6790
6791
6792
6793
6794
6825
6826
6827
6828
6829
6860
6861
6862
6863
6864
6895
6896
6897
6898
6899
6930
6931
6932
6933
6934
6965
6966
6967
6968
6969
7000
7001
7002
7003
7004
7035
7036
7037
7038
7039
7070
7071
7072
7073
7074
7105
7106
7107
7108
7109
7140
7141
7142
7143
7144
7175
7176
7177
7178
7179
7210
7211
7212
7213
7214
7245
7246
7247
7248
7249
7280
7281
7282
7283
7284
7315
7316
7317
7318
7319
7350
7351
7352
7353
7354
7385
7386
7387
7388
7389
7420
7421
7422
7423
7424
7455
7456
7457
7458
7459
7490
7491
7492
7493
7494
7525
7526
7527
7528
7529
7560
7561
7562
7563
7564
7595
7596
7597
7598
7599
7630
7631
7632
7633
7634
7665
7666
7667
7668
7669
7700
7701
7702
7703
7704
7735
7736
7737
7738
7739
7770
7771
7772
7773
7774
7805
7806
7807
7808
7809
7840
7841
7842
7843
7844
7875
7876
7877
7878
7879
7910
7911
7912
7913
7914
7945
7946
7947
7948
7949
7980
7981
7982
7983
7984
8015
8016
8017
8018
8019
8050
8051
8052
8053
8054
8085
8086
8087
8088
8089
8120
8121
8122
8123
8124
8155
8156
8157
8158
8159
8190
8191
8192
8193
8194
8225
8226
8227
8228
8229
8260
8261
8262
8263
8264
8295
8296
8297
8298
8299
8330
8331
8332
8333
8334
8365
8366
8367
8368
8369
8400
8401
8402
8403
8404
8435
8436
8437
8438
8439
8470
8471
8472
8473
8474
8505
8506
8507
8508
8509
8540
8541
8542
8543
8544
8575
8576
8577
8578
8579
9002
9003
9004
9005
9037
9038
9039
9040
9072
9073
9074
9075
9107
9108
9109
9110
9111
9122
9123
9124
9125
9126
9137
9138
9139
9140
9141
9152
9153
9154
9155
9156
9167
9168
9169
9170
9171
9182
9183
9184
9185
9186
9197
9198
9199
9200
9201
9212
9213
9214
9215
9216
9227
9228
9229
9230
9231
9262
9263
9264
9265
9266
9297
9298
9299
9300
9301
9332
9333
9334
9335
9336
9367
9368
9369
9370
9371
9402
9403
9404
9405
9406
9437
9438
9439
9440
9441
9472
9473
9474
9475
9476
9507
9508
9509
9510
9511
9542
9543
9544
9545
9546
9577
9578
9579
9580
9581
9612
9613
9614
9615
9616
9647
9648
9649
9650
9651
9676
9677
9678
9679
9680
9705
9706
9707
9708
9709
9734
9735
9736
9737
9738
9763
9764
9765
9766
9767
9792
9793
9794
9795
9796
9821
9822
9823
9824
9825
9850
9851
9852
9853
9854
9879
9880
9881
9882
9883
9914
9915
9916
9917
9918
9949
9950
9951
9952
9953
9984
9985
9986
9987
9988
10019
10020
10021
10022
10023
10054
10055
10056
10057
10058
10089
10090
10091
10092
10093
10124
10125
10126
10127
10128
10159
10160
10161
10162
10163
10194
10195
10196
10197
10198
10229
10230
10231
10232
10264
10265
10266
10267
10299
10300
10301
10302
10334
10335
10336
10337
10349
10350
10351
10352
10353
10364
10365
10366
10367
10368
10379
10380
10381
10382
10383
10394
10395
10396
10397
10398
10409
10410
10411
10412
10413
10424
10425
10426
10427
10428
10439
10440
10441
10442
10443
10454
10455
10456
10457
10458
10489
10490
10491
10492
10493
10524
10525
10526
10527
10528
10559
10560
10561
10562
10563
10594
10595
10596
10597
10598
10629
10630
10631
10632
10633
10664
10665
10666
10667
10668
10699
10700
10701
10702
10703
10734
10735
10736
10737
10738
10769
10770
10771
10772
10773
10804
10805
10806
10807
10808
10839
10840
10841
10842
10843
10874
10875
10876
10877
10878
10903
10904
10905
10906
10907
10932
10933
10934
10935
10936
10961
10962
10963
10964
10965
10990
10991
10992
10993
10994
11019
11020
11021
11022
11023
11048
11049
11050
11051
11052
11077
11078
11079
11080
11081
11106
11107
11108
11109
11110
11141
11142
11143
11144
11145
11176
11177
11178
11179
11180
11211
11212
11213
11214
11215
11246
11247
11248
11249
11250
11281
11282
11283
11284
11285
11316
11317
11318
11319
11320
11351
11352
11353
11354
11355
11386
11387
11388
11389
11390
11421
11422
11423
11424
11425
11456
11457
11458
11459
11491
11492
11493
11494
11526
11527
11528
11529
11561
11562
11563
11564
11576
11577
11578
11579
11591
11592
11593
11594
11595
11606
11607
11608
11609
11610
11621
11622
11623
11624
11625
11636
11637
11638
11639
11640
11651
11652
11653
11654
11655
11666
11667
11668
11669
11670
11681
11682
11683
11684
11685
11716
11717
11718
11719
11720
11751
11752
11753
11754
11755
11786
11787
11788
11789
11790
11821
11822
11823
11824
11825
11856
11857
11858
11859
11860
11891
11892
11893
11894
11895
11926
11927
11928
11929
11930
11961
11962
11963
11964
11965
11996
11997
11998
11999
12000
12031
12032
12033
12034
12035
12066
12067
12068
12069
12070
12101
12102
12103
12104
12105
12130
12131
12132
12133
12134
12159
12160
12161
12162
12163
12188
12189
12190
12191
12192
12217
12218
12219
12220
12221
12246
12247
12248
12249
12250
12275
12276
12277
12278
12279
12304
12305
12306
12307
12308
12333
12334
12335
12336
12337
12368
12369
12370
12371
12372
12403
12404
12405
12406
12407
12438
12439
12440
12441
12442
12473
12474
12475
12476
12477
12508
12509
12510
12511
12512
12543
12544
12545
12546
12547
12578
12579
12580
12581
12582
12613
12614
12615
12616
12617
12648
12649
12650
12651
12652
12683
12684
12685
12686
12718
12719
12720
12721
12753
12754
12755
12756
12788
12789
12790
12791
12803
12804
12805
12806
12818
12819
12820
12821
12833
12834
12835
12836
12837
12848
12849
12850
12851
12852
12863
12864
12865
12866
12867
12878
12879
12880
12881
12882
12893
12894
12895
12896
12897
12908
12909
12910
12911
12912
12943
12944
12945
12946
12947
12978
12979
12980
12981
12982
13013
13014
13015
13016
13017
13048
13049
13050
13051
13052
13083
13084
13085
13086
13087
13118
13119
13120
13121
13122
13153
13154
13155
13156
13157
13188
13189
13190
13191
13192
13223
13224
13225
13226
13227
13258
13259
13260
13261
13262
13293
13294
13295
13296
13297
13328
13329
13330
13331
13332
13357
13358
13359
13360
13361
13386
13387
13388
13389
13390
13415
13416
13417
13418
13419
13444
13445
13446
13447
13448
13473
13474
13475
13476
13477
13502
13503
13504
13505
13506
13531
13532
13533
13534
13535
13560
13561
13562
13563
13564
13595
13596
13597
13598
13599
13630
13631
13632
13633
13634
13665
13666
13667
13668
13669
13700
13701
13702
13703
13704
13735
13736
13737
13738
13739
13770
13771
13772
13773
13774
13805
13806
13807
13808
13809
13840
13841
13842
13843
13844
13875
13876
13877
13878
13879
13910
13911
13912
13913
13945
13946
13947
13948
13980
13981
13982
13983
14015
14016
14017
14018
14030
14031
14032
14033
14045
14046
14047
14048
14060
14061
14062
14063
14075
14076
14077
14078
14079
14090
14091
14092
14093
14094
14105
14106
14107
14108
14109
14120
14121
14122
14123
14124
14135
14136
14137
14138
14139
14170
14171
14172
14173
14174
14205
14206
14207
14208
14209
14240
14241
14242
14243
14244
14275
14276
14277
14278
14279
14310
14311
14312
14313
14314
14345
14346
14347
14348
14349
14380
14381
14382
14383
14384
14415
14416
14417
14418
14419
14450
14451
14452
14453
14454
14485
14486
14487
14488
14489
14520
14521
14522
14523
14524
14555
14556
14557
14558
14559
14584
14585
14586
14587
14588
14613
14614
14615
14616
14617
14642
14643
14644
14645
14646
14671
14672
14673
14674
14675
14700
14701
14702
14703
14704
14729
14730
14731
14732
14733
14758
14759
14760
14761
14762
14787
14788
14789
14790
14791
14822
14823
14824
14825
14826
14857
14858
14859
14860
14861
14892
14893
14894
14895
14896
14927
14928
14929
14930
14931
14962
14963
14964
14965
14966
14997
14998
14999
15000
15001
15032
15033
15034
15035
15036
15067
15068
15069
15070
15071
15102
15103
15104
15105
15106
15137
15138
15139
15140
15172
15173
15174
15175
15207
15208
15209
15210
15242
15243
15244
15245
15257
15258
15259
15260
15272
15273
15274
15275
15287
15288
15289
15290
15302
15303
15304
15305
15317
15318
15319
15320
15321
15332
15333
15334
15335
15336
15347
15348
15349
15350
15351
15362
15363
15364
15365
15366
15397
15398
15399
15400
15401
15432
15433
15434
15435
15436
15467
15468
15469
15470
15471
15502
15503
15504
15505
15506
15537
15538
15539
15540
15541
15572
15573
15574
15575
15576
15607
15608
15609
15610
15611
15642
15643
15644
15645
15646
15677
15678
15679
15680
15681
15712
15713
15714
15715
15716
15747
15748
15749
15750
15751
15782
15783
15784
15785
15786
15811
15812
15813
15814
15815
15840
15841
15842
15843
15844
15869
15870
15871
15872
15873
15898
15899
15900
15901
15902
15927
15928
15929
15930
15931
15956
15957
15958
15959
15960
15985
15986
15987
15988
15989
16014
16015
16016
16017
16018
16049
16050
16051
16052
16053
16084
16085
16086
16087
16088
16119
16120
16121
16122
16123
16154
16155
16156
16157
16158
16189
16190
16191
16192
16193
16224
16225
16226
16227
16228
16259
16260
16261
16262
16263
16294
16295
16296
16297
16298
16329
16330
16331
16332
16333
16364
16365
16366
16367
16399
16400
16401
16402
16434
16435
16436
16437
16469
16470
16471
16472
16484
16485
16486
16487
16499
16500
16501
16502
16514
16515
16516
16517
16529
16530
16531
16532
16544
16545
16546
16547
16559
16560
16561
16562
16563
16574
16575
16576
16577
16578
16589
16590
16591
16592
16593
16624
16625
16626
16627
16628
16659
16660
16661
16662
16663
16694
16695
16696
16697
16698
16729
16730
16731
16732
16733
16764
16765
16766
16767
16768
16799
16800
16801
16802
16803
16834
16835
16836
16837
16838
16869
16870
16871
16872
16873
16904
16905
16906
16907
16908
16939
16940
16941
16942
16943
16974
16975
16976
16977
16978
17009
17010
17011
17012
17013
17038
17039
17040
17041
17042
17067
17068
17069
17070
17071
17096
17097
17098
17099
17100
17125
17126
17127
17128
17129
17154
17155
17156
17157
17158
17183
17184
17185
17186
17187
17212
17213
17214
17215
17216
17241
17242
17243
17244
17245
17276
17277
17278
17279
17280
17311
17312
17313
17314
17315
17346
17347
17348
17349
17350
17381
17382
17383
17384
17385
17416
17417
17418
17419
17420
17451
17452
17453
17454
17455
17486
17487
17488
17489
17490
17521
17522
17523
17524
17525
17556
17557
17558
17559
17560
17591
17592
17593
17594
17626
17627
17628
17629
17661
17662
17663
17664
17696
17697
17698
17699
17711
17712
17713
17714
17726
17727
17728
17729
17741
17742
17743
17744
17756
17757
17758
17759
17771
17772
17773
17774
17786
17787
17788
17789
17801
17802
17803
17804
17805
17816
17817
17818
17819
17820
17851
17852
17853
17854
17855
17886
17887
17888
17889
17890
17921
17922
17923
17924
17925
17956
17957
17958
17959
17960
17991
17992
17993
17994
17995
18026
18027
18028
18029
18030
18061
18062
18063
18064
18065
18096
18097
18098
18099
18100
18131
18132
18133
18134
18135
18166
18167
18168
18169
18170
18201
18202
18203
18204
18205
18236
18237
18238
18239
18240
18265
18266
18267
18268
18269
18294
18295
18296
18297
18298
18323
18324
18325
18326
18327
18352
18353
18354
18355
18356
18381
18382
18383
18384
18385
18410
18411
18412
18413
18414
18439
18440
18441
18442
18443
18468
18469
18470
18471
18472
18503
18504
18505
18506
18507
18538
18539
18540
18541
18542
18573
18574
18575
18576
18577
18608
18609
18610
18611
18612
18643
18644
18645
18646
18647
18678
18679
18680
18681
18682
18713
18714
18715
18716
18717
18748
18749
18750
18751
18752
18783
18784
18785
18786
18787
18818
18819
18820
18821
18853
18854
18855
18856
18888
18889
18890
18891
18923
18924
18925
18926
18938
18939
18940
18941
18953
18954
18955
18956
18968
18969
18970
18971
18983
18984
18985
18986
18998
18999
19000
19001
19013
19014
19015
19016
19028
19029
19030
19031
19043
19044
19045
19046
19047
19078
19079
19080
19081
19082
19113
19114
19115
19116
19117
19148
19149
19150
19151
19152
19183
19184
19185
19186
19187
19218
19219
19220
19221
19222
19253
19254
19255
19256
19257
19288
19289
19290
19291
19292
19323
19324
19325
19326
19327
19358
19359
19360
19361
19362
19393
19394
19395
19396
19397
19428
19429
19430
19431
19432
19463
19464
19465
19466
19467
19492
19493
19494
19495
19496
19521
19522
19523
19524
19525
19550
19551
19552
19553
19554
19579
19580
19581
19582
19583
19608
19609
19610
19611
19612
19637
19638
19639
19640
19641
19666
19667
19668
19669
19670
19695
19696
19697
19698
19699
19730
19731
19732
19733
19734
19765
19766
19767
19768
19769
19800
19801
19802
19803
19804
19835
19836
19837
19838
19839
19870
19871
19872
19873
19874
19905
19906
19907
19908
19909
19940
19941
19942
19943
19944
19975
19976
19977
19978
19979
20010
20011
20012
20013
20014
20045
20046
20047
20048
20080
20081
20082
20083
20115
20116
20117
20118
20150
20151
20152
20153
20165
20166
20167
20168
20180
20181
20182
20183
20195
20196
20197
20198
20210
20211
20212
20213
20225
20226
20227
20228
20240
20241
20242
20243
20255
20256
20257
20258
20270
20271
20272
20273
20305
20306
20307
20308
20309
20340
20341
20342
20343
20344
20375
20376
20377
20378
20379
20410
20411
20412
20413
20414
20445
20446
20447
20448
20449
20480
20481
20482
20483
20484
20515
20516
20517
20518
20519
20550
20551
20552
20553
20554
20585
20586
20587
20588
20589
20620
20621
20622
20623
20624
20655
20656
20657
20658
20659
20690
20691
20692
20693
20694
20719
20720
20721
20722
20723
20748
20749
20750
20751
20752
20777
20778
20779
20780
20781
20806
20807
20808
20809
20810
20835
20836
20837
20838
20839
20864
20865
20866
20867
20868
20893
20894
20895
20896
20897
20922
20923
20924
20925
20926
20957
20958
20959
20960
20961
20992
20993
20994
20995
20996
21027
21028
21029
21030
21031
21062
21063
21064
21065
21066
21097
21098
21099
21100
21101
21132
21133
21134
21135
21136
21167
21168
21169
21170
21171
21202
21203
21204
21205
21206
21237
21238
21239
21240
21241
21272
21273
21274
21275
21307
21308
21309
21310
21342
21343
21344
21345
21377
21378
21379
21380
21392
21393
21394
21395
21407
21408
21409
21410
21422
21423
21424
21425
21437
21438
21439
21440
21452
21453
21454
21455
21467
21468
21469
21470
21482
21483
21484
21485
21497
21498
21499
21500
21532
21533
21534
21535
21567
21568
21569
21570
21571
21602
21603
21604
21605
21606
21637
21638
21639
21640
21641
21672
21673
21674
21675
21676
21707
21708
21709
21710
21711
21742
21743
21744
21745
21746
21777
21778
21779
21780
21781
21812
21813
21814
21815
21816
21847
21848
21849
21850
21851
21882
21883
21884
21885
21886
21917
21918
21919
21920
21921
21946
21947
21948
21949
21950
21975
21976
21977
21978
21979
22004
22005
22006
22007
22008
22033
22034
22035
22036
22037
22062
22063
22064
22065
22066
22091
22092
22093
22094
22095
22120
22121
22122
22123
22124
22149
22150
22151
22152
22153
22184
22185
22186
22187
22188
22219
22220
22221
22222
22223
22254
22255
22256
22257
22258
22289
22290
22291
22292
22293
22324
22325
22326
22327
22328
22359
22360
22361
22362
22363
22394
22395
22396
22397
22398
22429
22430
22431
22432
22433
22464
22465
22466
22467
22468
22499
22500
22501
22502
22534
22535
22536
22537
22569
22570
22571
22572
22604
22605
22606
22607
22619
22620
22621
22622
22634
22635
22636
22637
22649
22650
22651
22652
22664
22665
22666
22667
22679
22680
22681
22682
22694
22695
22696
22697
22709
22710
22711
22712
22724
22725
22726
22727
22759
22760
22761
22762
22794
22795
22796
22797
22829
22830
22831
22832
22833
22864
22865
22866
22867
22868
22899
22900
22901
22902
22903
22934
22935
22936
22937
22938
22969
22970
22971
22972
22973
23004
23005
23006
23007
23008
23039
23040
23041
23042
23043
23074
23075
23076
23077
23078
23109
23110
23111
23112
23113
23144
23145
23146
23147
23148
23173
23174
23175
23176
23177
23202
23203
23204
23205
23206
23231
23232
23233
23234
23235
23260
23261
23262
23263
23264
23289
23290
23291
23292
23293
23318
23319
23320
23321
23322
23347
23348
23349
23350
23351
23376
23377
23378
23379
23380
23411
23412
23413
23414
23415
23446
23447
23448
23449
23450
23481
23482
23483
23484
23485
23516
23517
23518
23519
23520
23551
23552
23553
23554
23555
23586
23587
23588
23589
23590
23621
23622
23623
23624
23625
23656
23657
23658
23659
23660
23691
23692
23693
23694
23695
23726
23727
23728
23729
23761
23762
23763
23764
23796
23797
23798
23799
23831
23832
23833
23834
23846
23847
23848
23849
23861
23862
23863
23864
23876
23877
23878
23879
23891
23892
23893
23894
23906
23907
23908
23909
23921
23922
23923
23924
23936
23937
23938
23939
23951
23952
23953
23954
23986
23987
23988
23989
24021
24022
24023
24024
24056
24057
24058
24059
24091
24092
24093
24094
24095
24126
24127
24128
24129
24130
24161
24162
24163
24164
24165
24196
24197
24198
24199
24200
24231
24232
24233
24234
24235
24266
24267
24268
24269
24270
24301
24302
24303
24304
24305
24336
24337
24338
24339
24340
24371
24372
24373
24374
24375
24400
24401
24402
24403
24404
24429
24430
24431
24432
24433
24458
24459
24460
24461
24462
24487
24488
24489
24490
24491
24516
24517
24518
24519
24520
24545
24546
24547
24548
24549
24574
24575
24576
24577
24578
24603
24604
24605
24606
24607
24638
24639
24640
24641
24642
24673
24674
24675
24676
24677
24708
24709
24710
24711
24712
24743
24744
24745
24746
24747
24778
24779
24780
24781
24782
24813
24814
24815
24816
24817
24848
24849
24850
24851
24852
24883
24884
24885
24886
24887
24918
24919
24920
24921
24922
24953
24954
24955
24956
24988
24989
24990
24991
25023
25024
25025
25026
25058
25059
25060
25061
25073
25074
25075
25076
25088
25089
25090
25091
25103
25104
25105
25106
25118
25119
25120
25121
25133
25134
25135
25136
25148
25149
25150
25151
25163
25164
25165
25166
25178
25179
25180
25181
25213
25214
25215
25216
25248
25249
25250
25251
25283
25284
25285
25286
25318
25319
25320
25321
25353
25354
25355
25356
25357
25388
25389
25390
25391
25392
25423
25424
25425
25426
25427
25458
25459
25460
25461
25462
25493
25494
25495
25496
25497
25528
25529
25530
25531
25532
25563
25564
25565
25566
25567
25598
25599
25600
25601
25602
25627
25628
25629
25630
25631
25656
25657
25658
25659
25660
25685
25686
25687
25688
25689
25714
25715
25716
25717
25718
25743
25744
25745
25746
25747
25772
25773
25774
25775
25776
25801
25802
25803
25804
25805
25830
25831
25832
25833
25834
25865
25866
25867
25868
25869
25900
25901
25902
25903
25904
25935
25936
25937
25938
25939
25970
25971
25972
25973
25974
26005
26006
26007
26008
26009
26040
26041
26042
26043
26044
26075
26076
26077
26078
26079
26110
26111
26112
26113
26114
26145
26146
26147
26148
26149
26180
26181
26182
26183
26215
26216
26217
26218
26250
26251
26252
26253
26285
26286
26287
26288
26300
26301
26302
26303
26315
26316
26317
26318
26330
26331
26332
26333
26345
26346
26347
26348
26360
26361
26362
26363
26375
26376
26377
26378
26390
26391
26392
26393
26405
26406
26407
26408
26440
26441
26442
26443
26475
26476
26477
26478
26510
26511
26512
26513
26545
26546
26547
26548
26580
26581
26582
26583
26615
26616
26617
26618
26619
26650
26651
26652
26653
26654
26685
26686
26687
26688
26689
26720
26721
26722
26723
26724
26755
26756
26757
26758
26759
26790
26791
26792
26793
26794
26825
26826
26827
26828
26829
26854
26855
26856
26857
26858
26883
26884
26885
26886
26887
26912
26913
26914
26915
26916
26941
26942
26943
26944
26945
26970
26971
26972
26973
26974
26999
27000
27001
27002
27003
27028
27029
27030
27031
27032
27057
27058
27059
27060
27061
27092
27093
27094
27095
27096
27127
27128
27129
27130
27131
27162
27163
27164
27165
27166
27197
27198
27199
27200
27201
27232
27233
27234
27235
27236
27267
27268
27269
27270
27271
27302
27303
27304
27305
27306
27337
27338
27339
27340
27341
27372
27373
27374
27375
27376
27407
27408
27409
27410
27442
27443
27444
27445
27477
27478
27479
27480
27512
27513
27514
27515
27527
27528
27529
27530
27542
27543
27544
27545
27557
27558
27559
27560
27572
27573
27574
27575
27587
27588
27589
27590
27602
27603
27604
27605
27617
27618
27619
27620
27632
27633
27634
27635
27667
27668
27669
27670
27702
27703
27704
27705
27737
27738
27739
27740
27772
27773
27774
27775
27807
27808
27809
27810
27842
27843
27844
27845
27877
27878
27879
27880
27881
27912
27913
27914
27915
27916
27947
27948
27949
27950
27951
27982
27983
27984
27985
27986
28017
28018
28019
28020
28021
28052
28053
28054
28055
28056
28081
28082
28083
28084
28085
28110
28111
28112
28113
28114
28139
28140
28141
28142
28143
28168
28169
28170
28171
28172
28197
28198
28199
28200
28201
28226
28227
28228
28229
28230
28255
28256
28257
28258
28259
28284
28285
28286
28287
28288
28319
28320
28321
28322
28323
28354
28355
28356
28357
28358
28389
28390
28391
28392
28393
28424
28425
28426
28427
28428
28459
28460
28461
28462
28463
28494
28495
28496
28497
28498
28529
28530
28531
28532
28533
28564
28565
28566
28567
28568
28599
28600
28601
28602
28603
28634
28635
28636
28637
28669
28670
28671
28672
28704
28705
28706
28707
28739
28740
28741
28742
28754
28755
28756
28757
28769
28770
28771
28772
28784
28785
28786
28787
28799
28800
28801
28802
28814
28815
28816
28817
28829
28830
28831
28832
28844
28845
28846
28847
28859
28860
28861
28862
28894
28895
28896
28897
28929
28930
28931
28932
28964
28965
28966
28967
28999
29000
29001
29002
29034
29035
29036
29037
29069
29070
29071
29072
29104
29105
29106
29107
29139
29140
29141
29142
29143
29174
29175
29176
29177
29178
29209
29210
29211
29212
29213
29244
29245
29246
29247
29248
29279
29280
29281
29282
29283
29308
29309
29310
29311
29312
29337
29338
29339
29340
29341
29366
29367
29368
29369
29370
29395
29396
29397
29398
29399
29424
29425
29426
29427
29428
29453
29454
29455
29456
29457
29482
29483
29484
29485
29486
29511
29512
29513
29514
29515
29546
29547
29548
29549
29550
29581
29582
29583
29584
29585
29616
29617
29618
29619
29620
29651
29652
29653
29654
29655
29686
29687
29688
29689
29690
29721
29722
29723
29724
29725
29756
29757
29758
29759
29760
29791
29792
29793
29794
29795
29826
29827
29828
29829
29830
29861
29862
29863
29864
29896
29897
29898
29899
29931
29932
29933
29934
29966
29967
29968
29969
29981
29982
29983
29984
29996
29997
29998
29999
30011
30012
30013
30014
30026
30027
30028
30029
30041
30042
30043
30044
30056
30057
30058
30059
30071
30072
30073
30074
30086
30087
30088
30089
30121
30122
30123
30124
30156
30157
30158
30159
30191
30192
30193
30194
30226
30227
30228
30229
30261
30262
30263
30264
30296
30297
30298
30299
30331
30332
30333
30334
30366
30367
30368
30369
30401
30402
30403
30404
30405
30436
30437
30438
30439
30440
30471
30472
30473
30474
30475
30506
30507
30508
30509
30510
30535
30536
30537
30538
30539
30564
30565
30566
30567
30568
30593
30594
30595
30596
30597
30622
30623
30624
30625
30626
30651
30652
30653
30654
30655
30680
30681
30682
30683
30684
30709
30710
30711
30712
30713
30738
30739
30740
30741
30742
30773
30774
30775
30776
30777
30808
30809
30810
30811
30812
30843
30844
30845
30846
30847
30878
30879
30880
30881
30882
30913
30914
30915
30916
30917
30948
30949
30950
30951
30952
30983
30984
30985
30986
30987
31018
31019
31020
31021
31022
31053
31054
31055
31056
31057
31088
31089
31090
31091
31123
31124
31125
31126
31158
31159
31160
31161
31193
31194
31195
31196
31208
31209
31210
31211
31223
31224
31225
31226
31238
31239
31240
31241
31253
31254
31255
31256
31268
31269
31270
31271
31283
31284
31285
31286
31298
31299
31300
31301
31313
31314
31315
31316
31348
31349
31350
31351
31383
31384
31385
31386
31418
31419
31420
31421
31453
31454
31455
31456
31488
31489
31490
31491
31523
31524
31525
31526
31558
31559
31560
31561
31593
31594
31595
31596
31628
31629
31630
31631
31663
31664
31665
31666
31667
31698
31699
31700
31701
31702
31733
31734
31735
31736
31737
31762
31763
31764
31765
31766
31791
31792
31793
31794
31795
31820
31821
31822
31823
31824
31849
31850
31851
31852
31853
31878
31879
31880
31881
31882
31907
31908
31909
31910
31911
31936
31937
31938
31939
31940
31965
31966
31967
31968
31969
32000
32001
32002
32003
32004
32035
32036
32037
32038
32039
32070
32071
32072
32073
32074
32105
32106
32107
32108
32109
32140
32141
32142
32143
32144
32175
32176
32177
32178
32179
32210
32211
32212
32213
32214
32245
32246
32247
32248
32249
32280
32281
32282
32283
32284
32315
32316
32317
32318
32350
32351
32352
32353
32385
32386
32387
32388
32420
32421
32422
32423
32435
32436
32437
32438
32450
32451
32452
32453
32465
32466
32467
32468
32480
32481
32482
32483
32495
32496
32497
32498
32510
32511
32512
32513
32525
32526
32527
32528
32540
32541
32542
32543
32575
32576
32577
32578
32610
32611
32612
32613
32645
32646
32647
32648
32680
32681
32682
32683
32715
32716
32717
32718
32750
32751
32752
32753
32785
32786
32787
32788
32820
32821
32822
32823
32855
32856
32857
32858
32890
32891
32892
32893
32925
32926
32927
32928
32929
32960
32961
32962
32963
32964
32989
32990
32991
32992
32993
33018
33019
33020
33021
33022
33047
33048
33049
33050
33051
33076
33077
33078
33079
33080
33105
33106
33107
33108
33109
33134
33135
33136
33137
33138
33163
33164
33165
33166
33167
33192
33193
33194
33195
33196
33227
33228
33229
33230
33231
33262
33263
33264
33265
33266
33297
33298
33299
33300
33301
33332
33333
33334
33335
33336
33367
33368
33369
33370
33371
33402
33403
33404
33405
33406
33437
33438
33439
33440
33441
33472
33473
33474
33475
33476
33507
33508
33509
33510
33511
33542
33543
33544
33545
33577
33578
33579
33580
33612
33613
33614
33615
33647
33648
33649
33650
33682
33683
33684
33685
33717
33718
33719
33720
33752
33753
33754
33755
33787
33788
33789
33790
33822
33823
33824
33825
33857
33858
33859
33860
33892
33893
33894
33895
33927
33928
33929
33930
33962
33963
33964
33965
33997
33998
33999
34000
34032
34033
34034
34035
34067
34068
34069
34070
34102
34103
34104
34105
34137
34138
34139
34140
34172
34173
34174
34175
34207
34208
34209
34210
34242
34243
34244
34245
34277
34278
34279
34280
34312
34313
34314
34315
34347
34348
34349
34350
34351
34382
34383
34384
34385
34386
34417
34418
34419
34420
34421
34452
34453
34454
34455
34456
34487
34488
34489
34490
34491
34522
34523
34524
34525
34526
34557
34558
34559
34560
34561
34592
34593
34594
34595
34596
34627
34628
34629
34630
34631
34662
34663
34664
34665
34666
34697
34698
34699
34700
34701
34732
34733
34734
34735
34736
34767
34768
34769
34770
34771
34802
34803
34804
34805
34806
34837
34838
34839
34840
34841
34872
34873
34874
34875
34876
34907
34908
34909
34910
34911
34942
34943
34944
34945
34946
34977
34978
34979
34980
35012
35013
35014
35015
35047
35048
35049
35050
35082
35083
35084
35085
35117
35118
35119
35120
35152
35153
35154
35155
35187
35188
35189
35190
35222
35223
35224
35225
35257
35258
35259
35260
35292
35293
35294
35295
35327
35328
35329
35330
35362
35363
35364
35365
35397
35398
35399
35400
35432
35433
35434
35435
35467
35468
35469
35470
35502
35503
35504
35505
35537
35538
35539
35540
35572
35573
35574
35575
35607
35608
35609
35610
35642
35643
35644
35645
35677
35678
35679
35680
35712
35713
35714
35715
35747
35748
35749
35750
35782
35783
35784
35785
35817
35818
35819
35820
35821
35852
35853
35854
35855
35856
35887
35888
35889
35890
35891
35922
35923
35924
35925
35926
35957
35958
35959
35960
35961
35992
35993
35994
35995
35996
36027
36028
36029
36030
36031
36062
36063
36064
36065
36066
36097
36098
36099
36100
36101
36132
36133
36134
36135
36136
36167
36168
36169
36170
36171
36202
36203
36204
36205
36206
36237
36238
36239
36240
36241
36272
36273
36274
36275
36276
36307
36308
36309
36310
36311
36342
36343
36344
36345
36346
36377
36378
36379
36380
36381
36412
36413
36414
36415
36447
36448
36449
36450
36482
36483
36484
36485
36517
36518
36519
36520
36552
36553
36554
36555
36587
36588
36589
36590
36622
36623
36624
36625
36657
36658
36659
36660
36692
36693
36694
36695
36727
36728
36729
36730
36762
36763
36764
36765
36797
36798
36799
36800
36832
36833
36834
36835
36867
36868
36869
36870
36902
36903
36904
36905
36937
36938
36939
36940
36972
36973
36974
36975
37007
37008
37009
37010
37042
37043
37044
37045
37077
37078
37079
37080
37112
37113
37114
37115
37147
37148
37149
37150
37182
37183
37184
37185
37217
37218
37219
37220
37252
37253
37254
37255
37287
37288
37289
37290
37291
37322
37323
37324
37325
37326
37357
37358
37359
37360
37361
37392
37393
37394
37395
37396
37427
37428
37429
37430
37431
37462
37463
37464
37465
37466
37497
37498
37499
37500
37501
37532
37533
37534
37535
37536
37567
37568
37569
37570
37571
37602
37603
37604
37605
37606
37637
37638
37639
37640
37641
37672
37673
37674
37675
37676
37707
37708
37709
37710
37711
37742
37743
37744
37745
37746
37777
37778
37779
37780
37781
37812
37813
37814
37815
37816
37847
37848
37849
37850
37882
37883
37884
37885
37917
37918
37919
37920
37952
37953
37954
37955
37987
37988
37989
37990
38022
38023
38024
38025
38057
38058
38059
38060
38092
38093
38094
38095
38127
38128
38129
38130
38162
38163
38164
38165
38197
38198
38199
38200
38232
38233
38234
38235
38267
38268
38269
38270
38302
38303
38304
38305
38337
38338
38339
38340
38372
38373
38374
38375
38407
38408
38409
38410
38442
38443
38444
38445
38477
38478
38479
38480
38512
38513
38514
38515
38547
38548
38549
38550
38582
38583
38584
38585
38617
38618
38619
38620
38652
38653
38654
38655
38687
38688
38689
38690
38722
38723
38724
38725
38757
38758
38759
38760
38761
38792
38793
38794
38795
38796
38827
38828
38829
38830
38831
38862
38863
38864
38865
38866
38897
38898
38899
38900
38901
38932
38933
38934
38935
38936
38967
38968
38969
38970
38971
39002
39003
39004
39005
39006
39037
39038
39039
39040
39041
39072
39073
39074
39075
39076
39107
39108
39109
39110
39111
39142
39143
39144
39145
39146
39177
39178
39179
39180
39181
39212
39213
39214
39215
39216
39247
39248
39249
39250
39251
39282
39283
39284
39285
39317
39318
39319
39320
39352
39353
39354
39355
39387
39388
39389
39390
39422
39423
39424
39425
39457
39458
39459
39460
39492
39493
39494
39495
39527
39528
39529
39530
39562
39563
39564
39565
39597
39598
39599
39600
39632
39633
39634
39635
39667
39668
39669
39670
39702
39703
39704
39705
39737
39738
39739
39740
39772
39773
39774
39775
39807
39808
39809
39810
39842
39843
39844
39845
39877
39878
39879
39880
39912
39913
39914
39915
39947
39948
39949
39950
39982
39983
39984
39985
40017
40018
40019
40020
40052
40053
40054
40055
40087
40088
40089
40090
40122
40123
40124
40125
40157
40158
40159
40160
40192
40193
40194
40195
40227
40228
40229
40230
40231
40262
40263
40264
40265
40266
40297
40298
40299
40300
40301
40332
40333
40334
40335
40336
40367
40368
40369
40370
40371
40402
40403
40404
40405
40406
40437
40438
40439
40440
40441
40472
40473
40474
40475
40476
40507
40508
40509
40510
40511
40542
40543
40544
40545
40546
40577
40578
40579
40580
40581
40612
40613
40614
40615
40616
40647
40648
40649
40650
40651
40682
40683
40684
40685
40686
40717
40718
40719
40720
40752
40753
40754
40755
40787
40788
40789
40790
40822
40823
40824
40825
40857
40858
40859
40860
40892
40893
40894
40895
40927
40928
40929
40930
40962
40963
40964
40965
40997
40998
40999
41000
41032
41033
41034
41035
41067
41068
41069
41070
41102
41103
41104
41105
41137
41138
41139
41140
41172
41173
41174
41175
41207
41208
41209
41210
41242
41243
41244
41245
41277
41278
41279
41280
41312
41313
41314
41315
41347
41348
41349
41350
41382
41383
41384
41385
41417
41418
41419
41420
41452
41453
41454
41455
41487
41488
41489
41490
41522
41523
41524
41525
41557
41558
41559
41560
41592
41593
41594
41595
41627
41628
41629
41630
41662
41663
41664
41665
41697
41698
41699
41700
41701
41732
41733
41734
41735
41736
41767
41768
41769
41770
41771
41802
41803
41804
41805
41806
41837
41838
41839
41840
41841
41872
41873
41874
41875
41876
41907
41908
41909
41910
41911
41942
41943
41944
41945
41946
41977
41978
41979
41980
41981
42012
42013
42014
42015
42016
42047
42048
42049
42050
42051
42082
42083
42084
42085
42086
42117
42118
42119
42120
42121
42152
42153
42154
42155
42187
42188
42189
42190
42222
42223
42224
42225
42257
42258
42259
42260
42292
42293
42294
42295
42327
42328
42329
42330
42362
42363
42364
42365
42397
42398
42399
42400
42432
42433
42434
42435
42467
42468
42469
42470
42502
42503
42504
42505
42537
42538
42539
42540
42572
42573
42574
42575
42607
42608
42609
42610
42642
42643
42644
42645
42677
42678
42679
42680
42712
42713
42714
42715
42747
42748
42749
42750
42782
42783
42784
42785
42817
42818
42819
42820
42852
42853
42854
42855
42887
42888
42889
42890
42922
42923
42924
42925
42957
42958
42959
42960
42992
42993
42994
42995
43027
43028
43029
43030
43062
43063
43064
43065
43097
43098
43099
43100
43132
43133
43134
43135
43167
43168
43169
43170
43171
43202
43203
43204
43205
43206
43237
43238
43239
43240
43241
43272
43273
43274
43275
43276
43307
43308
43309
43310
43311
43342
43343
43344
43345
43346
43377
43378
43379
43380
43381
43412
43413
43414
43415
43416
43447
43448
43449
43450
43451
43482
43483
43484
43485
43486
43517
43518
43519
43520
43521
43552
43553
43554
43555
43556
43587
43588
43589
43590
43622
43623
43624
43625
43657
43658
43659
43660
43692
43693
43694
43695
43727
43728
43729
43730
43762
43763
43764
43765
43797
43798
43799
43800
43832
43833
43834
43835
43867
43868
43869
43870
43902
43903
43904
43905
43937
43938
43939
43940
43972
43973
43974
43975
44007
44008
44009
44010
44042
44043
44044
44045
44077
44078
44079
44080
44112
44113
44114
44115
44147
44148
44149
44150
44182
44183
44184
44185
44217
44218
44219
44220
44252
44253
44254
44255
44287
44288
44289
44290
44322
44323
44324
44325
44357
44358
44359
44360
44392
44393
44394
44395
44427
44428
44429
44430
44462
44463
44464
44465
44497
44498
44499
44500
44532
44533
44534
44535
44567
44568
44569
44570
44602
44603
44604
44605
44637
44638
44639
44640
44672
44673
44674
44675
44676
44707
44708
44709
44710
44711
44742
44743
44744
44745
44746
44777
44778
44779
44780
44781
44812
44813
44814
44815
44816
44847
44848
44849
44850
44851
44882
44883
44884
44885
44886
44917
44918
44919
44920
44921
44952
44953
44954
44955
44956
44987
44988
44989
44990
44991
45022
45023
45024
45025
45057
45058
45059
45060
45092
45093
45094
45095
45127
45128
45129
45130
45162
45163
45164
45165
45197
45198
45199
45200
45232
45233
45234
45235
45267
45268
45269
45270
45302
45303
45304
45305
45337
45338
45339
45340
45372
45373
45374
45375
45407
45408
45409
45410
45442
45443
45444
45445
45477
45478
45479
45480
45512
45513
45514
45515
45547
45548
45549
45550
45582
45583
45584
45585
45617
45618
45619
45620
45652
45653
45654
45655
45687
45688
45689
45690
45722
45723
45724
45725
45757
45758
45759
45760
45792
45793
45794
45795
45827
45828
45829
45830
45862
45863
45864
45865
45897
45898
45899
45900
45932
45933
45934
45935
45967
45968
45969
45970
46002
46003
46004
46005
46037
46038
46039
46040
46072
46073
46074
46075
46107
46108
46109
46110
46142
46143
46144
46145
46146
46177
46178
46179
46180
46181
46212
46213
46214
46215
46216
46247
46248
46249
46250
46251
46282
46283
46284
46285
46286
46317
46318
46319
46320
46321
46352
46353
46354
46355
46356
46387
46388
46389
46390
46391
46422
46423
46424
46425
46426
46457
46458
46459
46460
46492
46493
46494
46495
46527
46528
46529
46530
46562
46563
46564
46565
46597
46598
46599
46600
46632
46633
46634
46635
46667
46668
46669
46670
46702
46703
46704
46705
46737
46738
46739
46740
46772
46773
46774
46775
46807
46808
46809
46810
46842
46843
46844
46845
46877
46878
46879
46880
46912
46913
46914
46915
46947
46948
46949
46950
46982
46983
46984
46985
47017
47018
47019
47020
47052
47053
47054
47055
47087
47088
47089
47090
47122
47123
47124
47125
47157
47158
47159
47160
47192
47193
47194
47195
47227
47228
47229
47230
47262
47263
47264
47265
47297
47298
47299
47300
47332
47333
47334
47335
47367
47368
47369
47370
47402
47403
47404
47405
47437
47438
47439
47440
47472
47473
47474
47475
47507
47508
47509
47510
47542
47543
47544
47545
47577
47578
47579
47580
47612
47613
47614
47615
47616
47647
47648
47649
47650
47651
47682
47683
47684
47685
47686
47717
47718
47719
47720
47721
47752
47753
47754
47755
47756
47787
47788
47789
47790
47791
47822
47823
47824
47825
47826
47857
47858
47859
47860
47861
)


// ************************************************************************* //
