/*--------------------------------*- C++ -*----------------------------------*\
| =========                 |                                                 |
| \\      /  F ield         | OpenFOAM: The Open Source CFD Toolbox           |
|  \\    /   O peration     | Version:  2.3.1                                 |
|   \\  /    A nd           | Web:      www.OpenFOAM.org                      |
|    \\/     M anipulation  |                                                 |
\*---------------------------------------------------------------------------*/
FoamFile
{
    version     2.0;
    format      ascii;
    class       labelList;
    note        "nPoints: 9045 nCells: 6852 nFaces: 22619 nInternalFaces: 18493";
    location    "constant/polyMesh";
    object      neighbour;
}
// * * * * * * * * * * * * * * * * * * * * * * * * * * * * * * * * * * * * * //


18493
(
1
5
205
2
6
206
3
7
207
4
8
208
9
209
6
10
210
7
11
211
8
12
212
9
13
213
14
214
11
15
215
12
16
216
13
17
217
14
18
218
19
219
16
20
220
17
21
221
18
22
222
19
23
223
24
224
21
25
225
22
26
226
23
27
227
24
28
228
29
229
26
30
230
27
31
231
28
32
232
29
33
233
34
234
31
35
235
32
36
236
33
37
237
34
38
238
39
239
36
40
240
37
41
241
38
42
242
39
43
243
44
244
41
45
245
42
46
246
43
47
247
44
48
248
49
249
46
50
250
47
51
251
48
52
252
49
53
253
54
254
51
55
255
52
56
256
53
57
257
54
58
258
59
259
56
60
260
57
61
261
58
62
262
59
63
263
64
264
61
65
265
62
66
266
63
67
267
64
68
268
69
269
66
70
270
67
71
271
68
72
272
69
73
273
74
274
71
75
275
72
76
276
73
77
277
74
78
278
79
279
76
80
280
77
81
281
78
82
282
79
83
283
84
284
81
85
285
82
86
286
83
87
287
84
88
288
89
289
86
90
290
87
91
291
88
92
292
89
93
293
94
294
91
95
295
92
96
296
93
97
297
94
98
298
99
299
96
100
300
97
101
301
98
102
302
99
103
303
104
304
101
105
305
102
106
306
103
107
307
104
108
308
109
309
106
110
310
107
111
311
108
112
312
109
113
313
114
314
111
115
315
112
116
316
113
117
317
114
118
318
119
319
116
120
320
117
121
321
118
122
322
119
123
323
124
324
121
125
325
122
126
326
123
127
327
124
128
328
129
329
126
130
330
127
131
331
128
132
332
129
133
333
134
334
131
135
335
132
136
336
133
137
337
134
138
338
139
339
136
140
340
137
141
341
138
142
342
139
143
343
144
344
141
145
345
142
146
346
143
147
347
144
148
348
149
349
146
150
350
147
151
351
148
152
352
149
153
353
154
354
151
155
355
152
156
356
153
157
357
154
158
358
159
359
156
160
360
157
161
361
158
162
362
159
163
363
164
364
161
165
365
162
166
366
163
167
367
164
168
368
169
369
166
170
370
167
171
371
168
172
372
169
173
373
174
374
171
175
375
172
176
376
173
177
377
174
178
378
179
379
176
180
380
177
181
381
178
182
382
179
183
383
184
384
181
185
385
182
186
386
183
187
387
184
188
388
189
389
186
190
390
187
191
391
188
192
392
189
193
393
194
394
191
195
395
192
196
396
193
197
397
194
198
398
199
399
196
200
400
197
201
401
198
202
402
199
203
403
204
404
201
405
202
406
203
407
204
408
409
206
210
410
207
211
411
208
212
412
209
213
413
214
414
211
215
415
212
216
416
213
217
417
214
218
418
219
419
216
220
420
217
221
421
218
222
422
219
223
423
224
424
221
225
425
222
226
426
223
227
427
224
228
428
229
429
226
230
430
227
231
431
228
232
432
229
233
433
234
434
231
235
435
232
236
436
233
237
437
234
238
438
239
439
236
240
440
237
241
441
238
242
442
239
243
443
244
444
241
245
445
242
246
446
243
247
447
244
248
448
249
449
246
250
450
247
251
451
248
252
452
249
253
453
254
454
251
255
455
252
256
456
253
257
457
254
258
458
259
459
256
260
460
257
261
461
258
262
462
259
263
463
264
464
261
265
465
262
266
466
263
267
467
264
268
468
269
469
266
270
470
267
271
471
268
272
472
269
273
473
274
474
271
275
475
272
276
476
273
277
477
274
278
478
279
479
276
280
480
277
281
481
278
282
482
279
283
483
284
484
281
285
485
282
286
486
283
287
487
284
288
488
289
489
286
290
490
287
291
491
288
292
492
289
293
493
294
494
291
295
495
292
296
496
293
297
497
294
298
498
299
499
296
300
500
297
301
501
298
302
502
299
303
503
304
504
301
305
505
302
306
506
303
307
507
304
308
508
309
509
306
310
510
307
311
511
308
312
512
309
313
513
314
514
311
315
515
312
316
516
313
317
517
314
318
518
319
519
316
320
520
317
321
521
318
322
522
319
323
523
324
524
321
325
525
322
326
526
323
327
527
324
328
528
329
529
326
330
530
327
331
531
328
332
532
329
333
533
334
534
331
335
535
332
336
536
333
337
537
334
338
538
339
539
336
340
540
337
341
541
338
342
542
339
343
543
344
544
341
345
545
342
346
546
343
347
547
344
348
548
349
549
346
350
550
347
351
551
348
352
552
349
353
553
354
554
351
355
555
352
356
556
353
357
557
354
358
558
359
559
356
360
560
357
361
561
358
362
562
359
363
563
364
564
361
365
565
362
366
566
363
367
567
364
368
568
369
569
366
370
570
367
371
571
368
372
572
369
373
573
374
574
371
375
575
372
376
576
373
377
577
374
378
578
379
579
376
380
580
377
381
581
378
382
582
379
383
583
384
584
381
385
585
382
386
586
383
387
587
384
388
588
389
589
386
390
590
387
391
591
388
392
592
389
393
593
394
594
391
395
595
392
396
596
393
397
597
394
398
598
399
599
396
400
600
397
401
601
398
402
602
399
403
603
404
604
401
405
605
402
406
606
403
407
607
404
408
608
409
609
406
610
407
611
408
612
409
613
614
411
415
615
412
416
616
413
417
617
414
418
618
419
619
416
420
620
417
421
621
418
422
622
419
423
623
424
624
421
425
625
422
426
626
423
427
627
424
428
628
429
629
426
430
630
427
431
631
428
432
632
429
433
633
434
634
431
435
635
432
436
636
433
437
637
434
438
638
439
639
436
440
640
437
441
641
438
442
642
439
443
643
444
644
441
445
645
442
446
646
443
447
647
444
448
648
449
649
446
450
650
447
451
651
448
452
652
449
453
653
454
654
451
455
655
452
456
656
453
457
657
454
458
658
459
659
456
460
660
457
461
661
458
462
662
459
463
663
464
664
461
465
665
462
466
666
463
467
667
464
468
668
469
669
466
470
670
467
471
671
468
472
672
469
473
673
474
674
471
475
675
472
476
676
473
477
677
474
478
678
479
679
476
480
680
477
481
681
478
482
682
479
483
683
484
684
481
485
685
482
486
686
483
487
687
484
488
688
489
689
486
490
690
487
491
691
488
492
692
489
493
693
494
694
491
495
695
492
496
696
493
497
697
494
498
698
499
699
496
500
700
497
501
701
498
502
702
499
503
703
504
704
501
505
705
502
506
706
503
507
707
504
508
708
509
709
506
510
710
507
511
711
508
512
712
509
513
713
514
714
511
515
715
512
516
716
513
517
717
514
518
718
519
719
516
520
720
517
521
721
518
522
722
519
523
723
524
724
521
525
725
522
526
726
523
527
727
524
528
728
529
729
526
530
730
527
531
731
528
532
732
529
533
733
534
734
531
535
735
532
536
736
533
537
737
534
538
738
539
739
536
540
740
537
541
741
538
542
742
539
543
743
544
744
541
545
745
542
546
746
543
547
747
544
548
748
549
749
546
550
750
547
551
751
548
552
752
549
553
753
554
754
551
555
755
552
556
756
553
557
757
554
558
758
559
759
556
560
760
557
561
761
558
562
762
559
563
763
564
764
561
565
765
562
566
766
563
567
767
564
568
768
569
769
566
570
770
567
571
771
568
572
772
569
573
773
574
774
571
575
775
572
576
776
573
577
777
574
578
778
579
779
576
580
780
577
581
781
578
582
782
579
583
783
584
784
581
585
785
582
586
786
583
587
787
584
588
788
589
789
586
590
790
587
591
791
588
592
792
589
593
793
594
794
591
595
795
592
596
796
593
597
797
594
598
798
599
799
596
600
800
597
601
801
598
602
802
599
603
803
604
804
601
605
805
602
606
806
603
607
807
604
608
808
609
809
606
610
810
607
611
811
608
612
812
609
613
813
614
814
611
815
612
816
613
817
614
818
819
616
620
820
617
621
821
618
622
822
619
623
823
624
824
621
625
825
622
626
826
623
627
827
624
628
828
629
829
626
630
830
627
631
831
628
632
832
629
633
833
634
834
631
635
835
632
636
836
633
637
837
634
638
838
639
839
636
640
840
637
641
841
638
642
842
639
643
843
644
844
641
645
845
642
646
846
643
647
847
644
648
848
649
849
646
650
850
647
651
851
648
652
852
649
653
853
654
854
651
655
855
652
656
856
653
657
857
654
658
858
659
859
656
660
860
657
661
861
658
662
862
659
663
863
664
864
661
665
865
662
666
866
663
667
867
664
668
868
669
869
666
670
870
667
671
871
668
672
872
669
673
873
674
874
671
675
875
672
676
876
673
677
877
674
678
878
679
879
676
680
880
677
681
881
678
682
882
679
683
883
684
884
681
685
885
682
686
886
683
687
887
684
688
888
689
889
686
690
890
687
691
891
688
692
892
689
693
893
694
894
691
695
895
692
696
896
693
697
897
694
698
898
699
899
696
700
900
697
701
901
698
702
902
699
703
903
704
904
701
705
905
702
706
906
703
707
907
704
708
908
709
909
706
710
910
707
711
911
708
712
912
709
713
913
714
914
711
715
915
712
716
916
713
717
917
714
718
918
719
919
716
720
920
717
721
921
718
722
922
719
723
923
724
924
721
725
925
722
726
926
723
727
927
724
728
928
729
929
726
730
930
727
731
931
728
732
932
729
733
933
734
934
731
735
935
732
736
936
733
737
937
734
738
938
739
939
736
740
940
737
741
941
738
742
942
739
743
943
744
944
741
745
945
742
746
946
743
747
947
744
748
948
749
949
746
750
950
747
751
951
748
752
952
749
753
953
754
954
751
755
955
752
756
956
753
757
957
754
758
958
759
959
756
760
960
757
761
961
758
762
962
759
763
963
764
964
761
765
965
762
766
966
763
767
967
764
768
968
769
969
766
770
970
767
771
971
768
772
972
769
773
973
774
974
771
775
975
772
776
976
773
777
977
774
778
978
779
979
776
780
980
777
781
981
778
782
982
779
783
983
784
984
781
785
985
782
786
986
783
787
987
784
788
988
789
989
786
790
990
787
791
991
788
792
992
789
793
993
794
994
791
795
995
792
796
996
793
797
997
794
798
998
799
999
796
800
1000
797
801
1001
798
802
1002
799
803
1003
804
1004
801
805
1005
802
806
1006
803
807
1007
804
808
1008
809
1009
806
810
1010
807
811
1011
808
812
1012
809
813
1013
814
1014
811
815
1015
812
816
1016
813
817
1017
814
818
1018
819
1019
816
1020
817
1021
818
1022
819
1023
1024
821
825
1025
822
826
1026
823
827
1027
824
828
1028
829
1029
826
830
1030
827
831
1031
828
832
1032
829
833
1033
834
1034
831
835
1035
832
836
1036
833
837
1037
834
838
1038
839
1039
836
840
1040
837
841
1041
838
842
1042
839
843
1043
844
1044
841
845
1045
842
846
1046
843
847
1047
844
848
1048
849
1049
846
850
1050
847
851
1051
848
852
1052
849
853
1053
854
1054
851
855
1055
852
856
1056
853
857
1057
854
858
1058
859
1059
856
860
1060
857
861
1061
858
862
1062
859
863
1063
864
1064
861
865
1065
862
866
1066
863
867
1067
864
868
1068
869
1069
866
870
1070
867
871
1071
868
872
1072
869
873
1073
874
1074
871
875
1075
872
876
1076
873
877
1077
874
878
1078
879
1079
876
880
1080
877
881
1081
878
882
1082
879
883
1083
884
1084
881
885
1085
882
886
1086
883
887
1087
884
888
1088
889
1089
886
890
1090
887
891
1091
888
892
1092
889
893
1093
894
1094
891
895
1095
892
896
1096
893
897
1097
894
898
1098
899
1099
896
900
1100
897
901
1101
898
902
1102
899
903
1103
904
1104
901
905
1105
902
906
1106
903
907
1107
904
908
1108
909
1109
906
910
1110
907
911
1111
908
912
1112
909
913
1113
914
1114
911
915
1115
912
916
1116
913
917
1117
914
918
1118
919
1119
916
920
1120
917
921
1121
918
922
1122
919
923
1123
924
1124
921
925
1125
922
926
1126
923
927
1127
924
928
1128
929
1129
926
930
1130
927
931
1131
928
932
1132
929
933
1133
934
1134
931
935
1135
932
936
1136
933
937
1137
934
938
1138
939
1139
936
940
1140
937
941
1141
938
942
1142
939
943
1143
944
1144
941
945
1145
942
946
1146
943
947
1147
944
948
1148
949
1149
946
950
1150
947
951
1151
948
952
1152
949
953
1153
954
1154
951
955
1155
952
956
1156
953
957
1157
954
958
1158
959
1159
956
960
1160
957
961
1161
958
962
1162
959
963
1163
964
1164
961
965
1165
962
966
1166
963
967
1167
964
968
1168
969
1169
966
970
1170
967
971
1171
968
972
1172
969
973
1173
974
1174
971
975
1175
972
976
1176
973
977
1177
974
978
1178
979
1179
976
980
1180
977
981
1181
978
982
1182
979
983
1183
984
1184
981
985
1185
982
986
1186
983
987
1187
984
988
1188
989
1189
986
990
1190
987
991
1191
988
992
1192
989
993
1193
994
1194
991
995
1195
992
996
1196
993
997
1197
994
998
1198
999
1199
996
1000
1200
997
1001
1201
998
1002
1202
999
1003
1203
1004
1204
1001
1005
1205
1002
1006
1206
1003
1007
1207
1004
1008
1208
1009
1209
1006
1010
1210
1007
1011
1211
1008
1012
1212
1009
1013
1213
1014
1214
1011
1015
1215
1012
1016
1216
1013
1017
1217
1014
1018
1218
1019
1219
1016
1020
1220
1017
1021
1221
1018
1022
1222
1019
1023
1223
1024
1224
1021
1225
1022
1226
1023
1227
1024
1228
1229
1026
1030
1027
1031
1028
1032
1029
1033
1034
1031
1035
1032
1036
1033
1037
1034
1038
1039
1036
1040
1037
1041
1038
1042
1039
1043
1044
1041
1045
1042
1046
1043
1047
1044
1048
1049
1046
1050
1047
1051
1048
1052
1049
1053
1054
1051
1055
1052
1056
1053
1057
1054
1058
1059
1056
1060
1057
1061
1058
1062
1059
1063
1064
1061
1065
1062
1066
1063
1067
1064
1068
1069
1066
1070
1067
1071
1068
1072
1069
1073
1074
1071
1075
1072
1076
1073
1077
1074
1078
1079
1076
1080
1077
1081
1078
1082
1079
1083
1084
1081
1085
1082
1086
1083
1087
1084
1088
1089
1086
1090
1087
1091
1088
1092
1089
1093
1094
1091
1095
1092
1096
1093
1097
1094
1098
1099
1096
1100
1097
1101
1098
1102
1099
1103
1104
1101
1105
1102
1106
1103
1107
1104
1108
1109
1106
1110
1107
1111
1108
1112
1109
1113
1114
1111
1115
1112
1116
1113
1117
1114
1118
1119
1116
1120
1117
1121
1118
1122
1119
1123
1124
1121
1125
1122
1126
1123
1127
1124
1128
1129
1126
1130
1127
1131
1128
1132
1129
1133
1134
1131
1135
1132
1136
1133
1137
1134
1138
1139
1136
1140
1137
1141
1138
1142
1139
1143
1144
1141
1145
1142
1146
1143
1147
1144
1148
1149
1146
1150
1147
1151
1148
1152
1149
1153
1154
1151
1155
1152
1156
1153
1157
1154
1158
1159
1156
1160
1157
1161
1158
1162
1159
1163
1164
1161
1165
1162
1166
1163
1167
1164
1168
1169
1166
1170
1167
1171
1168
1172
1169
1173
1174
1171
1175
1172
1176
1173
1177
1174
1178
1179
1176
1180
1177
1181
1178
1182
1179
1183
1184
1181
1185
1182
1186
1183
1187
1184
1188
1189
1186
1190
1187
1191
1188
1192
1189
1193
1194
1191
1195
1192
1196
1193
1197
1194
1198
1199
1196
1200
1197
1201
1198
1202
1199
1203
1204
1201
1205
1202
1206
1203
1207
1204
1208
1209
1206
1210
1207
1211
1208
1212
1209
1213
1214
1211
1215
1212
1216
1213
1217
1214
1218
1219
1216
1220
1217
1221
1218
1222
1219
1223
1224
1221
1225
1222
1226
1223
1227
1224
1228
1229
1226
1227
1228
1229
1231
1234
1432
1232
1235
1433
1233
1236
1434
1237
1435
1235
1238
1436
1236
1239
1437
1237
1240
1438
1241
1439
1239
1242
1440
1240
1243
1441
1241
1244
1442
1245
1443
1243
1247
1444
1244
1248
1445
1245
1249
1446
1246
1250
1447
1251
1248
1252
1448
1249
1253
1449
1250
1254
1450
1251
1255
1451
1256
1452
1253
1257
1453
1254
1258
1454
1255
1259
1455
1256
1260
1456
1261
1457
1258
1262
1458
1259
1263
1459
1260
1264
1460
1261
1265
1461
1266
1462
1263
1267
1463
1264
1268
1464
1265
1269
1465
1266
1270
1466
1271
1467
1268
1272
1468
1269
1273
1469
1270
1274
1470
1271
1275
1471
1276
1472
1273
1277
1473
1274
1278
1474
1275
1279
1475
1276
1280
1476
1281
1477
1278
1282
1478
1279
1283
1479
1280
1284
1480
1281
1285
1481
1286
1482
1283
1287
1483
1284
1288
1484
1285
1289
1485
1286
1290
1486
1291
1487
1288
1292
1488
1289
1293
1489
1290
1294
1490
1291
1295
1491
1296
1492
1293
1297
1493
1294
1298
1494
1295
1299
1495
1296
1300
1496
1301
1497
1298
1302
1498
1299
1303
1499
1300
1304
1500
1301
1305
1501
1306
1502
1303
1307
1503
1304
1308
1504
1305
1309
1505
1306
1310
1506
1311
1507
1308
1312
1508
1309
1313
1509
1310
1314
1510
1311
1315
1511
1316
1512
1313
1317
1513
1314
1318
1514
1315
1319
1515
1316
1320
1516
1321
1517
1318
1322
1518
1319
1323
1519
1320
1324
1520
1321
1325
1521
1326
1522
1323
1327
1523
1324
1328
1524
1325
1329
1525
1326
1330
1526
1331
1527
1328
1332
1528
1329
1333
1529
1330
1334
1530
1331
1335
1531
1336
1532
1333
1337
1533
1334
1338
1534
1335
1339
1535
1336
1340
1536
1341
1537
1338
1342
1538
1339
1343
1539
1340
1344
1540
1341
1345
1541
1346
1542
1343
1347
1543
1344
1348
1544
1345
1349
1545
1346
1350
1546
1351
1547
1348
1352
1548
1349
1353
1549
1350
1354
1550
1351
1355
1551
1356
1552
1353
1357
1553
1354
1358
1554
1355
1359
1555
1356
1360
1556
1361
1557
1358
1362
1558
1359
1363
1559
1360
1364
1560
1361
1365
1561
1366
1562
1363
1367
1563
1364
1368
1564
1365
1369
1565
1366
1370
1566
1371
1567
1368
1372
1568
1369
1373
1569
1370
1374
1570
1371
1375
1571
1376
1572
1373
1377
1573
1374
1378
1574
1375
1379
1575
1376
1380
1576
1381
1577
1378
1382
1578
1379
1383
1579
1380
1384
1580
1381
1385
1581
1386
1582
1383
1387
1583
1384
1388
1584
1385
1389
1585
1386
1390
1586
1391
1587
1388
1392
1588
1389
1393
1589
1390
1394
1590
1391
1395
1591
1396
1592
1393
1397
1593
1394
1398
1594
1395
1399
1595
1396
1400
1596
1401
1597
1398
1402
1598
1399
1403
1599
1400
1404
1600
1401
1405
1601
1406
1602
1403
1407
1603
1404
1408
1604
1405
1409
1605
1406
1410
1606
1411
1607
1408
1412
1608
1409
1413
1609
1410
1414
1610
1411
1415
1611
1416
1612
1413
1417
1613
1414
1418
1614
1415
1419
1615
1416
1420
1616
1421
1617
1418
1422
1618
1419
1423
1619
1420
1424
1620
1421
1425
1621
1426
1622
1423
1427
1623
1424
1428
1624
1425
1429
1625
1426
1430
1626
1431
1627
1428
1628
1429
1629
1430
1630
1431
1631
1632
1433
1436
1633
1434
1437
1634
1435
1438
1635
1439
1636
1437
1440
1637
1438
1441
1638
1439
1442
1639
1443
1640
1441
1444
1641
1442
1445
1642
1443
1446
1643
1447
1644
1445
1448
1645
1446
1449
1646
1447
1450
1647
1451
1648
1449
1453
1649
1450
1454
1650
1451
1455
1651
1452
1456
1652
1457
1454
1458
1653
1455
1459
1654
1456
1460
1655
1457
1461
1656
1462
1657
1459
1463
1658
1460
1464
1659
1461
1465
1660
1462
1466
1661
1467
1662
1464
1468
1663
1465
1469
1664
1466
1470
1665
1467
1471
1666
1472
1667
1469
1473
1668
1470
1474
1669
1471
1475
1670
1472
1476
1671
1477
1672
1474
1478
1673
1475
1479
1674
1476
1480
1675
1477
1481
1676
1482
1677
1479
1483
1678
1480
1484
1679
1481
1485
1680
1482
1486
1681
1487
1682
1484
1488
1683
1485
1489
1684
1486
1490
1685
1487
1491
1686
1492
1687
1489
1493
1688
1490
1494
1689
1491
1495
1690
1492
1496
1691
1497
1692
1494
1498
1693
1495
1499
1694
1496
1500
1695
1497
1501
1696
1502
1697
1499
1503
1698
1500
1504
1699
1501
1505
1700
1502
1506
1701
1507
1702
1504
1508
1703
1505
1509
1704
1506
1510
1705
1507
1511
1706
1512
1707
1509
1513
1708
1510
1514
1709
1511
1515
1710
1512
1516
1711
1517
1712
1514
1518
1713
1515
1519
1714
1516
1520
1715
1517
1521
1716
1522
1717
1519
1523
1718
1520
1524
1719
1521
1525
1720
1522
1526
1721
1527
1722
1524
1528
1723
1525
1529
1724
1526
1530
1725
1527
1531
1726
1532
1727
1529
1533
1728
1530
1534
1729
1531
1535
1730
1532
1536
1731
1537
1732
1534
1538
1733
1535
1539
1734
1536
1540
1735
1537
1541
1736
1542
1737
1539
1543
1738
1540
1544
1739
1541
1545
1740
1542
1546
1741
1547
1742
1544
1548
1743
1545
1549
1744
1546
1550
1745
1547
1551
1746
1552
1747
1549
1553
1748
1550
1554
1749
1551
1555
1750
1552
1556
1751
1557
1752
1554
1558
1753
1555
1559
1754
1556
1560
1755
1557
1561
1756
1562
1757
1559
1563
1758
1560
1564
1759
1561
1565
1760
1562
1566
1761
1567
1762
1564
1568
1763
1565
1569
1764
1566
1570
1765
1567
1571
1766
1572
1767
1569
1573
1768
1570
1574
1769
1571
1575
1770
1572
1576
1771
1577
1772
1574
1578
1773
1575
1579
1774
1576
1580
1775
1577
1581
1776
1582
1777
1579
1583
1778
1580
1584
1779
1581
1585
1780
1582
1586
1781
1587
1782
1584
1588
1783
1585
1589
1784
1586
1590
1785
1587
1591
1786
1592
1787
1589
1593
1788
1590
1594
1789
1591
1595
1790
1592
1596
1791
1597
1792
1594
1598
1793
1595
1599
1794
1596
1600
1795
1597
1601
1796
1602
1797
1599
1603
1798
1600
1604
1799
1601
1605
1800
1602
1606
1801
1607
1802
1604
1608
1803
1605
1609
1804
1606
1610
1805
1607
1611
1806
1612
1807
1609
1613
1808
1610
1614
1809
1611
1615
1810
1612
1616
1811
1617
1812
1614
1618
1813
1615
1619
1814
1616
1620
1815
1617
1621
1816
1622
1817
1619
1623
1818
1620
1624
1819
1621
1625
1820
1622
1626
1821
1627
1822
1624
1628
1823
1625
1629
1824
1626
1630
1825
1627
1631
1826
1632
1827
1629
1828
1630
1829
1631
1830
1632
1831
1832
1634
1637
1833
1635
1638
1834
1636
1639
1835
1640
1836
1638
1641
1837
1639
1642
1838
1640
1643
1839
1644
1840
1642
1645
1841
1643
1646
1842
1644
1647
1843
1648
1844
1646
1649
1845
1647
1650
1846
1648
1651
1847
1652
1848
1650
1653
1849
1651
1654
1850
1652
1655
1851
1656
1852
1654
1658
1853
1655
1659
1854
1656
1660
1855
1657
1661
1856
1662
1659
1663
1857
1660
1664
1858
1661
1665
1859
1662
1666
1860
1667
1861
1664
1668
1862
1665
1669
1863
1666
1670
1864
1667
1671
1865
1672
1866
1669
1673
1867
1670
1674
1868
1671
1675
1869
1672
1676
1870
1677
1871
1674
1678
1872
1675
1679
1873
1676
1680
1874
1677
1681
1875
1682
1876
1679
1683
1877
1680
1684
1878
1681
1685
1879
1682
1686
1880
1687
1881
1684
1688
1882
1685
1689
1883
1686
1690
1884
1687
1691
1885
1692
1886
1689
1693
1887
1690
1694
1888
1691
1695
1889
1692
1696
1890
1697
1891
1694
1698
1892
1695
1699
1893
1696
1700
1894
1697
1701
1895
1702
1896
1699
1703
1897
1700
1704
1898
1701
1705
1899
1702
1706
1900
1707
1901
1704
1708
1902
1705
1709
1903
1706
1710
1904
1707
1711
1905
1712
1906
1709
1713
1907
1710
1714
1908
1711
1715
1909
1712
1716
1910
1717
1911
1714
1718
1912
1715
1719
1913
1716
1720
1914
1717
1721
1915
1722
1916
1719
1723
1917
1720
1724
1918
1721
1725
1919
1722
1726
1920
1727
1921
1724
1728
1922
1725
1729
1923
1726
1730
1924
1727
1731
1925
1732
1926
1729
1733
1927
1730
1734
1928
1731
1735
1929
1732
1736
1930
1737
1931
1734
1738
1932
1735
1739
1933
1736
1740
1934
1737
1741
1935
1742
1936
1739
1743
1937
1740
1744
1938
1741
1745
1939
1742
1746
1940
1747
1941
1744
1748
1942
1745
1749
1943
1746
1750
1944
1747
1751
1945
1752
1946
1749
1753
1947
1750
1754
1948
1751
1755
1949
1752
1756
1950
1757
1951
1754
1758
1952
1755
1759
1953
1756
1760
1954
1757
1761
1955
1762
1956
1759
1763
1957
1760
1764
1958
1761
1765
1959
1762
1766
1960
1767
1961
1764
1768
1962
1765
1769
1963
1766
1770
1964
1767
1771
1965
1772
1966
1769
1773
1967
1770
1774
1968
1771
1775
1969
1772
1776
1970
1777
1971
1774
1778
1972
1775
1779
1973
1776
1780
1974
1777
1781
1975
1782
1976
1779
1783
1977
1780
1784
1978
1781
1785
1979
1782
1786
1980
1787
1981
1784
1788
1982
1785
1789
1983
1786
1790
1984
1787
1791
1985
1792
1986
1789
1793
1987
1790
1794
1988
1791
1795
1989
1792
1796
1990
1797
1991
1794
1798
1992
1795
1799
1993
1796
1800
1994
1797
1801
1995
1802
1996
1799
1803
1997
1800
1804
1998
1801
1805
1999
1802
1806
2000
1807
2001
1804
1808
2002
1805
1809
2003
1806
1810
2004
1807
1811
2005
1812
2006
1809
1813
2007
1810
1814
2008
1811
1815
2009
1812
1816
2010
1817
2011
1814
1818
2012
1815
1819
2013
1816
1820
2014
1817
1821
2015
1822
2016
1819
1823
2017
1820
1824
2018
1821
1825
2019
1822
1826
2020
1827
2021
1824
1828
2022
1825
1829
2023
1826
1830
2024
1827
1831
2025
1832
2026
1829
2027
1830
2028
1831
2029
1832
2030
2031
1834
1837
2032
1835
1838
2033
1836
1839
2034
1840
2035
1838
1841
2036
1839
1842
2037
1840
1843
2038
1844
2039
1842
1845
2040
1843
1846
2041
1844
1847
2042
1848
2043
1846
1849
2044
1847
1850
2045
1848
1851
2046
1852
2047
1850
1853
2048
1851
1854
2049
1852
1855
2050
1856
2051
1854
1857
2052
1855
1858
2053
1856
1859
2054
1860
2055
1858
1862
2056
1859
1863
2057
1860
1864
2058
1861
1865
2059
1866
1863
1867
2060
1864
1868
2061
1865
1869
2062
1866
1870
2063
1871
2064
1868
1872
2065
1869
1873
2066
1870
1874
2067
1871
1875
2068
1876
2069
1873
1877
2070
1874
1878
2071
1875
1879
2072
1876
1880
2073
1881
2074
1878
1882
2075
1879
1883
2076
1880
1884
2077
1881
1885
2078
1886
2079
1883
1887
2080
1884
1888
2081
1885
1889
2082
1886
1890
2083
1891
2084
1888
1892
2085
1889
1893
2086
1890
1894
2087
1891
1895
2088
1896
2089
1893
1897
2090
1894
1898
2091
1895
1899
2092
1896
1900
2093
1901
2094
1898
1902
2095
1899
1903
2096
1900
1904
2097
1901
1905
2098
1906
2099
1903
1907
2100
1904
1908
2101
1905
1909
2102
1906
1910
2103
1911
2104
1908
1912
2105
1909
1913
2106
1910
1914
2107
1911
1915
2108
1916
2109
1913
1917
2110
1914
1918
2111
1915
1919
2112
1916
1920
2113
1921
2114
1918
1922
2115
1919
1923
2116
1920
1924
2117
1921
1925
2118
1926
2119
1923
1927
2120
1924
1928
2121
1925
1929
2122
1926
1930
2123
1931
2124
1928
1932
2125
1929
1933
2126
1930
1934
2127
1931
1935
2128
1936
2129
1933
1937
2130
1934
1938
2131
1935
1939
2132
1936
1940
2133
1941
2134
1938
1942
2135
1939
1943
2136
1940
1944
2137
1941
1945
2138
1946
2139
1943
1947
2140
1944
1948
2141
1945
1949
2142
1946
1950
2143
1951
2144
1948
1952
2145
1949
1953
2146
1950
1954
2147
1951
1955
2148
1956
2149
1953
1957
2150
1954
1958
2151
1955
1959
2152
1956
1960
2153
1961
2154
1958
1962
2155
1959
1963
2156
1960
1964
2157
1961
1965
2158
1966
2159
1963
1967
2160
1964
1968
2161
1965
1969
2162
1966
1970
2163
1971
2164
1968
1972
2165
1969
1973
2166
1970
1974
2167
1971
1975
2168
1976
2169
1973
1977
2170
1974
1978
2171
1975
1979
2172
1976
1980
2173
1981
2174
1978
1982
2175
1979
1983
2176
1980
1984
2177
1981
1985
2178
1986
2179
1983
1987
2180
1984
1988
2181
1985
1989
2182
1986
1990
2183
1991
2184
1988
1992
2185
1989
1993
2186
1990
1994
2187
1991
1995
2188
1996
2189
1993
1997
2190
1994
1998
2191
1995
1999
2192
1996
2000
2193
2001
2194
1998
2002
2195
1999
2003
2196
2000
2004
2197
2001
2005
2198
2006
2199
2003
2007
2200
2004
2008
2201
2005
2009
2202
2006
2010
2203
2011
2204
2008
2012
2205
2009
2013
2206
2010
2014
2207
2011
2015
2208
2016
2209
2013
2017
2210
2014
2018
2211
2015
2019
2212
2016
2020
2213
2021
2214
2018
2022
2215
2019
2023
2216
2020
2024
2217
2021
2025
2218
2026
2219
2023
2027
2220
2024
2028
2221
2025
2029
2222
2026
2030
2223
2031
2224
2028
2225
2029
2226
2030
2227
2031
2228
2229
2033
2036
2230
2034
2037
2231
2035
2038
2232
2039
2233
2037
2040
2234
2038
2041
2235
2039
2042
2236
2043
2237
2041
2044
2238
2042
2045
2239
2043
2046
2240
2047
2241
2045
2048
2242
2046
2049
2243
2047
2050
2244
2051
2245
2049
2052
2246
2050
2053
2247
2051
2054
2248
2055
2249
2053
2056
2250
2054
2057
2251
2055
2058
2252
2059
2253
2057
2060
2254
2058
2061
2255
2059
2062
2256
2063
2257
2061
2065
2258
2062
2066
2259
2063
2067
2260
2064
2068
2261
2069
2066
2070
2262
2067
2071
2263
2068
2072
2264
2069
2073
2265
2074
2266
2071
2075
2267
2072
2076
2268
2073
2077
2269
2074
2078
2270
2079
2271
2076
2080
2272
2077
2081
2273
2078
2082
2274
2079
2083
2275
2084
2276
2081
2085
2277
2082
2086
2278
2083
2087
2279
2084
2088
2280
2089
2281
2086
2090
2282
2087
2091
2283
2088
2092
2284
2089
2093
2285
2094
2286
2091
2095
2287
2092
2096
2288
2093
2097
2289
2094
2098
2290
2099
2291
2096
2100
2292
2097
2101
2293
2098
2102
2294
2099
2103
2295
2104
2296
2101
2105
2297
2102
2106
2298
2103
2107
2299
2104
2108
2300
2109
2301
2106
2110
2302
2107
2111
2303
2108
2112
2304
2109
2113
2305
2114
2306
2111
2115
2307
2112
2116
2308
2113
2117
2309
2114
2118
2310
2119
2311
2116
2120
2312
2117
2121
2313
2118
2122
2314
2119
2123
2315
2124
2316
2121
2125
2317
2122
2126
2318
2123
2127
2319
2124
2128
2320
2129
2321
2126
2130
2322
2127
2131
2323
2128
2132
2324
2129
2133
2325
2134
2326
2131
2135
2327
2132
2136
2328
2133
2137
2329
2134
2138
2330
2139
2331
2136
2140
2332
2137
2141
2333
2138
2142
2334
2139
2143
2335
2144
2336
2141
2145
2337
2142
2146
2338
2143
2147
2339
2144
2148
2340
2149
2341
2146
2150
2342
2147
2151
2343
2148
2152
2344
2149
2153
2345
2154
2346
2151
2155
2347
2152
2156
2348
2153
2157
2349
2154
2158
2350
2159
2351
2156
2160
2352
2157
2161
2353
2158
2162
2354
2159
2163
2355
2164
2356
2161
2165
2357
2162
2166
2358
2163
2167
2359
2164
2168
2360
2169
2361
2166
2170
2362
2167
2171
2363
2168
2172
2364
2169
2173
2365
2174
2366
2171
2175
2367
2172
2176
2368
2173
2177
2369
2174
2178
2370
2179
2371
2176
2180
2372
2177
2181
2373
2178
2182
2374
2179
2183
2375
2184
2376
2181
2185
2377
2182
2186
2378
2183
2187
2379
2184
2188
2380
2189
2381
2186
2190
2382
2187
2191
2383
2188
2192
2384
2189
2193
2385
2194
2386
2191
2195
2387
2192
2196
2388
2193
2197
2389
2194
2198
2390
2199
2391
2196
2200
2392
2197
2201
2393
2198
2202
2394
2199
2203
2395
2204
2396
2201
2205
2397
2202
2206
2398
2203
2207
2399
2204
2208
2400
2209
2401
2206
2210
2402
2207
2211
2403
2208
2212
2404
2209
2213
2405
2214
2406
2211
2215
2407
2212
2216
2408
2213
2217
2409
2214
2218
2410
2219
2411
2216
2220
2412
2217
2221
2413
2218
2222
2414
2219
2223
2415
2224
2416
2221
2225
2417
2222
2226
2418
2223
2227
2419
2224
2228
2420
2229
2421
2226
2422
2227
2423
2228
2424
2229
2425
2426
2231
2234
2427
2232
2235
2428
2233
2236
2429
2237
2430
2235
2238
2431
2236
2239
2432
2237
2240
2433
2241
2434
2239
2242
2435
2240
2243
2436
2241
2244
2437
2245
2438
2243
2246
2439
2244
2247
2440
2245
2248
2441
2249
2442
2247
2250
2443
2248
2251
2444
2249
2252
2445
2253
2446
2251
2254
2447
2252
2255
2448
2253
2256
2449
2257
2450
2255
2258
2451
2256
2259
2452
2257
2260
2453
2261
2454
2259
2262
2455
2260
2263
2456
2261
2264
2457
2265
2458
2263
2267
2459
2264
2268
2460
2265
2269
2461
2266
2270
2462
2271
2268
2272
2463
2269
2273
2464
2270
2274
2465
2271
2275
2466
2276
2467
2273
2277
2468
2274
2278
2469
2275
2279
2470
2276
2280
2471
2281
2472
2278
2282
2473
2279
2283
2474
2280
2284
2475
2281
2285
2476
2286
2477
2283
2287
2478
2284
2288
2479
2285
2289
2480
2286
2290
2481
2291
2482
2288
2292
2483
2289
2293
2484
2290
2294
2485
2291
2295
2486
2296
2487
2293
2297
2488
2294
2298
2489
2295
2299
2490
2296
2300
2491
2301
2492
2298
2302
2493
2299
2303
2494
2300
2304
2495
2301
2305
2496
2306
2497
2303
2307
2498
2304
2308
2499
2305
2309
2500
2306
2310
2501
2311
2502
2308
2312
2503
2309
2313
2504
2310
2314
2505
2311
2315
2506
2316
2507
2313
2317
2508
2314
2318
2509
2315
2319
2510
2316
2320
2511
2321
2512
2318
2322
2513
2319
2323
2514
2320
2324
2515
2321
2325
2516
2326
2517
2323
2327
2518
2324
2328
2519
2325
2329
2520
2326
2330
2521
2331
2522
2328
2332
2523
2329
2333
2524
2330
2334
2525
2331
2335
2526
2336
2527
2333
2337
2528
2334
2338
2529
2335
2339
2530
2336
2340
2531
2341
2532
2338
2342
2533
2339
2343
2534
2340
2344
2535
2341
2345
2536
2346
2537
2343
2347
2538
2344
2348
2539
2345
2349
2540
2346
2350
2541
2351
2542
2348
2352
2543
2349
2353
2544
2350
2354
2545
2351
2355
2546
2356
2547
2353
2357
2548
2354
2358
2549
2355
2359
2550
2356
2360
2551
2361
2552
2358
2362
2553
2359
2363
2554
2360
2364
2555
2361
2365
2556
2366
2557
2363
2367
2558
2364
2368
2559
2365
2369
2560
2366
2370
2561
2371
2562
2368
2372
2563
2369
2373
2564
2370
2374
2565
2371
2375
2566
2376
2567
2373
2377
2568
2374
2378
2569
2375
2379
2570
2376
2380
2571
2381
2572
2378
2382
2573
2379
2383
2574
2380
2384
2575
2381
2385
2576
2386
2577
2383
2387
2578
2384
2388
2579
2385
2389
2580
2386
2390
2581
2391
2582
2388
2392
2583
2389
2393
2584
2390
2394
2585
2391
2395
2586
2396
2587
2393
2397
2588
2394
2398
2589
2395
2399
2590
2396
2400
2591
2401
2592
2398
2402
2593
2399
2403
2594
2400
2404
2595
2401
2405
2596
2406
2597
2403
2407
2598
2404
2408
2599
2405
2409
2600
2406
2410
2601
2411
2602
2408
2412
2603
2409
2413
2604
2410
2414
2605
2411
2415
2606
2416
2607
2413
2417
2608
2414
2418
2609
2415
2419
2610
2416
2420
2611
2421
2612
2418
2422
2613
2419
2423
2614
2420
2424
2615
2421
2425
2616
2426
2617
2423
2618
2424
2619
2425
2620
2426
2621
2622
2428
2431
2623
2429
2432
2624
2430
2433
2625
2434
2626
2432
2435
2627
2433
2436
2628
2434
2437
2629
2438
2630
2436
2439
2631
2437
2440
2632
2438
2441
2633
2442
2634
2440
2443
2635
2441
2444
2636
2442
2445
2637
2446
2638
2444
2447
2639
2445
2448
2640
2446
2449
2641
2450
2642
2448
2451
2643
2449
2452
2644
2450
2453
2645
2454
2646
2452
2455
2647
2453
2456
2648
2454
2457
2649
2458
2650
2456
2459
2651
2457
2460
2652
2458
2461
2653
2462
2654
2460
2463
2655
2461
2464
2656
2462
2465
2657
2466
2658
2464
2468
2659
2465
2469
2660
2466
2470
2661
2467
2471
2662
2472
2469
2473
2663
2470
2474
2664
2471
2475
2665
2472
2476
2666
2477
2667
2474
2478
2668
2475
2479
2669
2476
2480
2670
2477
2481
2671
2482
2672
2479
2483
2673
2480
2484
2674
2481
2485
2675
2482
2486
2676
2487
2677
2484
2488
2678
2485
2489
2679
2486
2490
2680
2487
2491
2681
2492
2682
2489
2493
2683
2490
2494
2684
2491
2495
2685
2492
2496
2686
2497
2687
2494
2498
2688
2495
2499
2689
2496
2500
2690
2497
2501
2691
2502
2692
2499
2503
2693
2500
2504
2694
2501
2505
2695
2502
2506
2696
2507
2697
2504
2508
2698
2505
2509
2699
2506
2510
2700
2507
2511
2701
2512
2702
2509
2513
2703
2510
2514
2704
2511
2515
2705
2512
2516
2706
2517
2707
2514
2518
2708
2515
2519
2709
2516
2520
2710
2517
2521
2711
2522
2712
2519
2523
2713
2520
2524
2714
2521
2525
2715
2522
2526
2716
2527
2717
2524
2528
2718
2525
2529
2719
2526
2530
2720
2527
2531
2721
2532
2722
2529
2533
2723
2530
2534
2724
2531
2535
2725
2532
2536
2726
2537
2727
2534
2538
2728
2535
2539
2729
2536
2540
2730
2537
2541
2731
2542
2732
2539
2543
2733
2540
2544
2734
2541
2545
2735
2542
2546
2736
2547
2737
2544
2548
2738
2545
2549
2739
2546
2550
2740
2547
2551
2741
2552
2742
2549
2553
2743
2550
2554
2744
2551
2555
2745
2552
2556
2746
2557
2747
2554
2558
2748
2555
2559
2749
2556
2560
2750
2557
2561
2751
2562
2752
2559
2563
2753
2560
2564
2754
2561
2565
2755
2562
2566
2756
2567
2757
2564
2568
2758
2565
2569
2759
2566
2570
2760
2567
2571
2761
2572
2762
2569
2573
2763
2570
2574
2764
2571
2575
2765
2572
2576
2766
2577
2767
2574
2578
2768
2575
2579
2769
2576
2580
2770
2577
2581
2771
2582
2772
2579
2583
2773
2580
2584
2774
2581
2585
2775
2582
2586
2776
2587
2777
2584
2588
2778
2585
2589
2779
2586
2590
2780
2587
2591
2781
2592
2782
2589
2593
2783
2590
2594
2784
2591
2595
2785
2592
2596
2786
2597
2787
2594
2598
2788
2595
2599
2789
2596
2600
2790
2597
2601
2791
2602
2792
2599
2603
2793
2600
2604
2794
2601
2605
2795
2602
2606
2796
2607
2797
2604
2608
2798
2605
2609
2799
2606
2610
2800
2607
2611
2801
2612
2802
2609
2613
2803
2610
2614
2804
2611
2615
2805
2612
2616
2806
2617
2807
2614
2618
2808
2615
2619
2809
2616
2620
2810
2617
2621
2811
2622
2812
2619
2813
2620
2814
2621
2815
2622
2816
2817
2624
2627
2818
2625
2628
2819
2626
2629
2820
2630
2821
2628
2631
2822
2629
2632
2823
2630
2633
2824
2634
2825
2632
2635
2826
2633
2636
2827
2634
2637
2828
2638
2829
2636
2639
2830
2637
2640
2831
2638
2641
2832
2642
2833
2640
2643
2834
2641
2644
2835
2642
2645
2836
2646
2837
2644
2647
2838
2645
2648
2839
2646
2649
2840
2650
2841
2648
2651
2842
2649
2652
2843
2650
2653
2844
2654
2845
2652
2655
2846
2653
2656
2847
2654
2657
2848
2658
2849
2656
2659
2850
2657
2660
2851
2658
2661
2852
2662
2853
2660
2663
2854
2661
2664
2855
2662
2665
2856
2666
2857
2664
2668
2858
2665
2669
2859
2666
2670
2860
2667
2671
2861
2672
2669
2673
2862
2670
2674
2863
2671
2675
2864
2672
2676
2865
2677
2866
2674
2678
2867
2675
2679
2868
2676
2680
2869
2677
2681
2870
2682
2871
2679
2683
2872
2680
2684
2873
2681
2685
2874
2682
2686
2875
2687
2876
2684
2688
2877
2685
2689
2878
2686
2690
2879
2687
2691
2880
2692
2881
2689
2693
2882
2690
2694
2883
2691
2695
2884
2692
2696
2885
2697
2886
2694
2698
2887
2695
2699
2888
2696
2700
2889
2697
2701
2890
2702
2891
2699
2703
2892
2700
2704
2893
2701
2705
2894
2702
2706
2895
2707
2896
2704
2708
2897
2705
2709
2898
2706
2710
2899
2707
2711
2900
2712
2901
2709
2713
2902
2710
2714
2903
2711
2715
2904
2712
2716
2905
2717
2906
2714
2718
2907
2715
2719
2908
2716
2720
2909
2717
2721
2910
2722
2911
2719
2723
2912
2720
2724
2913
2721
2725
2914
2722
2726
2915
2727
2916
2724
2728
2917
2725
2729
2918
2726
2730
2919
2727
2731
2920
2732
2921
2729
2733
2922
2730
2734
2923
2731
2735
2924
2732
2736
2925
2737
2926
2734
2738
2927
2735
2739
2928
2736
2740
2929
2737
2741
2930
2742
2931
2739
2743
2932
2740
2744
2933
2741
2745
2934
2742
2746
2935
2747
2936
2744
2748
2937
2745
2749
2938
2746
2750
2939
2747
2751
2940
2752
2941
2749
2753
2942
2750
2754
2943
2751
2755
2944
2752
2756
2945
2757
2946
2754
2758
2947
2755
2759
2948
2756
2760
2949
2757
2761
2950
2762
2951
2759
2763
2952
2760
2764
2953
2761
2765
2954
2762
2766
2955
2767
2956
2764
2768
2957
2765
2769
2958
2766
2770
2959
2767
2771
2960
2772
2961
2769
2773
2962
2770
2774
2963
2771
2775
2964
2772
2776
2965
2777
2966
2774
2778
2967
2775
2779
2968
2776
2780
2969
2777
2781
2970
2782
2971
2779
2783
2972
2780
2784
2973
2781
2785
2974
2782
2786
2975
2787
2976
2784
2788
2977
2785
2789
2978
2786
2790
2979
2787
2791
2980
2792
2981
2789
2793
2982
2790
2794
2983
2791
2795
2984
2792
2796
2985
2797
2986
2794
2798
2987
2795
2799
2988
2796
2800
2989
2797
2801
2990
2802
2991
2799
2803
2992
2800
2804
2993
2801
2805
2994
2802
2806
2995
2807
2996
2804
2808
2997
2805
2809
2998
2806
2810
2999
2807
2811
3000
2812
3001
2809
2813
3002
2810
2814
3003
2811
2815
3004
2812
2816
3005
2817
3006
2814
3007
2815
3008
2816
3009
2817
3010
3011
2819
2822
3012
2820
2823
3013
2821
2824
3014
2825
3015
2823
2826
3016
2824
2827
3017
2825
2828
3018
2829
3019
2827
2830
3020
2828
2831
3021
2829
2832
3022
2833
3023
2831
2834
3024
2832
2835
3025
2833
2836
3026
2837
3027
2835
2838
3028
2836
2839
3029
2837
2840
3030
2841
3031
2839
2842
3032
2840
2843
3033
2841
2844
3034
2845
3035
2843
2846
3036
2844
2847
3037
2845
2848
3038
2849
3039
2847
2850
3040
2848
2851
3041
2849
2852
3042
2853
3043
2851
2854
3044
2852
2855
3045
2853
2856
3046
2857
3047
2855
2858
3048
2856
2859
3049
2857
2860
3050
2861
3051
2859
2862
3052
2860
2863
3053
2861
2864
3054
2865
3055
2863
2867
3056
2864
2868
3057
2865
2869
3058
2866
2870
3059
2871
2868
2872
3060
2869
2873
3061
2870
2874
3062
2871
2875
3063
2876
3064
2873
2877
3065
2874
2878
3066
2875
2879
3067
2876
2880
3068
2881
3069
2878
2882
3070
2879
2883
3071
2880
2884
3072
2881
2885
3073
2886
3074
2883
2887
3075
2884
2888
3076
2885
2889
3077
2886
2890
3078
2891
3079
2888
2892
3080
2889
2893
3081
2890
2894
3082
2891
2895
3083
2896
3084
2893
2897
3085
2894
2898
3086
2895
2899
3087
2896
2900
3088
2901
3089
2898
2902
3090
2899
2903
3091
2900
2904
3092
2901
2905
3093
2906
3094
2903
2907
3095
2904
2908
3096
2905
2909
3097
2906
2910
3098
2911
3099
2908
2912
3100
2909
2913
3101
2910
2914
3102
2911
2915
3103
2916
3104
2913
2917
3105
2914
2918
3106
2915
2919
3107
2916
2920
3108
2921
3109
2918
2922
3110
2919
2923
3111
2920
2924
3112
2921
2925
3113
2926
3114
2923
2927
3115
2924
2928
3116
2925
2929
3117
2926
2930
3118
2931
3119
2928
2932
3120
2929
2933
3121
2930
2934
3122
2931
2935
3123
2936
3124
2933
2937
3125
2934
2938
3126
2935
2939
3127
2936
2940
3128
2941
3129
2938
2942
3130
2939
2943
3131
2940
2944
3132
2941
2945
3133
2946
3134
2943
2947
3135
2944
2948
3136
2945
2949
3137
2946
2950
3138
2951
3139
2948
2952
3140
2949
2953
3141
2950
2954
3142
2951
2955
3143
2956
3144
2953
2957
3145
2954
2958
3146
2955
2959
3147
2956
2960
3148
2961
3149
2958
2962
3150
2959
2963
3151
2960
2964
3152
2961
2965
3153
2966
3154
2963
2967
3155
2964
2968
3156
2965
2969
3157
2966
2970
3158
2971
3159
2968
2972
3160
2969
2973
3161
2970
2974
3162
2971
2975
3163
2976
3164
2973
2977
3165
2974
2978
3166
2975
2979
3167
2976
2980
3168
2981
3169
2978
2982
3170
2979
2983
3171
2980
2984
3172
2981
2985
3173
2986
3174
2983
2987
3175
2984
2988
3176
2985
2989
3177
2986
2990
3178
2991
3179
2988
2992
3180
2989
2993
3181
2990
2994
3182
2991
2995
3183
2996
3184
2993
2997
3185
2994
2998
3186
2995
2999
3187
2996
3000
3188
3001
3189
2998
3002
3190
2999
3003
3191
3000
3004
3192
3001
3005
3193
3006
3194
3003
3007
3195
3004
3008
3196
3005
3009
3197
3006
3010
3198
3011
3199
3008
3200
3009
3201
3010
3202
3011
3203
3204
3013
3016
3205
3014
3017
3206
3015
3018
3207
3019
3208
3017
3020
3209
3018
3021
3210
3019
3022
3211
3023
3212
3021
3024
3213
3022
3025
3214
3023
3026
3215
3027
3216
3025
3028
3217
3026
3029
3218
3027
3030
3219
3031
3220
3029
3032
3221
3030
3033
3222
3031
3034
3223
3035
3224
3033
3036
3225
3034
3037
3226
3035
3038
3227
3039
3228
3037
3040
3229
3038
3041
3230
3039
3042
3231
3043
3232
3041
3044
3233
3042
3045
3234
3043
3046
3235
3047
3236
3045
3048
3237
3046
3049
3238
3047
3050
3239
3051
3240
3049
3052
3241
3050
3053
3242
3051
3054
3243
3055
3244
3053
3056
3245
3054
3057
3246
3055
3058
3247
3059
3248
3057
3060
3249
3058
3061
3250
3059
3062
3251
3063
3252
3061
3065
3253
3062
3066
3254
3063
3067
3255
3064
3068
3256
3069
3066
3070
3257
3067
3071
3258
3068
3072
3259
3069
3073
3260
3074
3261
3071
3075
3262
3072
3076
3263
3073
3077
3264
3074
3078
3265
3079
3266
3076
3080
3267
3077
3081
3268
3078
3082
3269
3079
3083
3270
3084
3271
3081
3085
3272
3082
3086
3273
3083
3087
3274
3084
3088
3275
3089
3276
3086
3090
3277
3087
3091
3278
3088
3092
3279
3089
3093
3280
3094
3281
3091
3095
3282
3092
3096
3283
3093
3097
3284
3094
3098
3285
3099
3286
3096
3100
3287
3097
3101
3288
3098
3102
3289
3099
3103
3290
3104
3291
3101
3105
3292
3102
3106
3293
3103
3107
3294
3104
3108
3295
3109
3296
3106
3110
3297
3107
3111
3298
3108
3112
3299
3109
3113
3300
3114
3301
3111
3115
3302
3112
3116
3303
3113
3117
3304
3114
3118
3305
3119
3306
3116
3120
3307
3117
3121
3308
3118
3122
3309
3119
3123
3310
3124
3311
3121
3125
3312
3122
3126
3313
3123
3127
3314
3124
3128
3315
3129
3316
3126
3130
3317
3127
3131
3318
3128
3132
3319
3129
3133
3320
3134
3321
3131
3135
3322
3132
3136
3323
3133
3137
3324
3134
3138
3325
3139
3326
3136
3140
3327
3137
3141
3328
3138
3142
3329
3139
3143
3330
3144
3331
3141
3145
3332
3142
3146
3333
3143
3147
3334
3144
3148
3335
3149
3336
3146
3150
3337
3147
3151
3338
3148
3152
3339
3149
3153
3340
3154
3341
3151
3155
3342
3152
3156
3343
3153
3157
3344
3154
3158
3345
3159
3346
3156
3160
3347
3157
3161
3348
3158
3162
3349
3159
3163
3350
3164
3351
3161
3165
3352
3162
3166
3353
3163
3167
3354
3164
3168
3355
3169
3356
3166
3170
3357
3167
3171
3358
3168
3172
3359
3169
3173
3360
3174
3361
3171
3175
3362
3172
3176
3363
3173
3177
3364
3174
3178
3365
3179
3366
3176
3180
3367
3177
3181
3368
3178
3182
3369
3179
3183
3370
3184
3371
3181
3185
3372
3182
3186
3373
3183
3187
3374
3184
3188
3375
3189
3376
3186
3190
3377
3187
3191
3378
3188
3192
3379
3189
3193
3380
3194
3381
3191
3195
3382
3192
3196
3383
3193
3197
3384
3194
3198
3385
3199
3386
3196
3200
3387
3197
3201
3388
3198
3202
3389
3199
3203
3390
3204
3391
3201
3392
3202
3393
3203
3394
3204
3395
3396
3206
3209
3397
3207
3210
3398
3208
3211
3399
3212
3400
3210
3213
3401
3211
3214
3402
3212
3215
3403
3216
3404
3214
3217
3405
3215
3218
3406
3216
3219
3407
3220
3408
3218
3221
3409
3219
3222
3410
3220
3223
3411
3224
3412
3222
3225
3413
3223
3226
3414
3224
3227
3415
3228
3416
3226
3229
3417
3227
3230
3418
3228
3231
3419
3232
3420
3230
3233
3421
3231
3234
3422
3232
3235
3423
3236
3424
3234
3237
3425
3235
3238
3426
3236
3239
3427
3240
3428
3238
3241
3429
3239
3242
3430
3240
3243
3431
3244
3432
3242
3245
3433
3243
3246
3434
3244
3247
3435
3248
3436
3246
3249
3437
3247
3250
3438
3248
3251
3439
3252
3440
3250
3253
3441
3251
3254
3442
3252
3255
3443
3256
3444
3254
3257
3445
3255
3258
3446
3256
3259
3447
3260
3448
3258
3262
3449
3259
3263
3450
3260
3264
3451
3261
3265
3452
3266
3263
3267
3453
3264
3268
3454
3265
3269
3455
3266
3270
3456
3271
3457
3268
3272
3458
3269
3273
3459
3270
3274
3460
3271
3275
3461
3276
3462
3273
3277
3463
3274
3278
3464
3275
3279
3465
3276
3280
3466
3281
3467
3278
3282
3468
3279
3283
3469
3280
3284
3470
3281
3285
3471
3286
3472
3283
3287
3473
3284
3288
3474
3285
3289
3475
3286
3290
3476
3291
3477
3288
3292
3478
3289
3293
3479
3290
3294
3480
3291
3295
3481
3296
3482
3293
3297
3483
3294
3298
3484
3295
3299
3485
3296
3300
3486
3301
3487
3298
3302
3488
3299
3303
3489
3300
3304
3490
3301
3305
3491
3306
3492
3303
3307
3493
3304
3308
3494
3305
3309
3495
3306
3310
3496
3311
3497
3308
3312
3498
3309
3313
3499
3310
3314
3500
3311
3315
3501
3316
3502
3313
3317
3503
3314
3318
3504
3315
3319
3505
3316
3320
3506
3321
3507
3318
3322
3508
3319
3323
3509
3320
3324
3510
3321
3325
3511
3326
3512
3323
3327
3513
3324
3328
3514
3325
3329
3515
3326
3330
3516
3331
3517
3328
3332
3518
3329
3333
3519
3330
3334
3520
3331
3335
3521
3336
3522
3333
3337
3523
3334
3338
3524
3335
3339
3525
3336
3340
3526
3341
3527
3338
3342
3528
3339
3343
3529
3340
3344
3530
3341
3345
3531
3346
3532
3343
3347
3533
3344
3348
3534
3345
3349
3535
3346
3350
3536
3351
3537
3348
3352
3538
3349
3353
3539
3350
3354
3540
3351
3355
3541
3356
3542
3353
3357
3543
3354
3358
3544
3355
3359
3545
3356
3360
3546
3361
3547
3358
3362
3548
3359
3363
3549
3360
3364
3550
3361
3365
3551
3366
3552
3363
3367
3553
3364
3368
3554
3365
3369
3555
3366
3370
3556
3371
3557
3368
3372
3558
3369
3373
3559
3370
3374
3560
3371
3375
3561
3376
3562
3373
3377
3563
3374
3378
3564
3375
3379
3565
3376
3380
3566
3381
3567
3378
3382
3568
3379
3383
3569
3380
3384
3570
3381
3385
3571
3386
3572
3383
3387
3573
3384
3388
3574
3385
3389
3575
3386
3390
3576
3391
3577
3388
3392
3578
3389
3393
3579
3390
3394
3580
3391
3395
3581
3396
3582
3393
3583
3394
3584
3395
3585
3396
3586
3587
3398
3401
3588
3399
3402
3589
3400
3403
3590
3404
3591
3402
3405
3592
3403
3406
3593
3404
3407
3594
3408
3595
3406
3409
3596
3407
3410
3597
3408
3411
3598
3412
3599
3410
3413
3600
3411
3414
3601
3412
3415
3602
3416
3603
3414
3417
3604
3415
3418
3605
3416
3419
3606
3420
3607
3418
3421
3608
3419
3422
3609
3420
3423
3610
3424
3611
3422
3425
3612
3423
3426
3613
3424
3427
3614
3428
3615
3426
3429
3616
3427
3430
3617
3428
3431
3618
3432
3619
3430
3433
3620
3431
3434
3621
3432
3435
3622
3436
3623
3434
3437
3624
3435
3438
3625
3436
3439
3626
3440
3627
3438
3441
3628
3439
3442
3629
3440
3443
3630
3444
3631
3442
3445
3632
3443
3446
3633
3444
3447
3634
3448
3635
3446
3449
3636
3447
3450
3637
3448
3451
3638
3452
3639
3450
3453
3640
3451
3454
3641
3452
3455
3642
3456
3643
3454
3458
3644
3455
3459
3645
3456
3460
3646
3457
3461
3647
3462
3459
3463
3648
3460
3464
3649
3461
3465
3650
3462
3466
3651
3467
3652
3464
3468
3653
3465
3469
3654
3466
3470
3655
3467
3471
3656
3472
3657
3469
3473
3658
3470
3474
3659
3471
3475
3660
3472
3476
3661
3477
3662
3474
3478
3663
3475
3479
3664
3476
3480
3665
3477
3481
3666
3482
3667
3479
3483
3668
3480
3484
3669
3481
3485
3670
3482
3486
3671
3487
3672
3484
3488
3673
3485
3489
3674
3486
3490
3675
3487
3491
3676
3492
3677
3489
3493
3678
3490
3494
3679
3491
3495
3680
3492
3496
3681
3497
3682
3494
3498
3683
3495
3499
3684
3496
3500
3685
3497
3501
3686
3502
3687
3499
3503
3688
3500
3504
3689
3501
3505
3690
3502
3506
3691
3507
3692
3504
3508
3693
3505
3509
3694
3506
3510
3695
3507
3511
3696
3512
3697
3509
3513
3698
3510
3514
3699
3511
3515
3700
3512
3516
3701
3517
3702
3514
3518
3703
3515
3519
3704
3516
3520
3705
3517
3521
3706
3522
3707
3519
3523
3708
3520
3524
3709
3521
3525
3710
3522
3526
3711
3527
3712
3524
3528
3713
3525
3529
3714
3526
3530
3715
3527
3531
3716
3532
3717
3529
3533
3718
3530
3534
3719
3531
3535
3720
3532
3536
3721
3537
3722
3534
3538
3723
3535
3539
3724
3536
3540
3725
3537
3541
3726
3542
3727
3539
3543
3728
3540
3544
3729
3541
3545
3730
3542
3546
3731
3547
3732
3544
3548
3733
3545
3549
3734
3546
3550
3735
3547
3551
3736
3552
3737
3549
3553
3738
3550
3554
3739
3551
3555
3740
3552
3556
3741
3557
3742
3554
3558
3743
3555
3559
3744
3556
3560
3745
3557
3561
3746
3562
3747
3559
3563
3748
3560
3564
3749
3561
3565
3750
3562
3566
3751
3567
3752
3564
3568
3753
3565
3569
3754
3566
3570
3755
3567
3571
3756
3572
3757
3569
3573
3758
3570
3574
3759
3571
3575
3760
3572
3576
3761
3577
3762
3574
3578
3763
3575
3579
3764
3576
3580
3765
3577
3581
3766
3582
3767
3579
3583
3768
3580
3584
3769
3581
3585
3770
3582
3586
3771
3587
3772
3584
3773
3585
3774
3586
3775
3587
3776
3777
3589
3592
3778
3590
3593
3779
3591
3594
3780
3595
3781
3593
3596
3782
3594
3597
3783
3595
3598
3784
3599
3785
3597
3600
3786
3598
3601
3787
3599
3602
3788
3603
3789
3601
3604
3790
3602
3605
3791
3603
3606
3792
3607
3793
3605
3608
3794
3606
3609
3795
3607
3610
3796
3611
3797
3609
3612
3798
3610
3613
3799
3611
3614
3800
3615
3801
3613
3616
3802
3614
3617
3803
3615
3618
3804
3619
3805
3617
3620
3806
3618
3621
3807
3619
3622
3808
3623
3809
3621
3624
3810
3622
3625
3811
3623
3626
3812
3627
3813
3625
3628
3814
3626
3629
3815
3627
3630
3816
3631
3817
3629
3632
3818
3630
3633
3819
3631
3634
3820
3635
3821
3633
3636
3822
3634
3637
3823
3635
3638
3824
3639
3825
3637
3640
3826
3638
3641
3827
3639
3642
3828
3643
3829
3641
3644
3830
3642
3645
3831
3643
3646
3832
3647
3833
3645
3648
3834
3646
3649
3835
3647
3650
3836
3651
3837
3649
3653
3838
3650
3654
3839
3651
3655
3840
3652
3656
3841
3657
3654
3658
3842
3655
3659
3843
3656
3660
3844
3657
3661
3845
3662
3846
3659
3663
3847
3660
3664
3848
3661
3665
3849
3662
3666
3850
3667
3851
3664
3668
3852
3665
3669
3853
3666
3670
3854
3667
3671
3855
3672
3856
3669
3673
3857
3670
3674
3858
3671
3675
3859
3672
3676
3860
3677
3861
3674
3678
3862
3675
3679
3863
3676
3680
3864
3677
3681
3865
3682
3866
3679
3683
3867
3680
3684
3868
3681
3685
3869
3682
3686
3870
3687
3871
3684
3688
3872
3685
3689
3873
3686
3690
3874
3687
3691
3875
3692
3876
3689
3693
3877
3690
3694
3878
3691
3695
3879
3692
3696
3880
3697
3881
3694
3698
3882
3695
3699
3883
3696
3700
3884
3697
3701
3885
3702
3886
3699
3703
3887
3700
3704
3888
3701
3705
3889
3702
3706
3890
3707
3891
3704
3708
3892
3705
3709
3893
3706
3710
3894
3707
3711
3895
3712
3896
3709
3713
3897
3710
3714
3898
3711
3715
3899
3712
3716
3900
3717
3901
3714
3718
3902
3715
3719
3903
3716
3720
3904
3717
3721
3905
3722
3906
3719
3723
3907
3720
3724
3908
3721
3725
3909
3722
3726
3910
3727
3911
3724
3728
3912
3725
3729
3913
3726
3730
3914
3727
3731
3915
3732
3916
3729
3733
3917
3730
3734
3918
3731
3735
3919
3732
3736
3920
3737
3921
3734
3738
3922
3735
3739
3923
3736
3740
3924
3737
3741
3925
3742
3926
3739
3743
3927
3740
3744
3928
3741
3745
3929
3742
3746
3930
3747
3931
3744
3748
3932
3745
3749
3933
3746
3750
3934
3747
3751
3935
3752
3936
3749
3753
3937
3750
3754
3938
3751
3755
3939
3752
3756
3940
3757
3941
3754
3758
3942
3755
3759
3943
3756
3760
3944
3757
3761
3945
3762
3946
3759
3763
3947
3760
3764
3948
3761
3765
3949
3762
3766
3950
3767
3951
3764
3768
3952
3765
3769
3953
3766
3770
3954
3767
3771
3955
3772
3956
3769
3773
3957
3770
3774
3958
3771
3775
3959
3772
3776
3960
3777
3961
3774
3962
3775
3963
3776
3964
3777
3965
3966
3779
3782
3967
3780
3783
3968
3781
3784
3969
3785
3970
3783
3786
3971
3784
3787
3972
3785
3788
3973
3789
3974
3787
3790
3975
3788
3791
3976
3789
3792
3977
3793
3978
3791
3794
3979
3792
3795
3980
3793
3796
3981
3797
3982
3795
3798
3983
3796
3799
3984
3797
3800
3985
3801
3986
3799
3802
3987
3800
3803
3988
3801
3804
3989
3805
3990
3803
3806
3991
3804
3807
3992
3805
3808
3993
3809
3994
3807
3810
3995
3808
3811
3996
3809
3812
3997
3813
3998
3811
3814
3999
3812
3815
4000
3813
3816
4001
3817
4002
3815
3818
4003
3816
3819
4004
3817
3820
4005
3821
4006
3819
3822
4007
3820
3823
4008
3821
3824
4009
3825
4010
3823
3826
4011
3824
3827
4012
3825
3828
4013
3829
4014
3827
3830
4015
3828
3831
4016
3829
3832
4017
3833
4018
3831
3834
4019
3832
3835
4020
3833
3836
4021
3837
4022
3835
3838
4023
3836
3839
4024
3837
3840
4025
3841
4026
3839
3842
4027
3840
3843
4028
3841
3844
4029
3845
4030
3843
3847
4031
3844
3848
4032
3845
3849
4033
3846
3850
4034
3851
3848
3852
4035
3849
3853
4036
3850
3854
4037
3851
3855
4038
3856
4039
3853
3857
4040
3854
3858
4041
3855
3859
4042
3856
3860
4043
3861
4044
3858
3862
4045
3859
3863
4046
3860
3864
4047
3861
3865
4048
3866
4049
3863
3867
4050
3864
3868
4051
3865
3869
4052
3866
3870
4053
3871
4054
3868
3872
4055
3869
3873
4056
3870
3874
4057
3871
3875
4058
3876
4059
3873
3877
4060
3874
3878
4061
3875
3879
4062
3876
3880
4063
3881
4064
3878
3882
4065
3879
3883
4066
3880
3884
4067
3881
3885
4068
3886
4069
3883
3887
4070
3884
3888
4071
3885
3889
4072
3886
3890
4073
3891
4074
3888
3892
4075
3889
3893
4076
3890
3894
4077
3891
3895
4078
3896
4079
3893
3897
4080
3894
3898
4081
3895
3899
4082
3896
3900
4083
3901
4084
3898
3902
4085
3899
3903
4086
3900
3904
4087
3901
3905
4088
3906
4089
3903
3907
4090
3904
3908
4091
3905
3909
4092
3906
3910
4093
3911
4094
3908
3912
4095
3909
3913
4096
3910
3914
4097
3911
3915
4098
3916
4099
3913
3917
4100
3914
3918
4101
3915
3919
4102
3916
3920
4103
3921
4104
3918
3922
4105
3919
3923
4106
3920
3924
4107
3921
3925
4108
3926
4109
3923
3927
4110
3924
3928
4111
3925
3929
4112
3926
3930
4113
3931
4114
3928
3932
4115
3929
3933
4116
3930
3934
4117
3931
3935
4118
3936
4119
3933
3937
4120
3934
3938
4121
3935
3939
4122
3936
3940
4123
3941
4124
3938
3942
4125
3939
3943
4126
3940
3944
4127
3941
3945
4128
3946
4129
3943
3947
4130
3944
3948
4131
3945
3949
4132
3946
3950
4133
3951
4134
3948
3952
4135
3949
3953
4136
3950
3954
4137
3951
3955
4138
3956
4139
3953
3957
4140
3954
3958
4141
3955
3959
4142
3956
3960
4143
3961
4144
3958
3962
4145
3959
3963
4146
3960
3964
4147
3961
3965
4148
3966
4149
3963
4150
3964
4151
3965
4152
3966
4153
4154
3968
3971
4155
3969
3972
4156
3970
3973
4157
3974
4158
3972
3975
4159
3973
3976
4160
3974
3977
4161
3978
4162
3976
3979
4163
3977
3980
4164
3978
3981
4165
3982
4166
3980
3983
4167
3981
3984
4168
3982
3985
4169
3986
4170
3984
3987
4171
3985
3988
4172
3986
3989
4173
3990
4174
3988
3991
4175
3989
3992
4176
3990
3993
4177
3994
4178
3992
3995
4179
3993
3996
4180
3994
3997
4181
3998
4182
3996
3999
4183
3997
4000
4184
3998
4001
4185
4002
4186
4000
4003
4187
4001
4004
4188
4002
4005
4189
4006
4190
4004
4007
4191
4005
4008
4192
4006
4009
4193
4010
4194
4008
4011
4195
4009
4012
4196
4010
4013
4197
4014
4198
4012
4015
4199
4013
4016
4200
4014
4017
4201
4018
4202
4016
4019
4203
4017
4020
4204
4018
4021
4205
4022
4206
4020
4023
4207
4021
4024
4208
4022
4025
4209
4026
4210
4024
4027
4211
4025
4028
4212
4026
4029
4213
4030
4214
4028
4031
4215
4029
4032
4216
4030
4033
4217
4034
4218
4032
4035
4219
4033
4036
4220
4034
4037
4221
4038
4222
4036
4040
4223
4037
4041
4224
4038
4042
4225
4039
4043
4226
4044
4041
4045
4227
4042
4046
4228
4043
4047
4229
4044
4048
4230
4049
4231
4046
4050
4232
4047
4051
4233
4048
4052
4234
4049
4053
4235
4054
4236
4051
4055
4237
4052
4056
4238
4053
4057
4239
4054
4058
4240
4059
4241
4056
4060
4242
4057
4061
4243
4058
4062
4244
4059
4063
4245
4064
4246
4061
4065
4247
4062
4066
4248
4063
4067
4249
4064
4068
4250
4069
4251
4066
4070
4252
4067
4071
4253
4068
4072
4254
4069
4073
4255
4074
4256
4071
4075
4257
4072
4076
4258
4073
4077
4259
4074
4078
4260
4079
4261
4076
4080
4262
4077
4081
4263
4078
4082
4264
4079
4083
4265
4084
4266
4081
4085
4267
4082
4086
4268
4083
4087
4269
4084
4088
4270
4089
4271
4086
4090
4272
4087
4091
4273
4088
4092
4274
4089
4093
4275
4094
4276
4091
4095
4277
4092
4096
4278
4093
4097
4279
4094
4098
4280
4099
4281
4096
4100
4282
4097
4101
4283
4098
4102
4284
4099
4103
4285
4104
4286
4101
4105
4287
4102
4106
4288
4103
4107
4289
4104
4108
4290
4109
4291
4106
4110
4292
4107
4111
4293
4108
4112
4294
4109
4113
4295
4114
4296
4111
4115
4297
4112
4116
4298
4113
4117
4299
4114
4118
4300
4119
4301
4116
4120
4302
4117
4121
4303
4118
4122
4304
4119
4123
4305
4124
4306
4121
4125
4307
4122
4126
4308
4123
4127
4309
4124
4128
4310
4129
4311
4126
4130
4312
4127
4131
4313
4128
4132
4314
4129
4133
4315
4134
4316
4131
4135
4317
4132
4136
4318
4133
4137
4319
4134
4138
4320
4139
4321
4136
4140
4322
4137
4141
4323
4138
4142
4324
4139
4143
4325
4144
4326
4141
4145
4327
4142
4146
4328
4143
4147
4329
4144
4148
4330
4149
4331
4146
4150
4332
4147
4151
4333
4148
4152
4334
4149
4153
4335
4154
4336
4151
4337
4152
4338
4153
4339
4154
4340
4341
4156
4159
4342
4157
4160
4343
4158
4161
4344
4162
4345
4160
4163
4346
4161
4164
4347
4162
4165
4348
4166
4349
4164
4167
4350
4165
4168
4351
4166
4169
4352
4170
4353
4168
4171
4354
4169
4172
4355
4170
4173
4356
4174
4357
4172
4175
4358
4173
4176
4359
4174
4177
4360
4178
4361
4176
4179
4362
4177
4180
4363
4178
4181
4364
4182
4365
4180
4183
4366
4181
4184
4367
4182
4185
4368
4186
4369
4184
4187
4370
4185
4188
4371
4186
4189
4372
4190
4373
4188
4191
4374
4189
4192
4375
4190
4193
4376
4194
4377
4192
4195
4378
4193
4196
4379
4194
4197
4380
4198
4381
4196
4199
4382
4197
4200
4383
4198
4201
4384
4202
4385
4200
4203
4386
4201
4204
4387
4202
4205
4388
4206
4389
4204
4207
4390
4205
4208
4391
4206
4209
4392
4210
4393
4208
4211
4394
4209
4212
4395
4210
4213
4396
4214
4397
4212
4215
4398
4213
4216
4399
4214
4217
4400
4218
4401
4216
4219
4402
4217
4220
4403
4218
4221
4404
4222
4405
4220
4223
4406
4221
4224
4407
4222
4225
4408
4226
4409
4224
4227
4410
4225
4228
4411
4226
4229
4412
4230
4413
4228
4232
4414
4229
4233
4415
4230
4234
4416
4231
4235
4417
4236
4233
4237
4418
4234
4238
4419
4235
4239
4420
4236
4240
4421
4241
4422
4238
4242
4423
4239
4243
4424
4240
4244
4425
4241
4245
4426
4246
4427
4243
4247
4428
4244
4248
4429
4245
4249
4430
4246
4250
4431
4251
4432
4248
4252
4433
4249
4253
4434
4250
4254
4435
4251
4255
4436
4256
4437
4253
4257
4438
4254
4258
4439
4255
4259
4440
4256
4260
4441
4261
4442
4258
4262
4443
4259
4263
4444
4260
4264
4445
4261
4265
4446
4266
4447
4263
4267
4448
4264
4268
4449
4265
4269
4450
4266
4270
4451
4271
4452
4268
4272
4453
4269
4273
4454
4270
4274
4455
4271
4275
4456
4276
4457
4273
4277
4458
4274
4278
4459
4275
4279
4460
4276
4280
4461
4281
4462
4278
4282
4463
4279
4283
4464
4280
4284
4465
4281
4285
4466
4286
4467
4283
4287
4468
4284
4288
4469
4285
4289
4470
4286
4290
4471
4291
4472
4288
4292
4473
4289
4293
4474
4290
4294
4475
4291
4295
4476
4296
4477
4293
4297
4478
4294
4298
4479
4295
4299
4480
4296
4300
4481
4301
4482
4298
4302
4483
4299
4303
4484
4300
4304
4485
4301
4305
4486
4306
4487
4303
4307
4488
4304
4308
4489
4305
4309
4490
4306
4310
4491
4311
4492
4308
4312
4493
4309
4313
4494
4310
4314
4495
4311
4315
4496
4316
4497
4313
4317
4498
4314
4318
4499
4315
4319
4500
4316
4320
4501
4321
4502
4318
4322
4503
4319
4323
4504
4320
4324
4505
4321
4325
4506
4326
4507
4323
4327
4508
4324
4328
4509
4325
4329
4510
4326
4330
4511
4331
4512
4328
4332
4513
4329
4333
4514
4330
4334
4515
4331
4335
4516
4336
4517
4333
4337
4518
4334
4338
4519
4335
4339
4520
4336
4340
4521
4341
4522
4338
4523
4339
4524
4340
4525
4341
4526
4527
4343
4346
4528
4344
4347
4529
4345
4348
4530
4349
4531
4347
4350
4532
4348
4351
4533
4349
4352
4534
4353
4535
4351
4354
4536
4352
4355
4537
4353
4356
4538
4357
4539
4355
4358
4540
4356
4359
4541
4357
4360
4542
4361
4543
4359
4362
4544
4360
4363
4545
4361
4364
4546
4365
4547
4363
4366
4548
4364
4367
4549
4365
4368
4550
4369
4551
4367
4370
4552
4368
4371
4553
4369
4372
4554
4373
4555
4371
4374
4556
4372
4375
4557
4373
4376
4558
4377
4559
4375
4378
4560
4376
4379
4561
4377
4380
4562
4381
4563
4379
4382
4564
4380
4383
4565
4381
4384
4566
4385
4567
4383
4386
4568
4384
4387
4569
4385
4388
4570
4389
4571
4387
4390
4572
4388
4391
4573
4389
4392
4574
4393
4575
4391
4394
4576
4392
4395
4577
4393
4396
4578
4397
4579
4395
4398
4580
4396
4399
4581
4397
4400
4582
4401
4583
4399
4402
4584
4400
4403
4585
4401
4404
4586
4405
4587
4403
4406
4588
4404
4407
4589
4405
4408
4590
4409
4591
4407
4410
4592
4408
4411
4593
4409
4412
4594
4413
4595
4411
4414
4596
4412
4415
4597
4413
4416
4598
4417
4599
4415
4418
4600
4416
4419
4601
4417
4420
4602
4421
4603
4419
4423
4604
4420
4424
4605
4421
4425
4606
4422
4426
4607
4427
4424
4428
4608
4425
4429
4609
4426
4430
4610
4427
4431
4611
4432
4612
4429
4433
4613
4430
4434
4614
4431
4435
4615
4432
4436
4616
4437
4617
4434
4438
4618
4435
4439
4619
4436
4440
4620
4437
4441
4621
4442
4622
4439
4443
4623
4440
4444
4624
4441
4445
4625
4442
4446
4626
4447
4627
4444
4448
4628
4445
4449
4629
4446
4450
4630
4447
4451
4631
4452
4632
4449
4453
4633
4450
4454
4634
4451
4455
4635
4452
4456
4636
4457
4637
4454
4458
4638
4455
4459
4639
4456
4460
4640
4457
4461
4641
4462
4642
4459
4463
4643
4460
4464
4644
4461
4465
4645
4462
4466
4646
4467
4647
4464
4468
4648
4465
4469
4649
4466
4470
4650
4467
4471
4651
4472
4652
4469
4473
4653
4470
4474
4654
4471
4475
4655
4472
4476
4656
4477
4657
4474
4478
4658
4475
4479
4659
4476
4480
4660
4477
4481
4661
4482
4662
4479
4483
4663
4480
4484
4664
4481
4485
4665
4482
4486
4666
4487
4667
4484
4488
4668
4485
4489
4669
4486
4490
4670
4487
4491
4671
4492
4672
4489
4493
4673
4490
4494
4674
4491
4495
4675
4492
4496
4676
4497
4677
4494
4498
4678
4495
4499
4679
4496
4500
4680
4497
4501
4681
4502
4682
4499
4503
4683
4500
4504
4684
4501
4505
4685
4502
4506
4686
4507
4687
4504
4508
4688
4505
4509
4689
4506
4510
4690
4507
4511
4691
4512
4692
4509
4513
4693
4510
4514
4694
4511
4515
4695
4512
4516
4696
4517
4697
4514
4518
4698
4515
4519
4699
4516
4520
4700
4517
4521
4701
4522
4702
4519
4523
4703
4520
4524
4704
4521
4525
4705
4522
4526
4706
4527
4707
4524
4708
4525
4709
4526
4710
4527
4711
4712
4529
4532
4713
4530
4533
4714
4531
4534
4715
4535
4716
4533
4536
4717
4534
4537
4718
4535
4538
4719
4539
4720
4537
4540
4721
4538
4541
4722
4539
4542
4723
4543
4724
4541
4544
4725
4542
4545
4726
4543
4546
4727
4547
4728
4545
4548
4729
4546
4549
4730
4547
4550
4731
4551
4732
4549
4552
4733
4550
4553
4734
4551
4554
4735
4555
4736
4553
4556
4737
4554
4557
4738
4555
4558
4739
4559
4740
4557
4560
4741
4558
4561
4742
4559
4562
4743
4563
4744
4561
4564
4745
4562
4565
4746
4563
4566
4747
4567
4748
4565
4568
4749
4566
4569
4750
4567
4570
4751
4571
4752
4569
4572
4753
4570
4573
4754
4571
4574
4755
4575
4756
4573
4576
4757
4574
4577
4758
4575
4578
4759
4579
4760
4577
4580
4761
4578
4581
4762
4579
4582
4763
4583
4764
4581
4584
4765
4582
4585
4766
4583
4586
4767
4587
4768
4585
4588
4769
4586
4589
4770
4587
4590
4771
4591
4772
4589
4592
4773
4590
4593
4774
4591
4594
4775
4595
4776
4593
4596
4777
4594
4597
4778
4595
4598
4779
4599
4780
4597
4600
4781
4598
4601
4782
4599
4602
4783
4603
4784
4601
4604
4785
4602
4605
4786
4603
4606
4787
4607
4788
4605
4608
4789
4606
4609
4790
4607
4610
4791
4611
4792
4609
4613
4793
4610
4614
4794
4611
4615
4795
4612
4616
4796
4617
4614
4618
4797
4615
4619
4798
4616
4620
4799
4617
4621
4800
4622
4801
4619
4623
4802
4620
4624
4803
4621
4625
4804
4622
4626
4805
4627
4806
4624
4628
4807
4625
4629
4808
4626
4630
4809
4627
4631
4810
4632
4811
4629
4633
4812
4630
4634
4813
4631
4635
4814
4632
4636
4815
4637
4816
4634
4638
4817
4635
4639
4818
4636
4640
4819
4637
4641
4820
4642
4821
4639
4643
4822
4640
4644
4823
4641
4645
4824
4642
4646
4825
4647
4826
4644
4648
4827
4645
4649
4828
4646
4650
4829
4647
4651
4830
4652
4831
4649
4653
4832
4650
4654
4833
4651
4655
4834
4652
4656
4835
4657
4836
4654
4658
4837
4655
4659
4838
4656
4660
4839
4657
4661
4840
4662
4841
4659
4663
4842
4660
4664
4843
4661
4665
4844
4662
4666
4845
4667
4846
4664
4668
4847
4665
4669
4848
4666
4670
4849
4667
4671
4850
4672
4851
4669
4673
4852
4670
4674
4853
4671
4675
4854
4672
4676
4855
4677
4856
4674
4678
4857
4675
4679
4858
4676
4680
4859
4677
4681
4860
4682
4861
4679
4683
4862
4680
4684
4863
4681
4685
4864
4682
4686
4865
4687
4866
4684
4688
4867
4685
4689
4868
4686
4690
4869
4687
4691
4870
4692
4871
4689
4693
4872
4690
4694
4873
4691
4695
4874
4692
4696
4875
4697
4876
4694
4698
4877
4695
4699
4878
4696
4700
4879
4697
4701
4880
4702
4881
4699
4703
4882
4700
4704
4883
4701
4705
4884
4702
4706
4885
4707
4886
4704
4708
4887
4705
4709
4888
4706
4710
4889
4707
4711
4890
4712
4891
4709
4892
4710
4893
4711
4894
4712
4895
4896
4714
4717
4897
4715
4718
4898
4716
4719
4899
4720
4900
4718
4721
4901
4719
4722
4902
4720
4723
4903
4724
4904
4722
4725
4905
4723
4726
4906
4724
4727
4907
4728
4908
4726
4729
4909
4727
4730
4910
4728
4731
4911
4732
4912
4730
4733
4913
4731
4734
4914
4732
4735
4915
4736
4916
4734
4737
4917
4735
4738
4918
4736
4739
4919
4740
4920
4738
4741
4921
4739
4742
4922
4740
4743
4923
4744
4924
4742
4745
4925
4743
4746
4926
4744
4747
4927
4748
4928
4746
4749
4929
4747
4750
4930
4748
4751
4931
4752
4932
4750
4753
4933
4751
4754
4934
4752
4755
4935
4756
4936
4754
4757
4937
4755
4758
4938
4756
4759
4939
4760
4940
4758
4761
4941
4759
4762
4942
4760
4763
4943
4764
4944
4762
4765
4945
4763
4766
4946
4764
4767
4947
4768
4948
4766
4769
4949
4767
4770
4950
4768
4771
4951
4772
4952
4770
4773
4953
4771
4774
4954
4772
4775
4955
4776
4956
4774
4777
4957
4775
4778
4958
4776
4779
4959
4780
4960
4778
4781
4961
4779
4782
4962
4780
4783
4963
4784
4964
4782
4785
4965
4783
4786
4966
4784
4787
4967
4788
4968
4786
4789
4969
4787
4790
4970
4788
4791
4971
4792
4972
4790
4793
4973
4791
4794
4974
4792
4795
4975
4796
4976
4794
4797
4977
4795
4798
4978
4796
4799
4979
4800
4980
4798
4802
4981
4799
4803
4982
4800
4804
4983
4801
4805
4984
4806
4803
4807
4985
4804
4808
4986
4805
4809
4987
4806
4810
4988
4811
4989
4808
4812
4990
4809
4813
4991
4810
4814
4992
4811
4815
4993
4816
4994
4813
4817
4995
4814
4818
4996
4815
4819
4997
4816
4820
4998
4821
4999
4818
4822
5000
4819
4823
5001
4820
4824
5002
4821
4825
5003
4826
5004
4823
4827
5005
4824
4828
5006
4825
4829
5007
4826
4830
5008
4831
5009
4828
4832
5010
4829
4833
5011
4830
4834
5012
4831
4835
5013
4836
5014
4833
4837
5015
4834
4838
5016
4835
4839
5017
4836
4840
5018
4841
5019
4838
4842
5020
4839
4843
5021
4840
4844
5022
4841
4845
5023
4846
5024
4843
4847
5025
4844
4848
5026
4845
4849
5027
4846
4850
5028
4851
5029
4848
4852
5030
4849
4853
5031
4850
4854
5032
4851
4855
5033
4856
5034
4853
4857
5035
4854
4858
5036
4855
4859
5037
4856
4860
5038
4861
5039
4858
4862
5040
4859
4863
5041
4860
4864
5042
4861
4865
5043
4866
5044
4863
4867
5045
4864
4868
5046
4865
4869
5047
4866
4870
5048
4871
5049
4868
4872
5050
4869
4873
5051
4870
4874
5052
4871
4875
5053
4876
5054
4873
4877
5055
4874
4878
5056
4875
4879
5057
4876
4880
5058
4881
5059
4878
4882
5060
4879
4883
5061
4880
4884
5062
4881
4885
5063
4886
5064
4883
4887
5065
4884
4888
5066
4885
4889
5067
4886
4890
5068
4891
5069
4888
4892
5070
4889
4893
5071
4890
4894
5072
4891
4895
5073
4896
5074
4893
5075
4894
5076
4895
5077
4896
5078
5079
4898
4901
5080
4899
4902
5081
4900
4903
5082
4904
5083
4902
4905
5084
4903
4906
5085
4904
4907
5086
4908
5087
4906
4909
5088
4907
4910
5089
4908
4911
5090
4912
5091
4910
4913
5092
4911
4914
5093
4912
4915
5094
4916
5095
4914
4917
5096
4915
4918
5097
4916
4919
5098
4920
5099
4918
4921
5100
4919
4922
5101
4920
4923
5102
4924
5103
4922
4925
5104
4923
4926
5105
4924
4927
5106
4928
5107
4926
4929
5108
4927
4930
5109
4928
4931
5110
4932
5111
4930
4933
5112
4931
4934
5113
4932
4935
5114
4936
5115
4934
4937
5116
4935
4938
5117
4936
4939
5118
4940
5119
4938
4941
5120
4939
4942
5121
4940
4943
5122
4944
5123
4942
4945
5124
4943
4946
5125
4944
4947
5126
4948
5127
4946
4949
5128
4947
4950
5129
4948
4951
5130
4952
5131
4950
4953
5132
4951
4954
5133
4952
4955
5134
4956
5135
4954
4957
5136
4955
4958
5137
4956
4959
5138
4960
5139
4958
4961
5140
4959
4962
5141
4960
4963
5142
4964
5143
4962
4965
5144
4963
4966
5145
4964
4967
5146
4968
5147
4966
4969
5148
4967
4970
5149
4968
4971
5150
4972
5151
4970
4973
5152
4971
4974
5153
4972
4975
5154
4976
5155
4974
4977
5156
4975
4978
5157
4976
4979
5158
4980
5159
4978
4981
5160
4979
4982
5161
4980
4983
5162
4984
5163
4982
4985
5164
4983
4986
5165
4984
4987
5166
4988
5167
4986
4990
5168
4987
4991
5169
4988
4992
5170
4989
4993
5171
4994
4991
4995
5172
4992
4996
5173
4993
4997
5174
4994
4998
5175
4999
5176
4996
5000
5177
4997
5001
5178
4998
5002
5179
4999
5003
5180
5004
5181
5001
5005
5182
5002
5006
5183
5003
5007
5184
5004
5008
5185
5009
5186
5006
5010
5187
5007
5011
5188
5008
5012
5189
5009
5013
5190
5014
5191
5011
5015
5192
5012
5016
5193
5013
5017
5194
5014
5018
5195
5019
5196
5016
5020
5197
5017
5021
5198
5018
5022
5199
5019
5023
5200
5024
5201
5021
5025
5202
5022
5026
5203
5023
5027
5204
5024
5028
5205
5029
5206
5026
5030
5207
5027
5031
5208
5028
5032
5209
5029
5033
5210
5034
5211
5031
5035
5212
5032
5036
5213
5033
5037
5214
5034
5038
5215
5039
5216
5036
5040
5217
5037
5041
5218
5038
5042
5219
5039
5043
5220
5044
5221
5041
5045
5222
5042
5046
5223
5043
5047
5224
5044
5048
5225
5049
5226
5046
5050
5227
5047
5051
5228
5048
5052
5229
5049
5053
5230
5054
5231
5051
5055
5232
5052
5056
5233
5053
5057
5234
5054
5058
5235
5059
5236
5056
5060
5237
5057
5061
5238
5058
5062
5239
5059
5063
5240
5064
5241
5061
5065
5242
5062
5066
5243
5063
5067
5244
5064
5068
5245
5069
5246
5066
5070
5247
5067
5071
5248
5068
5072
5249
5069
5073
5250
5074
5251
5071
5075
5252
5072
5076
5253
5073
5077
5254
5074
5078
5255
5079
5256
5076
5257
5077
5258
5078
5259
5079
5260
5261
5081
5084
5262
5082
5085
5263
5083
5086
5264
5087
5265
5085
5088
5266
5086
5089
5267
5087
5090
5268
5091
5269
5089
5092
5270
5090
5093
5271
5091
5094
5272
5095
5273
5093
5096
5274
5094
5097
5275
5095
5098
5276
5099
5277
5097
5100
5278
5098
5101
5279
5099
5102
5280
5103
5281
5101
5104
5282
5102
5105
5283
5103
5106
5284
5107
5285
5105
5108
5286
5106
5109
5287
5107
5110
5288
5111
5289
5109
5112
5290
5110
5113
5291
5111
5114
5292
5115
5293
5113
5116
5294
5114
5117
5295
5115
5118
5296
5119
5297
5117
5120
5298
5118
5121
5299
5119
5122
5300
5123
5301
5121
5124
5302
5122
5125
5303
5123
5126
5304
5127
5305
5125
5128
5306
5126
5129
5307
5127
5130
5308
5131
5309
5129
5132
5310
5130
5133
5311
5131
5134
5312
5135
5313
5133
5136
5314
5134
5137
5315
5135
5138
5316
5139
5317
5137
5140
5318
5138
5141
5319
5139
5142
5320
5143
5321
5141
5144
5322
5142
5145
5323
5143
5146
5324
5147
5325
5145
5148
5326
5146
5149
5327
5147
5150
5328
5151
5329
5149
5152
5330
5150
5153
5331
5151
5154
5332
5155
5333
5153
5156
5334
5154
5157
5335
5155
5158
5336
5159
5337
5157
5160
5338
5158
5161
5339
5159
5162
5340
5163
5341
5161
5164
5342
5162
5165
5343
5163
5166
5344
5167
5345
5165
5168
5346
5166
5169
5347
5167
5170
5348
5171
5349
5169
5172
5350
5170
5173
5351
5171
5174
5352
5175
5353
5173
5177
5354
5174
5178
5355
5175
5179
5356
5176
5180
5357
5181
5178
5182
5358
5179
5183
5359
5180
5184
5360
5181
5185
5361
5186
5362
5183
5187
5363
5184
5188
5364
5185
5189
5365
5186
5190
5366
5191
5367
5188
5192
5368
5189
5193
5369
5190
5194
5370
5191
5195
5371
5196
5372
5193
5197
5373
5194
5198
5374
5195
5199
5375
5196
5200
5376
5201
5377
5198
5202
5378
5199
5203
5379
5200
5204
5380
5201
5205
5381
5206
5382
5203
5207
5383
5204
5208
5384
5205
5209
5385
5206
5210
5386
5211
5387
5208
5212
5388
5209
5213
5389
5210
5214
5390
5211
5215
5391
5216
5392
5213
5217
5393
5214
5218
5394
5215
5219
5395
5216
5220
5396
5221
5397
5218
5222
5398
5219
5223
5399
5220
5224
5400
5221
5225
5401
5226
5402
5223
5227
5403
5224
5228
5404
5225
5229
5405
5226
5230
5406
5231
5407
5228
5232
5408
5229
5233
5409
5230
5234
5410
5231
5235
5411
5236
5412
5233
5237
5413
5234
5238
5414
5235
5239
5415
5236
5240
5416
5241
5417
5238
5242
5418
5239
5243
5419
5240
5244
5420
5241
5245
5421
5246
5422
5243
5247
5423
5244
5248
5424
5245
5249
5425
5246
5250
5426
5251
5427
5248
5252
5428
5249
5253
5429
5250
5254
5430
5251
5255
5431
5256
5432
5253
5257
5433
5254
5258
5434
5255
5259
5435
5256
5260
5436
5261
5437
5258
5438
5259
5439
5260
5440
5261
5441
5442
5263
5266
5443
5264
5267
5444
5265
5268
5445
5269
5446
5267
5270
5447
5268
5271
5448
5269
5272
5449
5273
5450
5271
5274
5451
5272
5275
5452
5273
5276
5453
5277
5454
5275
5278
5455
5276
5279
5456
5277
5280
5457
5281
5458
5279
5282
5459
5280
5283
5460
5281
5284
5461
5285
5462
5283
5286
5463
5284
5287
5464
5285
5288
5465
5289
5466
5287
5290
5467
5288
5291
5468
5289
5292
5469
5293
5470
5291
5294
5471
5292
5295
5472
5293
5296
5473
5297
5474
5295
5298
5475
5296
5299
5476
5297
5300
5477
5301
5478
5299
5302
5479
5300
5303
5480
5301
5304
5481
5305
5482
5303
5306
5483
5304
5307
5484
5305
5308
5485
5309
5486
5307
5310
5487
5308
5311
5488
5309
5312
5489
5313
5490
5311
5314
5491
5312
5315
5492
5313
5316
5493
5317
5494
5315
5318
5495
5316
5319
5496
5317
5320
5497
5321
5498
5319
5322
5499
5320
5323
5500
5321
5324
5501
5325
5502
5323
5326
5503
5324
5327
5504
5325
5328
5505
5329
5506
5327
5330
5507
5328
5331
5508
5329
5332
5509
5333
5510
5331
5334
5511
5332
5335
5512
5333
5336
5513
5337
5514
5335
5338
5515
5336
5339
5516
5337
5340
5517
5341
5518
5339
5342
5519
5340
5343
5520
5341
5344
5521
5345
5522
5343
5346
5523
5344
5347
5524
5345
5348
5525
5349
5526
5347
5350
5527
5348
5351
5528
5349
5352
5529
5353
5530
5351
5354
5531
5352
5355
5532
5353
5356
5533
5357
5534
5355
5358
5535
5356
5359
5536
5357
5360
5537
5361
5538
5359
5363
5539
5360
5364
5540
5361
5365
5541
5362
5366
5542
5367
5364
5368
5543
5365
5369
5544
5366
5370
5545
5367
5371
5546
5372
5547
5369
5373
5548
5370
5374
5549
5371
5375
5550
5372
5376
5551
5377
5552
5374
5378
5553
5375
5379
5554
5376
5380
5555
5377
5381
5556
5382
5557
5379
5383
5558
5380
5384
5559
5381
5385
5560
5382
5386
5561
5387
5562
5384
5388
5563
5385
5389
5564
5386
5390
5565
5387
5391
5566
5392
5567
5389
5393
5568
5390
5394
5569
5391
5395
5570
5392
5396
5571
5397
5572
5394
5398
5573
5395
5399
5574
5396
5400
5575
5397
5401
5576
5402
5577
5399
5403
5578
5400
5404
5579
5401
5405
5580
5402
5406
5581
5407
5582
5404
5408
5583
5405
5409
5584
5406
5410
5585
5407
5411
5586
5412
5587
5409
5413
5588
5410
5414
5589
5411
5415
5590
5412
5416
5591
5417
5592
5414
5418
5593
5415
5419
5594
5416
5420
5595
5417
5421
5596
5422
5597
5419
5423
5598
5420
5424
5599
5421
5425
5600
5422
5426
5601
5427
5602
5424
5428
5603
5425
5429
5604
5426
5430
5605
5427
5431
5606
5432
5607
5429
5433
5608
5430
5434
5609
5431
5435
5610
5432
5436
5611
5437
5612
5434
5438
5613
5435
5439
5614
5436
5440
5615
5437
5441
5616
5442
5617
5439
5618
5440
5619
5441
5620
5442
5621
5622
5444
5447
5623
5445
5448
5624
5446
5449
5625
5450
5626
5448
5451
5627
5449
5452
5628
5450
5453
5629
5454
5630
5452
5455
5631
5453
5456
5632
5454
5457
5633
5458
5634
5456
5459
5635
5457
5460
5636
5458
5461
5637
5462
5638
5460
5463
5639
5461
5464
5640
5462
5465
5641
5466
5642
5464
5467
5643
5465
5468
5644
5466
5469
5645
5470
5646
5468
5471
5647
5469
5472
5648
5470
5473
5649
5474
5650
5472
5475
5651
5473
5476
5652
5474
5477
5653
5478
5654
5476
5479
5655
5477
5480
5656
5478
5481
5657
5482
5658
5480
5483
5659
5481
5484
5660
5482
5485
5661
5486
5662
5484
5487
5663
5485
5488
5664
5486
5489
5665
5490
5666
5488
5491
5667
5489
5492
5668
5490
5493
5669
5494
5670
5492
5495
5671
5493
5496
5672
5494
5497
5673
5498
5674
5496
5499
5675
5497
5500
5676
5498
5501
5677
5502
5678
5500
5503
5679
5501
5504
5680
5502
5505
5681
5506
5682
5504
5507
5683
5505
5508
5684
5506
5509
5685
5510
5686
5508
5511
5687
5509
5512
5688
5510
5513
5689
5514
5690
5512
5515
5691
5513
5516
5692
5514
5517
5693
5518
5694
5516
5519
5695
5517
5520
5696
5518
5521
5697
5522
5698
5520
5523
5699
5521
5524
5700
5522
5525
5701
5526
5702
5524
5527
5703
5525
5528
5704
5526
5529
5705
5530
5706
5528
5531
5707
5529
5532
5708
5530
5533
5709
5534
5710
5532
5535
5711
5533
5536
5712
5534
5537
5713
5538
5714
5536
5539
5715
5537
5540
5716
5538
5541
5717
5542
5718
5540
5543
5719
5541
5544
5720
5542
5545
5721
5546
5722
5544
5548
5723
5545
5549
5724
5546
5550
5725
5547
5551
5726
5552
5549
5553
5727
5550
5554
5728
5551
5555
5729
5552
5556
5730
5557
5731
5554
5558
5732
5555
5559
5733
5556
5560
5734
5557
5561
5735
5562
5736
5559
5563
5737
5560
5564
5738
5561
5565
5739
5562
5566
5740
5567
5741
5564
5568
5742
5565
5569
5743
5566
5570
5744
5567
5571
5745
5572
5746
5569
5573
5747
5570
5574
5748
5571
5575
5749
5572
5576
5750
5577
5751
5574
5578
5752
5575
5579
5753
5576
5580
5754
5577
5581
5755
5582
5756
5579
5583
5757
5580
5584
5758
5581
5585
5759
5582
5586
5760
5587
5761
5584
5588
5762
5585
5589
5763
5586
5590
5764
5587
5591
5765
5592
5766
5589
5593
5767
5590
5594
5768
5591
5595
5769
5592
5596
5770
5597
5771
5594
5598
5772
5595
5599
5773
5596
5600
5774
5597
5601
5775
5602
5776
5599
5603
5777
5600
5604
5778
5601
5605
5779
5602
5606
5780
5607
5781
5604
5608
5782
5605
5609
5783
5606
5610
5784
5607
5611
5785
5612
5786
5609
5613
5787
5610
5614
5788
5611
5615
5789
5612
5616
5790
5617
5791
5614
5618
5792
5615
5619
5793
5616
5620
5794
5617
5621
5795
5622
5796
5619
5797
5620
5798
5621
5799
5622
5800
5801
5624
5627
5802
5625
5628
5803
5626
5629
5804
5630
5805
5628
5631
5806
5629
5632
5807
5630
5633
5808
5634
5809
5632
5635
5810
5633
5636
5811
5634
5637
5812
5638
5813
5636
5639
5814
5637
5640
5815
5638
5641
5816
5642
5817
5640
5643
5818
5641
5644
5819
5642
5645
5820
5646
5821
5644
5647
5822
5645
5648
5823
5646
5649
5824
5650
5825
5648
5651
5826
5649
5652
5827
5650
5653
5828
5654
5829
5652
5655
5830
5653
5656
5831
5654
5657
5832
5658
5833
5656
5659
5834
5657
5660
5835
5658
5661
5836
5662
5837
5660
5663
5838
5661
5664
5839
5662
5665
5840
5666
5841
5664
5667
5842
5665
5668
5843
5666
5669
5844
5670
5845
5668
5671
5846
5669
5672
5847
5670
5673
5848
5674
5849
5672
5675
5850
5673
5676
5851
5674
5677
5852
5678
5853
5676
5679
5854
5677
5680
5855
5678
5681
5856
5682
5857
5680
5683
5858
5681
5684
5859
5682
5685
5860
5686
5861
5684
5687
5862
5685
5688
5863
5686
5689
5864
5690
5865
5688
5691
5866
5689
5692
5867
5690
5693
5868
5694
5869
5692
5695
5870
5693
5696
5871
5694
5697
5872
5698
5873
5696
5699
5874
5697
5700
5875
5698
5701
5876
5702
5877
5700
5703
5878
5701
5704
5879
5702
5705
5880
5706
5881
5704
5707
5882
5705
5708
5883
5706
5709
5884
5710
5885
5708
5711
5886
5709
5712
5887
5710
5713
5888
5714
5889
5712
5715
5890
5713
5716
5891
5714
5717
5892
5718
5893
5716
5719
5894
5717
5720
5895
5718
5721
5896
5722
5897
5720
5723
5898
5721
5724
5899
5722
5725
5900
5726
5901
5724
5727
5902
5725
5728
5903
5726
5729
5904
5730
5905
5728
5732
5906
5729
5733
5907
5730
5734
5908
5731
5735
5909
5736
5733
5737
5910
5734
5738
5911
5735
5739
5912
5736
5740
5913
5741
5914
5738
5742
5915
5739
5743
5916
5740
5744
5917
5741
5745
5918
5746
5919
5743
5747
5920
5744
5748
5921
5745
5749
5922
5746
5750
5923
5751
5924
5748
5752
5925
5749
5753
5926
5750
5754
5927
5751
5755
5928
5756
5929
5753
5757
5930
5754
5758
5931
5755
5759
5932
5756
5760
5933
5761
5934
5758
5762
5935
5759
5763
5936
5760
5764
5937
5761
5765
5938
5766
5939
5763
5767
5940
5764
5768
5941
5765
5769
5942
5766
5770
5943
5771
5944
5768
5772
5945
5769
5773
5946
5770
5774
5947
5771
5775
5948
5776
5949
5773
5777
5950
5774
5778
5951
5775
5779
5952
5776
5780
5953
5781
5954
5778
5782
5955
5779
5783
5956
5780
5784
5957
5781
5785
5958
5786
5959
5783
5787
5960
5784
5788
5961
5785
5789
5962
5786
5790
5963
5791
5964
5788
5792
5965
5789
5793
5966
5790
5794
5967
5791
5795
5968
5796
5969
5793
5797
5970
5794
5798
5971
5795
5799
5972
5796
5800
5973
5801
5974
5798
5975
5799
5976
5800
5977
5801
5978
5979
5803
5806
5980
5804
5807
5981
5805
5808
5982
5809
5983
5807
5810
5984
5808
5811
5985
5809
5812
5986
5813
5987
5811
5814
5988
5812
5815
5989
5813
5816
5990
5817
5991
5815
5818
5992
5816
5819
5993
5817
5820
5994
5821
5995
5819
5822
5996
5820
5823
5997
5821
5824
5998
5825
5999
5823
5826
6000
5824
5827
6001
5825
5828
6002
5829
6003
5827
5830
6004
5828
5831
6005
5829
5832
6006
5833
6007
5831
5834
6008
5832
5835
6009
5833
5836
6010
5837
6011
5835
5838
6012
5836
5839
6013
5837
5840
6014
5841
6015
5839
5842
6016
5840
5843
6017
5841
5844
6018
5845
6019
5843
5846
6020
5844
5847
6021
5845
5848
6022
5849
6023
5847
5850
6024
5848
5851
6025
5849
5852
6026
5853
6027
5851
5854
6028
5852
5855
6029
5853
5856
6030
5857
6031
5855
5858
6032
5856
5859
6033
5857
5860
6034
5861
6035
5859
5862
6036
5860
5863
6037
5861
5864
6038
5865
6039
5863
5866
6040
5864
5867
6041
5865
5868
6042
5869
6043
5867
5870
6044
5868
5871
6045
5869
5872
6046
5873
6047
5871
5874
6048
5872
5875
6049
5873
5876
6050
5877
6051
5875
5878
6052
5876
5879
6053
5877
5880
6054
5881
6055
5879
5882
6056
5880
5883
6057
5881
5884
6058
5885
6059
5883
5886
6060
5884
5887
6061
5885
5888
6062
5889
6063
5887
5890
6064
5888
5891
6065
5889
5892
6066
5893
6067
5891
5894
6068
5892
5895
6069
5893
5896
6070
5897
6071
5895
5898
6072
5896
5899
6073
5897
5900
6074
5901
6075
5899
5902
6076
5900
5903
6077
5901
5904
6078
5905
6079
5903
5906
6080
5904
5907
6081
5905
5908
6082
5909
6083
5907
5910
6084
5908
5911
6085
5909
5912
6086
5913
6087
5911
5915
6088
5912
5916
6089
5913
5917
6090
5914
5918
6091
5919
5916
5920
6092
5917
5921
6093
5918
5922
6094
5919
5923
6095
5924
6096
5921
5925
6097
5922
5926
6098
5923
5927
6099
5924
5928
6100
5929
6101
5926
5930
6102
5927
5931
6103
5928
5932
6104
5929
5933
6105
5934
6106
5931
5935
6107
5932
5936
6108
5933
5937
6109
5934
5938
6110
5939
6111
5936
5940
6112
5937
5941
6113
5938
5942
6114
5939
5943
6115
5944
6116
5941
5945
6117
5942
5946
6118
5943
5947
6119
5944
5948
6120
5949
6121
5946
5950
6122
5947
5951
6123
5948
5952
6124
5949
5953
6125
5954
6126
5951
5955
6127
5952
5956
6128
5953
5957
6129
5954
5958
6130
5959
6131
5956
5960
6132
5957
5961
6133
5958
5962
6134
5959
5963
6135
5964
6136
5961
5965
6137
5962
5966
6138
5963
5967
6139
5964
5968
6140
5969
6141
5966
5970
6142
5967
5971
6143
5968
5972
6144
5969
5973
6145
5974
6146
5971
5975
6147
5972
5976
6148
5973
5977
6149
5974
5978
6150
5979
6151
5976
6152
5977
6153
5978
6154
5979
6155
6156
5981
5984
6157
5982
5985
6158
5983
5986
6159
5987
6160
5985
5988
6161
5986
5989
6162
5987
5990
6163
5991
6164
5989
5992
6165
5990
5993
6166
5991
5994
6167
5995
6168
5993
5996
6169
5994
5997
6170
5995
5998
6171
5999
6172
5997
6000
6173
5998
6001
6174
5999
6002
6175
6003
6176
6001
6004
6177
6002
6005
6178
6003
6006
6179
6007
6180
6005
6008
6181
6006
6009
6182
6007
6010
6183
6011
6184
6009
6012
6185
6010
6013
6186
6011
6014
6187
6015
6188
6013
6016
6189
6014
6017
6190
6015
6018
6191
6019
6192
6017
6020
6193
6018
6021
6194
6019
6022
6195
6023
6196
6021
6024
6197
6022
6025
6198
6023
6026
6199
6027
6200
6025
6028
6201
6026
6029
6202
6027
6030
6203
6031
6204
6029
6032
6205
6030
6033
6206
6031
6034
6207
6035
6208
6033
6036
6209
6034
6037
6210
6035
6038
6211
6039
6212
6037
6040
6213
6038
6041
6214
6039
6042
6215
6043
6216
6041
6044
6217
6042
6045
6218
6043
6046
6219
6047
6220
6045
6048
6221
6046
6049
6222
6047
6050
6223
6051
6224
6049
6052
6225
6050
6053
6226
6051
6054
6227
6055
6228
6053
6056
6229
6054
6057
6230
6055
6058
6231
6059
6232
6057
6060
6233
6058
6061
6234
6059
6062
6235
6063
6236
6061
6064
6237
6062
6065
6238
6063
6066
6239
6067
6240
6065
6068
6241
6066
6069
6242
6067
6070
6243
6071
6244
6069
6072
6245
6070
6073
6246
6071
6074
6247
6075
6248
6073
6076
6249
6074
6077
6250
6075
6078
6251
6079
6252
6077
6080
6253
6078
6081
6254
6079
6082
6255
6083
6256
6081
6084
6257
6082
6085
6258
6083
6086
6259
6087
6260
6085
6088
6261
6086
6089
6262
6087
6090
6263
6091
6264
6089
6092
6265
6090
6093
6266
6091
6094
6267
6095
6268
6093
6097
6269
6094
6098
6270
6095
6099
6271
6096
6100
6272
6101
6098
6102
6273
6099
6103
6274
6100
6104
6275
6101
6105
6276
6106
6277
6103
6107
6278
6104
6108
6279
6105
6109
6280
6106
6110
6281
6111
6282
6108
6112
6283
6109
6113
6284
6110
6114
6285
6111
6115
6286
6116
6287
6113
6117
6288
6114
6118
6289
6115
6119
6290
6116
6120
6291
6121
6292
6118
6122
6293
6119
6123
6294
6120
6124
6295
6121
6125
6296
6126
6297
6123
6127
6298
6124
6128
6299
6125
6129
6300
6126
6130
6301
6131
6302
6128
6132
6303
6129
6133
6304
6130
6134
6305
6131
6135
6306
6136
6307
6133
6137
6308
6134
6138
6309
6135
6139
6310
6136
6140
6311
6141
6312
6138
6142
6313
6139
6143
6314
6140
6144
6315
6141
6145
6316
6146
6317
6143
6147
6318
6144
6148
6319
6145
6149
6320
6146
6150
6321
6151
6322
6148
6152
6323
6149
6153
6324
6150
6154
6325
6151
6155
6326
6156
6327
6153
6328
6154
6329
6155
6330
6156
6331
6332
6158
6161
6333
6159
6162
6334
6160
6163
6335
6164
6336
6162
6165
6337
6163
6166
6338
6164
6167
6339
6168
6340
6166
6169
6341
6167
6170
6342
6168
6171
6343
6172
6344
6170
6173
6345
6171
6174
6346
6172
6175
6347
6176
6348
6174
6177
6349
6175
6178
6350
6176
6179
6351
6180
6352
6178
6181
6353
6179
6182
6354
6180
6183
6355
6184
6356
6182
6185
6357
6183
6186
6358
6184
6187
6359
6188
6360
6186
6189
6361
6187
6190
6362
6188
6191
6363
6192
6364
6190
6193
6365
6191
6194
6366
6192
6195
6367
6196
6368
6194
6197
6369
6195
6198
6370
6196
6199
6371
6200
6372
6198
6201
6373
6199
6202
6374
6200
6203
6375
6204
6376
6202
6205
6377
6203
6206
6378
6204
6207
6379
6208
6380
6206
6209
6381
6207
6210
6382
6208
6211
6383
6212
6384
6210
6213
6385
6211
6214
6386
6212
6215
6387
6216
6388
6214
6217
6389
6215
6218
6390
6216
6219
6391
6220
6392
6218
6221
6393
6219
6222
6394
6220
6223
6395
6224
6396
6222
6225
6397
6223
6226
6398
6224
6227
6399
6228
6400
6226
6229
6401
6227
6230
6402
6228
6231
6403
6232
6404
6230
6233
6405
6231
6234
6406
6232
6235
6407
6236
6408
6234
6237
6409
6235
6238
6410
6236
6239
6411
6240
6412
6238
6241
6413
6239
6242
6414
6240
6243
6415
6244
6416
6242
6245
6417
6243
6246
6418
6244
6247
6419
6248
6420
6246
6249
6421
6247
6250
6422
6248
6251
6423
6252
6424
6250
6253
6425
6251
6254
6426
6252
6255
6427
6256
6428
6254
6257
6429
6255
6258
6430
6256
6259
6431
6260
6432
6258
6261
6433
6259
6262
6434
6260
6263
6435
6264
6436
6262
6265
6437
6263
6266
6438
6264
6267
6439
6268
6440
6266
6269
6441
6267
6270
6442
6268
6271
6443
6272
6444
6270
6273
6445
6271
6274
6446
6272
6275
6447
6276
6448
6274
6278
6449
6275
6279
6450
6276
6280
6451
6277
6281
6452
6282
6279
6283
6453
6280
6284
6454
6281
6285
6455
6282
6286
6456
6287
6284
6288
6457
6285
6289
6458
6286
6290
6459
6287
6291
6460
6292
6461
6289
6293
6462
6290
6294
6463
6291
6295
6464
6292
6296
6465
6297
6466
6294
6298
6467
6295
6299
6468
6296
6300
6469
6297
6301
6470
6302
6471
6299
6303
6472
6300
6304
6473
6301
6305
6474
6302
6306
6475
6307
6476
6304
6308
6477
6305
6309
6478
6306
6310
6479
6307
6311
6480
6312
6481
6309
6313
6482
6310
6314
6483
6311
6315
6484
6312
6316
6485
6317
6486
6314
6318
6487
6315
6319
6488
6316
6320
6489
6317
6321
6490
6322
6491
6319
6323
6492
6320
6324
6493
6321
6325
6494
6322
6326
6495
6327
6496
6324
6328
6497
6325
6329
6498
6326
6330
6499
6327
6331
6500
6332
6501
6329
6502
6330
6503
6331
6504
6332
6505
6506
6334
6337
6507
6335
6338
6508
6336
6339
6509
6340
6510
6338
6341
6511
6339
6342
6512
6340
6343
6513
6344
6514
6342
6345
6515
6343
6346
6516
6344
6347
6517
6348
6518
6346
6349
6519
6347
6350
6520
6348
6351
6521
6352
6522
6350
6353
6523
6351
6354
6524
6352
6355
6525
6356
6526
6354
6357
6527
6355
6358
6528
6356
6359
6529
6360
6530
6358
6361
6531
6359
6362
6532
6360
6363
6533
6364
6534
6362
6365
6535
6363
6366
6536
6364
6367
6537
6368
6538
6366
6369
6539
6367
6370
6540
6368
6371
6541
6372
6542
6370
6373
6543
6371
6374
6544
6372
6375
6545
6376
6546
6374
6377
6547
6375
6378
6548
6376
6379
6549
6380
6550
6378
6381
6551
6379
6382
6552
6380
6383
6553
6384
6554
6382
6385
6555
6383
6386
6556
6384
6387
6557
6388
6558
6386
6389
6559
6387
6390
6560
6388
6391
6561
6392
6562
6390
6393
6563
6391
6394
6564
6392
6395
6565
6396
6566
6394
6397
6567
6395
6398
6568
6396
6399
6569
6400
6570
6398
6401
6571
6399
6402
6572
6400
6403
6573
6404
6574
6402
6405
6575
6403
6406
6576
6404
6407
6577
6408
6578
6406
6409
6579
6407
6410
6580
6408
6411
6581
6412
6582
6410
6413
6583
6411
6414
6584
6412
6415
6585
6416
6586
6414
6417
6587
6415
6418
6588
6416
6419
6589
6420
6590
6418
6421
6591
6419
6422
6592
6420
6423
6593
6424
6594
6422
6425
6595
6423
6426
6596
6424
6427
6597
6428
6598
6426
6429
6599
6427
6430
6600
6428
6431
6601
6432
6602
6430
6433
6603
6431
6434
6604
6432
6435
6605
6436
6606
6434
6437
6607
6435
6438
6608
6436
6439
6609
6440
6610
6438
6441
6611
6439
6442
6612
6440
6443
6613
6444
6614
6442
6445
6615
6443
6446
6616
6444
6447
6617
6448
6618
6446
6449
6619
6447
6450
6620
6448
6451
6621
6452
6622
6450
6453
6623
6451
6454
6624
6452
6455
6625
6456
6626
6454
6457
6627
6455
6458
6628
6456
6459
6629
6460
6630
6458
6462
6631
6459
6463
6632
6460
6464
6633
6461
6465
6634
6466
6463
6467
6635
6464
6468
6636
6465
6469
6637
6466
6470
6638
6471
6639
6468
6472
6640
6469
6473
6641
6470
6474
6642
6471
6475
6643
6476
6644
6473
6477
6645
6474
6478
6646
6475
6479
6647
6476
6480
6648
6481
6649
6478
6482
6650
6479
6483
6651
6480
6484
6652
6481
6485
6653
6486
6654
6483
6487
6655
6484
6488
6656
6485
6489
6657
6486
6490
6658
6491
6659
6488
6492
6660
6489
6493
6661
6490
6494
6662
6491
6495
6663
6496
6664
6493
6497
6665
6494
6498
6666
6495
6499
6667
6496
6500
6668
6501
6669
6498
6502
6670
6499
6503
6671
6500
6504
6672
6501
6505
6673
6506
6674
6503
6675
6504
6676
6505
6677
6506
6678
6679
6508
6511
6680
6509
6512
6681
6510
6513
6682
6514
6683
6512
6515
6684
6513
6516
6685
6514
6517
6686
6518
6687
6516
6519
6688
6517
6520
6689
6518
6521
6690
6522
6691
6520
6523
6692
6521
6524
6693
6522
6525
6694
6526
6695
6524
6527
6696
6525
6528
6697
6526
6529
6698
6530
6699
6528
6531
6700
6529
6532
6701
6530
6533
6702
6534
6703
6532
6535
6704
6533
6536
6705
6534
6537
6706
6538
6707
6536
6539
6708
6537
6540
6709
6538
6541
6710
6542
6711
6540
6543
6712
6541
6544
6713
6542
6545
6714
6546
6715
6544
6547
6716
6545
6548
6717
6546
6549
6718
6550
6719
6548
6551
6720
6549
6552
6721
6550
6553
6722
6554
6723
6552
6555
6724
6553
6556
6725
6554
6557
6726
6558
6727
6556
6559
6728
6557
6560
6729
6558
6561
6730
6562
6731
6560
6563
6732
6561
6564
6733
6562
6565
6734
6566
6735
6564
6567
6736
6565
6568
6737
6566
6569
6738
6570
6739
6568
6571
6740
6569
6572
6741
6570
6573
6742
6574
6743
6572
6575
6744
6573
6576
6745
6574
6577
6746
6578
6747
6576
6579
6748
6577
6580
6749
6578
6581
6750
6582
6751
6580
6583
6752
6581
6584
6753
6582
6585
6754
6586
6755
6584
6587
6756
6585
6588
6757
6586
6589
6758
6590
6759
6588
6591
6760
6589
6592
6761
6590
6593
6762
6594
6763
6592
6595
6764
6593
6596
6765
6594
6597
6766
6598
6767
6596
6599
6768
6597
6600
6769
6598
6601
6770
6602
6771
6600
6603
6772
6601
6604
6773
6602
6605
6774
6606
6775
6604
6607
6776
6605
6608
6777
6606
6609
6778
6610
6779
6608
6611
6780
6609
6612
6781
6610
6613
6782
6614
6783
6612
6615
6784
6613
6616
6785
6614
6617
6786
6618
6787
6616
6619
6788
6617
6620
6789
6618
6621
6790
6622
6791
6620
6623
6792
6621
6624
6793
6622
6625
6794
6626
6795
6624
6627
6796
6625
6628
6797
6626
6629
6798
6630
6799
6628
6631
6800
6629
6632
6801
6630
6633
6802
6634
6803
6632
6635
6804
6633
6636
6805
6634
6637
6806
6638
6807
6636
6640
6808
6637
6641
6809
6638
6642
6810
6639
6643
6811
6644
6641
6645
6812
6642
6646
6813
6643
6647
6814
6644
6648
6815
6649
6816
6646
6650
6817
6647
6651
6818
6648
6652
6819
6649
6653
6820
6654
6821
6651
6655
6822
6652
6656
6823
6653
6657
6824
6654
6658
6825
6659
6826
6656
6660
6827
6657
6661
6828
6658
6662
6829
6659
6663
6830
6664
6831
6661
6665
6832
6662
6666
6833
6663
6667
6834
6664
6668
6835
6669
6836
6666
6670
6837
6667
6671
6838
6668
6672
6839
6669
6673
6840
6674
6841
6671
6675
6842
6672
6676
6843
6673
6677
6844
6674
6678
6845
6679
6846
6676
6847
6677
6848
6678
6849
6679
6850
6851
6681
6684
6682
6685
6683
6686
6687
6685
6688
6686
6689
6687
6690
6691
6689
6692
6690
6693
6691
6694
6695
6693
6696
6694
6697
6695
6698
6699
6697
6700
6698
6701
6699
6702
6703
6701
6704
6702
6705
6703
6706
6707
6705
6708
6706
6709
6707
6710
6711
6709
6712
6710
6713
6711
6714
6715
6713
6716
6714
6717
6715
6718
6719
6717
6720
6718
6721
6719
6722
6723
6721
6724
6722
6725
6723
6726
6727
6725
6728
6726
6729
6727
6730
6731
6729
6732
6730
6733
6731
6734
6735
6733
6736
6734
6737
6735
6738
6739
6737
6740
6738
6741
6739
6742
6743
6741
6744
6742
6745
6743
6746
6747
6745
6748
6746
6749
6747
6750
6751
6749
6752
6750
6753
6751
6754
6755
6753
6756
6754
6757
6755
6758
6759
6757
6760
6758
6761
6759
6762
6763
6761
6764
6762
6765
6763
6766
6767
6765
6768
6766
6769
6767
6770
6771
6769
6772
6770
6773
6771
6774
6775
6773
6776
6774
6777
6775
6778
6779
6777
6780
6778
6781
6779
6782
6783
6781
6784
6782
6785
6783
6786
6787
6785
6788
6786
6789
6787
6790
6791
6789
6792
6790
6793
6791
6794
6795
6793
6796
6794
6797
6795
6798
6799
6797
6800
6798
6801
6799
6802
6803
6801
6804
6802
6805
6803
6806
6807
6805
6808
6806
6809
6807
6810
6811
6809
6812
6810
6813
6811
6814
6815
6813
6817
6814
6818
6815
6819
6816
6820
6821
6818
6822
6819
6823
6820
6824
6821
6825
6826
6823
6827
6824
6828
6825
6829
6826
6830
6831
6828
6832
6829
6833
6830
6834
6831
6835
6836
6833
6837
6834
6838
6835
6839
6836
6840
6841
6838
6842
6839
6843
6840
6844
6841
6845
6846
6843
6847
6844
6848
6845
6849
6846
6850
6851
6848
6849
6850
6851
)


// ************************************************************************* //
