/*--------------------------------*- C++ -*----------------------------------*\
| =========                 |                                                 |
| \\      /  F ield         | OpenFOAM: The Open Source CFD Toolbox           |
|  \\    /   O peration     | Version:  2.3.1                                 |
|   \\  /    A nd           | Web:      www.OpenFOAM.org                      |
|    \\/     M anipulation  |                                                 |
\*---------------------------------------------------------------------------*/
FoamFile
{
    version     2.0;
    format      ascii;
    class       labelList;
    location    "constant/polyMesh";
    object      pointProcAddressing;
}
// * * * * * * * * * * * * * * * * * * * * * * * * * * * * * * * * * * * * * //


9045
(
0
1
2
3
4
5
36
37
38
39
40
41
72
73
74
75
76
77
108
109
110
111
112
113
144
145
146
147
148
149
180
181
182
183
184
185
216
217
218
219
220
221
252
253
254
255
256
257
288
289
290
291
292
293
324
325
326
327
328
329
360
361
362
363
364
365
396
397
398
399
400
401
432
433
434
435
436
437
468
469
470
471
472
473
504
505
506
507
508
509
540
541
542
543
544
545
576
577
578
579
580
581
612
613
614
615
616
617
648
649
650
651
652
653
684
685
686
687
688
689
720
721
722
723
724
725
756
757
758
759
760
761
792
793
794
795
796
797
828
829
830
831
832
833
864
865
866
867
868
869
900
901
902
903
904
905
936
937
938
939
940
941
972
973
974
975
976
977
1008
1009
1010
1011
1012
1013
1044
1045
1046
1047
1048
1049
1080
1081
1082
1083
1084
1085
1116
1117
1118
1119
1120
1121
1152
1153
1154
1155
1156
1157
1188
1189
1190
1191
1192
1193
1224
1225
1226
1227
1228
1229
1260
1261
1262
1263
1264
1265
1296
1297
1298
1299
1300
1301
1332
1333
1334
1335
1336
1337
1368
1369
1370
1371
1372
1373
1404
1405
1406
1407
1408
1409
1440
1441
1442
1443
1444
1445
1476
1477
1478
1479
1480
1481
1512
1513
1514
1515
1516
1517
1548
1549
1550
1551
1552
1553
1584
1585
1586
1587
1588
1589
1620
1621
1622
1623
1624
1625
1656
1657
1658
1659
1660
1661
1692
1693
1694
1695
1696
1697
1728
1729
1730
1731
1732
1733
1764
1765
1766
1767
1768
1769
1800
1801
1802
1803
1804
1805
1836
1837
1838
1839
1840
1841
1872
1873
1874
1875
1876
1877
1908
1909
1910
1911
1912
1913
1944
1945
1946
1947
1948
1949
1980
1981
1982
1983
1984
1985
2016
2017
2018
2019
2020
2021
2052
2053
2054
2055
2056
2057
2088
2089
2090
2091
2092
2093
2124
2125
2126
2127
2128
2129
2160
2161
2162
2163
2164
2165
2196
2197
2198
2199
2200
2201
2232
2233
2234
2235
2236
2237
2268
2269
2270
2271
2272
2273
2304
2305
2306
2307
2308
2309
2340
2341
2342
2343
2344
2345
2376
2377
2378
2379
2380
2381
2412
2413
2414
2415
2416
2417
2448
2449
2450
2451
2452
2453
2484
2485
2486
2487
2488
2489
2520
2521
2522
2523
2524
2525
2556
2557
2558
2559
2560
2561
2592
2593
2594
2595
2596
2597
2628
2629
2630
2631
2632
2633
2664
2665
2666
2667
2668
2669
2700
2701
2702
2703
2704
2705
2736
2737
2738
2739
2740
2741
2772
2773
2774
2775
2776
2777
2808
2809
2810
2811
2812
2813
2844
2845
2846
2847
2848
2849
2880
2881
2882
2883
2884
2885
2916
2917
2918
2919
2920
2921
2952
2953
2954
2955
2956
2957
2988
2989
2990
2991
2992
2993
3024
3025
3026
3027
3028
3029
3060
3061
3062
3063
3064
3065
3096
3097
3098
3099
3100
3101
3132
3133
3134
3135
3136
3137
3168
3169
3170
3171
3172
3173
3204
3205
3206
3207
3208
3209
3240
3241
3242
3243
3244
3245
3276
3277
3278
3279
3280
3281
3312
3313
3314
3315
3316
3317
3348
3349
3350
3351
3352
3353
3384
3385
3386
3387
3388
3389
3420
3421
3422
3423
3424
3425
3456
3457
3458
3459
3460
3461
3492
3493
3494
3495
3496
3497
3528
3529
3530
3531
3532
3533
3564
3565
3566
3567
3568
3569
3600
3601
3602
3603
3604
3605
3636
3637
3638
3639
3640
3641
3672
3673
3674
3675
3676
3677
3708
3709
3710
3711
3712
3713
3744
3745
3746
3747
3748
3749
3780
3781
3782
3783
3784
3785
3816
3817
3818
3819
3820
3821
3852
3853
3854
3855
3856
3857
3888
3889
3890
3891
3892
3893
3924
3925
3926
3927
3928
3929
3960
3961
3962
3963
3964
3965
3996
3997
3998
3999
4000
4001
4032
4033
4034
4035
4036
4037
4068
4069
4070
4071
4072
4073
4104
4105
4106
4107
4108
4109
4140
4141
4142
4143
4144
4145
4176
4177
4178
4179
4180
4181
4212
4213
4214
4215
4216
4217
4248
4249
4250
4251
4252
4253
4284
4285
4286
4287
4288
4289
4320
4321
4322
4323
4324
4325
4356
4357
4358
4359
4360
4361
4392
4393
4394
4395
4396
4397
4428
4429
4430
4431
4432
4433
4464
4465
4466
4467
4468
4469
4500
4501
4502
4503
4504
4505
4536
4537
4538
4539
4540
4541
4572
4573
4574
4575
4576
4577
4608
4609
4610
4611
4612
4613
4644
4645
4646
4647
4648
4649
4680
4681
4682
4683
4684
4685
4716
4717
4718
4719
4720
4721
4752
4753
4754
4755
4756
4757
4788
4789
4790
4791
4792
4793
4824
4825
4826
4827
4828
4829
4860
4861
4862
4863
4864
4865
4896
4897
4898
4899
4900
4901
4932
4933
4934
4935
4936
4937
4968
4969
4970
4971
4972
4973
5004
5005
5006
5007
5008
5009
5040
5041
5042
5043
5044
5045
5076
5077
5078
5079
5080
5081
5112
5113
5114
5115
5116
5117
5148
5149
5150
5151
5152
5153
5184
5185
5186
5187
5188
5189
5220
5221
5222
5223
5224
5225
5256
5257
5258
5259
5260
5261
5292
5293
5294
5295
5296
5297
5328
5329
5330
5331
5332
5333
5364
5365
5366
5367
5368
5369
5400
5401
5402
5403
5404
5405
5436
5437
5438
5439
5440
5441
5472
5473
5474
5475
5476
5477
5508
5509
5510
5511
5512
5513
5544
5545
5546
5547
5548
5549
5580
5581
5582
5583
5584
5585
5616
5617
5618
5619
5620
5621
5652
5653
5654
5655
5656
5657
5688
5689
5690
5691
5692
5693
5724
5725
5726
5727
5728
5729
5760
5761
5762
5763
5764
5765
5796
5797
5798
5799
5800
5801
5832
5833
5834
5835
5836
5837
5868
5869
5870
5871
5872
5873
5904
5905
5906
5907
5908
5909
5940
5941
5942
5943
5944
5945
5976
5977
5978
5979
5980
5981
6012
6013
6014
6015
6016
6017
6048
6049
6050
6051
6052
6053
6084
6085
6086
6087
6088
6089
6120
6121
6122
6123
6124
6125
6156
6157
6158
6159
6160
6161
6192
6193
6194
6195
6196
6197
6228
6229
6230
6231
6232
6233
6264
6265
6266
6267
6268
6269
6300
6301
6302
6303
6304
6305
6336
6337
6338
6339
6340
6341
6372
6373
6374
6375
6376
6377
6408
6409
6410
6411
6412
6413
6444
6445
6446
6447
6448
6449
6480
6481
6482
6483
6484
6485
6516
6517
6518
6519
6520
6521
6552
6553
6554
6555
6556
6557
6588
6589
6590
6591
6592
6593
6624
6625
6626
6627
6628
6629
6660
6661
6662
6663
6664
6665
6696
6697
6698
6699
6700
6701
6732
6733
6734
6735
6736
6737
6768
6769
6770
6771
6772
6773
6804
6805
6806
6807
6808
6809
6840
6841
6842
6843
6844
6845
6876
6877
6878
6879
6880
6881
6912
6913
6914
6915
6916
6917
6948
6949
6950
6951
6952
6953
6984
6985
6986
6987
6988
6989
7020
7021
7022
7023
7024
7025
7056
7057
7058
7059
7060
7061
7092
7093
7094
7095
7096
7097
7128
7129
7130
7131
7132
7133
7164
7165
7166
7167
7168
7169
7200
7201
7202
7203
7204
7205
7236
7237
7238
7239
7240
7241
7272
7273
7274
7275
7276
7277
7308
7309
7310
7311
7312
7313
7344
7345
7346
7347
7348
7349
7380
7381
7382
7383
7384
7385
7416
7417
7418
7419
7420
7421
7452
7453
7454
7455
7456
7457
7488
7489
7490
7491
7492
7493
7524
7525
7526
7527
7528
7529
7560
7561
7562
7563
7564
7565
7596
7597
7598
7599
7600
7601
7632
7633
7634
7635
7636
7637
7668
7669
7670
7671
7672
7673
7704
7705
7706
7707
7708
7709
7740
7741
7742
7743
7744
7745
7776
7777
7778
7779
7780
7781
7812
7813
7814
7815
7816
7817
7848
7849
7850
7851
7852
7853
7884
7885
7886
7887
7888
7889
7920
7921
7922
7923
7924
7925
7956
7957
7958
7959
7960
7961
7992
7993
7994
7995
7996
7997
8028
8029
8030
8031
8032
8033
8064
8065
8066
8067
8068
8069
8100
8101
8102
8103
8104
8105
8136
8137
8138
8139
8140
8141
8172
8173
8174
8175
8176
8177
8208
8209
8210
8211
8212
8213
8244
8245
8246
8247
8248
8249
8280
8281
8282
8283
8284
8285
8316
8317
8318
8319
8320
8321
8352
8353
8354
8355
8356
8357
8388
8389
8390
8391
8392
8393
8424
8425
8426
8427
8428
8429
8460
8461
8462
8463
8464
8465
8496
8497
8498
8499
8500
8501
8532
8533
8534
8535
8536
8537
8568
8569
8570
8571
8572
8573
8604
8605
8606
8607
8608
8609
8640
8641
8642
8643
8644
8645
8676
8677
8678
8679
8680
8681
8712
8713
8714
8715
8716
8717
8748
8749
8750
8751
8752
8753
8784
8785
8786
8787
8788
8789
8820
8821
8822
8823
8824
8825
8856
8857
8858
8859
8860
8861
8892
8893
8894
8895
8896
8897
8928
8929
8930
8931
8932
8933
8964
8965
8966
8967
8968
8969
9000
9001
9002
9003
9004
9005
9036
9037
9038
9039
9040
9041
9072
9073
9074
9075
9076
9077
9108
9109
9110
9111
9112
9113
9144
9145
9146
9147
9148
9149
9180
9181
9182
9183
9184
9185
9216
9217
9218
9219
9220
9221
9252
9253
9254
9255
9256
9257
9288
9289
9290
9291
9292
9293
9324
9325
9326
9327
9328
9329
9360
9361
9362
9363
9364
9365
9396
9397
9398
9399
9400
9401
9432
9433
9434
9435
9436
9437
9468
9469
9470
9471
9472
9473
9504
9505
9506
9507
9508
9509
9540
9541
9542
9543
9544
9545
9576
9577
9578
9579
9580
9581
9612
9613
9614
9615
9616
9617
9648
9649
9650
9651
9652
9653
9684
9685
9686
9687
9688
9689
9720
9721
9722
9723
9724
9725
9756
9757
9758
9759
9760
9761
9792
9793
9794
9795
9796
9797
9828
9829
9830
9831
9832
9833
9864
9865
9866
9867
9868
9869
9900
9901
9902
9903
9904
9905
9936
9937
9938
9939
9940
9941
9972
9973
9974
9975
9976
9977
10008
10009
10010
10011
10012
10013
10044
10045
10046
10047
10048
10049
10080
10081
10082
10083
10084
10085
10116
10117
10118
10119
10120
10121
10152
10153
10154
10155
10156
10157
10188
10189
10190
10191
10192
10193
10224
10225
10226
10227
10228
10229
10260
10261
10262
10263
10264
10265
10296
10297
10298
10299
10300
10301
10332
10333
10334
10335
10336
10337
10368
10369
10370
10371
10372
10373
10404
10405
10406
10407
10408
10409
10440
10441
10442
10443
10444
10445
10476
10477
10478
10479
10480
10481
10512
10513
10514
10515
10516
10517
10548
10549
10550
10551
10552
10553
10822
10823
10824
10825
10826
10858
10859
10860
10861
10862
10894
10895
10896
10897
10898
10930
10931
10932
10933
10934
10935
10966
10967
10968
10969
10970
10971
11002
11003
11004
11005
11006
11007
11038
11039
11040
11041
11042
11043
11074
11075
11076
11077
11078
11079
11110
11111
11112
11113
11114
11115
11146
11147
11148
11149
11150
11151
11182
11183
11184
11185
11186
11187
11218
11219
11220
11221
11222
11223
11254
11255
11256
11257
11258
11259
11290
11291
11292
11293
11294
11295
11326
11327
11328
11329
11330
11331
11362
11363
11364
11365
11366
11367
11398
11399
11400
11401
11402
11403
11434
11435
11436
11437
11438
11439
11470
11471
11472
11473
11474
11475
11506
11507
11508
11509
11510
11511
11542
11543
11544
11545
11546
11547
11578
11579
11580
11581
11582
11583
11614
11615
11616
11617
11618
11619
11650
11651
11652
11653
11654
11655
11686
11687
11688
11689
11690
11691
11717
11718
11719
11720
11721
11722
11748
11749
11750
11751
11752
11753
11779
11780
11781
11782
11783
11784
11810
11811
11812
11813
11814
11815
11841
11842
11843
11844
11845
11846
11872
11873
11874
11875
11876
11877
11903
11904
11905
11906
11907
11908
11939
11940
11941
11942
11943
11944
11975
11976
11977
11978
11979
11980
12011
12012
12013
12014
12015
12016
12047
12048
12049
12050
12051
12052
12083
12084
12085
12086
12087
12088
12119
12120
12121
12122
12123
12124
12155
12156
12157
12158
12159
12160
12191
12192
12193
12194
12195
12196
12227
12228
12229
12230
12231
12232
12263
12264
12265
12266
12267
12268
12299
12300
12301
12302
12303
12335
12336
12337
12338
12339
12371
12372
12373
12374
12375
12407
12408
12409
12410
12411
12412
12443
12444
12445
12446
12447
12448
12460
12461
12462
12463
12464
12465
12477
12478
12479
12480
12481
12482
12494
12495
12496
12497
12498
12499
12511
12512
12513
12514
12515
12516
12528
12529
12530
12531
12532
12533
12545
12546
12547
12548
12549
12550
12562
12563
12564
12565
12566
12567
12598
12599
12600
12601
12602
12603
12634
12635
12636
12637
12638
12639
12670
12671
12672
12673
12674
12675
12706
12707
12708
12709
12710
12711
12742
12743
12744
12745
12746
12747
12778
12779
12780
12781
12782
12783
12814
12815
12816
12817
12818
12819
12850
12851
12852
12853
12854
12855
12886
12887
12888
12889
12890
12891
12922
12923
12924
12925
12926
12927
12958
12959
12960
12961
12962
12963
12994
12995
12996
12997
12998
12999
13030
13031
13032
13033
13034
13035
13061
13062
13063
13064
13065
13066
13092
13093
13094
13095
13096
13097
13123
13124
13125
13126
13127
13128
13154
13155
13156
13157
13158
13159
13185
13186
13187
13188
13189
13190
13216
13217
13218
13219
13220
13221
13247
13248
13249
13250
13251
13252
13283
13284
13285
13286
13287
13288
13319
13320
13321
13322
13323
13324
13355
13356
13357
13358
13359
13360
13391
13392
13393
13394
13395
13396
13427
13428
13429
13430
13431
13432
13463
13464
13465
13466
13467
13468
13499
13500
13501
13502
13503
13504
13535
13536
13537
13538
13539
13540
13571
13572
13573
13574
13575
13576
13607
13608
13609
13610
13611
13612
13643
13644
13645
13646
13647
13679
13680
13681
13682
13683
13715
13716
13717
13718
13719
13751
13752
13753
13754
13755
13787
13788
13789
13790
13791
13792
13804
13805
13806
13807
13808
13809
13821
13822
13823
13824
13825
13826
13838
13839
13840
13841
13842
13843
13855
13856
13857
13858
13859
13860
13872
13873
13874
13875
13876
13877
13889
13890
13891
13892
13893
13894
13906
13907
13908
13909
13910
13911
13942
13943
13944
13945
13946
13947
13978
13979
13980
13981
13982
13983
14014
14015
14016
14017
14018
14019
14050
14051
14052
14053
14054
14055
14086
14087
14088
14089
14090
14091
14122
14123
14124
14125
14126
14127
14158
14159
14160
14161
14162
14163
14194
14195
14196
14197
14198
14199
14230
14231
14232
14233
14234
14235
14266
14267
14268
14269
14270
14271
14302
14303
14304
14305
14306
14307
14338
14339
14340
14341
14342
14343
14374
14375
14376
14377
14378
14379
14405
14406
14407
14408
14409
14410
14436
14437
14438
14439
14440
14441
14467
14468
14469
14470
14471
14472
14498
14499
14500
14501
14502
14503
14529
14530
14531
14532
14533
14534
14560
14561
14562
14563
14564
14565
14591
14592
14593
14594
14595
14596
14627
14628
14629
14630
14631
14632
14663
14664
14665
14666
14667
14668
14699
14700
14701
14702
14703
14704
14735
14736
14737
14738
14739
14740
14771
14772
14773
14774
14775
14776
14807
14808
14809
14810
14811
14812
14843
14844
14845
14846
14847
14848
14879
14880
14881
14882
14883
14884
14915
14916
14917
14918
14919
14920
14951
14952
14953
14954
14955
14956
14987
14988
14989
14990
14991
15023
15024
15025
15026
15027
15059
15060
15061
15062
15063
15095
15096
15097
15098
15099
15131
15132
15133
15134
15135
15148
15149
15150
15151
15152
15153
15165
15166
15167
15168
15169
15170
15182
15183
15184
15185
15186
15187
15199
15200
15201
15202
15203
15204
15216
15217
15218
15219
15220
15221
15233
15234
15235
15236
15237
15238
15250
15251
15252
15253
15254
15255
15286
15287
15288
15289
15290
15291
15322
15323
15324
15325
15326
15327
15358
15359
15360
15361
15362
15363
15394
15395
15396
15397
15398
15399
15430
15431
15432
15433
15434
15435
15466
15467
15468
15469
15470
15471
15502
15503
15504
15505
15506
15507
15538
15539
15540
15541
15542
15543
15574
15575
15576
15577
15578
15579
15610
15611
15612
15613
15614
15615
15646
15647
15648
15649
15650
15651
15682
15683
15684
15685
15686
15687
15718
15719
15720
15721
15722
15723
15749
15750
15751
15752
15753
15754
15780
15781
15782
15783
15784
15785
15811
15812
15813
15814
15815
15816
15842
15843
15844
15845
15846
15847
15873
15874
15875
15876
15877
15878
15904
15905
15906
15907
15908
15909
15935
15936
15937
15938
15939
15940
15971
15972
15973
15974
15975
15976
16007
16008
16009
16010
16011
16012
16043
16044
16045
16046
16047
16048
16079
16080
16081
16082
16083
16084
16115
16116
16117
16118
16119
16120
16151
16152
16153
16154
16155
16156
16187
16188
16189
16190
16191
16192
16223
16224
16225
16226
16227
16228
16259
16260
16261
16262
16263
16264
16295
16296
16297
16298
16299
16300
16331
16332
16333
16334
16335
16367
16368
16369
16370
16371
16403
16404
16405
16406
16407
16439
16440
16441
16442
16443
16475
16476
16477
16478
16479
16492
16493
16494
16495
16496
16509
16510
16511
16512
16513
16514
16526
16527
16528
16529
16530
16531
16543
16544
16545
16546
16547
16548
16560
16561
16562
16563
16564
16565
16577
16578
16579
16580
16581
16582
16594
16595
16596
16597
16598
16599
16630
16631
16632
16633
16634
16635
16666
16667
16668
16669
16670
16671
16702
16703
16704
16705
16706
16707
16738
16739
16740
16741
16742
16743
16774
16775
16776
16777
16778
16779
16810
16811
16812
16813
16814
16815
16846
16847
16848
16849
16850
16851
16882
16883
16884
16885
16886
16887
16918
16919
16920
16921
16922
16923
16954
16955
16956
16957
16958
16959
16990
16991
16992
16993
16994
16995
17026
17027
17028
17029
17030
17031
17062
17063
17064
17065
17066
17067
17093
17094
17095
17096
17097
17098
17124
17125
17126
17127
17128
17129
17155
17156
17157
17158
17159
17160
17186
17187
17188
17189
17190
17191
17217
17218
17219
17220
17221
17222
17248
17249
17250
17251
17252
17253
17279
17280
17281
17282
17283
17284
17315
17316
17317
17318
17319
17320
17351
17352
17353
17354
17355
17356
17387
17388
17389
17390
17391
17392
17423
17424
17425
17426
17427
17428
17459
17460
17461
17462
17463
17464
17495
17496
17497
17498
17499
17500
17531
17532
17533
17534
17535
17536
17567
17568
17569
17570
17571
17572
17603
17604
17605
17606
17607
17608
17639
17640
17641
17642
17643
17644
17675
17676
17677
17678
17679
17711
17712
17713
17714
17715
17747
17748
17749
17750
17751
17783
17784
17785
17786
17787
17819
17820
17821
17822
17823
17836
17837
17838
17839
17840
17853
17854
17855
17856
17857
17870
17871
17872
17873
17874
17875
17887
17888
17889
17890
17891
17892
17904
17905
17906
17907
17908
17909
17921
17922
17923
17924
17925
17926
17938
17939
17940
17941
17942
17943
17974
17975
17976
17977
17978
17979
18010
18011
18012
18013
18014
18015
18046
18047
18048
18049
18050
18051
18082
18083
18084
18085
18086
18087
18118
18119
18120
18121
18122
18123
18154
18155
18156
18157
18158
18159
18190
18191
18192
18193
18194
18195
18226
18227
18228
18229
18230
18231
18262
18263
18264
18265
18266
18267
18298
18299
18300
18301
18302
18303
18334
18335
18336
18337
18338
18339
18370
18371
18372
18373
18374
18375
18406
18407
18408
18409
18410
18411
18437
18438
18439
18440
18441
18442
18468
18469
18470
18471
18472
18473
18499
18500
18501
18502
18503
18504
18530
18531
18532
18533
18534
18535
18561
18562
18563
18564
18565
18566
18592
18593
18594
18595
18596
18597
18623
18624
18625
18626
18627
18628
18659
18660
18661
18662
18663
18664
18695
18696
18697
18698
18699
18700
18731
18732
18733
18734
18735
18736
18767
18768
18769
18770
18771
18772
18803
18804
18805
18806
18807
18808
18839
18840
18841
18842
18843
18844
18875
18876
18877
18878
18879
18880
18911
18912
18913
18914
18915
18916
18947
18948
18949
18950
18951
18952
18983
18984
18985
18986
18987
18988
19019
19020
19021
19022
19023
19055
19056
19057
19058
19059
19091
19092
19093
19094
19095
19127
19128
19129
19130
19131
19163
19164
19165
19166
19167
19180
19181
19182
19183
19184
19197
19198
19199
19200
19201
19214
19215
19216
19217
19218
19231
19232
19233
19234
19235
19236
19248
19249
19250
19251
19252
19253
19265
19266
19267
19268
19269
19270
19282
19283
19284
19285
19286
19287
19318
19319
19320
19321
19322
19323
19354
19355
19356
19357
19358
19359
19390
19391
19392
19393
19394
19395
19426
19427
19428
19429
19430
19431
19462
19463
19464
19465
19466
19467
19498
19499
19500
19501
19502
19503
19534
19535
19536
19537
19538
19539
19570
19571
19572
19573
19574
19575
19606
19607
19608
19609
19610
19611
19642
19643
19644
19645
19646
19647
19678
19679
19680
19681
19682
19683
19714
19715
19716
19717
19718
19719
19750
19751
19752
19753
19754
19755
19781
19782
19783
19784
19785
19786
19812
19813
19814
19815
19816
19817
19843
19844
19845
19846
19847
19848
19874
19875
19876
19877
19878
19879
19905
19906
19907
19908
19909
19910
19936
19937
19938
19939
19940
19941
19967
19968
19969
19970
19971
19972
20003
20004
20005
20006
20007
20008
20039
20040
20041
20042
20043
20044
20075
20076
20077
20078
20079
20080
20111
20112
20113
20114
20115
20116
20147
20148
20149
20150
20151
20152
20183
20184
20185
20186
20187
20188
20219
20220
20221
20222
20223
20224
20255
20256
20257
20258
20259
20260
20291
20292
20293
20294
20295
20296
20327
20328
20329
20330
20331
20332
20363
20364
20365
20366
20367
20399
20400
20401
20402
20403
20435
20436
20437
20438
20439
20471
20472
20473
20474
20475
20507
20508
20509
20510
20511
20524
20525
20526
20527
20528
20541
20542
20543
20544
20545
20558
20559
20560
20561
20562
20575
20576
20577
20578
20579
20592
20593
20594
20595
20596
20597
20609
20610
20611
20612
20613
20614
20626
20627
20628
20629
20630
20631
20662
20663
20664
20665
20666
20667
20698
20699
20700
20701
20702
20703
20734
20735
20736
20737
20738
20739
20770
20771
20772
20773
20774
20775
20806
20807
20808
20809
20810
20811
20842
20843
20844
20845
20846
20847
20878
20879
20880
20881
20882
20883
20914
20915
20916
20917
20918
20919
20950
20951
20952
20953
20954
20955
20986
20987
20988
20989
20990
20991
21022
21023
21024
21025
21026
21027
21058
21059
21060
21061
21062
21063
21094
21095
21096
21097
21098
21099
21125
21126
21127
21128
21129
21130
21156
21157
21158
21159
21160
21161
21187
21188
21189
21190
21191
21192
21218
21219
21220
21221
21222
21223
21249
21250
21251
21252
21253
21254
21280
21281
21282
21283
21284
21285
21311
21312
21313
21314
21315
21316
21347
21348
21349
21350
21351
21352
21383
21384
21385
21386
21387
21388
21419
21420
21421
21422
21423
21424
21455
21456
21457
21458
21459
21460
21491
21492
21493
21494
21495
21496
21527
21528
21529
21530
21531
21532
21563
21564
21565
21566
21567
21568
21599
21600
21601
21602
21603
21604
21635
21636
21637
21638
21639
21640
21671
21672
21673
21674
21675
21676
21707
21708
21709
21710
21711
21743
21744
21745
21746
21747
21779
21780
21781
21782
21783
21815
21816
21817
21818
21819
21851
21852
21853
21854
21855
21868
21869
21870
21871
21872
21885
21886
21887
21888
21889
21902
21903
21904
21905
21906
21919
21920
21921
21922
21923
21936
21937
21938
21939
21940
21953
21954
21955
21956
21957
21958
21970
21971
21972
21973
21974
21975
22006
22007
22008
22009
22010
22011
22042
22043
22044
22045
22046
22047
22078
22079
22080
22081
22082
22083
22114
22115
22116
22117
22118
22119
22150
22151
22152
22153
22154
22155
22186
22187
22188
22189
22190
22191
22222
22223
22224
22225
22226
22227
22258
22259
22260
22261
22262
22263
22294
22295
22296
22297
22298
22299
22330
22331
22332
22333
22334
22335
22366
22367
22368
22369
22370
22371
22402
22403
22404
22405
22406
22407
22438
22439
22440
22441
22442
22443
22469
22470
22471
22472
22473
22474
22500
22501
22502
22503
22504
22505
22531
22532
22533
22534
22535
22536
22562
22563
22564
22565
22566
22567
22593
22594
22595
22596
22597
22598
22624
22625
22626
22627
22628
22629
22655
22656
22657
22658
22659
22660
22691
22692
22693
22694
22695
22696
22727
22728
22729
22730
22731
22732
22763
22764
22765
22766
22767
22768
22799
22800
22801
22802
22803
22804
22835
22836
22837
22838
22839
22840
22871
22872
22873
22874
22875
22876
22907
22908
22909
22910
22911
22912
22943
22944
22945
22946
22947
22948
22979
22980
22981
22982
22983
22984
23015
23016
23017
23018
23019
23020
23051
23052
23053
23054
23055
23087
23088
23089
23090
23091
23123
23124
23125
23126
23127
23159
23160
23161
23162
23163
23195
23196
23197
23198
23199
23212
23213
23214
23215
23216
23229
23230
23231
23232
23233
23246
23247
23248
23249
23250
23263
23264
23265
23266
23267
23280
23281
23282
23283
23284
23297
23298
23299
23300
23301
23314
23315
23316
23317
23318
23319
23350
23351
23352
23353
23354
23355
23386
23387
23388
23389
23390
23391
23422
23423
23424
23425
23426
23427
23458
23459
23460
23461
23462
23463
23494
23495
23496
23497
23498
23499
23530
23531
23532
23533
23534
23535
23566
23567
23568
23569
23570
23571
23602
23603
23604
23605
23606
23607
23638
23639
23640
23641
23642
23643
23674
23675
23676
23677
23678
23679
23710
23711
23712
23713
23714
23715
23746
23747
23748
23749
23750
23751
23782
23783
23784
23785
23786
23787
23813
23814
23815
23816
23817
23818
23844
23845
23846
23847
23848
23849
23875
23876
23877
23878
23879
23880
23906
23907
23908
23909
23910
23911
23937
23938
23939
23940
23941
23942
23968
23969
23970
23971
23972
23973
23999
24000
24001
24002
24003
24004
24035
24036
24037
24038
24039
24040
24071
24072
24073
24074
24075
24076
24107
24108
24109
24110
24111
24112
24143
24144
24145
24146
24147
24148
24179
24180
24181
24182
24183
24184
24215
24216
24217
24218
24219
24220
24251
24252
24253
24254
24255
24256
24287
24288
24289
24290
24291
24292
24323
24324
24325
24326
24327
24328
24359
24360
24361
24362
24363
24364
24395
24396
24397
24398
24399
24431
24432
24433
24434
24435
24467
24468
24469
24470
24471
24503
24504
24505
24506
24507
24539
24540
24541
24542
24543
24556
24557
24558
24559
24560
24573
24574
24575
24576
24577
24590
24591
24592
24593
24594
24607
24608
24609
24610
24611
24624
24625
24626
24627
24628
24641
24642
24643
24644
24645
24658
24659
24660
24661
24662
24694
24695
24696
24697
24698
24699
24730
24731
24732
24733
24734
24735
24766
24767
24768
24769
24770
24771
24802
24803
24804
24805
24806
24807
24838
24839
24840
24841
24842
24843
24874
24875
24876
24877
24878
24879
24910
24911
24912
24913
24914
24915
24946
24947
24948
24949
24950
24951
24982
24983
24984
24985
24986
24987
25018
25019
25020
25021
25022
25023
25054
25055
25056
25057
25058
25059
25090
25091
25092
25093
25094
25095
25126
25127
25128
25129
25130
25131
25157
25158
25159
25160
25161
25162
25188
25189
25190
25191
25192
25193
25219
25220
25221
25222
25223
25224
25250
25251
25252
25253
25254
25255
25281
25282
25283
25284
25285
25286
25312
25313
25314
25315
25316
25317
25343
25344
25345
25346
25347
25348
25379
25380
25381
25382
25383
25384
25415
25416
25417
25418
25419
25420
25451
25452
25453
25454
25455
25456
25487
25488
25489
25490
25491
25492
25523
25524
25525
25526
25527
25528
25559
25560
25561
25562
25563
25564
25595
25596
25597
25598
25599
25600
25631
25632
25633
25634
25635
25636
25667
25668
25669
25670
25671
25672
25703
25704
25705
25706
25707
25708
25739
25740
25741
25742
25743
25775
25776
25777
25778
25779
25811
25812
25813
25814
25815
25847
25848
25849
25850
25851
25883
25884
25885
25886
25887
25900
25901
25902
25903
25904
25917
25918
25919
25920
25921
25934
25935
25936
25937
25938
25951
25952
25953
25954
25955
25968
25969
25970
25971
25972
25985
25986
25987
25988
25989
26002
26003
26004
26005
26006
26038
26039
26040
26041
26042
26074
26075
26076
26077
26078
26079
26110
26111
26112
26113
26114
26115
26146
26147
26148
26149
26150
26151
26182
26183
26184
26185
26186
26187
26218
26219
26220
26221
26222
26223
26254
26255
26256
26257
26258
26259
26290
26291
26292
26293
26294
26295
26326
26327
26328
26329
26330
26331
26362
26363
26364
26365
26366
26367
26398
26399
26400
26401
26402
26403
26434
26435
26436
26437
26438
26439
26470
26471
26472
26473
26474
26475
26501
26502
26503
26504
26505
26506
26532
26533
26534
26535
26536
26537
26563
26564
26565
26566
26567
26568
26594
26595
26596
26597
26598
26599
26625
26626
26627
26628
26629
26630
26656
26657
26658
26659
26660
26661
26687
26688
26689
26690
26691
26692
26723
26724
26725
26726
26727
26728
26759
26760
26761
26762
26763
26764
26795
26796
26797
26798
26799
26800
26831
26832
26833
26834
26835
26836
26867
26868
26869
26870
26871
26872
26903
26904
26905
26906
26907
26908
26939
26940
26941
26942
26943
26944
26975
26976
26977
26978
26979
26980
27011
27012
27013
27014
27015
27016
27047
27048
27049
27050
27051
27052
27083
27084
27085
27086
27087
27119
27120
27121
27122
27123
27155
27156
27157
27158
27159
27191
27192
27193
27194
27195
27227
27228
27229
27230
27231
27244
27245
27246
27247
27248
27261
27262
27263
27264
27265
27278
27279
27280
27281
27282
27295
27296
27297
27298
27299
27312
27313
27314
27315
27316
27329
27330
27331
27332
27333
27346
27347
27348
27349
27350
27382
27383
27384
27385
27386
27418
27419
27420
27421
27422
27454
27455
27456
27457
27458
27459
27490
27491
27492
27493
27494
27495
27526
27527
27528
27529
27530
27531
27562
27563
27564
27565
27566
27567
27598
27599
27600
27601
27602
27603
27634
27635
27636
27637
27638
27639
27670
27671
27672
27673
27674
27675
27706
27707
27708
27709
27710
27711
27742
27743
27744
27745
27746
27747
27778
27779
27780
27781
27782
27783
27814
27815
27816
27817
27818
27819
27845
27846
27847
27848
27849
27850
27876
27877
27878
27879
27880
27881
27907
27908
27909
27910
27911
27912
27938
27939
27940
27941
27942
27943
27969
27970
27971
27972
27973
27974
28000
28001
28002
28003
28004
28005
28031
28032
28033
28034
28035
28036
28067
28068
28069
28070
28071
28072
28103
28104
28105
28106
28107
28108
28139
28140
28141
28142
28143
28144
28175
28176
28177
28178
28179
28180
28211
28212
28213
28214
28215
28216
28247
28248
28249
28250
28251
28252
28283
28284
28285
28286
28287
28288
28319
28320
28321
28322
28323
28324
28355
28356
28357
28358
28359
28360
28391
28392
28393
28394
28395
28396
28427
28428
28429
28430
28431
28463
28464
28465
28466
28467
28499
28500
28501
28502
28503
28535
28536
28537
28538
28539
28571
28572
28573
28574
28575
28588
28589
28590
28591
28592
28605
28606
28607
28608
28609
28622
28623
28624
28625
28626
28639
28640
28641
28642
28643
28656
28657
28658
28659
28660
28673
28674
28675
28676
28677
28690
28691
28692
28693
28694
28726
28727
28728
28729
28730
28762
28763
28764
28765
28766
28798
28799
28800
28801
28802
28834
28835
28836
28837
28838
28839
28870
28871
28872
28873
28874
28875
28906
28907
28908
28909
28910
28911
28942
28943
28944
28945
28946
28947
28978
28979
28980
28981
28982
28983
29014
29015
29016
29017
29018
29019
29050
29051
29052
29053
29054
29055
29086
29087
29088
29089
29090
29091
29122
29123
29124
29125
29126
29127
29158
29159
29160
29161
29162
29163
29189
29190
29191
29192
29193
29194
29220
29221
29222
29223
29224
29225
29251
29252
29253
29254
29255
29256
29282
29283
29284
29285
29286
29287
29313
29314
29315
29316
29317
29318
29344
29345
29346
29347
29348
29349
29375
29376
29377
29378
29379
29380
29411
29412
29413
29414
29415
29416
29447
29448
29449
29450
29451
29452
29483
29484
29485
29486
29487
29488
29519
29520
29521
29522
29523
29524
29555
29556
29557
29558
29559
29560
29591
29592
29593
29594
29595
29596
29627
29628
29629
29630
29631
29632
29663
29664
29665
29666
29667
29668
29699
29700
29701
29702
29703
29704
29735
29736
29737
29738
29739
29740
29771
29772
29773
29774
29775
29807
29808
29809
29810
29811
29843
29844
29845
29846
29847
29879
29880
29881
29882
29883
29915
29916
29917
29918
29919
29932
29933
29934
29935
29936
29949
29950
29951
29952
29953
29966
29967
29968
29969
29970
29983
29984
29985
29986
29987
30000
30001
30002
30003
30004
30017
30018
30019
30020
30021
30034
30035
30036
30037
30038
30070
30071
30072
30073
30074
30106
30107
30108
30109
30110
30142
30143
30144
30145
30146
30178
30179
30180
30181
30182
30214
30215
30216
30217
30218
30219
30250
30251
30252
30253
30254
30255
30286
30287
30288
30289
30290
30291
30322
30323
30324
30325
30326
30327
30358
30359
30360
30361
30362
30363
30394
30395
30396
30397
30398
30399
30430
30431
30432
30433
30434
30435
30466
30467
30468
30469
30470
30471
30502
30503
30504
30505
30506
30507
30533
30534
30535
30536
30537
30538
30564
30565
30566
30567
30568
30569
30595
30596
30597
30598
30599
30600
30626
30627
30628
30629
30630
30631
30657
30658
30659
30660
30661
30662
30688
30689
30690
30691
30692
30693
30719
30720
30721
30722
30723
30724
30755
30756
30757
30758
30759
30760
30791
30792
30793
30794
30795
30796
30827
30828
30829
30830
30831
30832
30863
30864
30865
30866
30867
30868
30899
30900
30901
30902
30903
30904
30935
30936
30937
30938
30939
30940
30971
30972
30973
30974
30975
30976
31007
31008
31009
31010
31011
31012
31043
31044
31045
31046
31047
31048
31079
31080
31081
31082
31083
31084
31115
31116
31117
31118
31119
31151
31152
31153
31154
31155
31187
31188
31189
31190
31191
31223
31224
31225
31226
31227
31259
31260
31261
31262
31263
31276
31277
31278
31279
31280
31293
31294
31295
31296
31297
31310
31311
31312
31313
31314
31327
31328
31329
31330
31331
31344
31345
31346
31347
31348
31361
31362
31363
31364
31365
31378
31379
31380
31381
31382
31414
31415
31416
31417
31418
31450
31451
31452
31453
31454
31486
31487
31488
31489
31490
31522
31523
31524
31525
31526
31558
31559
31560
31561
31562
31594
31595
31596
31597
31598
31599
31630
31631
31632
31633
31634
31635
31666
31667
31668
31669
31670
31671
31702
31703
31704
31705
31706
31707
31738
31739
31740
31741
31742
31743
31774
31775
31776
31777
31778
31779
31810
31811
31812
31813
31814
31815
31846
31847
31848
31849
31850
31851
31877
31878
31879
31880
31881
31882
31908
31909
31910
31911
31912
31913
31939
31940
31941
31942
31943
31944
31970
31971
31972
31973
31974
31975
32001
32002
32003
32004
32005
32006
32032
32033
32034
32035
32036
32037
32063
32064
32065
32066
32067
32068
32099
32100
32101
32102
32103
32104
32135
32136
32137
32138
32139
32140
32171
32172
32173
32174
32175
32176
32207
32208
32209
32210
32211
32212
32243
32244
32245
32246
32247
32248
32279
32280
32281
32282
32283
32284
32315
32316
32317
32318
32319
32320
32351
32352
32353
32354
32355
32356
32387
32388
32389
32390
32391
32392
32423
32424
32425
32426
32427
32428
32459
32460
32461
32462
32463
32495
32496
32497
32498
32499
32531
32532
32533
32534
32535
32567
32568
32569
32570
32571
32603
32604
32605
32606
32607
32620
32621
32622
32623
32624
32637
32638
32639
32640
32641
32654
32655
32656
32657
32658
32671
32672
32673
32674
32675
32688
32689
32690
32691
32692
32705
32706
32707
32708
32709
32722
32723
32724
32725
32726
32758
32759
32760
32761
32762
32794
32795
32796
32797
32798
32830
32831
32832
32833
32834
32866
32867
32868
32869
32870
32902
32903
32904
32905
32906
32938
32939
32940
32941
32942
32974
32975
32976
32977
32978
32979
33010
33011
33012
33013
33014
33015
33046
33047
33048
33049
33050
33051
33082
33083
33084
33085
33086
33087
33118
33119
33120
33121
33122
33123
33154
33155
33156
33157
33158
33159
33190
33191
33192
33193
33194
33195
33221
33222
33223
33224
33225
33226
33252
33253
33254
33255
33256
33257
33283
33284
33285
33286
33287
33288
33314
33315
33316
33317
33318
33319
33345
33346
33347
33348
33349
33350
33376
33377
33378
33379
33380
33381
33407
33408
33409
33410
33411
33412
33443
33444
33445
33446
33447
33448
33479
33480
33481
33482
33483
33484
33515
33516
33517
33518
33519
33520
33551
33552
33553
33554
33555
33556
33587
33588
33589
33590
33591
33592
33623
33624
33625
33626
33627
33628
33659
33660
33661
33662
33663
33664
33695
33696
33697
33698
33699
33700
33731
33732
33733
33734
33735
33736
33767
33768
33769
33770
33771
33772
33803
33804
33805
33806
33807
33839
33840
33841
33842
33843
33875
33876
33877
33878
33879
33911
33912
33913
33914
33915
33947
33948
33949
33950
33951
33964
33965
33966
33967
33968
33981
33982
33983
33984
33985
33998
33999
34000
34001
34002
34015
34016
34017
34018
34019
34032
34033
34034
34035
34036
34049
34050
34051
34052
34053
34066
34067
34068
34069
34070
34102
34103
34104
34105
34106
34138
34139
34140
34141
34142
34174
34175
34176
34177
34178
34210
34211
34212
34213
34214
34246
34247
34248
34249
34250
34282
34283
34284
34285
34286
34318
34319
34320
34321
34322
34354
34355
34356
34357
34358
34359
34390
34391
34392
34393
34394
34395
34426
34427
34428
34429
34430
34431
34462
34463
34464
34465
34466
34467
34498
34499
34500
34501
34502
34503
34534
34535
34536
34537
34538
34539
34565
34566
34567
34568
34569
34570
34596
34597
34598
34599
34600
34601
34627
34628
34629
34630
34631
34632
34658
34659
34660
34661
34662
34663
34689
34690
34691
34692
34693
34694
34720
34721
34722
34723
34724
34725
34751
34752
34753
34754
34755
34756
34787
34788
34789
34790
34791
34792
34823
34824
34825
34826
34827
34828
34859
34860
34861
34862
34863
34864
34895
34896
34897
34898
34899
34900
34931
34932
34933
34934
34935
34936
34967
34968
34969
34970
34971
34972
35003
35004
35005
35006
35007
35008
35039
35040
35041
35042
35043
35044
35075
35076
35077
35078
35079
35080
35111
35112
35113
35114
35115
35116
35147
35148
35149
35150
35151
35183
35184
35185
35186
35187
35219
35220
35221
35222
35223
35255
35256
35257
35258
35259
35291
35292
35293
35294
35295
35308
35309
35310
35311
35312
35325
35326
35327
35328
35329
35342
35343
35344
35345
35346
35359
35360
35361
35362
35363
35376
35377
35378
35379
35380
35393
35394
35395
35396
35397
35410
35411
35412
35413
35414
35446
35447
35448
35449
35450
35482
35483
35484
35485
35486
35518
35519
35520
35521
35522
35554
35555
35556
35557
35558
35590
35591
35592
35593
35594
35626
35627
35628
35629
35630
35662
35663
35664
35665
35666
35698
35699
35700
35701
35702
35734
35735
35736
35737
35738
35739
35770
35771
35772
35773
35774
35775
35806
35807
35808
35809
35810
35811
35842
35843
35844
35845
35846
35847
35878
35879
35880
35881
35882
35883
35909
35910
35911
35912
35913
35914
35940
35941
35942
35943
35944
35945
35971
35972
35973
35974
35975
35976
36002
36003
36004
36005
36006
36007
36033
36034
36035
36036
36037
36038
36064
36065
36066
36067
36068
36069
36095
36096
36097
36098
36099
36100
36131
36132
36133
36134
36135
36136
36167
36168
36169
36170
36171
36172
36203
36204
36205
36206
36207
36208
36239
36240
36241
36242
36243
36244
36275
36276
36277
36278
36279
36280
36311
36312
36313
36314
36315
36316
36347
36348
36349
36350
36351
36352
36383
36384
36385
36386
36387
36388
36419
36420
36421
36422
36423
36424
36455
36456
36457
36458
36459
36460
36491
36492
36493
36494
36495
36527
36528
36529
36530
36531
36563
36564
36565
36566
36567
36599
36600
36601
36602
36603
36635
36636
36637
36638
36639
36652
36653
36654
36655
36656
36669
36670
36671
36672
36673
36686
36687
36688
36689
36690
36703
36704
36705
36706
36707
36720
36721
36722
36723
36724
36737
36738
36739
36740
36741
36754
36755
36756
36757
36758
36790
36791
36792
36793
36794
36826
36827
36828
36829
36830
36862
36863
36864
36865
36866
36898
36899
36900
36901
36902
36934
36935
36936
36937
36938
36970
36971
36972
36973
36974
37006
37007
37008
37009
37010
37042
37043
37044
37045
37046
37078
37079
37080
37081
37082
37114
37115
37116
37117
37118
37119
37150
37151
37152
37153
37154
37155
37186
37187
37188
37189
37190
37191
37222
37223
37224
37225
37226
37227
37253
37254
37255
37256
37257
37258
37284
37285
37286
37287
37288
37289
37315
37316
37317
37318
37319
37320
37346
37347
37348
37349
37350
37351
37377
37378
37379
37380
37381
37382
37408
37409
37410
37411
37412
37413
37439
37440
37441
37442
37443
37444
37475
37476
37477
37478
37479
37480
37511
37512
37513
37514
37515
37516
37547
37548
37549
37550
37551
37552
37583
37584
37585
37586
37587
37588
37619
37620
37621
37622
37623
37624
37655
37656
37657
37658
37659
37660
37691
37692
37693
37694
37695
37696
37727
37728
37729
37730
37731
37732
37763
37764
37765
37766
37767
37768
37799
37800
37801
37802
37803
37804
37835
37836
37837
37838
37839
37871
37872
37873
37874
37875
37907
37908
37909
37910
37911
37943
37944
37945
37946
37947
37979
37980
37981
37982
37983
38015
38016
38017
38018
38019
38051
38052
38053
38054
38055
38087
38088
38089
38090
38091
38123
38124
38125
38126
38127
38159
38160
38161
38162
38163
38195
38196
38197
38198
38199
38231
38232
38233
38234
38235
38267
38268
38269
38270
38271
38303
38304
38305
38306
38307
38339
38340
38341
38342
38343
38375
38376
38377
38378
38379
38411
38412
38413
38414
38415
38447
38448
38449
38450
38451
38483
38484
38485
38486
38487
38519
38520
38521
38522
38523
38555
38556
38557
38558
38559
38591
38592
38593
38594
38595
38627
38628
38629
38630
38631
38632
38663
38664
38665
38666
38667
38668
38699
38700
38701
38702
38703
38704
38735
38736
38737
38738
38739
38740
38771
38772
38773
38774
38775
38776
38807
38808
38809
38810
38811
38812
38843
38844
38845
38846
38847
38848
38879
38880
38881
38882
38883
38884
38915
38916
38917
38918
38919
38920
38951
38952
38953
38954
38955
38956
38987
38988
38989
38990
38991
38992
39023
39024
39025
39026
39027
39028
39059
39060
39061
39062
39063
39064
39095
39096
39097
39098
39099
39100
39131
39132
39133
39134
39135
39136
39167
39168
39169
39170
39171
39172
39203
39204
39205
39206
39207
39208
39239
39240
39241
39242
39243
39244
39275
39276
39277
39278
39279
39280
39311
39312
39313
39314
39315
39316
39347
39348
39349
39350
39351
39383
39384
39385
39386
39387
39419
39420
39421
39422
39423
39455
39456
39457
39458
39459
39491
39492
39493
39494
39495
39527
39528
39529
39530
39531
39563
39564
39565
39566
39567
39599
39600
39601
39602
39603
39635
39636
39637
39638
39639
39671
39672
39673
39674
39675
39707
39708
39709
39710
39711
39743
39744
39745
39746
39747
39779
39780
39781
39782
39783
39815
39816
39817
39818
39819
39851
39852
39853
39854
39855
39887
39888
39889
39890
39891
39923
39924
39925
39926
39927
39959
39960
39961
39962
39963
39995
39996
39997
39998
39999
40031
40032
40033
40034
40035
40067
40068
40069
40070
40071
40103
40104
40105
40106
40107
40139
40140
40141
40142
40143
40175
40176
40177
40178
40179
40180
40211
40212
40213
40214
40215
40216
40247
40248
40249
40250
40251
40252
40283
40284
40285
40286
40287
40288
40319
40320
40321
40322
40323
40324
40355
40356
40357
40358
40359
40360
40391
40392
40393
40394
40395
40396
40427
40428
40429
40430
40431
40432
40463
40464
40465
40466
40467
40468
40499
40500
40501
40502
40503
40504
40535
40536
40537
40538
40539
40540
40571
40572
40573
40574
40575
40576
40607
40608
40609
40610
40611
40612
40643
40644
40645
40646
40647
40648
40679
40680
40681
40682
40683
40684
40715
40716
40717
40718
40719
40720
40751
40752
40753
40754
40755
40756
40787
40788
40789
40790
40791
40792
40823
40824
40825
40826
40827
40828
40859
40860
40861
40862
40863
40895
40896
40897
40898
40899
40931
40932
40933
40934
40935
40967
40968
40969
40970
40971
41003
41004
41005
41006
41007
41039
41040
41041
41042
41043
41075
41076
41077
41078
41079
41111
41112
41113
41114
41115
41147
41148
41149
41150
41151
41183
41184
41185
41186
41187
41219
41220
41221
41222
41223
41255
41256
41257
41258
41259
41291
41292
41293
41294
41295
41327
41328
41329
41330
41331
41363
41364
41365
41366
41367
41399
41400
41401
41402
41403
41435
41436
41437
41438
41439
41471
41472
41473
41474
41475
41507
41508
41509
41510
41511
41543
41544
41545
41546
41547
41579
41580
41581
41582
41583
41615
41616
41617
41618
41619
41651
41652
41653
41654
41655
41687
41688
41689
41690
41691
41723
41724
41725
41726
41727
41728
41759
41760
41761
41762
41763
41764
41795
41796
41797
41798
41799
41800
41831
41832
41833
41834
41835
41836
41867
41868
41869
41870
41871
41872
41903
41904
41905
41906
41907
41908
41939
41940
41941
41942
41943
41944
41975
41976
41977
41978
41979
41980
42011
42012
42013
42014
42015
42016
42047
42048
42049
42050
42051
42052
42083
42084
42085
42086
42087
42088
42119
42120
42121
42122
42123
42124
42155
42156
42157
42158
42159
42160
42191
42192
42193
42194
42195
42196
42227
42228
42229
42230
42231
42232
42263
42264
42265
42266
42267
42268
42299
42300
42301
42302
42303
42304
42335
42336
42337
42338
42339
42340
42371
42372
42373
42374
42375
42407
42408
42409
42410
42411
42443
42444
42445
42446
42447
42479
42480
42481
42482
42483
42515
42516
42517
42518
42519
42551
42552
42553
42554
42555
42587
42588
42589
42590
42591
42623
42624
42625
42626
42627
42659
42660
42661
42662
42663
42695
42696
42697
42698
42699
42731
42732
42733
42734
42735
42767
42768
42769
42770
42771
42803
42804
42805
42806
42807
42839
42840
42841
42842
42843
42875
42876
42877
42878
42879
42911
42912
42913
42914
42915
42947
42948
42949
42950
42951
42983
42984
42985
42986
42987
43019
43020
43021
43022
43023
43055
43056
43057
43058
43059
43091
43092
43093
43094
43095
43127
43128
43129
43130
43131
43163
43164
43165
43166
43167
43199
43200
43201
43202
43203
43235
43236
43237
43238
43239
43271
43272
43273
43274
43275
43276
43307
43308
43309
43310
43311
43312
43343
43344
43345
43346
43347
43348
43379
43380
43381
43382
43383
43384
43415
43416
43417
43418
43419
43420
43451
43452
43453
43454
43455
43456
43487
43488
43489
43490
43491
43492
43523
43524
43525
43526
43527
43528
43559
43560
43561
43562
43563
43564
43595
43596
43597
43598
43599
43600
43631
43632
43633
43634
43635
43636
43667
43668
43669
43670
43671
43672
43703
43704
43705
43706
43707
43708
43739
43740
43741
43742
43743
43744
43775
43776
43777
43778
43779
43780
43811
43812
43813
43814
43815
43816
43847
43848
43849
43850
43851
43852
43883
43884
43885
43886
43887
43919
43920
43921
43922
43923
43955
43956
43957
43958
43959
43991
43992
43993
43994
43995
44027
44028
44029
44030
44031
44063
44064
44065
44066
44067
44099
44100
44101
44102
44103
44135
44136
44137
44138
44139
44171
44172
44173
44174
44175
44207
44208
44209
44210
44211
44243
44244
44245
44246
44247
44279
44280
44281
44282
44283
44315
44316
44317
44318
44319
44351
44352
44353
44354
44355
44387
44388
44389
44390
44391
44423
44424
44425
44426
44427
44459
44460
44461
44462
44463
44495
44496
44497
44498
44499
44531
44532
44533
44534
44535
44567
44568
44569
44570
44571
44603
44604
44605
44606
44607
44639
44640
44641
44642
44643
44675
44676
44677
44678
44679
44711
44712
44713
44714
44715
44747
44748
44749
44750
44751
44783
44784
44785
44786
44787
44819
44820
44821
44822
44823
44824
44855
44856
44857
44858
44859
44860
44891
44892
44893
44894
44895
44896
44927
44928
44929
44930
44931
44932
44963
44964
44965
44966
44967
44968
44999
45000
45001
45002
45003
45004
45035
45036
45037
45038
45039
45040
45071
45072
45073
45074
45075
45076
45107
45108
45109
45110
45111
45112
45143
45144
45145
45146
45147
45148
45179
45180
45181
45182
45183
45184
45215
45216
45217
45218
45219
45220
45251
45252
45253
45254
45255
45256
45287
45288
45289
45290
45291
45292
45323
45324
45325
45326
45327
45328
45359
45360
45361
45362
45363
45364
45395
45396
45397
45398
45399
45431
45432
45433
45434
45435
45467
45468
45469
45470
45471
45503
45504
45505
45506
45507
45539
45540
45541
45542
45543
45575
45576
45577
45578
45579
45611
45612
45613
45614
45615
45647
45648
45649
45650
45651
45683
45684
45685
45686
45687
45719
45720
45721
45722
45723
45755
45756
45757
45758
45759
45791
45792
45793
45794
45795
45827
45828
45829
45830
45831
45863
45864
45865
45866
45867
45899
45900
45901
45902
45903
45935
45936
45937
45938
45939
45971
45972
45973
45974
45975
46007
46008
46009
46010
46011
46043
46044
46045
46046
46047
46079
46080
46081
46082
46083
46115
46116
46117
46118
46119
46151
46152
46153
46154
46155
46187
46188
46189
46190
46191
46223
46224
46225
46226
46227
46259
46260
46261
46262
46263
46295
46296
46297
46298
46299
46331
46332
46333
46334
46335
46367
46368
46369
46370
46371
46372
46403
46404
46405
46406
46407
46408
46439
46440
46441
46442
46443
46444
46475
46476
46477
46478
46479
46480
46511
46512
46513
46514
46515
46516
46547
46548
46549
46550
46551
46552
46583
46584
46585
46586
46587
46588
46619
46620
46621
46622
46623
46624
46655
46656
46657
46658
46659
46660
46691
46692
46693
46694
46695
46696
46727
46728
46729
46730
46731
46732
46763
46764
46765
46766
46767
46768
46799
46800
46801
46802
46803
46804
46835
46836
46837
46838
46839
46840
46871
46872
46873
46874
46875
46876
46907
46908
46909
46910
46911
46943
46944
46945
46946
46947
46979
46980
46981
46982
46983
47015
47016
47017
47018
47019
47051
47052
47053
47054
47055
47087
47088
47089
47090
47091
47123
47124
47125
47126
47127
47159
47160
47161
47162
47163
47195
47196
47197
47198
47199
47231
47232
47233
47234
47235
47267
47268
47269
47270
47271
47303
47304
47305
47306
47307
47339
47340
47341
47342
47343
47375
47376
47377
47378
47379
47411
47412
47413
47414
47415
47447
47448
47449
47450
47451
47483
47484
47485
47486
47487
47519
47520
47521
47522
47523
47555
47556
47557
47558
47559
47591
47592
47593
47594
47595
47627
47628
47629
47630
47631
47663
47664
47665
47666
47667
47699
47700
47701
47702
47703
47735
47736
47737
47738
47739
47771
47772
47773
47774
47775
47807
47808
47809
47810
47811
47843
47844
47845
47846
47847
47879
47880
47881
47882
47883
47915
47916
47917
47918
47919
47920
47951
47952
47953
47954
47955
47956
47987
47988
47989
47990
47991
47992
48023
48024
48025
48026
48027
48028
48059
48060
48061
48062
48063
48064
48095
48096
48097
48098
48099
48100
48131
48132
48133
48134
48135
48136
48167
48168
48169
48170
48171
48172
48203
48204
48205
48206
48207
48208
48239
48240
48241
48242
48243
48244
48275
48276
48277
48278
48279
48280
48311
48312
48313
48314
48315
48316
48347
48348
48349
48350
48351
48352
48383
48384
48385
48386
48387
48388
48419
48420
48421
48422
48423
48455
48456
48457
48458
48459
48491
48492
48493
48494
48495
48527
48528
48529
48530
48531
48563
48564
48565
48566
48567
48599
48600
48601
48602
48603
48635
48636
48637
48638
48639
48671
48672
48673
48674
48675
48707
48708
48709
48710
48711
48743
48744
48745
48746
48747
48779
48780
48781
48782
48783
48815
48816
48817
48818
48819
48851
48852
48853
48854
48855
48887
48888
48889
48890
48891
48923
48924
48925
48926
48927
48959
48960
48961
48962
48963
48995
48996
48997
48998
48999
49031
49032
49033
49034
49035
49067
49068
49069
49070
49071
49103
49104
49105
49106
49107
49139
49140
49141
49142
49143
49175
49176
49177
49178
49179
49211
49212
49213
49214
49215
49247
49248
49249
49250
49251
49283
49284
49285
49286
49287
49319
49320
49321
49322
49323
49355
49356
49357
49358
49359
49391
49392
49393
49394
49395
49427
49428
49429
49430
49431
49463
49464
49465
49466
49467
49468
49499
49500
49501
49502
49503
49504
49535
49536
49537
49538
49539
49540
49571
49572
49573
49574
49575
49576
49607
49608
49609
49610
49611
49612
49643
49644
49645
49646
49647
49648
49679
49680
49681
49682
49683
49684
49715
49716
49717
49718
49719
49720
49751
49752
49753
49754
49755
49756
49787
49788
49789
49790
49791
49792
49823
49824
49825
49826
49827
49828
49859
49860
49861
49862
49863
49864
49895
49896
49897
49898
49899
49900
49931
49932
49933
49934
49935
49967
49968
49969
49970
49971
50003
50004
50005
50006
50007
50039
50040
50041
50042
50043
50075
50076
50077
50078
50079
50111
50112
50113
50114
50115
50147
50148
50149
50150
50151
50183
50184
50185
50186
50187
50219
50220
50221
50222
50223
50255
50256
50257
50258
50259
50291
50292
50293
50294
50295
50327
50328
50329
50330
50331
50363
50364
50365
50366
50367
50399
50400
50401
50402
50403
50435
50436
50437
50438
50439
50471
50472
50473
50474
50475
50507
50508
50509
50510
50511
50543
50544
50545
50546
50547
50579
50580
50581
50582
50583
50615
50616
50617
50618
50619
50651
50652
50653
50654
50655
50687
50688
50689
50690
50691
50723
50724
50725
50726
50727
50759
50760
50761
50762
50763
50795
50796
50797
50798
50799
50831
50832
50833
50834
50835
50867
50868
50869
50870
50871
50903
50904
50905
50906
50907
50939
50940
50941
50942
50943
50975
50976
50977
50978
50979
51011
51012
51013
51014
51015
51047
51048
51049
51050
51051
51052
51083
51084
51085
51086
51087
51088
51119
51120
51121
51122
51123
51124
51155
51156
51157
51158
51159
51160
51191
51192
51193
51194
51195
51196
51227
51228
51229
51230
51231
51232
51263
51264
51265
51266
51267
51268
51299
51300
51301
51302
51303
51304
51335
51336
51337
51338
51339
51340
51371
51372
51373
51374
51375
51376
51407
51408
51409
51410
51411
51412
51443
51444
51445
51446
51447
51479
51480
51481
51482
51483
51515
51516
51517
51518
51519
51551
51552
51553
51554
51555
51587
51588
51589
51590
51591
51623
51624
51625
51626
51627
51659
51660
51661
51662
51663
51695
51696
51697
51698
51699
51731
51732
51733
51734
51735
51767
51768
51769
51770
51771
51803
51804
51805
51806
51807
51839
51840
51841
51842
51843
51875
51876
51877
51878
51879
51911
51912
51913
51914
51915
51947
51948
51949
51950
51951
51983
51984
51985
51986
51987
52019
52020
52021
52022
52023
52055
52056
52057
52058
52059
52091
52092
52093
52094
52095
52127
52128
52129
52130
52131
52163
52164
52165
52166
52167
52199
52200
52201
52202
52203
52235
52236
52237
52238
52239
52271
52272
52273
52274
52275
52307
52308
52309
52310
52311
52343
52344
52345
52346
52347
52379
52380
52381
52382
52383
52415
52416
52417
52418
52419
52451
52452
52453
52454
52455
52487
52488
52489
52490
52491
52523
52524
52525
52526
52527
52559
52560
52561
52562
52563
52595
52596
52597
52598
52599
52600
52631
52632
52633
52634
52635
52636
52667
52668
52669
52670
52671
52672
52703
52704
52705
52706
52707
52708
52739
52740
52741
52742
52743
52744
52775
52776
52777
52778
52779
52780
52811
52812
52813
52814
52815
52816
52847
52848
52849
52850
52851
52852
52883
52884
52885
52886
52887
52888
52919
52920
52921
52922
52923
52924
52955
52956
52957
52958
52959
52991
52992
52993
52994
52995
53027
53028
53029
53030
53031
53063
53064
53065
53066
53067
53099
53100
53101
53102
53103
53135
53136
53137
53138
53139
53171
53172
53173
53174
53175
53207
53208
53209
53210
53211
53243
53244
53245
53246
53247
53279
53280
53281
53282
53283
53315
53316
53317
53318
53319
53351
53352
53353
53354
53355
53387
53388
53389
53390
53391
53423
53424
53425
53426
53427
53459
53460
53461
53462
53463
53495
53496
53497
53498
53499
53531
53532
53533
53534
53535
53567
53568
53569
53570
53571
53603
53604
53605
53606
53607
53639
53640
53641
53642
53643
53675
53676
53677
53678
53679
53711
53712
53713
53714
53715
53747
53748
53749
53750
53751
53783
53784
53785
53786
53787
53819
53820
53821
53822
53823
53855
53856
53857
53858
53859
53891
53892
53893
53894
53895
53927
53928
53929
53930
53931
53963
53964
53965
53966
53967
53999
54000
54001
54002
54003
54035
54036
54037
54038
54039
54071
54072
54073
54074
54075
54107
54108
54109
54110
54111
54143
54144
54145
54146
54147
54148
54179
54180
54181
54182
54183
54184
54215
54216
54217
54218
54219
54220
54251
54252
54253
54254
54255
54256
54287
54288
54289
54290
54291
54292
54323
54324
54325
54326
54327
54328
54359
54360
54361
54362
54363
54364
54395
54396
54397
54398
54399
54400
54431
54432
54433
54434
54435
54436
)


// ************************************************************************* //
