/*--------------------------------*- C++ -*----------------------------------*\
| =========                 |                                                 |
| \\      /  F ield         | OpenFOAM: The Open Source CFD Toolbox           |
|  \\    /   O peration     | Version:  2.3.1                                 |
|   \\  /    A nd           | Web:      www.OpenFOAM.org                      |
|    \\/     M anipulation  |                                                 |
\*---------------------------------------------------------------------------*/
FoamFile
{
    version     2.0;
    format      ascii;
    class       volScalarField;
    location    "600";
    object      p;
}
// * * * * * * * * * * * * * * * * * * * * * * * * * * * * * * * * * * * * * //

dimensions      [0 2 -2 0 0 0 0];

internalField   nonuniform List<scalar> 
6852
(
77.9844
77.9863
77.9863
77.9844
77.979
77.9711
77.9731
77.9731
77.971
77.9655
77.9853
77.9878
77.9877
77.9852
77.9794
78.0273
78.0291
78.029
78.0272
78.0223
78.0316
78.0335
78.0335
78.0315
78.0265
78.0409
78.0425
78.0425
78.0409
78.0364
78.0295
78.034
78.0359
78.036
78.0342
78.0297
78.0228
78.0089
78.0108
78.011
78.0094
78.0052
77.9989
77.9679
77.9697
77.97
77.9688
77.9651
77.9596
77.9112
77.9129
77.9133
77.9125
77.9096
77.9051
77.8433
77.8449
77.8454
77.8451
77.8431
77.84
77.7624
77.7639
77.7646
77.7648
77.7637
77.7619
77.689
77.6906
77.6916
77.6923
77.6923
77.6919
77.6309
77.6324
77.6337
77.635
77.636
77.6371
77.588
77.5895
77.5911
77.593
77.595
77.5974
77.5574
77.559
77.561
77.5635
77.5664
77.5697
77.5358
77.5376
77.54
77.543
77.5466
77.5507
77.5195
77.5215
77.5243
77.5279
77.5321
77.5369
77.506
77.5084
77.5117
77.5158
77.5206
77.5261
77.4941
77.4969
77.5007
77.5055
77.511
77.5171
77.4827
77.486
77.4905
77.496
77.5023
77.5093
77.4714
77.4753
77.4805
77.4869
77.4942
77.5021
77.4599
77.4644
77.4705
77.4779
77.4863
77.4953
77.4478
77.453
77.4602
77.4688
77.4785
77.4889
77.435
77.4411
77.4495
77.4595
77.4708
77.4827
77.4216
77.4286
77.4384
77.4501
77.4632
77.4768
77.4157
77.4271
77.4407
77.4558
77.4714
77.4025
77.4158
77.4314
77.4489
77.4665
77.3903
77.4054
77.4229
77.4429
77.4627
77.3787
77.396
77.4155
77.4381
77.4599
77.373
77.3911
77.411
77.4357
77.4591
77.3687
77.3887
77.4089
77.4355
77.46
77.3789
77.3952
77.4128
77.4391
77.4635
77.3939
77.4068
77.4218
77.4465
77.4699
77.402
77.4148
77.4297
77.4537
77.4766
77.4116
77.4247
77.4396
77.4626
77.4847
77.4328
77.4426
77.4557
77.4762
77.4965
77.4682
77.4713
77.4797
77.4948
77.5119
77.4948
77.4948
77.501
77.513
77.5277
77.5148
77.5137
77.5183
77.5285
77.542
77.5198
77.5195
77.5249
77.5354
77.549
76.9517
76.9534
76.9534
76.9517
76.9464
76.9324
76.9342
76.9342
76.9324
76.9269
76.9392
76.9415
76.9415
76.9392
76.9333
76.9763
76.9784
76.9784
76.9762
76.971
76.9823
76.9846
76.9845
76.9822
76.9768
76.9902
76.9923
76.9923
76.9902
76.9852
76.9796
76.9816
76.9817
76.9798
76.975
76.9678
76.9544
76.9563
76.9565
76.9549
76.9506
76.9441
76.9137
76.9156
76.9159
76.9147
76.911
76.9054
76.8576
76.8594
76.8598
76.859
76.856
76.8515
76.7915
76.7932
76.7938
76.7935
76.7915
76.7885
76.709
76.7105
76.7113
76.7115
76.7105
76.7088
76.6399
76.6416
76.6427
76.6435
76.6436
76.6434
76.588
76.5895
76.5908
76.5923
76.5935
76.5948
76.5528
76.5542
76.5558
76.558
76.5602
76.5627
76.5294
76.5309
76.5329
76.5356
76.5386
76.542
76.513
76.5147
76.517
76.5201
76.5238
76.528
76.5001
76.5021
76.5048
76.5083
76.5126
76.5174
76.4889
76.4912
76.4944
76.4984
76.5033
76.5087
76.4784
76.4811
76.4848
76.4895
76.495
76.5012
76.4679
76.4711
76.4755
76.481
76.4872
76.4941
76.4571
76.4609
76.466
76.4724
76.4796
76.4875
76.4457
76.4501
76.4562
76.4636
76.472
76.481
76.4334
76.4387
76.4458
76.4545
76.4643
76.4746
76.4202
76.4263
76.4349
76.4451
76.4565
76.4684
76.4059
76.4131
76.4232
76.4352
76.4486
76.4624
76.3908
76.399
76.411
76.4251
76.4408
76.4568
76.3838
76.3983
76.4148
76.4333
76.4516
76.3692
76.3863
76.4051
76.4266
76.4473
76.3527
76.3741
76.3955
76.4208
76.4441
76.344
76.3676
76.3894
76.4176
76.4428
76.3276
76.3603
76.3838
76.4162
76.4431
76.3397
76.3682
76.3873
76.4199
76.4467
76.3549
76.3795
76.3957
76.427
76.4529
76.3617
76.3869
76.4038
76.4346
76.4601
76.3751
76.4005
76.4173
76.4459
76.4702
76.3982
76.4197
76.4363
76.4615
76.4841
76.4447
76.4518
76.4627
76.4811
76.4995
76.4743
76.475
76.4822
76.4969
76.5132
76.5002
76.4977
76.5017
76.5125
76.527
76.5066
76.5051
76.5104
76.5215
76.5359
75.901
75.9026
75.9026
75.901
75.8956
75.8807
75.8824
75.8825
75.8807
75.8752
75.8835
75.8858
75.8858
75.8835
75.8776
75.921
75.9233
75.9233
75.9211
75.9158
75.9283
75.9305
75.9305
75.9282
75.9229
75.9377
75.9398
75.9398
75.9377
75.9328
75.924
75.9262
75.9263
75.9243
75.9195
75.8985
75.9006
75.9008
75.8991
75.8948
75.8882
75.8571
75.8591
75.8595
75.8582
75.8544
75.8488
75.799
75.8008
75.8013
75.8004
75.7975
75.793
75.7333
75.735
75.7357
75.7354
75.7335
75.7307
75.6396
75.6411
75.6419
75.6421
75.6413
75.64
75.5746
75.5766
75.5779
75.5788
75.579
75.5794
75.5307
75.5323
75.5337
75.5353
75.5369
75.539
75.506
75.5073
75.509
75.5113
75.5141
75.5177
75.4922
75.4935
75.4956
75.4985
75.5022
75.5066
75.4843
75.4858
75.4882
75.4916
75.4958
75.5007
75.4788
75.4805
75.4832
75.4869
75.4915
75.4967
75.473
75.4749
75.478
75.4822
75.4872
75.4928
75.466
75.4684
75.472
75.4768
75.4823
75.4885
75.4576
75.4605
75.4648
75.4703
75.4766
75.4834
75.4475
75.4511
75.4562
75.4626
75.4698
75.4776
75.4355
75.44
75.4461
75.4537
75.4621
75.471
75.4215
75.4269
75.4344
75.4435
75.4535
75.4639
75.4052
75.4119
75.4211
75.4321
75.4441
75.4563
75.3862
75.3943
75.4059
75.4194
75.4339
75.4485
75.364
75.3739
75.3889
75.4054
75.4233
75.4407
75.3368
75.349
75.369
75.3898
75.4121
75.433
75.3208
75.3479
75.3733
75.4012
75.4259
75.278
75.3209
75.3539
75.3901
75.4195
75.243
75.3009
75.3381
75.3823
75.4155
75.1471
75.2654
75.3156
75.3747
75.413
75.1554
75.2736
75.3164
75.3782
75.4164
75.18
75.2899
75.3275
75.3875
75.4241
75.1975
75.3043
75.3418
75.399
75.4342
75.2321
75.329
75.3643
75.4151
75.4475
75.2774
75.3573
75.3905
75.4337
75.463
75.3893
75.4139
75.4315
75.4591
75.4824
75.4341
75.4455
75.4588
75.48
75.5003
75.4779
75.4781
75.4857
75.5004
75.517
75.4887
75.4892
75.498
75.5125
75.5291
74.8567
74.858
74.8579
74.8563
74.8513
74.8364
74.8377
74.8376
74.836
74.831
74.8289
74.8312
74.8311
74.8286
74.8227
74.8664
74.8687
74.8687
74.8663
74.8609
74.8745
74.8769
74.8768
74.8744
74.869
74.8859
74.8881
74.8881
74.886
74.8809
74.8691
74.8714
74.8716
74.8695
74.8645
74.8433
74.8455
74.8458
74.844
74.8396
74.8013
74.8035
74.8039
74.8025
74.7987
74.7412
74.7431
74.7436
74.7426
74.7396
74.7352
74.6758
74.6777
74.6784
74.6781
74.6762
74.6735
74.5612
74.5623
74.5629
74.5631
74.5626
74.5618
74.5007
74.5027
74.5039
74.5047
74.5052
74.5062
74.471
74.4716
74.4728
74.4745
74.4765
74.4795
74.4615
74.4623
74.4638
74.4662
74.4691
74.473
74.4587
74.4595
74.4614
74.4641
74.4675
74.472
74.459
74.4599
74.462
74.4651
74.4692
74.4742
74.459
74.4602
74.4626
74.466
74.4705
74.4759
74.457
74.4586
74.4614
74.4653
74.4702
74.4759
74.4525
74.4545
74.4578
74.4624
74.4678
74.4739
74.4452
74.4478
74.4518
74.4571
74.4633
74.47
74.4352
74.4386
74.4435
74.4498
74.4569
74.4645
74.4224
74.4267
74.4328
74.4404
74.4488
74.4577
74.4064
74.4119
74.4197
74.429
74.4393
74.4498
74.3869
74.3939
74.4039
74.4156
74.4283
74.441
74.3626
74.3717
74.385
74.4
74.416
74.4316
74.3324
74.3442
74.3626
74.3819
74.4024
74.4216
74.2912
74.307
74.3343
74.3601
74.3873
74.4113
74.2421
74.2616
74.3023
74.3358
74.3718
74.4013
74.179
74.2556
74.3031
74.3542
74.3912
74.1135
74.2226
74.276
74.3416
74.3843
73.8593
74.1466
74.2278
74.3265
74.3784
73.9068
74.1741
74.2326
74.3329
74.3831
73.9429
74.1997
74.2503
74.3466
74.3939
73.9719
74.2232
74.2734
74.3637
74.4082
74.0443
74.2654
74.3101
74.3873
74.4266
74.1276
74.307
74.3485
74.4121
74.4463
74.3457
74.396
74.4135
74.4463
74.4702
74.3976
74.4242
74.4417
74.4672
74.4885
74.4592
74.4622
74.4712
74.4881
74.5058
74.4724
74.4751
74.4856
74.5022
74.5203
73.8376
73.8385
73.8383
73.8368
73.8324
73.8191
73.8197
73.8195
73.8183
73.8143
73.8042
73.8056
73.8053
73.8032
73.7982
73.8339
73.8356
73.8355
73.8335
73.8289
73.8306
73.8327
73.8326
73.8303
73.8252
73.8409
73.8431
73.8431
73.841
73.8361
73.8199
73.8222
73.8223
73.8202
73.8154
73.7929
73.7951
73.7954
73.7936
73.7892
73.749
73.7511
73.7515
73.7501
73.7464
73.6856
73.6875
73.6879
73.6869
73.6839
73.611
73.6133
73.6142
73.6137
73.6119
73.6094
73.4787
73.4818
73.4824
73.4818
73.4809
73.4802
73.4155
73.4249
73.4271
73.4261
73.4246
73.4245
73.4033
73.4032
73.4036
73.4049
73.4077
73.4125
73.4173
73.4163
73.4175
73.4209
73.4263
73.4333
73.4285
73.4288
73.431
73.435
73.4402
73.4467
73.4372
73.4377
73.44
73.4438
73.4487
73.4547
73.4417
73.4422
73.4447
73.4486
73.4536
73.4596
73.4426
73.4438
73.4466
73.4508
73.4562
73.4622
73.4403
73.442
73.4454
73.4501
73.4558
73.4621
73.4345
73.4369
73.441
73.4463
73.4526
73.4593
73.4254
73.4286
73.4335
73.4397
73.4469
73.4543
73.4129
73.417
73.423
73.4305
73.4389
73.4475
73.3965
73.4017
73.4094
73.4187
73.4288
73.4391
73.3754
73.3821
73.3922
73.404
73.4168
73.4294
73.3472
73.3562
73.3704
73.386
73.4027
73.4185
73.3093
73.3217
73.3427
73.364
73.3863
73.4066
73.25
73.2686
73.3046
73.3353
73.367
73.3934
73.1695
73.1952
73.2574
73.3004
73.3456
73.3799
72.9691
73.0156
73.1734
73.2455
73.3185
73.3647
72.8319
73.1061
73.1938
73.2966
73.3529
71.5371
72.8753
73.0683
73.2625
73.339
71.6256
72.9166
73.0657
73.2682
73.343
71.6939
72.9484
73.0888
73.2847
73.3558
71.784
72.99
73.1269
73.3082
73.3743
71.9867
73.0711
73.1902
73.3422
73.3985
72.222
73.1618
73.2582
73.3768
73.4233
73.2012
73.3512
73.3822
73.4272
73.4541
73.3178
73.387
73.4154
73.4493
73.4733
73.4298
73.4413
73.453
73.4723
73.4905
73.4442
73.45
73.4621
73.4806
73.4994
72.8365
72.8375
72.8373
72.8358
72.8313
72.8183
72.8188
72.8186
72.8175
72.8135
72.7996
72.8008
72.8004
72.7984
72.7937
72.8225
72.8235
72.8234
72.822
72.8179
72.7989
72.8009
72.8008
72.7986
72.7938
72.8055
72.8076
72.8076
72.8055
72.8008
72.78
72.7823
72.7824
72.7803
72.7757
72.7512
72.7534
72.7536
72.7518
72.7475
72.7056
72.7075
72.7078
72.7063
72.7027
72.6322
72.6333
72.6335
72.6324
72.6297
72.4957
72.495
72.4949
72.4949
72.4944
72.2838
72.2729
72.2713
72.2735
72.2774
72.2815
72.3823
72.3786
72.3792
72.3814
72.3845
72.388
72.3833
72.3851
72.3855
72.3855
72.3858
72.3873
72.3995
72.3981
72.3982
72.3996
72.4027
72.4076
72.4114
72.4101
72.4106
72.4129
72.4173
72.4231
72.4226
72.4218
72.4233
72.4266
72.4313
72.4373
72.4294
72.4291
72.431
72.4344
72.4392
72.4449
72.4314
72.4317
72.4341
72.4379
72.4428
72.4485
72.429
72.4301
72.4331
72.4374
72.4427
72.4485
72.4229
72.4249
72.4286
72.4336
72.4394
72.4457
72.4135
72.4163
72.4209
72.4268
72.4335
72.4406
72.4006
72.4043
72.41
72.4172
72.4253
72.4337
72.3835
72.3883
72.3958
72.4049
72.415
72.4251
72.361
72.3675
72.3776
72.3895
72.4024
72.4151
72.3301
72.3393
72.3541
72.3702
72.3874
72.4037
72.2878
72.3009
72.3237
72.3462
72.3697
72.3909
72.2188
72.2386
72.2802
72.3137
72.3482
72.3764
72.1269
72.1521
72.2269
72.2739
72.3241
72.361
71.868
71.9049
72.1235
72.2059
72.2917
72.343
71.7443
71.709
72.0598
72.1459
72.2668
72.329
69.2247
71.7751
71.9669
72.2223
72.3105
69.9293
71.9057
71.9864
72.2319
72.3155
69.9016
71.9285
72.0099
72.2481
72.3289
69.9688
71.9693
72.0534
72.2736
72.3488
70.2471
72.0543
72.1242
72.3111
72.375
70.1755
72.0917
72.1846
72.3456
72.4
72.1509
72.32
72.3436
72.4011
72.4326
72.2571
72.3569
72.3862
72.4263
72.4527
72.405
72.4202
72.4314
72.4522
72.4713
72.4204
72.4293
72.4414
72.4604
72.4794
71.8065
71.8079
71.8077
71.806
71.8018
71.7712
71.7732
71.7731
71.7709
71.7663
71.7783
71.7804
71.7804
71.7783
71.7738
71.7529
71.7552
71.7553
71.7532
71.7487
71.7288
71.7311
71.7313
71.7294
71.7252
71.7007
71.7028
71.7031
71.7015
71.6978
71.6533
71.6553
71.6556
71.6542
71.6509
71.6419
71.6436
71.6439
71.6428
71.64
57.2355
-2.00747
-2.92591
-3.10171
-3.10707
-3.06817
55.8499
70.8123
70.8141
70.8139
70.812
70.8077
70.7401
70.7421
70.7421
70.7399
70.7353
70.7568
70.759
70.759
70.7569
70.7524
70.734
70.7363
70.7364
70.7343
70.7299
70.7115
70.7138
70.714
70.7121
70.7079
70.6866
70.6888
70.689
70.6874
70.6836
70.6293
70.6313
70.6316
70.6301
70.6268
70.6577
70.6594
70.6597
70.6584
70.6556
-7.33541
-6.87256
-7.53111
-7.07983
-7.17614
-7.17944
-7.22689
-6.92592
-7.94143
-7.94258
-7.94348
-7.94415
-7.94463
-7.94139
-7.94258
-7.94349
-7.94418
-7.94466
-7.94139
-7.94255
-7.94345
-7.94413
-7.94462
-7.94466
-7.94425
-7.94382
-7.94337
-7.94294
-7.94437
-7.94397
-7.94348
-7.94313
-7.94285
-7.94441
-7.94401
-7.94353
-7.94308
-7.94263
-7.94492
-7.94442
-7.94379
-7.94313
-7.94254
-7.94203
-7.94622
-7.94557
-7.94473
-7.94382
-7.94296
-7.94225
-7.94797
-7.94721
-7.94625
-7.94511
-7.94404
-7.94314
-7.94987
-7.9492
-7.9483
-7.94697
-7.94571
-7.94461
-7.95189
-7.95135
-7.95088
-7.94938
-7.94793
-7.94658
-7.954
-7.95416
-7.95451
-7.95259
-7.95073
-7.94893
-7.95668
-7.95543
-7.95943
-7.95682
-7.95413
-7.95159
-7.96268
-7.96229
-7.96723
-7.96205
-7.95796
-7.95444
-7.96636
-7.96407
-7.97269
-7.96524
-7.9609
-7.95687
-7.97001
-7.96585
-7.96205
-7.95848
-7.96354
-7.96329
-7.96166
-7.95932
-7.96218
-7.96273
-7.96201
-7.96039
-7.96287
-7.96352
-7.96328
-7.96201
-7.96619
-7.96595
-7.96579
-7.96442
-7.97317
-7.97035
-7.96994
-7.9678
-7.98845
-7.97756
-7.97657
-7.97234
-8.02367
-7.98786
-7.98623
-7.97787
-7.84908
-7.82732
-8.21184
-8.00946
-8.00395
-7.98497
-7.64273
-7.69372
-8.29791
-8.01492
-8.01543
-7.99008
-7.70584
-7.72731
-8.29603
-8.01886
-8.0201
-7.99369
-7.69373
-7.72172
-8.2732
-8.01931
-8.02015
-7.99595
-7.79364
-8.2117
-8.02419
-8.01934
-7.99824
-7.82788
-8.16609
-8.0216
-8.01498
-7.99845
-8.27946
-8.11043
-8.03916
-8.01511
-7.9998
-8.05131
-8.03763
-8.01369
-8.00431
-7.99582
-8.03658
-8.02476
-8.01014
-8.00122
-7.99402
-8.01983
-8.01435
-8.00556
-7.99863
-7.99235
-8.9514
-8.95253
-8.95341
-8.95406
-8.95451
-8.95138
-8.95252
-8.95341
-8.95406
-8.95452
-8.95133
-8.95247
-8.95336
-8.95402
-8.95449
-8.9554
-8.95492
-8.95452
-8.95415
-8.95368
-8.95515
-8.95468
-8.95421
-8.95376
-8.95335
-8.95525
-8.9547
-8.95411
-8.95355
-8.95308
-8.95597
-8.95523
-8.95439
-8.95355
-8.95285
-8.95731
-8.9564
-8.95533
-8.9542
-8.95322
-8.95257
-8.95899
-8.958
-8.95685
-8.95548
-8.95425
-8.95337
-8.96065
-8.95982
-8.95885
-8.95735
-8.95589
-8.95473
-8.96198
-8.96151
-8.96123
-8.95974
-8.95806
-8.95657
-8.96235
-8.96305
-8.96443
-8.9629
-8.9608
-8.95885
-8.96191
-8.96258
-8.96868
-8.9672
-8.96424
-8.96161
-8.96347
-8.96486
-8.97411
-8.97285
-8.96817
-8.96481
-8.97585
-8.9755
-8.98124
-8.9771
-8.97162
-8.96766
-8.98024
-8.97768
-8.97302
-8.96947
-8.97316
-8.97396
-8.97237
-8.97027
-8.97122
-8.97284
-8.97251
-8.97129
-8.97111
-8.97314
-8.97348
-8.97282
-8.97315
-8.97494
-8.97558
-8.97505
-8.97769
-8.97829
-8.97906
-8.97812
-8.98617
-8.98342
-8.98424
-8.98211
-9.00445
-8.99036
-8.99146
-8.98688
-8.84813
-8.85898
-9.0495
-9.00051
-9.00111
-8.99238
-8.81767
-8.79344
-9.05782
-9.00289
-9.00811
-8.9968
-8.92649
-8.84171
-9.05626
-9.00698
-9.01271
-9.00045
-8.91133
-8.83007
-9.05375
-9.00803
-9.01441
-9.00297
-8.98793
-8.89485
-9.06481
-9.01884
-9.01784
-9.00612
-8.88331
-9.05489
-9.01827
-9.01641
-9.00691
-9.11988
-9.09534
-9.03903
-9.02125
-9.00897
-9.05369
-9.04449
-9.02257
-9.01365
-9.00576
-9.03634
-9.02884
-9.01622
-9.00916
-9.00302
-9.02551
-9.02014
-9.01122
-9.00529
-9.00009
-9.96159
-9.96267
-9.9635
-9.96412
-9.96455
-9.9616
-9.9627
-9.96354
-9.96416
-9.96458
-9.96148
-9.96258
-9.96343
-9.96407
-9.96451
-9.96634
-9.96572
-9.96525
-9.9649
-9.96443
-9.96618
-9.96555
-9.96501
-9.96449
-9.96395
-9.96648
-9.96565
-9.96484
-9.96409
-9.96349
-9.96756
-9.96643
-9.96524
-9.9641
-9.96318
-9.96918
-9.96777
-9.96626
-9.96475
-9.96351
-9.97097
-9.96943
-9.96779
-9.966
-9.96448
-9.96351
-9.97262
-9.97113
-9.96968
-9.96775
-9.966
-9.96482
-9.97341
-9.97242
-9.97184
-9.96992
-9.96798
-9.96656
-9.97285
-9.97266
-9.97444
-9.97266
-9.97045
-9.96871
-9.97046
-9.9718
-9.97804
-9.97633
-9.97356
-9.97136
-9.97005
-9.97172
-9.98229
-9.98128
-9.97738
-9.97448
-9.97603
-9.97819
-9.99025
-9.9866
-9.98116
-9.9777
-9.99063
-9.98846
-9.98311
-9.97981
-9.98292
-9.98393
-9.98237
-9.98064
-9.98072
-9.98253
-9.9825
-9.98171
-9.98007
-9.98247
-9.98335
-9.98321
-9.98168
-9.98391
-9.98522
-9.98535
-9.98563
-9.98684
-9.98832
-9.98825
-9.99259
-9.99101
-9.99271
-9.99188
-10.0089
-9.99692
-9.99889
-9.99624
-9.81423
-9.90097
-10.0287
-10.0055
-10.0058
-10.001
-9.85465
-9.86639
-10.0458
-10.0116
-10.0136
-10.0057
-9.96928
-9.91262
-10.0468
-10.0156
-10.0191
-10.0097
-9.95917
-9.90019
-10.0443
-10.0162
-10.0214
-10.0125
-10.0328
-9.95835
-10.0675
-10.0291
-10.0262
-10.0164
-9.97607
-9.94301
-10.0499
-10.0267
-10.0249
-10.0175
-10.0935
-10.0853
-10.044
-10.0296
-10.0198
-10.0645
-10.0523
-10.0324
-10.0241
-10.0172
-10.0458
-10.0375
-10.0257
-10.0195
-10.0141
-10.0339
-10.0284
-10.0204
-10.0153
-10.0108
-10.9721
-10.9731
-10.9739
-10.9745
-10.9748
-10.9722
-10.9732
-10.974
-10.9746
-10.9749
-10.9719
-10.973
-10.9738
-10.9744
-10.9748
-10.9776
-10.9768
-10.9762
-10.9757
-10.9752
-10.9775
-10.9767
-10.9759
-10.9753
-10.9746
-10.9781
-10.9769
-10.9757
-10.9747
-10.9739
-10.9796
-10.9779
-10.9763
-10.9747
-10.9735
-10.9816
-10.9795
-10.9774
-10.9754
-10.9739
-10.9835
-10.9812
-10.9789
-10.9766
-10.9748
-10.9852
-10.9828
-10.9807
-10.9782
-10.9761
-10.9748
-10.9853
-10.9836
-10.9824
-10.98
-10.9778
-10.9764
-10.9847
-10.9831
-10.9843
-10.9821
-10.9798
-10.9782
-10.981
-10.9814
-10.987
-10.9848
-10.9823
-10.9805
-10.9816
-10.9822
-10.9909
-10.989
-10.9855
-10.9835
-10.986
-10.988
-10.9994
-10.9944
-10.9897
-10.9869
-10.9996
-10.9975
-10.9922
-10.9893
-10.992
-10.993
-10.9916
-10.9903
-10.9898
-10.9917
-10.9919
-10.9916
-10.9887
-10.9914
-10.9928
-10.9931
-10.9897
-10.9924
-10.9944
-10.9951
-10.9925
-10.9946
-10.9969
-10.9978
-10.9973
-10.9975
-11.0003
-11.001
-11.0093
-11.0019
-11.0049
-11.0047
-10.8272
-10.9488
-11.0103
-11.0084
-11.0095
-11.0085
-10.871
-10.9126
-11.033
-11.0166
-11.0175
-11.0132
-10.9652
-10.9447
-11.0386
-11.0184
-11.0232
-11.0174
-10.9591
-10.9326
-11.037
-11.018
-11.0259
-11.0204
-11.0281
-10.9849
-11.0658
-11.0321
-11.0316
-11.0248
-10.9982
-10.9781
-11.0464
-11.03
-11.0311
-11.0265
-11.0782
-11.0753
-11.0753
-11.0451
-11.0359
-11.0293
-11.0601
-11.0539
-11.0381
-11.0325
-11.0279
-11.051
-11.043
-11.033
-11.0288
-11.0252
-11.0403
-11.0349
-11.0283
-11.0248
-11.0218
-11.9828
-11.9838
-11.9845
-11.985
-11.9853
-11.9829
-11.9839
-11.9846
-11.9851
-11.9854
-11.9826
-11.9836
-11.9844
-11.9849
-11.9853
-11.9892
-11.9882
-11.9872
-11.9867
-11.9861
-11.9892
-11.988
-11.987
-11.9862
-11.9853
-11.9901
-11.9884
-11.9868
-11.9854
-11.9844
-11.992
-11.9897
-11.9875
-11.9854
-11.9839
-11.9943
-11.9915
-11.9887
-11.9862
-11.9843
-11.9965
-11.9933
-11.9903
-11.9873
-11.9851
-11.9982
-11.9948
-11.9919
-11.9887
-11.9864
-11.998
-11.995
-11.9931
-11.9901
-11.9877
-11.9863
-11.9963
-11.994
-11.9943
-11.9915
-11.9892
-11.9878
-11.9929
-11.9916
-11.9962
-11.9933
-11.9911
-11.9899
-11.9935
-11.9929
-11.9997
-11.997
-11.9938
-11.9927
-11.9966
-11.9971
-12.0081
-12.002
-11.9982
-11.9961
-12.0081
-12.0059
-12.001
-11.9987
-12.0009
-12.0018
-12.0009
-12
-11.999
-12.001
-12.0015
-12.0016
-11.9977
-12.0007
-12.0025
-12.0033
-11.9984
-12.0015
-12.0041
-12.0055
-12.0004
-12.0032
-12.0064
-12.0081
-12.0037
-12.0052
-12.0091
-12.0111
-12.0133
-12.0084
-12.0126
-12.0145
-11.8817
-11.9935
-12.0028
-12.014
-12.0159
-12.0176
-11.9148
-11.9539
-12.0254
-12.0248
-12.0241
-12.0224
-11.9829
-11.9753
-12.0316
-12.028
-12.0306
-12.0271
-11.9778
-11.9645
-12.0328
-12.0263
-12.0339
-12.0305
-12.0351
-12.0087
-12.0649
-12.0405
-12.0403
-12.0355
-12.0168
-12.0056
-12.0488
-12.0388
-12.0404
-12.0378
-12.0724
-12.0673
-12.0726
-12.051
-12.0448
-12.0408
-12.0612
-12.0607
-12.0584
-12.0463
-12.0427
-12.0402
-12.0567
-12.0503
-12.0425
-12.0399
-12.0381
-12.0479
-12.0433
-12.0384
-12.0365
-12.0351
-12.9938
-12.9947
-12.9953
-12.9958
-12.996
-12.9939
-12.9948
-12.9954
-12.9959
-12.9961
-12.9936
-12.9945
-12.9952
-12.9957
-12.9959
-13.001
-12.9997
-12.9985
-12.9978
-12.9971
-13.0011
-12.9996
-12.9982
-12.9971
-12.996
-13.0024
-13.0002
-12.998
-12.9962
-12.9949
-13.0047
-13.0017
-12.9988
-12.9962
-12.9944
-13.0073
-13.0037
-13.0002
-12.997
-12.9947
-13.0097
-13.0056
-13.0017
-12.9982
-12.9956
-13.0111
-13.0068
-13.0031
-12.9994
-12.9967
-13.0107
-13.0065
-13.004
-13.0004
-12.9978
-13.0079
-13.0049
-13.0044
-13.0012
-12.9989
-12.9981
-13.0053
-13.0025
-13.0058
-13.0024
-13.0003
-12.9999
-13.0059
-13.0037
-13.0091
-13.0056
-13.0028
-13.0025
-13.0082
-13.0067
-13.017
-13.0102
-13.0073
-13.0057
-13.0168
-13.0146
-13.0104
-13.0086
-13.0101
-13.0112
-13.0107
-13.0103
-13.0085
-13.0108
-13.0117
-13.0123
-13.0074
-13.0107
-13.0129
-13.0143
-13.0079
-13.0115
-13.0145
-13.0167
-13.0094
-13.0127
-13.0166
-13.0194
-13.0114
-13.0138
-13.0188
-13.0222
-13.0187
-13.0155
-13.0214
-13.0252
-12.9564
-13.0409
-13.0074
-13.019
-13.0241
-13.028
-12.9682
-12.9903
-13.0279
-13.0305
-13.0319
-13.0328
-13.0087
-13.0044
-13.033
-13.0385
-13.039
-13.0379
-13.0024
-12.9951
-13.0356
-13.0381
-13.0431
-13.0419
-13.047
-13.0315
-13.0684
-13.0513
-13.0502
-13.0473
-13.0351
-13.0298
-13.0564
-13.0501
-13.051
-13.05
-13.0741
-13.0681
-13.0749
-13.0593
-13.055
-13.0532
-13.0653
-13.0646
-13.0647
-13.0558
-13.0538
-13.0532
-13.0657
-13.0631
-13.0585
-13.0528
-13.0519
-13.0518
-13.0559
-13.0526
-13.0494
-13.0492
-13.0495
-14.0049
-14.0057
-14.0063
-14.0067
-14.0068
-14.005
-14.0058
-14.0064
-14.0068
-14.007
-14.0047
-14.0055
-14.0061
-14.0065
-14.0068
-14.0132
-14.0115
-14.01
-14.0091
-14.0083
-14.0134
-14.0114
-14.0096
-14.0082
-14.0069
-14.015
-14.0122
-14.0094
-14.0072
-14.0056
-14.0176
-14.014
-14.0103
-14.0072
-14.005
-14.0204
-14.0161
-14.0119
-14.0081
-14.0055
-14.0227
-14.018
-14.0134
-14.0093
-14.0065
-14.0239
-14.0189
-14.0146
-14.0104
-14.0076
-14.0227
-14.0182
-14.0151
-14.0111
-14.0086
-14.0199
-14.0158
-14.015
-14.0115
-14.0095
-14.018
-14.014
-14.0163
-14.0123
-14.0108
-14.0109
-14.0186
-14.0149
-14.0193
-14.0152
-14.0133
-14.0133
-14.0205
-14.0167
-14.0266
-14.0197
-14.0178
-14.0164
-14.0263
-14.0244
-14.0211
-14.0196
-14.0202
-14.0217
-14.0218
-14.0218
-14.0192
-14.0219
-14.0233
-14.0243
-14.0184
-14.0221
-14.0248
-14.0268
-14.019
-14.0231
-14.0267
-14.0295
-14.0203
-14.0242
-14.0288
-14.0323
-14.0219
-14.025
-14.0309
-14.0352
-14.0274
-14.0256
-14.0329
-14.0382
-14.0378
-14.0894
-14.0216
-14.0295
-14.0357
-14.041
-14.0164
-14.0225
-14.0375
-14.0401
-14.0432
-14.0458
-14.0358
-14.032
-14.0429
-14.0502
-14.0511
-14.0515
-14.0267
-14.0226
-14.0445
-14.0533
-14.0563
-14.0561
-14.0599
-14.0525
-14.0762
-14.0653
-14.0636
-14.0617
-14.0524
-14.0515
-14.0678
-14.0645
-14.0647
-14.0646
-14.0801
-14.0748
-14.0818
-14.071
-14.0679
-14.0674
-14.0724
-14.0719
-14.0738
-14.0677
-14.0669
-14.0678
-14.0741
-14.0714
-14.0687
-14.0649
-14.0655
-14.0669
-14.068
-14.0654
-14.0635
-14.062
-14.0634
-14.0651
-15.0162
-15.017
-15.0175
-15.0177
-15.0178
-15.0163
-15.017
-15.0176
-15.0178
-15.0179
-15.016
-15.0167
-15.0173
-15.0176
-15.0177
-15.0256
-15.0237
-15.0218
-15.0207
-15.0198
-15.026
-15.0236
-15.0213
-15.0195
-15.0181
-15.0279
-15.0245
-15.0212
-15.0184
-15.0168
-15.0306
-15.0264
-15.0222
-15.0185
-15.0162
-15.0335
-15.0287
-15.0239
-15.0196
-15.0169
-15.0357
-15.0305
-15.0255
-15.0209
-15.0182
-15.0363
-15.0311
-15.0266
-15.0219
-15.0195
-15.0347
-15.0301
-15.0269
-15.0225
-15.0206
-15.0324
-15.0274
-15.0266
-15.0227
-15.0216
-15.0312
-15.0261
-15.0279
-15.0235
-15.023
-15.0318
-15.0267
-15.0308
-15.0263
-15.0258
-15.0256
-15.0335
-15.0274
-15.0374
-15.0309
-15.0301
-15.0289
-15.0372
-15.0359
-15.0336
-15.0325
-15.0319
-15.034
-15.0348
-15.0353
-15.0315
-15.0348
-15.0369
-15.0384
-15.0312
-15.0355
-15.0389
-15.0415
-15.0323
-15.0369
-15.0412
-15.0447
-15.0337
-15.0381
-15.0435
-15.0479
-15.0355
-15.0392
-15.0458
-15.0511
-15.0396
-15.0394
-15.0478
-15.0541
-15.1126
-15.1327
-15.0418
-15.0458
-15.0517
-15.0574
-15.0505
-15.0521
-15.0519
-15.0542
-15.0586
-15.0621
-15.062
-15.0586
-15.0582
-15.0652
-15.0667
-15.0679
-15.0498
-15.0476
-15.0583
-15.0699
-15.0721
-15.0726
-15.0741
-15.0723
-15.0869
-15.0809
-15.0792
-15.0779
-15.0693
-15.0715
-15.0814
-15.0804
-15.0803
-15.0805
-15.0888
-15.0852
-15.0916
-15.0846
-15.0825
-15.0829
-15.082
-15.082
-15.0848
-15.0812
-15.0814
-15.0833
-15.0836
-15.0813
-15.0804
-15.0785
-15.0802
-15.0828
-15.0785
-15.076
-15.0756
-15.0759
-15.0785
-15.0815
-16.0277
-16.0284
-16.0288
-16.029
-16.029
-16.0278
-16.0285
-16.0289
-16.0291
-16.0291
-16.0275
-16.0282
-16.0286
-16.0289
-16.0289
-16.0385
-16.0363
-16.0342
-16.0329
-16.0319
-16.039
-16.0362
-16.0335
-16.0313
-16.0299
-16.0412
-16.0373
-16.0335
-16.0302
-16.0286
-16.044
-16.0394
-16.0347
-16.0304
-16.0282
-16.0469
-16.0417
-16.0365
-16.0317
-16.0293
-16.0487
-16.0434
-16.0382
-16.0333
-16.031
-16.0488
-16.0437
-16.0392
-16.0345
-16.0326
-16.0473
-16.0425
-16.0394
-16.0352
-16.034
-16.0456
-16.0402
-16.0393
-16.0354
-16.0353
-16.0451
-16.0391
-16.0407
-16.0364
-16.0371
-16.0457
-16.0394
-16.0437
-16.0395
-16.04
-16.0473
-16.0392
-16.0497
-16.044
-16.0443
-16.0435
-16.0498
-16.0495
-16.0482
-16.0477
-16.0455
-16.0483
-16.05
-16.0512
-16.0458
-16.0498
-16.0527
-16.055
-16.0463
-16.0511
-16.0552
-16.0587
-16.048
-16.053
-16.058
-16.0624
-16.0498
-16.0546
-16.0607
-16.0659
-16.0521
-16.0563
-16.0635
-16.0695
-16.0553
-16.0567
-16.0656
-16.0725
-16.1645
-16.1672
-16.0644
-16.0669
-16.0711
-16.0766
-16.0734
-16.0783
-16.0694
-16.072
-16.077
-16.081
-16.0862
-16.0836
-16.0769
-16.0832
-16.085
-16.0866
-16.0708
-16.0704
-16.0753
-16.0875
-16.09
-16.091
-16.089
-16.0911
-16.0999
-16.0976
-16.0964
-16.0956
-16.0858
-16.0901
-16.0964
-16.0972
-16.0971
-16.0976
-16.0995
-16.0978
-16.1035
-16.0995
-16.0982
-16.0993
-16.0931
-16.0938
-16.0975
-16.0959
-16.0968
-16.0995
-16.0943
-16.0927
-16.0933
-16.0931
-16.0957
-16.0992
-16.0896
-16.0877
-16.0888
-16.0906
-16.0944
-16.0982
-17.0394
-17.04
-17.0404
-17.0405
-17.0404
-17.0395
-17.0401
-17.0405
-17.0406
-17.0404
-17.0391
-17.0398
-17.0402
-17.0403
-17.0402
-17.0522
-17.0497
-17.0474
-17.0459
-17.045
-17.0527
-17.0496
-17.0465
-17.044
-17.0427
-17.0551
-17.0508
-17.0466
-17.0428
-17.0414
-17.0579
-17.053
-17.048
-17.0432
-17.0413
-17.0606
-17.0554
-17.05
-17.0449
-17.043
-17.0621
-17.057
-17.0518
-17.0469
-17.0451
-17.062
-17.0573
-17.0529
-17.0486
-17.0471
-17.0609
-17.0559
-17.0532
-17.0496
-17.0488
-17.0598
-17.0541
-17.0533
-17.0503
-17.0505
-17.0599
-17.0533
-17.0549
-17.0516
-17.0528
-17.0606
-17.0533
-17.0581
-17.0548
-17.0561
-17.0622
-17.0525
-17.0637
-17.0593
-17.0606
-17.0645
-17.0651
-17.065
-17.0653
-17.0612
-17.0647
-17.0674
-17.0694
-17.0624
-17.0669
-17.0707
-17.0738
-17.0637
-17.0688
-17.0737
-17.078
-17.0661
-17.0713
-17.077
-17.0821
-17.0682
-17.0734
-17.08
-17.086
-17.0713
-17.0758
-17.0834
-17.0898
-17.0736
-17.0765
-17.0856
-17.093
-17.1922
-17.1936
-17.087
-17.0899
-17.0924
-17.0977
-17.0936
-17.102
-17.0893
-17.0925
-17.0974
-17.1016
-17.1073
-17.1066
-17.0972
-17.1029
-17.1049
-17.1068
-17.0898
-17.0914
-17.0938
-17.106
-17.109
-17.1104
-17.104
-17.1088
-17.1143
-17.1148
-17.1144
-17.114
-17.1017
-17.1073
-17.1119
-17.1141
-17.1145
-17.1152
-17.1111
-17.1113
-17.1166
-17.115
-17.1147
-17.1161
-17.1051
-17.1067
-17.1109
-17.1112
-17.1128
-17.116
-17.1056
-17.105
-17.107
-17.1083
-17.1116
-17.1158
-17.101
-17.1
-17.1025
-17.1058
-17.1105
-17.115
-18.0514
-18.0519
-18.0522
-18.0522
-18.052
-18.0514
-18.052
-18.0523
-18.0523
-18.0521
-18.0511
-18.0516
-18.052
-18.052
-18.0519
-18.0668
-18.0642
-18.0618
-18.06
-18.0592
-18.0674
-18.064
-18.0606
-18.0577
-18.0566
-18.0699
-18.0654
-18.0608
-18.0567
-18.0556
-18.0727
-18.0677
-18.0623
-18.0573
-18.0558
-18.0752
-18.0701
-18.0645
-18.0595
-18.058
-18.0765
-18.0717
-18.0665
-18.062
-18.0606
-18.0765
-18.072
-18.0679
-18.0642
-18.063
-18.0758
-18.0709
-18.0685
-18.0657
-18.0652
-18.0754
-18.0695
-18.0689
-18.067
-18.0674
-18.076
-18.0688
-18.0708
-18.0688
-18.0702
-18.0767
-18.0684
-18.074
-18.0721
-18.074
-18.0784
-18.0673
-18.0795
-18.0765
-18.0788
-18.0812
-18.0828
-18.0838
-18.0789
-18.0831
-18.0867
-18.0896
-18.081
-18.0859
-18.0905
-18.0945
-18.083
-18.0884
-18.0939
-18.099
-18.086
-18.0914
-18.0976
-18.1035
-18.0885
-18.0938
-18.1009
-18.1074
-18.0922
-18.0968
-18.1046
-18.1114
-18.094
-18.0978
-18.1068
-18.1145
-18.2088
-18.215
-18.1093
-18.1129
-18.1145
-18.1195
-18.115
-18.1254
-18.1106
-18.1142
-18.1187
-18.123
-18.1258
-18.1278
-18.1179
-18.1233
-18.1254
-18.1274
-18.1076
-18.111
-18.1128
-18.1248
-18.1283
-18.13
-18.1187
-18.1254
-18.1292
-18.1319
-18.1325
-18.1325
-18.1167
-18.1233
-18.1272
-18.1308
-18.1319
-18.1329
-18.123
-18.1249
-18.13
-18.1306
-18.1312
-18.133
-18.1173
-18.1198
-18.1246
-18.1266
-18.129
-18.1325
-18.1171
-18.1175
-18.1208
-18.1236
-18.1276
-18.1323
-18.1124
-18.1124
-18.1163
-18.121
-18.1265
-18.1314
-19.0636
-19.0641
-19.0643
-19.0642
-19.0639
-19.0636
-19.0641
-19.0644
-19.0643
-19.064
-19.0633
-19.0638
-19.0641
-19.0641
-19.0638
-19.0828
-19.0801
-19.0775
-19.0757
-19.075
-19.0835
-19.0798
-19.0762
-19.0729
-19.0721
-19.086
-19.0813
-19.0765
-19.072
-19.0713
-19.0887
-19.0837
-19.078
-19.073
-19.0719
-19.091
-19.0862
-19.0806
-19.0757
-19.0746
-19.0923
-19.0877
-19.0829
-19.0787
-19.0776
-19.0925
-19.0881
-19.0847
-19.0813
-19.0805
-19.0922
-19.0873
-19.0857
-19.0834
-19.0832
-19.0923
-19.0862
-19.0865
-19.0852
-19.086
-19.0933
-19.0857
-19.0885
-19.0874
-19.0893
-19.0941
-19.085
-19.0917
-19.091
-19.0936
-19.0959
-19.0838
-19.0969
-19.0954
-19.0987
-19.0999
-19.1022
-19.1041
-19.0984
-19.103
-19.1074
-19.1012
-19.1063
-19.1116
-19.1164
-19.1037
-19.1092
-19.1153
-19.1211
-19.1072
-19.1125
-19.1192
-19.1256
-19.1099
-19.1152
-19.1226
-19.1295
-19.114
-19.1185
-19.1264
-19.1334
-19.1156
-19.1196
-19.1286
-19.1362
-19.2222
-19.2343
-19.1311
-19.1354
-19.1366
-19.1412
-19.1397
-19.1496
-19.1325
-19.1363
-19.14
-19.1442
-19.1429
-19.1477
-19.1382
-19.1434
-19.1455
-19.1477
-19.1249
-19.1297
-19.1316
-19.1431
-19.1472
-19.1493
-19.1328
-19.1408
-19.144
-19.1485
-19.1501
-19.1507
-19.1305
-19.1378
-19.142
-19.1467
-19.1488
-19.1503
-19.1344
-19.1378
-19.1432
-19.1456
-19.1475
-19.1496
-19.1289
-19.1324
-19.1379
-19.1415
-19.1448
-19.1486
-19.128
-19.1296
-19.1341
-19.1385
-19.1432
-19.1482
-19.1232
-19.1243
-19.1296
-19.1357
-19.1419
-19.1471
-20.0761
-20.0766
-20.0768
-20.0767
-20.0762
-20.0762
-20.0767
-20.0768
-20.0767
-20.0763
-20.0758
-20.0763
-20.0766
-20.0765
-20.0761
-20.1006
-20.0977
-20.095
-20.093
-20.0925
-20.1012
-20.0973
-20.0934
-20.0899
-20.0893
-20.1038
-20.099
-20.0938
-20.0893
-20.0889
-20.1063
-20.1013
-20.0954
-20.0905
-20.0898
-20.1086
-20.1038
-20.0982
-20.0936
-20.0929
-20.1098
-20.1054
-20.1009
-20.097
-20.0962
-20.1102
-20.1058
-20.103
-20.1
-20.0996
-20.1103
-20.1052
-20.1045
-20.1024
-20.1028
-20.1107
-20.1043
-20.1058
-20.1047
-20.1061
-20.1119
-20.1038
-20.1078
-20.1074
-20.1099
-20.1128
-20.1029
-20.1107
-20.1112
-20.1145
-20.1147
-20.1019
-20.1159
-20.1156
-20.1198
-20.1201
-20.1228
-20.1256
-20.1191
-20.124
-20.1291
-20.1224
-20.1276
-20.1334
-20.1253
-20.1307
-20.1372
-20.1435
-20.129
-20.1342
-20.1411
-20.1478
-20.1317
-20.1368
-20.1443
-20.1514
-20.136
-20.1402
-20.1481
-20.155
-20.1375
-20.1413
-20.15
-20.1574
-20.2364
-20.2534
-20.1523
-20.157
-20.1578
-20.1621
-20.1691
-20.1751
-20.1551
-20.1582
-20.1605
-20.1645
-20.1579
-20.166
-20.1576
-20.1627
-20.1647
-20.1671
-20.142
-20.1477
-20.1497
-20.1608
-20.1652
-20.1677
-20.146
-20.1549
-20.1582
-20.1642
-20.1667
-20.1681
-20.1428
-20.1509
-20.1558
-20.1617
-20.1649
-20.1669
-20.1445
-20.1494
-20.1555
-20.1598
-20.1629
-20.1656
-20.1391
-20.1437
-20.1502
-20.1554
-20.1599
-20.1641
-20.1377
-20.1405
-20.1465
-20.1525
-20.1581
-20.1634
-20.1326
-20.135
-20.1418
-20.1494
-20.1565
-20.1621
-21.089
-21.0895
-21.0897
-21.0895
-21.089
-21.089
-21.0895
-21.0897
-21.0896
-21.0891
-21.0887
-21.0892
-21.0895
-21.0894
-21.0889
-21.1203
-21.1174
-21.1146
-21.1124
-21.1121
-21.121
-21.1168
-21.1126
-21.1089
-21.1086
-21.1234
-21.1185
-21.1129
-21.1085
-21.1084
-21.1258
-21.1207
-21.1146
-21.1097
-21.1094
-21.1279
-21.1231
-21.1175
-21.1132
-21.1129
-21.1291
-21.1246
-21.1204
-21.1168
-21.1165
-21.1295
-21.1251
-21.1228
-21.1201
-21.1202
-21.1298
-21.1247
-21.1246
-21.1228
-21.1237
-21.1304
-21.1238
-21.1261
-21.1254
-21.1274
-21.1318
-21.1232
-21.1282
-21.1283
-21.1315
-21.1326
-21.122
-21.131
-21.1322
-21.1363
-21.1347
-21.1214
-21.1361
-21.1367
-21.1417
-21.1413
-21.1441
-21.1476
-21.1405
-21.1454
-21.1511
-21.1441
-21.1492
-21.1553
-21.1471
-21.1523
-21.159
-21.1508
-21.1557
-21.1627
-21.1694
-21.1534
-21.1582
-21.1656
-21.1725
-21.1576
-21.1614
-21.169
-21.1756
-21.1589
-21.1622
-21.1706
-21.1775
-21.2526
-21.2734
-21.1729
-21.1774
-21.1779
-21.1818
-21.2002
-21.2019
-21.1774
-21.1788
-21.1798
-21.1836
-21.1721
-21.1827
-21.1758
-21.1807
-21.1824
-21.1851
-21.1593
-21.1653
-21.167
-21.1773
-21.1818
-21.1849
-21.1578
-21.1676
-21.1714
-21.1789
-21.1822
-21.1844
-21.1533
-21.1621
-21.1682
-21.1754
-21.1796
-21.1825
-21.1526
-21.1592
-21.1665
-21.1726
-21.1772
-21.1807
-21.1472
-21.1531
-21.1609
-21.168
-21.1739
-21.1786
-21.1452
-21.1496
-21.1572
-21.165
-21.1719
-21.1774
-21.1398
-21.1438
-21.1521
-21.1615
-21.1698
-21.1759
-22.1024
-22.103
-22.1032
-22.103
-22.1025
-22.1025
-22.103
-22.1032
-22.1031
-22.1025
-22.1022
-22.1028
-22.1031
-22.103
-22.1025
-22.1427
-22.1395
-22.1365
-22.1341
-22.1339
-22.1431
-22.1387
-22.134
-22.1301
-22.13
-22.1453
-22.1402
-22.1342
-22.1298
-22.13
-22.1473
-22.142
-22.1356
-22.1308
-22.1309
-22.149
-22.144
-22.1386
-22.1345
-22.1344
-22.1499
-22.1454
-22.1413
-22.1381
-22.1381
-22.1503
-22.1458
-22.1437
-22.1414
-22.1419
-22.1505
-22.1454
-22.1456
-22.1442
-22.1457
-22.1512
-22.1445
-22.1473
-22.1469
-22.1495
-22.1527
-22.1437
-22.1495
-22.1499
-22.1537
-22.1536
-22.1423
-22.1521
-22.1538
-22.1585
-22.1559
-22.142
-22.1571
-22.1582
-22.1638
-22.1628
-22.1656
-22.1695
-22.1621
-22.1669
-22.1728
-22.1658
-22.1705
-22.1768
-22.1686
-22.1735
-22.1801
-22.1721
-22.1766
-22.1833
-22.1745
-22.1787
-22.1857
-22.1923
-22.1784
-22.1815
-22.1887
-22.1947
-22.1793
-22.182
-22.1899
-22.196
-22.2706
-22.2941
-22.1926
-22.1965
-22.1964
-22.1998
-22.229
-22.228
-22.1981
-22.1977
-22.1975
-22.201
-22.189
-22.1994
-22.1927
-22.1975
-22.1986
-22.2015
-22.1765
-22.1823
-22.1832
-22.1926
-22.197
-22.2005
-22.1683
-22.1787
-22.1831
-22.1924
-22.1961
-22.1992
-22.1612
-22.1712
-22.1792
-22.1876
-22.1929
-22.1968
-22.158
-22.1665
-22.1756
-22.1838
-22.19
-22.1945
-22.1522
-22.1599
-22.1696
-22.1787
-22.1862
-22.1919
-22.1498
-22.1561
-22.1657
-22.1756
-22.1841
-22.1903
-22.1442
-22.1499
-22.1601
-22.1718
-22.1814
-22.1884
-23.1161
-23.1168
-23.1171
-23.1171
-23.1165
-23.1162
-23.1169
-23.1172
-23.1171
-23.1166
-23.116
-23.1168
-23.1172
-23.1172
-23.1168
-23.1679
-23.1646
-23.1612
-23.1584
-23.1582
-23.1678
-23.1631
-23.1577
-23.1537
-23.1537
-23.1695
-23.1641
-23.1576
-23.1531
-23.1535
-23.1707
-23.1651
-23.1584
-23.1538
-23.1541
-23.1718
-23.1665
-23.161
-23.1571
-23.1573
-23.172
-23.1673
-23.1634
-23.1604
-23.1608
-23.172
-23.1675
-23.1655
-23.1634
-23.1645
-23.172
-23.1668
-23.1672
-23.1661
-23.1682
-23.1728
-23.1659
-23.1689
-23.1687
-23.1719
-23.1745
-23.165
-23.1712
-23.1717
-23.176
-23.1755
-23.1634
-23.1736
-23.1755
-23.1806
-23.1781
-23.1638
-23.1785
-23.1796
-23.1856
-23.1842
-23.1867
-23.1909
-23.1834
-23.1878
-23.1937
-23.1869
-23.1912
-23.1972
-23.1895
-23.1938
-23.2
-23.1926
-23.1965
-23.2026
-23.1947
-23.1981
-23.2045
-23.1981
-23.2005
-23.2069
-23.2121
-23.1983
-23.2004
-23.2075
-23.2129
-23.291
-23.3153
-23.2116
-23.2142
-23.2132
-23.2161
-23.2564
-23.2523
-23.2173
-23.215
-23.2134
-23.2166
-23.2087
-23.2166
-23.209
-23.2131
-23.2133
-23.2163
-23.1932
-23.1983
-23.198
-23.2065
-23.2106
-23.2145
-23.1772
-23.1882
-23.1933
-23.2044
-23.2086
-23.2126
-23.1661
-23.1776
-23.1883
-23.1982
-23.2047
-23.2097
-23.16
-23.1708
-23.1823
-23.1931
-23.201
-23.207
-23.1534
-23.1633
-23.1754
-23.1872
-23.1967
-23.2038
-23.1506
-23.159
-23.1711
-23.1836
-23.1946
-23.2019
-23.1448
-23.1525
-23.1651
-23.1793
-23.1912
-23.1994
-24.1308
-24.1317
-24.1322
-24.1322
-24.1318
-24.1313
-24.1321
-24.1325
-24.1325
-24.132
-24.1313
-24.1322
-24.1328
-24.133
-24.1328
-24.1973
-24.1936
-24.1896
-24.1864
-24.186
-24.1959
-24.1908
-24.1847
-24.1802
-24.1803
-24.1965
-24.1906
-24.1834
-24.1788
-24.1794
-24.1961
-24.1899
-24.1829
-24.1785
-24.179
-24.1958
-24.1901
-24.1844
-24.181
-24.1815
-24.195
-24.1899
-24.186
-24.1834
-24.1843
-24.1941
-24.1894
-24.1875
-24.1858
-24.1875
-24.1938
-24.1885
-24.1888
-24.188
-24.1906
-24.1946
-24.1875
-24.1904
-24.1904
-24.194
-24.1969
-24.1869
-24.1928
-24.1932
-24.1977
-24.1984
-24.1857
-24.1951
-24.1968
-24.2019
-24.2016
-24.1868
-24.2001
-24.2007
-24.2064
-24.2049
-24.2069
-24.211
-24.2042
-24.2079
-24.2133
-24.2075
-24.2109
-24.2162
-24.2098
-24.2131
-24.2184
-24.2124
-24.2153
-24.2204
-24.214
-24.2163
-24.2216
-24.2168
-24.2182
-24.2234
-24.2161
-24.2174
-24.2233
-24.2279
-24.314
-24.3369
-24.23
-24.2305
-24.2283
-24.2307
-24.2839
-24.2756
-24.2352
-24.2304
-24.2276
-24.2305
-24.2315
-24.2346
-24.2249
-24.227
-24.2263
-24.2294
-24.2078
-24.2127
-24.2112
-24.2188
-24.2228
-24.2271
-24.1841
-24.1957
-24.2021
-24.2145
-24.2195
-24.2246
-24.1674
-24.181
-24.1942
-24.2072
-24.2149
-24.2212
-24.1578
-24.1711
-24.1858
-24.2001
-24.2103
-24.218
-24.1499
-24.1624
-24.1775
-24.1928
-24.2054
-24.2144
-24.1467
-24.1575
-24.1726
-24.1889
-24.2029
-24.2121
-24.1408
-24.1507
-24.1663
-24.1836
-24.1985
-24.2086
-25.1449
-25.1462
-25.1471
-25.1475
-25.1473
-25.1454
-25.1466
-25.1474
-25.1479
-25.1477
-25.1453
-25.1469
-25.1481
-25.1489
-25.1492
-25.2307
-25.2268
-25.2221
-25.2181
-25.217
-25.2271
-25.2215
-25.2144
-25.2095
-25.2094
-25.2254
-25.219
-25.211
-25.2064
-25.2069
-25.2227
-25.2158
-25.2086
-25.2043
-25.205
-25.2203
-25.214
-25.2083
-25.2053
-25.2062
-25.2177
-25.2123
-25.2084
-25.2063
-25.2078
-25.2157
-25.2108
-25.2089
-25.2077
-25.2099
-25.2148
-25.2095
-25.2096
-25.2092
-25.2123
-25.2159
-25.2087
-25.2109
-25.211
-25.2149
-25.2195
-25.2093
-25.2136
-25.2136
-25.2181
-25.2221
-25.2091
-25.2161
-25.2169
-25.2216
-25.2274
-25.2119
-25.2216
-25.2208
-25.2256
-25.2245
-25.2257
-25.2292
-25.2243
-25.2266
-25.2311
-25.2273
-25.2292
-25.2334
-25.2292
-25.2309
-25.2349
-25.2314
-25.2326
-25.2363
-25.2323
-25.2331
-25.2369
-25.2345
-25.2345
-25.2381
-25.2325
-25.2329
-25.2371
-25.3438
-25.3613
-25.2483
-25.2454
-25.2416
-25.2435
-25.3152
-25.3001
-25.2521
-25.2442
-25.24
-25.2428
-25.2581
-25.2543
-25.2395
-25.2392
-25.2378
-25.241
-25.2196
-25.2246
-25.2224
-25.2294
-25.2334
-25.2382
-25.1883
-25.2007
-25.2086
-25.2223
-25.2294
-25.2352
-25.1643
-25.1806
-25.1965
-25.2135
-25.2238
-25.2315
-25.1503
-25.1664
-25.1857
-25.2044
-25.2179
-25.2279
-25.1408
-25.1558
-25.1754
-25.1954
-25.2119
-25.2235
-25.1372
-25.1505
-25.1698
-25.1908
-25.208
-25.22
-25.1311
-25.1437
-25.1628
-25.1841
-25.2026
-25.2154
-26.1622
-26.1637
-26.1648
-26.1654
-26.1655
-26.1642
-26.1656
-26.1667
-26.1675
-26.1676
-26.1659
-26.1681
-26.17
-26.1715
-26.1725
-26.2771
-26.2724
-26.2667
-26.262
-26.2599
-26.2659
-26.2593
-26.251
-26.2456
-26.2455
-26.2584
-26.2509
-26.2424
-26.2378
-26.2383
-26.2506
-26.2429
-26.2355
-26.2319
-26.233
-26.2444
-26.2377
-26.2321
-26.2297
-26.2313
-26.2392
-26.2336
-26.2298
-26.2285
-26.2308
-26.2354
-26.2305
-26.2286
-26.2282
-26.2312
-26.2338
-26.2287
-26.2285
-26.2285
-26.2322
-26.2354
-26.2286
-26.2294
-26.2297
-26.2338
-26.2416
-26.2318
-26.2327
-26.2321
-26.2362
-26.2465
-26.2341
-26.2362
-26.2354
-26.239
-26.2562
-26.2429
-26.2422
-26.2398
-26.2425
-26.2439
-26.2433
-26.2453
-26.2453
-26.2443
-26.2468
-26.2481
-26.2466
-26.2486
-26.2498
-26.248
-26.2497
-26.2514
-26.2493
-26.2506
-26.2518
-26.2493
-26.2507
-26.2531
-26.25
-26.2512
-26.2495
-26.2475
-26.2495
-26.3692
-26.3807
-26.2654
-26.2582
-26.2531
-26.3462
-26.3229
-26.267
-26.256
-26.2507
-26.2534
-26.2818
-26.2716
-26.2516
-26.2493
-26.2476
-26.2511
-26.227
-26.2321
-26.2307
-26.2379
-26.2425
-26.2479
-26.1879
-26.2019
-26.2123
-26.2275
-26.2374
-26.2447
-26.1559
-26.1758
-26.1956
-26.216
-26.2304
-26.2404
-26.1367
-26.1568
-26.1813
-26.2049
-26.2229
-26.2359
-26.1252
-26.1435
-26.1687
-26.1941
-26.2149
-26.23
-26.1211
-26.1377
-26.162
-26.1875
-26.2093
-26.2249
-26.1152
-26.1307
-26.1541
-26.1801
-26.2027
-26.2191
-27.1741
-27.1763
-27.1781
-27.1794
-27.18
-27.1749
-27.177
-27.179
-27.1805
-27.1816
-27.1699
-27.1741
-27.1782
-27.1815
-27.1845
-27.3204
-27.3158
-27.3099
-27.3029
-27.2974
-27.3031
-27.2957
-27.2866
-27.2805
-27.2795
-27.2884
-27.2802
-27.2716
-27.2673
-27.2677
-27.2756
-27.2674
-27.2603
-27.2576
-27.2595
-27.2654
-27.2585
-27.2534
-27.252
-27.2546
-27.2571
-27.2517
-27.2484
-27.2481
-27.2516
-27.2512
-27.2467
-27.2452
-27.2457
-27.2498
-27.2487
-27.2443
-27.2437
-27.2446
-27.249
-27.2509
-27.2449
-27.244
-27.2447
-27.2492
-27.261
-27.252
-27.2477
-27.2469
-27.2505
-27.2706
-27.2588
-27.2524
-27.2501
-27.2525
-27.299
-27.2896
-27.2602
-27.256
-27.2555
-27.261
-27.2578
-27.2576
-27.2639
-27.2591
-27.2589
-27.2666
-27.261
-27.2604
-27.2679
-27.2621
-27.2611
-27.2689
-27.2629
-27.2617
-27.2686
-27.2626
-27.2615
-27.2686
-27.2624
-27.2615
-27.2634
-27.2592
-27.2595
-27.4295
-27.4182
-27.2825
-27.268
-27.2621
-27.396
-27.3568
-27.2807
-27.2652
-27.2593
-27.3011
-27.2852
-27.2593
-27.2565
-27.2554
-27.2597
-27.2295
-27.235
-27.2353
-27.2436
-27.2496
-27.2563
-27.1803
-27.1979
-27.212
-27.23
-27.2427
-27.2526
-27.1414
-27.1655
-27.1903
-27.2153
-27.2338
-27.2474
-27.1169
-27.1421
-27.1719
-27.201
-27.2241
-27.2411
-27.1027
-27.1257
-27.1563
-27.1873
-27.2136
-27.2335
-27.0979
-27.1186
-27.1475
-27.1786
-27.206
-27.2262
-27.0922
-27.111
-27.1394
-27.1705
-27.198
-27.2188
-28.1965
-28.1987
-28.2007
-28.2022
-28.2031
-28.2084
-28.2113
-28.2142
-28.2175
-28.2202
-28.2384
-28.2449
-28.2519
-28.2616
-28.2726
-28.4694
-28.481
-28.4937
-28.509
-28.5245
-28.4637
-28.4742
-28.4862
-28.5002
-28.5139
-28.4676
-28.4743
-28.4834
-28.4965
-28.5079
-28.4951
-28.5006
-28.5068
-28.5137
-28.5153
-28.5396
-28.5436
-28.5468
-28.5479
-28.5421
-28.5855
-28.5867
-28.5899
-28.5892
-28.5794
-28.6269
-28.6242
-28.632
-28.6262
-28.6178
-28.6839
-28.6569
-28.6834
-28.6564
-28.6473
-28.4824
-28.4765
-28.474
-28.4639
-28.4508
-28.3766
-28.367
-28.3569
-28.3509
-28.3498
-28.3289
-28.3193
-28.3107
-28.3074
-28.3087
-28.3007
-28.2921
-28.2856
-28.2845
-28.2881
-28.283
-28.2763
-28.2722
-28.2724
-28.2767
-28.2702
-28.2653
-28.2632
-28.2645
-28.2695
-28.2613
-28.2578
-28.2571
-28.2593
-28.2647
-28.2572
-28.2542
-28.2538
-28.2562
-28.2617
-28.2593
-28.2553
-28.2531
-28.2549
-28.2601
-28.2727
-28.2673
-28.2574
-28.2567
-28.2602
-28.2923
-28.2889
-28.2658
-28.2606
-28.2615
-28.3257
-28.3371
-28.2827
-28.2692
-28.2646
-28.3343
-28.3678
-28.3032
-28.2758
-28.2679
-28.3282
-28.3543
-28.3046
-28.277
-28.2695
-28.3267
-28.3531
-28.307
-28.279
-28.2711
-28.324
-28.3512
-28.3073
-28.2799
-28.2719
-28.3242
-28.3521
-28.3073
-28.2806
-28.2725
-28.3321
-28.3595
-28.3077
-28.2807
-28.2725
-28.3401
-28.3628
-28.3052
-28.2793
-28.2719
-28.4567
-28.4545
-28.3119
-28.2786
-28.2703
-28.3945
-28.3648
-28.2894
-28.2734
-28.269
-28.3884
-28.3495
-28.287
-28.2711
-28.2661
-28.2885
-28.2759
-28.2587
-28.2594
-28.2609
-28.2147
-28.2254
-28.2328
-28.2454
-28.2545
-28.2632
-28.1594
-28.1843
-28.2056
-28.2287
-28.2455
-28.2584
-28.1189
-28.148
-28.1794
-28.2104
-28.234
-28.2517
-28.0904
-28.1206
-28.1565
-28.1921
-28.2214
-28.2435
-28.0739
-28.1014
-28.1374
-28.1753
-28.2081
-28.2334
-28.0678
-28.0923
-28.1267
-28.164
-28.1974
-28.2232
-28.0628
-28.0854
-28.1187
-28.1543
-28.1873
-28.2142
-29.2003
-29.2015
-29.2023
-29.203
-29.2034
-29.202
-29.2034
-29.2045
-29.2056
-29.2065
-29.2175
-29.2178
-29.2186
-29.2209
-29.2232
-29.3337
-29.3356
-29.3379
-29.3414
-29.3446
-29.3838
-29.3862
-29.3898
-29.3946
-29.3982
-29.4107
-29.4106
-29.4136
-29.4206
-29.4261
-29.4432
-29.4421
-29.4444
-29.4495
-29.4494
-29.4814
-29.4793
-29.4803
-29.4827
-29.4795
-29.5116
-29.5076
-29.5086
-29.5116
-29.5089
-29.5328
-29.5265
-29.527
-29.5264
-29.5241
-29.5282
-29.5158
-29.5167
-29.5121
-29.5121
-29.4241
-29.415
-29.408
-29.4014
-29.3975
-29.3736
-29.3632
-29.3547
-29.3523
-29.3553
-29.3345
-29.3252
-29.3186
-29.3182
-29.3226
-29.3086
-29.3008
-29.2963
-29.2976
-29.3038
-29.2895
-29.2839
-29.2817
-29.2842
-29.2907
-29.2745
-29.2709
-29.2707
-29.2743
-29.2813
-29.2629
-29.2611
-29.2623
-29.2667
-29.2741
-29.2557
-29.2547
-29.2563
-29.2612
-29.2688
-29.254
-29.2523
-29.2528
-29.2577
-29.2649
-29.262
-29.2582
-29.2533
-29.2569
-29.2629
-29.2757
-29.2702
-29.257
-29.2583
-29.2624
-29.3006
-29.293
-29.2654
-29.2634
-29.2638
-29.319
-29.3077
-29.2762
-29.2683
-29.2665
-29.3175
-29.3086
-29.28
-29.2702
-29.2685
-29.3177
-29.3112
-29.2836
-29.2727
-29.2706
-29.3166
-29.3108
-29.2849
-29.2741
-29.272
-29.3142
-29.309
-29.2846
-29.2748
-29.273
-29.3132
-29.3066
-29.2822
-29.2741
-29.2731
-29.3118
-29.3005
-29.277
-29.2711
-29.2723
-29.2925
-29.288
-29.2698
-29.268
-29.2708
-29.2857
-29.2767
-29.2638
-29.2654
-29.2697
-29.2966
-29.284
-29.267
-29.2656
-29.2679
-29.2402
-29.2422
-29.245
-29.2548
-29.2626
-29.1767
-29.1989
-29.2195
-29.2409
-29.2557
-29.1224
-29.1575
-29.1902
-29.2216
-29.2445
-29.2617
-29.0845
-29.1211
-29.1608
-29.1996
-29.23
-29.253
-29.0567
-29.0919
-29.1347
-29.1782
-29.2145
-29.2424
-29.0393
-29.0713
-29.1137
-29.1589
-29.1986
-29.2296
-29.0316
-29.06
-29.1003
-29.1444
-29.1844
-29.2168
-29.0256
-29.0516
-29.0896
-29.1327
-29.1722
-29.2049
-30.2098
-30.2099
-30.2097
-30.2093
-30.2083
-30.2146
-30.2137
-30.2122
-30.2105
-30.2089
-30.2323
-30.2321
-30.2311
-30.2282
-30.2245
-30.2822
-30.2827
-30.2826
-30.2813
-30.2786
-30.3146
-30.3147
-30.3155
-30.3168
-30.3151
-30.3432
-30.3417
-30.3415
-30.3426
-30.342
-30.3739
-30.371
-30.3707
-30.3723
-30.3703
-30.4052
-30.4012
-30.4008
-30.4028
-30.3996
-30.4292
-30.4241
-30.4232
-30.4262
-30.4253
-30.4431
-30.4368
-30.435
-30.4379
-30.4388
-30.4403
-30.4307
-30.4272
-30.4286
-30.4311
-30.3851
-30.3751
-30.3695
-30.3703
-30.3757
-30.3576
-30.3477
-30.3424
-30.3447
-30.3525
-30.3278
-30.3198
-30.3163
-30.3196
-30.3282
-30.306
-30.2998
-30.2982
-30.3026
-30.3117
-30.2869
-30.2831
-30.2835
-30.2888
-30.2979
-30.2704
-30.2689
-30.2712
-30.2774
-30.2869
-30.2561
-30.2565
-30.2605
-30.2677
-30.2776
-30.2452
-30.2468
-30.2516
-30.2598
-30.2702
-30.2391
-30.2404
-30.2448
-30.2535
-30.2642
-30.2414
-30.2401
-30.2413
-30.2498
-30.2601
-30.2499
-30.2453
-30.2411
-30.2484
-30.2577
-30.2676
-30.2588
-30.2453
-30.2508
-30.2576
-30.282
-30.2714
-30.2526
-30.2547
-30.2596
-30.2861
-30.2764
-30.2578
-30.2579
-30.2622
-30.2906
-30.2819
-30.2631
-30.2618
-30.2653
-30.2931
-30.285
-30.2668
-30.2648
-30.268
-30.2933
-30.2857
-30.2686
-30.2669
-30.2702
-30.2952
-30.285
-30.2681
-30.2673
-30.2716
-30.2905
-30.283
-30.2673
-30.2663
-30.2722
-30.2706
-30.2694
-30.2641
-30.265
-30.2721
-30.2598
-30.2589
-30.2568
-30.2628
-30.2709
-30.2474
-30.25
-30.2522
-30.2604
-30.2687
-30.1949
-30.21
-30.2272
-30.2471
-30.2623
-30.1281
-30.1637
-30.1982
-30.23
-30.2529
-30.0732
-30.1194
-30.1651
-30.207
-30.2384
-30.038
-30.0838
-30.134
-30.1824
-30.221
-30.2501
-30.0157
-30.057
-30.1078
-30.1597
-30.2036
-30.2375
-30.0014
-30.0385
-30.0875
-30.1393
-30.1856
-30.2225
-29.9937
-30.027
-30.0733
-30.1242
-30.1712
-30.2094
-29.9852
-30.0162
-30.0597
-30.1089
-30.1561
-30.1952
-31.2174
-31.218
-31.2177
-31.2163
-31.2141
-31.2214
-31.2217
-31.2209
-31.219
-31.2159
-31.234
-31.234
-31.2329
-31.2306
-31.2267
-31.2628
-31.2626
-31.2614
-31.2588
-31.2544
-31.2904
-31.2895
-31.2881
-31.2861
-31.282
-31.3187
-31.3169
-31.3154
-31.3137
-31.3088
-31.3463
-31.3437
-31.3429
-31.3424
-31.3382
-31.3712
-31.3677
-31.3677
-31.3691
-31.3668
-31.3894
-31.3849
-31.3853
-31.3885
-31.3891
-31.3962
-31.3903
-31.3906
-31.3956
-31.3998
-31.3921
-31.3847
-31.3835
-31.3888
-31.3958
-31.3618
-31.3538
-31.3522
-31.358
-31.368
-31.3412
-31.3339
-31.3325
-31.3386
-31.3496
-31.3171
-31.3114
-31.3114
-31.3182
-31.3297
-31.297
-31.2933
-31.2948
-31.3022
-31.3138
-31.2775
-31.2761
-31.2795
-31.2877
-31.2993
-31.2593
-31.2602
-31.2655
-31.2748
-31.2869
-31.242
-31.2451
-31.2523
-31.2631
-31.2759
-31.2272
-31.2317
-31.2405
-31.2527
-31.2665
-31.2169
-31.2216
-31.2305
-31.2439
-31.2586
-31.2148
-31.217
-31.2236
-31.2372
-31.2523
-31.2203
-31.2182
-31.2206
-31.2335
-31.2482
-31.2361
-31.2286
-31.2235
-31.2344
-31.2473
-31.2522
-31.2412
-31.2307
-31.2386
-31.2494
-31.2629
-31.2508
-31.2386
-31.2441
-31.2534
-31.2719
-31.2598
-31.2468
-31.2503
-31.2584
-31.2775
-31.2663
-31.2537
-31.256
-31.2633
-31.2791
-31.2692
-31.2584
-31.2604
-31.2677
-31.2797
-31.2703
-31.2608
-31.263
-31.271
-31.2723
-31.2675
-31.2628
-31.2644
-31.2733
-31.2524
-31.2553
-31.2582
-31.264
-31.2741
-31.2276
-31.2366
-31.2463
-31.2596
-31.2724
-31.1928
-31.2106
-31.2303
-31.2509
-31.2678
-31.1313
-31.1635
-31.1986
-31.2323
-31.2575
-31.0587
-31.1107
-31.1626
-31.2087
-31.2428
-31.0048
-31.0649
-31.1263
-31.1819
-31.2244
-30.9775
-31.0335
-31.0963
-31.1564
-31.2051
-30.9667
-31.0152
-31.0748
-31.1353
-31.1872
-31.2278
-30.9626
-31.0041
-31.0588
-31.1168
-31.1695
-31.2126
-30.9632
-31.0004
-31.0512
-31.1063
-31.1574
-31.1999
-30.9504
-30.9859
-31.0352
-31.0894
-31.1408
-31.1844
-32.221
-32.2221
-32.2225
-32.222
-32.2206
-32.2254
-32.2263
-32.226
-32.2248
-32.2225
-32.2356
-32.2362
-32.2355
-32.2335
-32.2301
-32.2549
-32.2551
-32.2537
-32.2506
-32.2461
-32.2781
-32.2776
-32.2756
-32.272
-32.2662
-32.3021
-32.3011
-32.2997
-32.2968
-32.2904
-32.3245
-32.3229
-32.3223
-32.3213
-32.3169
-32.3437
-32.3414
-32.3417
-32.3431
-32.3415
-32.3568
-32.3537
-32.3547
-32.3584
-32.3606
-32.3618
-32.3578
-32.3591
-32.3646
-32.3706
-32.3587
-32.3538
-32.3551
-32.3621
-32.3707
-32.3397
-32.3346
-32.3362
-32.3446
-32.3564
-32.3226
-32.3183
-32.3204
-32.3294
-32.3423
-32.3021
-32.2993
-32.3027
-32.3123
-32.3259
-32.2828
-32.2818
-32.2867
-32.2969
-32.3107
-32.2627
-32.2639
-32.2706
-32.2818
-32.296
-32.2424
-32.246
-32.2549
-32.2675
-32.2824
-32.222
-32.228
-32.2392
-32.2537
-32.2696
-32.2032
-32.211
-32.2242
-32.2406
-32.258
-32.189
-32.1971
-32.2111
-32.2292
-32.2481
-32.1839
-32.1903
-32.2021
-32.2207
-32.2403
-32.1886
-32.1903
-32.1977
-32.2154
-32.2352
-32.2048
-32.201
-32.2018
-32.2166
-32.2346
-32.2257
-32.2173
-32.2129
-32.2233
-32.2384
-32.2444
-32.2333
-32.226
-32.2327
-32.245
-32.2602
-32.2479
-32.2388
-32.2427
-32.2529
-32.27
-32.2592
-32.2496
-32.2518
-32.2607
-32.2746
-32.265
-32.2577
-32.2591
-32.2675
-32.2745
-32.2676
-32.2621
-32.2643
-32.2728
-32.2617
-32.2613
-32.2633
-32.267
-32.2764
-32.2284
-32.2391
-32.2521
-32.2641
-32.277
-32.1805
-32.2033
-32.2285
-32.2527
-32.2721
-32.1169
-32.1545
-32.1948
-32.2325
-32.261
-32.0359
-32.0913
-32.1505
-32.2033
-32.2428
-31.9539
-32.0282
-32.1041
-32.1706
-32.2204
-31.9045
-31.9837
-32.0662
-32.1405
-32.1981
-31.8931
-31.9626
-32.0415
-32.1169
-32.1787
-31.9016
-31.9595
-32.0301
-32.1014
-32.1634
-31.917
-31.9633
-32.0245
-32.0899
-32.1503
-32.2013
-31.9281
-31.968
-32.0225
-32.0826
-32.1393
-32.188
-31.9184
-31.9561
-32.0072
-32.0651
-32.1213
-32.1695
-33.2215
-33.2235
-33.2249
-33.2257
-33.2258
-33.2263
-33.2281
-33.2289
-33.2289
-33.2281
-33.2354
-33.2367
-33.2368
-33.2356
-33.2336
-33.2513
-33.252
-33.2511
-33.2484
-33.2445
-33.2707
-33.271
-33.2697
-33.2663
-33.2607
-33.2912
-33.2911
-33.2901
-33.2872
-33.2813
-33.3102
-33.3097
-33.3095
-33.3082
-33.3036
-33.3253
-33.3243
-33.3252
-33.3265
-33.3247
-33.3347
-33.3332
-33.335
-33.3391
-33.3412
-33.3381
-33.3361
-33.3387
-33.3447
-33.3504
-33.3339
-33.3316
-33.3349
-33.343
-33.352
-33.3193
-33.317
-33.3212
-33.3312
-33.3436
-33.3035
-33.3021
-33.3072
-33.3183
-33.3323
-33.2845
-33.2846
-33.2911
-33.3032
-33.3182
-33.2649
-33.2668
-33.275
-33.288
-33.3037
-33.2436
-33.2478
-33.2579
-33.2722
-33.2887
-33.2212
-33.2278
-33.2402
-33.2562
-33.2739
-33.1979
-33.207
-33.2219
-33.24
-33.2593
-33.1756
-33.1866
-33.2038
-33.2243
-33.2455
-33.1582
-33.1697
-33.1878
-33.2104
-33.2334
-33.1524
-33.1621
-33.1783
-33.2013
-33.2252
-33.1604
-33.1654
-33.1766
-33.198
-33.2216
-33.1802
-33.1802
-33.1848
-33.202
-33.2235
-33.2089
-33.2036
-33.2021
-33.2132
-33.231
-33.2351
-33.2265
-33.2214
-33.2274
-33.2414
-33.2551
-33.2454
-33.2388
-33.2415
-33.2522
-33.2698
-33.2595
-33.2525
-33.2535
-33.2621
-33.2744
-33.2678
-33.262
-33.2622
-33.2701
-33.2656
-33.2657
-33.2663
-33.2678
-33.2759
-33.2373
-33.2476
-33.2585
-33.2689
-33.279
-33.1815
-33.206
-33.2329
-33.2575
-33.2758
-33.1014
-33.1433
-33.1897
-33.2311
-33.2619
-33.001
-33.0645
-33.1326
-33.1932
-33.2383
-32.8913
-32.9768
-33.0676
-33.1477
-33.208
-32.7955
-32.9
-33.0087
-33.1042
-33.1769
-32.7554
-32.8606
-32.9721
-33.0729
-33.1522
-32.7664
-32.8561
-32.9585
-33.0559
-33.1361
-32.81
-32.8787
-32.964
-33.0515
-33.1285
-32.854
-32.9074
-32.9778
-33.0545
-33.1264
-32.8721
-32.918
-32.9793
-33.0481
-33.1133
-33.1686
-32.8622
-32.906
-32.9637
-33.0281
-33.0893
-33.1425
-34.2211
-34.2239
-34.2265
-34.2287
-34.2304
-34.2269
-34.2293
-34.2312
-34.2325
-34.2331
-34.235
-34.237
-34.2381
-34.2382
-34.2375
-34.2478
-34.2493
-34.2494
-34.2482
-34.2457
-34.2639
-34.2649
-34.2645
-34.2622
-34.2582
-34.2813
-34.2819
-34.2814
-34.2791
-34.2744
-34.2972
-34.2976
-34.2978
-34.2965
-34.2924
-34.3096
-34.3098
-34.3111
-34.3119
-34.3099
-34.3171
-34.3171
-34.3195
-34.3228
-34.324
-34.3185
-34.3185
-34.3221
-34.328
-34.3327
-34.3131
-34.3132
-34.3181
-34.3267
-34.3352
-34.2999
-34.3004
-34.3067
-34.3176
-34.3297
-34.284
-34.2854
-34.2931
-34.3058
-34.3202
-34.2648
-34.2678
-34.2771
-34.2913
-34.3074
-34.2442
-34.249
-34.2602
-34.2758
-34.2932
-34.2218
-34.2287
-34.2419
-34.2592
-34.278
-34.1979
-34.2072
-34.2227
-34.242
-34.2624
-34.1733
-34.1848
-34.2029
-34.2245
-34.2469
-34.1501
-34.1633
-34.1837
-34.2079
-34.2325
-34.1327
-34.1463
-34.1679
-34.1942
-34.2207
-34.1287
-34.1404
-34.1602
-34.1865
-34.2136
-34.1421
-34.1488
-34.1634
-34.1872
-34.2128
-34.1697
-34.17
-34.1772
-34.1962
-34.2188
-34.2058
-34.2009
-34.2004
-34.2127
-34.2312
-34.2357
-34.2289
-34.2242
-34.2307
-34.2449
-34.2561
-34.2492
-34.2435
-34.2466
-34.2571
-34.2659
-34.2608
-34.2567
-34.2589
-34.2675
-34.2618
-34.2613
-34.2618
-34.266
-34.2746
-34.238
-34.2464
-34.2563
-34.2659
-34.2769
-34.1858
-34.2088
-34.2337
-34.2553
-34.2727
-34.0979
-34.141
-34.1872
-34.2278
-34.258
-33.977
-34.0442
-34.117
-34.1816
-34.2301
-33.8312
-33.9271
-34.0299
-34.1215
-34.1909
-33.6823
-33.8066
-33.9388
-34.0562
-34.1461
-33.569
-33.7137
-33.8659
-34.001
-34.1058
-33.5434
-33.6843
-33.8349
-33.9718
-34.0811
-33.5863
-33.7033
-33.8373
-33.9652
-34.0716
-33.6834
-33.7677
-33.8729
-33.9805
-34.0756
-33.7658
-33.8305
-33.9152
-34.0061
-34.089
-33.79
-33.8457
-33.9189
-33.9982
-34.074
-33.7602
-33.8144
-33.8831
-33.9581
-34.0305
-34.0941
-35.2241
-35.2273
-35.2308
-35.2339
-35.2366
-35.2293
-35.2323
-35.2351
-35.2375
-35.2393
-35.2357
-35.2383
-35.2404
-35.2418
-35.2427
-35.2454
-35.2476
-35.2489
-35.2491
-35.2485
-35.2582
-35.2599
-35.2604
-35.2595
-35.2574
-35.2724
-35.2737
-35.274
-35.2726
-35.2694
-35.2857
-35.2868
-35.2874
-35.2865
-35.2833
-35.296
-35.297
-35.2987
-35.2992
-35.2972
-35.3014
-35.3025
-35.3056
-35.3085
-35.3089
-35.3006
-35.302
-35.3067
-35.3127
-35.3166
-35.2934
-35.2952
-35.3017
-35.3106
-35.3187
-35.2796
-35.2822
-35.2906
-35.3024
-35.3143
-35.2624
-35.2662
-35.2765
-35.2907
-35.3056
-35.2425
-35.2478
-35.2601
-35.2764
-35.2938
-35.2214
-35.2284
-35.2428
-35.261
-35.2803
-35.1994
-35.2082
-35.2246
-35.2447
-35.2658
-35.177
-35.1876
-35.2061
-35.2281
-35.251
-35.1547
-35.1668
-35.1875
-35.2116
-35.2363
-35.1342
-35.1475
-35.17
-35.1963
-35.2229
-35.1196
-35.1329
-35.1563
-35.184
-35.2121
-35.1191
-35.13
-35.1512
-35.1785
-35.207
-35.1397
-35.1449
-35.1603
-35.184
-35.2106
-35.1715
-35.172
-35.1807
-35.199
-35.2213
-35.2035
-35.2011
-35.2051
-35.2178
-35.235
-35.2286
-35.2254
-35.2268
-35.2357
-35.2491
-35.2413
-35.2388
-35.2401
-35.2481
-35.2605
-35.239
-35.2397
-35.2431
-35.252
-35.2651
-35.2177
-35.2257
-35.2356
-35.2483
-35.2631
-35.1694
-35.1897
-35.2121
-35.2341
-35.2547
-35.0844
-35.1234
-35.1656
-35.2045
-35.2365
-34.9549
-35.0198
-35.0899
-35.154
-35.2045
-34.7833
-34.8803
-34.9856
-35.0817
-35.1571
-34.5833
-34.7176
-34.8626
-34.9944
-35.0981
-34.3876
-34.558
-34.7409
-34.9061
-35.0364
-34.2573
-34.4496
-34.6551
-34.8405
-34.9878
-34.2484
-34.4343
-34.6348
-34.8186
-34.9675
-34.3372
-34.488
-34.6602
-34.8261
-34.9663
-34.4943
-34.6023
-34.7344
-34.8691
-34.9886
-34.6287
-34.7085
-34.8084
-34.9153
-35.0142
-34.6562
-34.7238
-34.8114
-34.9072
-34.9975
-34.5865
-34.6537
-34.7415
-34.8393
-34.934
-36.2301
-36.2335
-36.237
-36.2404
-36.2433
-36.2349
-36.2381
-36.2412
-36.244
-36.2462
-36.2393
-36.2423
-36.2451
-36.2475
-36.2493
-36.2458
-36.2486
-36.2509
-36.2524
-36.2533
-36.2547
-36.2571
-36.2588
-36.2595
-36.2593
-36.2651
-36.2671
-36.2685
-36.2686
-36.2674
-36.2751
-36.2768
-36.2783
-36.2785
-36.277
-36.2829
-36.2845
-36.2866
-36.2877
-36.2869
-36.2861
-36.2879
-36.2916
-36.2945
-36.2953
-36.2829
-36.2854
-36.2913
-36.2972
-36.3009
-36.2733
-36.2766
-36.2849
-36.2946
-36.3023
-36.2579
-36.2624
-36.2732
-36.2863
-36.2985
-36.2393
-36.2451
-36.2585
-36.2747
-36.2906
-36.219
-36.2264
-36.2422
-36.261
-36.2798
-36.1987
-36.2075
-36.2256
-36.2465
-36.2678
-36.1792
-36.1893
-36.2093
-36.2321
-36.2552
-36.1612
-36.1724
-36.1937
-36.2181
-36.2429
-36.1451
-36.157
-36.1795
-36.2053
-36.2316
-36.1327
-36.1449
-36.1681
-36.1951
-36.2229
-36.1283
-36.1401
-36.1629
-36.1903
-36.2187
-36.1376
-36.1472
-36.1674
-36.193
-36.22
-36.1572
-36.1636
-36.1794
-36.2014
-36.2253
-36.1791
-36.1826
-36.194
-36.2121
-36.2329
-36.1998
-36.2013
-36.2092
-36.2237
-36.2416
-36.2154
-36.216
-36.2215
-36.2336
-36.2493
-36.2188
-36.2217
-36.228
-36.2393
-36.2539
-36.2013
-36.2109
-36.2228
-36.2378
-36.254
-36.157
-36.1771
-36.1994
-36.2235
-36.2463
-36.0769
-36.1136
-36.153
-36.1919
-36.2261
-35.9504
-36.0114
-36.0766
-36.1386
-36.1905
-35.769
-35.8633
-35.9648
-36.0596
-36.1369
-35.5346
-35.6713
-35.8187
-35.955
-36.0653
-35.2652
-35.4514
-35.6513
-35.8344
-35.9816
-35.0038
-35.2384
-35.4888
-35.7159
-35.898
-34.8472
-35.1088
-35.3866
-35.6372
-35.8386
-34.8499
-35.1031
-35.3747
-35.6225
-35.8243
-35.003
-35.2067
-35.4351
-35.6529
-35.8369
-35.2432
-35.3871
-35.5578
-35.7295
-35.8815
-35.4422
-35.542
-35.6656
-35.7968
-35.9183
-35.4767
-35.5605
-35.6658
-35.7808
-35.8909
-35.3616
-35.4511
-35.5667
-35.6946
-35.8187
-37.239
-37.242
-37.2451
-37.2478
-37.2501
-37.2413
-37.2444
-37.2474
-37.2502
-37.2524
-37.2438
-37.247
-37.2501
-37.2528
-37.2548
-37.249
-37.2522
-37.255
-37.257
-37.2585
-37.2562
-37.2592
-37.2616
-37.2631
-37.2637
-37.2643
-37.2671
-37.2694
-37.2705
-37.2705
-37.2716
-37.2744
-37.277
-37.2784
-37.2783
-37.276
-37.2789
-37.2826
-37.2852
-37.286
-37.2755
-37.2787
-37.2843
-37.2892
-37.2921
-37.269
-37.2729
-37.2808
-37.2888
-37.2951
-37.2564
-37.2615
-37.2722
-37.2837
-37.294
-37.2383
-37.2451
-37.2591
-37.2745
-37.2887
-37.2176
-37.2263
-37.2436
-37.2626
-37.2806
-37.1963
-37.2072
-37.2273
-37.2495
-37.2708
-37.1772
-37.1897
-37.2122
-37.2368
-37.2606
-37.1618
-37.1753
-37.1993
-37.2255
-37.251
-37.1516
-37.1652
-37.1895
-37.2163
-37.2428
-37.1466
-37.1595
-37.183
-37.2097
-37.2364
-37.1462
-37.158
-37.18
-37.2058
-37.2321
-37.1498
-37.1603
-37.1804
-37.2047
-37.2301
-37.1571
-37.1661
-37.1839
-37.2066
-37.2308
-37.1683
-37.1757
-37.1908
-37.2114
-37.2341
-37.1812
-37.1872
-37.1999
-37.2183
-37.2391
-37.1909
-37.1966
-37.2078
-37.2246
-37.244
-37.1918
-37.199
-37.2104
-37.2272
-37.2462
-37.177
-37.1885
-37.2032
-37.2224
-37.2433
-37.1387
-37.1583
-37.1806
-37.2064
-37.2323
-37.0674
-37.101
-37.1368
-37.1746
-37.2099
-36.9498
-37.0059
-37.0644
-37.1219
-37.1727
-36.7707
-36.8606
-36.9542
-37.0426
-37.1171
-36.5177
-36.6548
-36.7982
-36.9309
-37.0398
-36.1906
-36.3884
-36.5962
-36.7863
-36.9403
-35.8097
-36.0796
-36.3631
-36.6195
-36.8254
-35.43
-35.7709
-36.1294
-36.4508
-36.7079
-35.2137
-35.5924
-35.9916
-36.3477
-36.6326
-35.2038
-35.5739
-35.9683
-36.3234
-36.6106
-35.4604
-35.7598
-36.0878
-36.3934
-36.6483
-35.851
-36.0598
-36.2973
-36.5293
-36.7307
-36.1639
-36.3038
-36.4698
-36.6411
-36.7976
-36.2626
-36.3732
-36.5098
-36.6571
-36.7977
-36.1774
-36.291
-36.4344
-36.5901
-36.7398
-3.0295
53.2072
-3.17239
57.9124
58.0181
58.2264
58.5694
-2.07304
-7.18165
-6.7855
-7.20183
-7.26458
-7.28785
-7.39175
-7.39739
-7.3985
-7.02157
)
;

boundaryField
{
    floor
    {
        type            calculated;
        value           nonuniform List<scalar> 
226
(
78.4909
78.4775
78.4918
78.5338
78.5381
78.5474
78.5405
78.5154
78.4744
78.4177
78.3498
78.2689
78.1955
78.1374
78.0945
78.0639
78.0423
78.0259
78.0125
78.0005
77.9892
77.9779
77.9663
77.9542
77.9415
77.9281
78.4928
78.4796
78.4942
78.5355
78.54
78.549
78.5424
78.5173
78.4762
78.4194
78.3513
78.2704
78.197
78.1388
78.0959
78.0655
78.0441
78.028
78.0149
78.0033
77.9925
77.9818
77.9709
77.9595
77.9476
77.9351
77.9221
77.9089
77.8967
77.8852
77.8795
77.8752
77.8853
77.9004
77.9084
77.918
77.9392
77.9746
78.0013
78.0213
78.0263
78.4928
78.4795
78.4942
78.5355
78.54
78.549
78.5424
78.5174
78.4765
78.4198
78.3519
78.2711
78.1981
78.1401
78.0975
78.0675
78.0465
78.0308
78.0182
78.0072
77.997
77.987
77.977
77.9666
77.956
77.9449
77.9336
77.9222
77.9119
77.9025
77.8976
77.8951
77.9017
77.9133
77.9212
77.9312
77.949
77.9778
78.0013
78.0202
78.026
78.4908
78.4775
78.4917
78.5336
78.538
78.5474
78.5407
78.5159
78.4753
78.419
78.3516
78.2712
78.1988
78.1415
78.0995
78.07
78.0495
78.0343
78.0223
78.0119
78.0025
77.9934
77.9844
77.9753
77.966
77.9566
77.9471
77.9379
77.9294
77.9219
77.9175
77.9154
77.9193
77.9283
77.9361
77.9461
77.9622
77.9861
78.0075
78.0247
78.0314
78.4855
78.472
78.4858
78.5288
78.533
78.5429
78.5361
78.5117
78.4716
78.416
78.3496
78.2701
78.1987
78.1425
78.1015
78.0729
78.0531
78.0385
78.0271
78.0175
78.0088
78.0007
77.9928
77.985
77.9773
77.9697
77.9623
77.9554
77.9494
77.9445
77.9421
77.942
77.9456
77.9529
77.9601
77.9691
77.9826
78.0013
78.0195
78.035
78.0418
78.536
78.5292
78.5053
78.4661
78.4116
78.3465
78.2683
78.1984
78.1436
78.1038
78.0762
78.0572
78.0433
78.0326
78.0236
78.0158
78.0086
78.0018
77.9953
77.9891
77.9833
77.9778
77.973
77.9691
77.9664
77.9655
77.9665
77.97
77.9764
77.9831
77.9912
78.0029
78.0184
78.0341
78.0484
78.0555
)
;
    }
    ceiling
    {
        type            calculated;
        value           nonuniform List<scalar> 
205
(
-37.7412
-37.7435
-37.7457
-37.7509
-37.758
-37.7662
-37.7735
-37.7779
-37.7773
-37.7708
-37.7581
-37.7401
-37.7193
-37.6982
-37.6792
-37.6642
-37.6545
-37.6502
-37.6506
-37.6549
-37.6626
-37.674
-37.687
-37.6967
-37.6977
-37.683
-37.6447
-37.5735
-37.4559
-37.2768
-37.0239
-36.6967
-36.3159
-35.9363
-35.72
-35.71
-35.9666
-36.3572
-36.6701
-36.7688
-36.6836
-37.7442
-37.7466
-37.749
-37.7542
-37.7612
-37.7692
-37.7764
-37.7809
-37.7808
-37.775
-37.7635
-37.7472
-37.7284
-37.7093
-37.692
-37.678
-37.6683
-37.6633
-37.6625
-37.6655
-37.6716
-37.6814
-37.693
-37.7025
-37.7049
-37.6945
-37.6643
-37.607
-37.512
-37.3667
-37.1609
-36.8945
-36.5857
-36.2771
-36.0986
-36.0801
-36.266
-36.566
-36.81
-36.8794
-36.7972
-37.7472
-37.7496
-37.7522
-37.7571
-37.7638
-37.7716
-37.7792
-37.7848
-37.7865
-37.7831
-37.7745
-37.7614
-37.7459
-37.7298
-37.7148
-37.7023
-37.6929
-37.6871
-37.6847
-37.6856
-37.6894
-37.6965
-37.7057
-37.7137
-37.7163
-37.7092
-37.6866
-37.6428
-37.5705
-37.4603
-37.3043
-37.1023
-36.8692
-36.6356
-36.4978
-36.4744
-36.5939
-36.8035
-36.976
-37.0159
-36.9405
-37.75
-37.7523
-37.7549
-37.7593
-37.7654
-37.7729
-37.7808
-37.7875
-37.7916
-37.7912
-37.7862
-37.777
-37.7651
-37.7522
-37.7397
-37.7287
-37.72
-37.7139
-37.7106
-37.7099
-37.7121
-37.7171
-37.7241
-37.7305
-37.7331
-37.7284
-37.7124
-37.6806
-37.628
-37.5487
-37.437
-37.2924
-37.1256
-36.957
-36.8539
-36.8295
-36.8996
-37.0355
-37.1473
-37.1633
-37.0963
-37.7522
-37.7545
-37.757
-37.7608
-37.7661
-37.773
-37.7808
-37.7885
-37.7946
-37.7976
-37.7966
-37.7914
-37.7834
-37.7737
-37.7638
-37.7545
-37.7468
-37.7408
-37.7371
-37.7355
-37.7364
-37.7398
-37.7449
-37.7498
-37.7521
-37.7492
-37.7383
-37.7159
-37.6787
-37.6231
-37.5459
-37.4464
-37.3315
-37.214
-37.1387
-37.1167
-37.1545
-37.2368
-37.3038
-37.3038
-37.246
)
;
    }
    fixedWalls
    {
        type            calculated;
        value           nonuniform List<scalar> 
776
(
77.9844
77.9863
77.9863
77.9844
77.979
77.5198
77.5195
77.5249
77.5354
77.549
76.9517
76.9534
76.9534
76.9517
76.9464
76.5066
76.5051
76.5104
76.5215
76.5359
75.901
75.9026
75.9026
75.901
75.8956
75.4887
75.4892
75.498
75.5125
75.5291
74.8567
74.858
74.8579
74.8563
74.8513
74.4724
74.4751
74.4856
74.5022
74.5203
73.8376
73.8385
73.8383
73.8368
73.8324
73.4442
73.45
73.4621
73.4806
73.4994
72.8365
72.8375
72.8373
72.8358
72.8313
72.4204
72.4293
72.4414
72.4604
72.4794
-7.94143
-7.94258
-7.94348
-7.94415
-7.94463
-8.01983
-8.01435
-8.00556
-7.99863
-7.99235
-8.9514
-8.95253
-8.95341
-8.95406
-8.95451
-9.02551
-9.02014
-9.01122
-9.00529
-9.00009
-9.96159
-9.96267
-9.9635
-9.96412
-9.96455
-10.0339
-10.0284
-10.0204
-10.0153
-10.0108
-10.9721
-10.9731
-10.9739
-10.9745
-10.9748
-11.0403
-11.0349
-11.0283
-11.0248
-11.0218
-11.9828
-11.9838
-11.9845
-11.985
-11.9853
-12.0479
-12.0433
-12.0384
-12.0365
-12.0351
-12.9938
-12.9947
-12.9953
-12.9958
-12.996
-13.0559
-13.0526
-13.0494
-13.0492
-13.0495
-14.0049
-14.0057
-14.0063
-14.0067
-14.0068
-14.068
-14.0654
-14.0635
-14.062
-14.0634
-14.0651
-15.0162
-15.017
-15.0175
-15.0177
-15.0178
-15.0785
-15.076
-15.0756
-15.0759
-15.0785
-15.0815
-16.0277
-16.0284
-16.0288
-16.029
-16.029
-16.0896
-16.0877
-16.0888
-16.0906
-16.0944
-16.0982
-17.0394
-17.04
-17.0404
-17.0405
-17.0404
-17.101
-17.1
-17.1025
-17.1058
-17.1105
-17.115
-18.0514
-18.0519
-18.0522
-18.0522
-18.052
-18.1124
-18.1124
-18.1163
-18.121
-18.1265
-18.1314
-19.0636
-19.0641
-19.0643
-19.0642
-19.0639
-19.1232
-19.1243
-19.1296
-19.1357
-19.1419
-19.1471
-20.0761
-20.0766
-20.0768
-20.0767
-20.0762
-20.1326
-20.135
-20.1418
-20.1494
-20.1565
-20.1621
-21.089
-21.0895
-21.0897
-21.0895
-21.089
-21.1398
-21.1438
-21.1521
-21.1615
-21.1698
-21.1759
-22.1024
-22.103
-22.1032
-22.103
-22.1025
-22.1442
-22.1499
-22.1601
-22.1718
-22.1814
-22.1884
-23.1161
-23.1168
-23.1171
-23.1171
-23.1165
-23.1448
-23.1525
-23.1651
-23.1793
-23.1912
-23.1994
-24.1308
-24.1317
-24.1322
-24.1322
-24.1318
-24.1408
-24.1507
-24.1663
-24.1836
-24.1985
-24.2086
-25.1449
-25.1462
-25.1471
-25.1475
-25.1473
-25.1311
-25.1437
-25.1628
-25.1841
-25.2026
-25.2154
-26.1622
-26.1637
-26.1648
-26.1654
-26.1655
-26.1152
-26.1307
-26.1541
-26.1801
-26.2027
-26.2191
-27.1741
-27.1763
-27.1781
-27.1794
-27.18
-27.0922
-27.111
-27.1394
-27.1705
-27.198
-27.2188
-28.1965
-28.1987
-28.2007
-28.2022
-28.2031
-28.0628
-28.0854
-28.1187
-28.1543
-28.1873
-28.2142
-29.2003
-29.2015
-29.2023
-29.203
-29.2034
-29.0256
-29.0516
-29.0896
-29.1327
-29.1722
-29.2049
-30.2098
-30.2099
-30.2097
-30.2093
-30.2083
-29.9852
-30.0162
-30.0597
-30.1089
-30.1561
-30.1952
-31.2174
-31.218
-31.2177
-31.2163
-31.2141
-30.9504
-30.9859
-31.0352
-31.0894
-31.1408
-31.1844
-32.221
-32.2221
-32.2225
-32.222
-32.2206
-31.9184
-31.9561
-32.0072
-32.0651
-32.1213
-32.1695
-33.2215
-33.2235
-33.2249
-33.2257
-33.2258
-32.8622
-32.906
-32.9637
-33.0281
-33.0893
-33.1425
-34.2211
-34.2239
-34.2265
-34.2287
-34.2304
-33.7602
-33.8144
-33.8831
-33.9581
-34.0305
-34.0941
-35.2241
-35.2273
-35.2308
-35.2339
-35.2366
-34.5865
-34.6537
-34.7415
-34.8393
-34.934
-36.2301
-36.2335
-36.237
-36.2404
-36.2433
-35.3616
-35.4511
-35.5667
-35.6946
-35.8187
-37.239
-37.242
-37.2451
-37.2478
-37.2501
-36.1774
-36.291
-36.4344
-36.5901
-36.7398
72.33
72.3311
72.3309
72.3294
72.3248
72.3118
72.3124
72.3122
72.3111
72.3071
72.2932
72.2943
72.2939
72.2919
72.2872
71.7773
71.7664
71.7649
71.7671
71.7709
71.7751
71.8758
71.8721
71.8728
71.8749
71.8781
71.8815
71.8769
71.8786
71.879
71.879
71.8794
71.8808
71.893
71.8917
71.8917
71.8931
71.8963
71.9012
71.905
71.9036
71.9041
71.9064
71.9108
71.9167
71.9162
71.9153
71.9168
71.9201
71.9248
71.9308
71.9229
71.9227
71.9245
71.928
71.9327
71.9384
71.9249
71.9252
71.9276
71.9314
71.9364
71.942
71.9225
71.9236
71.9266
71.9309
71.9362
71.942
71.9164
71.9185
71.9221
71.9271
71.933
71.9392
71.907
71.9099
71.9144
71.9203
71.9271
71.9342
71.8941
71.8978
71.9035
71.9108
71.9189
71.9272
71.877
71.8819
71.8893
71.8984
71.9085
71.9187
71.8545
71.861
71.8711
71.8831
71.896
71.9087
71.8236
71.8328
71.8476
71.8638
71.8809
71.8972
71.7813
71.7944
71.8173
71.8397
71.8633
71.8844
71.7124
71.7322
71.7738
71.8073
71.8417
71.8699
71.6204
71.6457
71.7204
71.7674
71.8176
71.8545
71.3616
71.3985
71.617
71.6995
71.7852
71.8365
71.2378
71.2026
71.5533
71.6395
71.7604
71.8226
71.2686
71.4604
71.7158
71.8041
71.3993
71.48
71.7255
71.8091
71.422
71.5034
71.7416
71.8224
71.4628
71.5469
71.7671
71.8423
71.5478
71.6177
71.8046
71.8685
71.5853
71.6781
71.8391
71.8936
71.6445
71.8136
71.8371
71.8946
71.9261
71.7506
71.8504
71.8797
71.9199
71.9462
71.8986
71.9137
71.925
71.9458
71.9649
71.9139
71.9228
71.9349
71.954
71.9729
71.8065
71.8079
71.8077
71.806
71.8018
71.6419
71.6436
71.6439
71.6428
71.64
-3.0295
53.2072
53.2072
57.9124
58.0181
58.2264
58.5694
-2.07304
-2.07304
-7.43653
-7.43768
-7.43858
-7.43925
-7.43973
-7.43649
-7.43767
-7.43859
-7.43928
-7.43976
70.8123
-7.43648
70.8141
-7.43764
70.8139
-7.43855
70.812
-7.43923
70.8077
-7.43971
70.6577
70.6594
70.6597
70.6584
70.6556
-7.43944
-7.43901
-7.43855
-7.43809
-7.43766
-7.43915
-7.43874
-7.43823
-7.43786
-7.43756
-7.43918
-7.43877
-7.43828
-7.43782
-7.43736
-7.43968
-7.43917
-7.43854
-7.43787
-7.43727
-7.43674
-7.44098
-7.44032
-7.43948
-7.43855
-7.43769
-7.43696
-7.44272
-7.44196
-7.44099
-7.43985
-7.43877
-7.43785
-7.44464
-7.44396
-7.44306
-7.44172
-7.44045
-7.43933
-7.44676
-7.44621
-7.4457
-7.44416
-7.44267
-7.4413
-7.44953
-7.44952
-7.44962
-7.44747
-7.4455
-7.44367
-7.45623
-7.45323
-7.45575
-7.45202
-7.44895
-7.44633
-7.47009
-7.46849
-7.46681
-7.45757
-7.45283
-7.44919
-7.4745
-7.47209
-7.47323
-7.46089
-7.4558
-7.45163
-7.4674
-7.46138
-7.45694
-7.45323
-7.45963
-7.45863
-7.45654
-7.45406
-7.45778
-7.45791
-7.45686
-7.45512
-7.45823
-7.45859
-7.4581
-7.45672
-7.46142
-7.46095
-7.46058
-7.45911
-7.46832
-7.4653
-7.4647
-7.46246
-7.48352
-7.47246
-7.4713
-7.46698
-7.18165
-6.7855
-7.5186
-7.4827
-7.48093
-7.47247
-6.7855
-7.70638
-7.5042
-7.4986
-7.47955
-7.26458
-7.79225
-7.50955
-7.51004
-7.48463
-7.39175
-7.79028
-7.51342
-7.51466
-7.48821
-7.39739
-7.7674
-7.51382
-7.51467
-7.49045
-7.3985
-7.70592
-7.51866
-7.51383
-7.49272
-7.02157
-7.02157
-7.6603
-7.51604
-7.50945
-7.49291
-7.77365
-7.60482
-7.5336
-7.50956
-7.49425
-7.54569
-7.53205
-7.50812
-7.49874
-7.49025
-7.53098
-7.51916
-7.50455
-7.49563
-7.48843
-7.51422
-7.50874
-7.49996
-7.49303
-7.48675
-7.33541
-6.87256
-6.87256
-7.07983
57.2355
-2.00747
-2.00747
-2.92591
-3.10171
-3.10707
-7.17614
-3.06817
55.8499
55.8499
-7.17944
-7.22689
-6.92592
-6.92592
)
;
    }
    rack2796428BA49E0232CAC645AEBC8DA5C1_fixedWall
    {
        type            calculated;
        value           nonuniform List<scalar> 
176
(
-7.97001
-7.96354
-7.96218
-7.96287
-7.96619
-7.97317
-7.98845
-8.02367
-8.98024
-8.97316
-8.97122
-8.97111
-8.97315
-8.97769
-8.98617
-9.00445
-9.99063
-9.98292
-9.98072
-9.98007
-9.98168
-9.98563
-9.99259
-10.0089
-10.9996
-10.992
-10.9898
-10.9887
-10.9897
-10.9925
-10.9973
-11.0093
-12.0081
-12.0009
-11.999
-11.9977
-11.9984
-12.0004
-12.0037
-12.0133
-13.0168
-13.0101
-13.0085
-13.0074
-13.0079
-13.0094
-13.0114
-13.0187
-14.0263
-14.0202
-14.0192
-14.0184
-14.019
-14.0203
-14.0219
-14.0274
-15.0372
-15.0319
-15.0315
-15.0312
-15.0323
-15.0337
-15.0355
-15.0396
-16.0498
-16.0455
-16.0458
-16.0463
-16.048
-16.0498
-16.0521
-16.0553
-17.0645
-17.0612
-17.0624
-17.0637
-17.0661
-17.0682
-17.0713
-17.0736
-18.0812
-18.0789
-18.081
-18.083
-18.086
-18.0885
-18.0922
-18.094
-19.0999
-19.0984
-19.1012
-19.1037
-19.1072
-19.1099
-19.114
-19.1156
-20.1201
-20.1191
-20.1224
-20.1253
-20.129
-20.1317
-20.136
-20.1375
-21.1413
-21.1405
-21.1441
-21.1471
-21.1508
-21.1534
-21.1576
-21.1589
-22.1628
-22.1621
-22.1658
-22.1686
-22.1721
-22.1745
-22.1784
-22.1793
-23.1842
-23.1834
-23.1869
-23.1895
-23.1926
-23.1947
-23.1981
-23.1983
-24.2049
-24.2042
-24.2075
-24.2098
-24.2124
-24.214
-24.2168
-24.2161
-25.2245
-25.2243
-25.2273
-25.2292
-25.2314
-25.2323
-25.2345
-25.2325
-26.2439
-26.2453
-26.2481
-26.2498
-26.2514
-26.2518
-26.2531
-26.2495
-27.8366
-27.261
-27.8686
-27.8286
-27.2639
-27.8532
-27.8257
-27.2666
-27.8509
-27.8221
-27.2679
-27.8482
-27.8216
-27.2689
-27.8487
-27.8287
-27.2686
-27.8556
-27.8359
-27.2686
-27.8584
-27.9513
-27.2634
-27.9491
)
;
    }
    rack2796428BA49E0232CAC645AEBC8DA5C1_inlet
    {
        type            calculated;
        value           nonuniform List<scalar> 
40
(
-7.84908
-7.82732
-8.84813
-8.85898
-9.81423
-9.90097
-10.8272
-10.9488
-11.8817
-11.9935
-12.9564
-13.0409
-14.0378
-14.0894
-15.1126
-15.1327
-16.1645
-16.1672
-17.1922
-17.1936
-18.2088
-18.215
-19.2222
-19.2343
-20.2364
-20.2534
-21.2526
-21.2734
-22.2706
-22.2941
-23.291
-23.3153
-24.314
-24.3369
-25.3438
-25.3613
-26.3692
-26.3807
-27.4295
-27.4182
)
;
    }
    rack2796428BA49E0232CAC645AEBC8DA5C1_outlet
    {
        type            calculated;
        value           nonuniform List<scalar> 
40
(
-7.96614
-7.96172
-8.97487
-8.97046
-9.97455
-9.97209
-10.9842
-10.9812
-11.9946
-11.9898
-13.0061
-12.9986
-14.0183
-14.0076
-15.0311
-15.0171
-16.0448
-16.0273
-17.0596
-17.0388
-18.0756
-18.0518
-19.093
-19.0665
-20.1116
-20.0828
-21.1314
-21.1008
-22.1524
-22.1201
-23.1744
-23.1406
-24.1976
-24.1624
-25.223
-25.1862
-26.2513
-26.2149
-27.2899
-27.242
)
;
    }
    acu380F56D59CF2B3DF6EFF9D0E6E8D39CB_inlet
    {
        type            calculated;
        value           nonuniform List<scalar> 
40
(
-28.1794
-28.1872
-28.1965
-28.2067
-28.2186
-28.1606
-28.1697
-28.1785
-28.1869
-28.1969
-28.1614
-28.1742
-28.184
-28.1892
-28.1931
-28.1781
-28.1976
-28.2123
-28.2133
-28.2081
-28.197
-28.2189
-28.2403
-28.2431
-28.2352
-28.2142
-28.2329
-28.256
-28.2612
-28.2552
-28.2302
-28.2434
-28.2636
-28.2718
-28.2683
-28.242
-28.2508
-28.2667
-28.2777
-28.2773
)
;
    }
    acu380F56D59CF2B3DF6EFF9D0E6E8D39CB_outlet
    {
        type            calculated;
        value           nonuniform List<scalar> 
40
(
70.3059
70.3076
70.3075
70.3055
70.3012
70.2336
70.2357
70.2356
70.2334
70.2289
70.2504
70.2525
70.2526
70.2505
70.2459
70.2275
70.2298
70.2299
70.2279
70.2234
70.2051
70.2073
70.2075
70.2056
70.2015
70.1802
70.1823
70.1825
70.1809
70.1772
70.1229
70.1248
70.1251
70.1236
70.1203
70.1512
70.153
70.1532
70.152
70.1491
)
;
    }
    acu380F56D59CF2B3DF6EFF9D0E6E8D39CB_fixedWall
    {
        type            calculated;
        value           nonuniform List<scalar> 
200
(
-7.94139
-7.94255
-7.94345
-7.94413
-7.94462
-8.95133
-8.95247
-8.95336
-8.95402
-8.95449
-9.96148
-9.96258
-9.96343
-9.96407
-9.96451
-10.9719
-10.973
-10.9738
-10.9744
-10.9748
-11.9826
-11.9836
-11.9844
-11.9849
-11.9853
-12.9936
-12.9945
-12.9952
-12.9957
-12.9959
-14.0047
-14.0055
-14.0061
-14.0065
-14.0068
-15.016
-15.0167
-15.0173
-15.0176
-15.0177
-16.0275
-16.0282
-16.0286
-16.0289
-16.0289
-17.0391
-17.0398
-17.0402
-17.0403
-17.0402
-18.0511
-18.0516
-18.052
-18.052
-18.0519
-19.0633
-19.0638
-19.0641
-19.0641
-19.0638
-20.0758
-20.0763
-20.0766
-20.0765
-20.0761
-21.0887
-21.0892
-21.0895
-21.0894
-21.0889
-22.1022
-22.1028
-22.1031
-22.103
-22.1025
-23.116
-23.1168
-23.1172
-23.1172
-23.1168
-24.1313
-24.1322
-24.1328
-24.133
-24.1328
-25.1453
-25.1469
-25.1481
-25.1489
-25.1492
-26.1659
-26.1681
-26.17
-26.1715
-26.1725
-27.1699
-27.1741
-27.1782
-27.1815
-27.1845
-7.94466
-7.94425
-7.94382
-7.94337
-7.94294
-8.9554
-8.95492
-8.95452
-8.95415
-8.95368
-9.96634
-9.96572
-9.96525
-9.9649
-9.96443
-10.9776
-10.9768
-10.9762
-10.9757
-10.9752
-11.9892
-11.9882
-11.9872
-11.9867
-11.9861
-13.001
-12.9997
-12.9985
-12.9978
-12.9971
-14.0132
-14.0115
-14.01
-14.0091
-14.0083
-15.0256
-15.0237
-15.0218
-15.0207
-15.0198
-16.0385
-16.0363
-16.0342
-16.0329
-16.0319
-17.0522
-17.0497
-17.0474
-17.0459
-17.045
-18.0668
-18.0642
-18.0618
-18.06
-18.0592
-19.0828
-19.0801
-19.0775
-19.0757
-19.075
-20.1006
-20.0977
-20.095
-20.093
-20.0925
-21.1203
-21.1174
-21.1146
-21.1124
-21.1121
-22.1427
-22.1395
-22.1365
-22.1341
-22.1339
-23.1679
-23.1646
-23.1612
-23.1584
-23.1582
-24.1973
-24.1936
-24.1896
-24.1864
-24.186
-25.2307
-25.2268
-25.2221
-25.2181
-25.217
-26.2771
-26.2724
-26.2667
-26.262
-26.2599
-27.3204
-27.3158
-27.3099
-27.3029
-27.2974
)
;
    }
    baffleFaces_master
    {
        type            calculated;
        value           nonuniform 0();
    }
    baffleFaces_slave
    {
        type            calculated;
        value           nonuniform 0();
    }
    procBoundary3to2
    {
        type            processor;
        value           nonuniform List<scalar> 
1227
(
77.9792
77.9657
77.9795
78.0226
78.0268
78.0364
78.0293
78.0043
77.9636
77.9072
77.8399
77.7595
77.6866
77.629
77.5864
77.5561
77.5345
77.5181
77.5045
77.4923
77.4806
77.469
77.4571
77.4446
77.4314
77.4177
77.4079
77.4079
77.4079
77.394
77.3818
77.3712
77.369
77.3702
77.3892
77.4051
77.4127
77.4212
77.4407
77.477
77.5035
77.5217
77.5257
76.9465
76.927
76.9334
76.9711
76.9769
76.9852
76.9746
76.9497
76.9093
76.8536
76.7881
76.7061
76.6374
76.5862
76.5514
76.5282
76.5118
76.4989
76.4875
76.4767
76.4659
76.4548
76.443
76.4303
76.4166
76.4019
76.3865
76.3748
76.3748
76.3748
76.3602
76.3446
76.3411
76.3315
76.3572
76.3769
76.3797
76.3898
76.4077
76.4559
76.4861
76.5113
76.5156
75.8958
75.8754
75.8776
75.9157
75.923
75.9327
75.919
75.8937
75.8526
75.7949
75.7298
75.6368
75.572
75.529
75.505
75.4915
75.4836
75.478
75.472
75.4647
75.4559
75.4454
75.433
75.4185
75.4016
75.3818
75.359
75.3311
75.3069
75.3069
75.3069
75.2613
75.2308
75.1349
75.1717
75.2111
75.2238
75.2502
75.2874
75.4023
75.4487
75.492
75.4996
74.852
74.8319
74.8232
74.8611
74.8692
74.8808
74.864
74.8384
74.7967
74.737
74.6723
74.5588
74.4984
74.4702
74.4611
74.4584
74.4587
74.4586
74.4564
74.4516
74.4441
74.4337
74.4202
74.4035
74.3831
74.3579
74.3268
74.2841
74.2332
74.1518
74.1518
74.1518
74.0951
73.8356
73.9532
74.02
74.0453
74.1107
74.1605
74.3689
74.4171
74.477
74.485
73.8337
73.8157
73.8
73.8297
73.8256
73.836
73.8148
73.788
73.7444
73.6815
73.6072
73.4749
73.408
73.4025
73.4181
73.4293
73.4379
73.4422
73.4428
73.44
73.4337
73.4243
73.4115
73.3948
73.3731
73.3442
73.3053
73.2447
73.1615
72.9575
72.7952
72.7952
72.7952
71.458
71.7899
71.9525
72.053
72.2145
72.2668
73.2398
73.3384
73.4488
73.4588
72.8326
72.815
72.7959
72.819
72.7943
72.8008
72.7751
72.7465
72.7013
72.6289
72.4947
72.29
72.3847
72.3812
72.3997
72.412
72.4234
72.4298
72.4315
72.4288
72.4225
72.4127
72.3994
72.3818
72.3588
72.3271
72.2835
72.213
72.1174
71.8541
71.7107
69.63
69.63
69.63
71.1356
71.3028
71.3789
71.5416
70.8355
72.2786
72.2994
72.4268
72.4349
71.8028
71.7667
71.7737
71.7482
71.7242
71.6964
71.6493
71.6383
57.0278
63.4162
63.4162
63.4162
63.8956
-3.27578
64.1457
-3.25717
64.1597
-3.25645
60.2196
70.8084
70.7357
70.7523
70.7294
70.707
70.6823
70.6253
70.6541
-7.38905
-7.55342
-7.63879
-7.63879
-7.63879
-7.63536
-7.27899
-7.64641
-7.32893
-7.39062
-7.94
-7.93992
-7.93995
-7.94502
-7.94462
-7.94463
-7.94517
-7.94653
-7.94828
-7.94997
-7.95157
-7.95243
-7.95539
-7.96023
-7.96147
-7.78478
-7.56523
-7.62449
-7.61073
-7.78714
-7.27899
-7.78714
-7.78714
-7.81455
-8.29896
-8.04463
-8.0335
-8.01719
-8.94999
-8.94995
-8.94993
-8.95586
-8.95555
-8.95566
-8.95647
-8.95792
-8.95956
-8.96097
-8.9617
-8.96081
-8.95888
-8.96055
-8.97096
-8.79407
-8.75902
-8.86917
-8.85074
-8.94333
-8.9152
-8.9152
-8.9152
-9.09253
-9.03662
-9.0302
-9.02212
-9.96023
-9.96024
-9.96012
-9.96687
-9.96673
-9.96717
-9.96845
-9.97026
-9.9721
-9.97356
-9.97354
-9.97232
-9.9673
-9.96668
-9.97077
-9.76023
-9.80283
-9.92286
-9.90844
-9.9954
-9.92798
-10.0871
-10.0871
-10.0871
-10.0506
-10.0411
-10.0316
-10.9708
-10.9709
-10.9706
-10.9783
-10.9783
-10.9792
-10.981
-10.9832
-10.9854
-10.987
-10.9865
-10.9848
-10.9791
-10.9788
-10.9814
-10.769
-10.823
-10.927
-10.9171
-10.9964
-10.9606
-11.0453
-11.0572
-11.0572
-11.0572
-11.0482
-11.0395
-11.9816
-11.9817
-11.9814
-11.9901
-11.9903
-11.9916
-11.9939
-11.9967
-11.9992
-12.0008
-12.0006
-11.9971
-11.9921
-11.9916
-11.9927
-11.8285
-11.8787
-11.9579
-11.9487
-12.0123
-11.989
-12.0433
-12.0444
-12.0572
-12.0572
-12.0572
-12.0486
-12.9927
-12.9927
-12.9924
-13.0022
-13.0025
-13.0044
-13.0072
-13.0103
-13.013
-13.0147
-13.0136
-13.0096
-13.0053
-13.0048
-13.0052
-12.9168
-12.9483
-12.9968
-12.9854
-13.0322
-13.0156
-13.0503
-13.0532
-13.0572
-13.0579
-13.0579
-13.0579
-14.0039
-14.0039
-14.0036
-14.0146
-14.0151
-14.0174
-14.0206
-14.0239
-14.0267
-14.0277
-14.0257
-14.0221
-14.0185
-14.018
-14.018
-14.0151
-14.0145
-14.0347
-14.0196
-14.0516
-14.039
-14.0617
-14.0626
-14.0692
-14.0665
-15.0153
-15.0153
-15.015
-15.0273
-15.0281
-15.0307
-15.034
-15.0374
-15.0396
-15.0398
-15.0378
-15.0347
-15.032
-15.0316
-15.0314
-15.1103
-15.06
-15.0684
-15.0501
-15.0708
-15.0602
-15.0752
-15.0744
-15.0807
-15.0787
-16.0268
-16.0269
-16.0265
-16.0404
-16.0415
-16.0443
-16.0476
-16.0506
-16.0522
-16.0521
-16.0504
-16.0479
-16.046
-16.0457
-16.0454
-16.1798
-16.084
-16.0969
-16.0758
-16.0893
-16.0799
-16.0896
-16.0875
-16.0928
-16.0908
-17.0386
-17.0386
-17.0383
-17.0542
-17.0554
-17.0584
-17.0615
-17.0641
-17.0654
-17.0652
-17.0638
-17.0621
-17.0609
-17.0608
-17.0604
-17.2145
-17.1024
-17.1201
-17.0975
-17.1068
-17.098
-17.1042
-17.1011
-17.1051
-17.1029
-18.0506
-18.0506
-18.0503
-18.0688
-18.0702
-18.0732
-18.0761
-18.0785
-18.0796
-18.0796
-18.0786
-18.0776
-18.077
-18.077
-18.0766
-18.2321
-18.1224
-18.139
-18.1168
-18.1232
-18.1146
-18.1183
-18.1145
-18.1172
-18.1145
-19.0628
-19.0628
-19.0625
-19.0849
-19.0864
-19.0893
-19.0921
-19.0942
-19.0954
-19.0955
-19.095
-19.0946
-19.0945
-19.0946
-19.0941
-19.2441
-19.1473
-19.1554
-19.1351
-19.1384
-19.1295
-19.1311
-19.1269
-19.1284
-19.1253
-20.0754
-20.0754
-20.075
-20.1027
-20.1042
-20.1071
-20.1097
-20.1117
-20.1128
-20.1131
-20.113
-20.1131
-20.1133
-20.1134
-20.113
-20.2564
-20.179
-20.1692
-20.1528
-20.1521
-20.1425
-20.1421
-20.1375
-20.138
-20.1344
-21.0882
-21.0882
-21.0879
-21.1226
-21.124
-21.1269
-21.1293
-21.1312
-21.1322
-21.1326
-21.1327
-21.1331
-21.1335
-21.1336
-21.1332
-21.2712
-21.2136
-21.1819
-21.1705
-21.1642
-21.1531
-21.1505
-21.1454
-21.1451
-21.141
-22.1015
-22.1017
-22.1014
-22.1451
-22.1463
-22.149
-22.151
-22.1526
-22.1533
-22.1536
-22.1538
-22.1543
-22.1547
-22.1549
-22.1546
-22.2883
-22.2458
-22.1977
-22.188
-22.1747
-22.161
-22.1556
-22.1499
-22.1489
-22.1444
-23.115
-23.1152
-23.115
-23.1705
-23.1713
-23.1735
-23.1749
-23.1757
-23.1759
-23.1757
-23.1757
-23.1762
-23.1769
-23.1772
-23.1771
-23.3085
-23.2762
-23.2177
-23.2046
-23.1832
-23.1655
-23.1567
-23.1501
-23.1484
-23.1436
-24.1296
-24.1302
-24.1301
-24.2001
-24.1998
-24.2009
-24.2009
-24.2004
-24.1994
-24.1984
-24.198
-24.1985
-24.1997
-24.2004
-24.2009
-24.3326
-24.3068
-24.2434
-24.2182
-24.1894
-24.1659
-24.1531
-24.1451
-24.1428
-24.1378
-25.1432
-25.1439
-25.1433
-25.2335
-25.2313
-25.2304
-25.2282
-25.2256
-25.2229
-25.2206
-25.2195
-25.2202
-25.2228
-25.2246
-25.227
-25.3656
-25.3421
-25.274
-25.2286
-25.1925
-25.1614
-25.144
-25.1342
-25.1313
-25.1263
-26.1603
-26.1625
-26.1634
-26.2802
-26.271
-26.2644
-26.2571
-26.2508
-26.2452
-26.2409
-26.2389
-26.2401
-26.2452
-26.2493
-26.2558
-26.3937
-26.3773
-26.3007
-26.2352
-26.19
-26.151
-26.1289
-26.1168
-26.1133
-26.1086
-27.1715
-27.1725
-27.1657
-27.3218
-27.3083
-27.2951
-27.2831
-27.2726
-27.2639
-27.2571
-27.254
-27.2559
-27.265
-27.2742
-27.2976
-27.4653
-27.4348
-27.3225
-27.2362
-27.1781
-27.1344
-27.1073
-27.0928
-27.0887
-27.0842
-28.1941
-28.2059
-28.2323
-28.4585
-28.4535
-28.4604
-28.4875
-28.5313
-28.5769
-28.615
-28.6498
-28.4803
-28.3836
-28.3372
-28.3095
-28.2911
-28.2773
-28.2672
-28.2624
-28.2641
-28.2769
-28.2955
-28.3247
-28.3344
-28.3266
-28.322
-28.3187
-28.319
-28.3304
-28.3444
-28.4771
-28.4247
-28.4227
-28.3053
-28.2167
-28.1513
-28.1073
-28.0789
-28.0625
-28.0574
-28.0536
-29.1986
-29.2004
-29.2173
-29.3319
-29.3813
-29.4103
-29.4433
-29.481
-29.5115
-29.5317
-29.5269
-29.4284
-29.3826
-29.3438
-29.318
-29.2977
-29.2813
-29.2682
-29.2602
-29.2584
-29.2673
-29.2811
-29.3052
-29.3198
-29.315
-29.3136
-29.3124
-29.3123
-29.3171
-29.3222
-29.3025
-29.2994
-29.3124
-29.2459
-29.1706
-29.108
-29.0672
-29.042
-29.0262
-29.02
-29.0155
-30.2091
-30.2147
-30.2313
-30.2805
-30.3136
-30.3438
-30.3758
-30.408
-30.4329
-30.4477
-30.4468
-30.3941
-30.368
-30.3379
-30.3153
-30.2945
-30.2762
-30.2602
-30.2485
-30.2425
-30.2467
-30.2564
-30.2768
-30.2912
-30.2939
-30.2965
-30.2983
-30.2992
-30.3059
-30.302
-30.2765
-30.2661
-30.2511
-30.1902
-30.1126
-30.0512
-30.0164
-29.9973
-29.986
-29.9803
-29.9737
-31.216
-31.2201
-31.2327
-31.2616
-31.29
-31.3195
-31.3484
-31.3745
-31.3941
-31.403
-31.4005
-31.3716
-31.3512
-31.3264
-31.305
-31.2836
-31.2633
-31.2442
-31.2285
-31.2184
-31.2184
-31.2269
-31.2459
-31.2629
-31.2734
-31.282
-31.2873
-31.2896
-31.2908
-31.2827
-31.2555
-31.2266
-31.1854
-31.1155
-31.0314
-30.9734
-30.9506
-30.9452
-30.9453
-30.9485
-30.9385
-32.2191
-32.2235
-32.2336
-32.2531
-32.2769
-32.3019
-32.3256
-32.3462
-32.3608
-32.3675
-32.366
-32.3481
-32.3309
-32.3095
-32.2886
-32.2665
-32.2441
-32.2217
-32.2018
-32.1878
-32.1848
-32.1936
-32.2131
-32.2363
-32.2567
-32.2724
-32.2808
-32.286
-32.2835
-32.2666
-32.2254
-32.1703
-32.0969
-32.0055
-31.9116
-31.8614
-31.8591
-31.8759
-31.8981
-31.9127
-31.906
-33.219
-33.2238
-33.2328
-33.2489
-33.2687
-33.2901
-33.3102
-33.3266
-33.3375
-33.3422
-33.3392
-33.3254
-33.3093
-33.2893
-33.2681
-33.2448
-33.2202
-33.1949
-33.1714
-33.1542
-33.1503
-33.1628
-33.1873
-33.22
-33.2468
-33.267
-33.2809
-33.2819
-33.2692
-33.2345
-33.1689
-33.0786
-32.9653
-32.8418
-32.7346
-32.6972
-32.7222
-32.7801
-32.8333
-32.8558
-32.8479
-34.2184
-34.2239
-34.232
-34.2448
-34.2613
-34.2792
-34.296
-34.3094
-34.3178
-34.3204
-34.3159
-34.3032
-34.2869
-34.2668
-34.2447
-34.2205
-34.1949
-34.1687
-34.1446
-34.1278
-34.1253
-34.144
-34.1767
-34.2148
-34.2453
-34.265
-34.2727
-34.2645
-34.2348
-34.1743
-34.0745
-33.9389
-33.776
-33.6101
-33.4851
-33.4655
-33.529
-33.6479
-33.7424
-33.7717
-33.7425
-35.2212
-35.2262
-35.2324
-35.2421
-35.255
-35.2696
-35.2835
-35.2944
-35.3006
-35.3006
-35.2939
-35.2804
-35.2629
-35.2422
-35.2199
-35.1967
-35.173
-35.1498
-35.129
-35.1155
-35.118
-35.1426
-35.1767
-35.2101
-35.2352
-35.2473
-35.243
-35.217
-35.1611
-35.0653
-34.9212
-34.7313
-34.5097
-34.2928
-34.1503
-34.149
-34.2659
-34.4512
-34.6017
-34.6348
-34.5652
-36.2273
-36.2318
-36.2361
-36.2424
-36.2513
-36.2619
-36.2722
-36.2803
-36.2841
-36.2815
-36.2722
-36.2569
-36.2379
-36.2168
-36.1957
-36.1755
-36.1571
-36.1408
-36.1289
-36.126
-36.1375
-36.1593
-36.1831
-36.2054
-36.2213
-36.2228
-36.2019
-36.1519
-36.0628
-35.9228
-35.7227
-35.4639
-35.1653
-34.8744
-34.7016
-34.7134
-34.9056
-35.1856
-35.4103
-35.4509
-35.3315
-37.2363
-37.2384
-37.2405
-37.2454
-37.2525
-37.2608
-37.2684
-37.2732
-37.273
-37.2668
-37.2542
-37.236
-37.2145
-37.1924
-37.1725
-37.1569
-37.147
-37.1429
-37.1435
-37.1481
-37.1566
-37.1693
-37.1834
-37.1937
-37.1944
-37.1775
-37.1352
-37.0565
-36.9266
-36.7286
-36.4489
-36.0866
-35.6628
-35.2413
-35.0051
-35.0069
-35.3133
-35.7627
-36.116
-36.2274
-36.1343
-3.14526
-3.20744
-3.27578
-2.95388
-7.19254
-7.18419
-7.26397
-7.27899
-7.21653
)
;
    }
    procBoundary3to4
    {
        type            processor;
        value           nonuniform List<scalar> 
1398
(
77.9709
77.9574
77.9709
78.0151
78.0191
78.0191
78.0195
76.9777
78.0127
77.9895
77.9513
77.8982
77.835
77.7586
77.6906
77.6377
77.5996
77.5731
77.555
77.5419
77.5319
77.5236
77.5166
77.5103
77.5046
77.4994
77.4946
77.4904
77.4867
77.4838
77.4818
77.481
77.4815
77.4836
77.4874
77.4931
77.4994
77.5067
77.5169
77.5301
77.544
77.5571
77.5643
76.9384
76.9188
76.9247
76.9633
76.9688
76.9777
76.9777
76.9573
75.9122
76.9343
76.8967
76.8444
76.7833
76.7055
76.6423
76.5957
76.5651
76.5456
76.5324
76.5225
76.5145
76.5077
76.5014
76.4956
76.4902
76.4852
76.4805
76.4762
76.4725
76.4694
76.4673
76.4663
76.4669
76.4689
76.4729
76.4787
76.4853
76.4945
76.5063
76.5185
76.5305
76.543
76.552
75.8875
75.8671
75.8689
75.9078
75.915
75.9253
75.9122
75.9122
75.8782
74.833
75.84
74.793
75.7857
75.7256
75.6371
75.5791
75.541
75.5214
75.5113
75.5059
75.5023
75.4988
75.4948
75.4903
75.4853
75.4799
75.4741
75.4683
75.4627
75.4574
75.4526
75.4488
75.4462
75.4454
75.4465
75.4509
75.4579
75.4666
75.4773
75.4899
75.5052
75.5205
75.5346
75.5467
74.8438
74.8237
74.8142
74.8531
74.8611
74.8734
74.8572
74.833
74.793
74.793
74.7278
73.6796
74.6686
74.5597
74.5071
74.4828
74.4775
74.4772
74.4799
74.4818
74.482
74.4803
74.4769
74.4722
74.4665
74.4602
74.4534
74.4465
74.4397
74.4332
74.4277
74.4232
74.4213
74.4216
74.4273
74.4365
74.4481
74.462
74.477
74.4939
74.5094
74.5241
74.539
73.8258
73.8082
73.7912
73.8222
73.8177
73.8289
73.8083
73.7828
73.7409
73.6796
73.6796
73.6049
72.4937
73.4791
73.4265
73.4192
73.4413
73.4539
73.4614
73.466
73.4686
73.4685
73.466
73.4617
73.4559
73.4491
73.4415
73.4335
73.4253
73.417
73.4095
73.4025
73.3986
73.3964
73.4024
73.4131
73.427
73.4437
73.4609
73.4802
73.4956
73.5093
73.5182
72.8245
72.8074
72.7869
72.8116
72.7868
72.7939
72.7689
72.7413
72.6974
72.6258
72.4937
72.4937
72.2836
72.3902
72.3899
72.4139
72.4301
72.444
72.4511
72.4544
72.4544
72.452
72.4477
72.4419
72.435
72.4273
72.419
72.4102
72.4011
72.3925
72.3842
72.3792
72.3755
72.3817
72.3927
72.4073
72.425
72.4422
72.4613
72.4765
72.4907
72.4984
71.7956
71.7596
71.7671
71.7422
71.7191
71.6924
71.6461
71.6359
70.8013
70.7286
70.7458
70.7234
70.7018
70.6781
70.6218
70.6513
-7.94493
-7.94496
-7.94493
-7.94253
-7.94246
-7.94221
-7.94221
-7.94163
-8.95239
-7.9417
-7.94238
-7.94358
-7.94519
-7.94715
-7.94936
-7.95166
-7.95378
-7.95552
-7.95694
-7.95852
-7.9605
-7.96306
-7.96631
-7.97034
-7.97504
-7.9805
-7.98516
-7.98866
-7.99093
-7.99254
-7.99275
-7.99278
-7.99053
-7.98894
-7.98754
-8.9548
-8.95481
-8.95479
-8.95321
-8.95304
-8.95271
-8.95239
-8.95239
-8.95227
-9.96275
-8.95292
-8.9541
-8.95572
-8.95774
-8.96011
-8.96257
-8.96484
-8.9667
-8.96818
-8.9698
-8.97177
-8.97425
-8.97734
-8.98107
-8.98535
-8.99005
-8.99427
-8.99772
-9.00014
-9.00214
-9.00269
-9.00305
-9.00106
-8.99885
-8.9963
-9.96481
-9.96483
-9.96479
-9.96392
-9.9636
-9.96309
-9.96261
-9.96275
-9.96275
-9.96322
-10.9737
-9.96437
-9.96593
-9.96786
-9.97021
-9.97278
-9.97522
-9.97726
-9.97887
-9.98062
-9.98267
-9.98517
-9.9882
-9.99175
-9.99581
-10.0002
-10.0044
-10.0081
-10.0109
-10.0134
-10.0143
-10.015
-10.0133
-10.0107
-10.0076
-10.9751
-10.9751
-10.975
-10.9747
-10.9742
-10.9735
-10.9728
-10.9729
-10.9737
-10.9737
-10.9745
-11.985
-10.976
-10.9778
-10.98
-10.9824
-10.9849
-10.9871
-10.9889
-10.9909
-10.9931
-10.9956
-10.9986
-11.002
-11.0058
-11.0098
-11.014
-11.0179
-11.0209
-11.024
-11.0255
-11.0267
-11.0256
-11.0233
-11.0202
-11.9855
-11.9856
-11.9855
-11.9855
-11.9848
-11.9839
-11.9831
-11.9832
-11.9839
-11.985
-11.985
-11.9864
-12.9967
-11.988
-11.9899
-11.9921
-11.9946
-11.997
-11.9991
-12.0014
-12.0038
-12.0066
-12.0097
-12.0131
-12.0168
-12.0206
-12.0249
-12.0292
-12.0328
-12.0363
-12.0383
-12.04
-12.0395
-12.0377
-12.0349
-12.9961
-12.9962
-12.9961
-12.9964
-12.9956
-12.9944
-12.9937
-12.9938
-12.9945
-12.9955
-12.9967
-12.9967
-12.9986
-14.0093
-13.0003
-13.0024
-13.0049
-13.0076
-13.0101
-13.0128
-13.0156
-13.0187
-13.022
-13.0254
-13.0291
-13.0328
-13.0372
-13.0418
-13.0457
-13.0497
-13.0522
-13.0542
-13.0543
-13.0531
-13.0508
-14.0068
-14.007
-14.0068
-14.0076
-14.0066
-14.0053
-14.0046
-14.0049
-14.0057
-14.0069
-14.008
-14.0093
-14.0093
-14.0114
-15.0232
-14.0135
-14.0163
-14.0194
-14.0224
-14.0256
-14.029
-14.0325
-14.036
-14.0396
-14.0434
-14.0473
-14.0517
-14.0565
-14.0608
-14.065
-14.0676
-14.0697
-14.0701
-14.0694
-14.0677
-15.0177
-15.0178
-15.0177
-15.0193
-15.0181
-15.0168
-15.0162
-15.0167
-15.0178
-15.019
-15.0203
-15.0215
-15.0232
-15.0232
-15.0262
-16.0398
-15.0293
-15.0329
-15.0365
-15.0405
-15.0444
-15.0484
-15.0524
-15.0564
-15.0603
-15.0644
-15.0687
-15.0735
-15.0777
-15.0818
-15.0842
-15.086
-15.0866
-15.0863
-15.085
-16.0288
-16.0289
-16.0287
-16.0318
-16.0303
-16.0291
-16.0287
-16.0295
-16.0308
-16.0322
-16.0336
-16.0351
-16.0371
-16.0398
-16.0398
-16.0446
-17.0604
-16.0489
-16.0532
-16.0578
-16.0624
-16.0669
-16.0713
-16.0755
-16.0795
-16.0837
-16.0878
-16.0923
-16.0961
-16.0995
-16.1015
-16.1029
-16.1034
-16.1034
-16.1024
-17.04
-17.0401
-17.0399
-17.0452
-17.0435
-17.0424
-17.0422
-17.0434
-17.045
-17.0468
-17.0486
-17.0506
-17.053
-17.0563
-17.0604
-17.0604
-17.0673
-18.0849
-17.0723
-17.0775
-17.0826
-17.0875
-17.092
-17.0964
-17.1003
-17.1045
-17.1081
-17.1121
-17.1151
-17.1178
-17.1191
-17.1199
-17.1204
-17.1205
-17.1195
-18.0515
-18.0516
-18.0514
-18.0598
-18.0579
-18.0571
-18.0571
-18.0587
-18.0607
-18.063
-18.0653
-18.0679
-18.0709
-18.0748
-18.0795
-18.0849
-18.0849
-18.0933
-19.1112
-18.099
-18.1043
-18.1094
-18.114
-18.1183
-18.1219
-18.1258
-18.1289
-18.132
-18.1342
-18.136
-18.1366
-18.1369
-18.1372
-18.1372
-18.1361
-19.0633
-19.0634
-19.0632
-19.076
-19.0739
-19.0732
-19.0735
-19.0755
-19.0781
-19.0809
-19.0838
-19.087
-19.0906
-19.0951
-19.1003
-19.1062
-19.1112
-19.1112
-19.1216
-20.1389
-19.127
-19.132
-19.1364
-19.1404
-19.1435
-19.1469
-19.1492
-19.1516
-19.1528
-19.1538
-19.1538
-19.1536
-19.1536
-19.1534
-19.1521
-20.0755
-20.0756
-20.0754
-20.0938
-20.0915
-20.0911
-20.0915
-20.0941
-20.0971
-20.1005
-20.104
-20.1077
-20.1119
-20.1168
-20.1223
-20.1285
-20.1336
-20.1389
-20.1389
-20.1498
-21.1655
-20.1545
-20.1584
-20.1618
-20.1643
-20.1671
-20.1687
-20.1702
-20.1706
-20.1708
-20.1702
-20.1696
-20.1692
-20.1688
-20.1672
-21.0882
-21.0882
-21.0882
-21.1136
-21.111
-21.1107
-21.1114
-21.1143
-21.1177
-21.1216
-21.1255
-21.1297
-21.1342
-21.1394
-21.145
-21.1512
-21.1562
-21.1612
-21.1655
-21.1655
-21.1761
-22.1899
-21.1794
-21.1821
-21.1838
-21.1859
-21.1869
-21.1875
-21.1873
-21.1868
-21.1857
-21.1846
-21.1838
-21.1829
-21.1812
-22.1015
-22.1016
-22.1016
-22.1353
-22.1326
-22.1322
-22.133
-22.1362
-22.1399
-22.1439
-22.1481
-22.1525
-22.1571
-22.1623
-22.1677
-22.1737
-22.1783
-22.1828
-22.1866
-22.1899
-22.1899
-22.1988
-23.2104
-22.2007
-22.2016
-22.2031
-22.2034
-22.2034
-22.2026
-22.2015
-22.2
-22.1985
-22.1971
-22.1957
-22.1939
-23.1156
-23.1157
-23.116
-23.1592
-23.1562
-23.1556
-23.1563
-23.1595
-23.1631
-23.1671
-23.1712
-23.1755
-23.18
-23.1849
-23.1899
-23.1953
-23.1993
-23.2032
-23.2062
-23.2088
-23.2104
-23.2104
-23.2175
-24.2278
-23.2176
-23.2184
-23.2183
-23.2178
-23.2165
-23.215
-23.213
-23.211
-23.2092
-23.2072
-23.2051
-24.1308
-24.1311
-24.132
-24.1864
-24.1826
-24.1813
-24.1815
-24.1841
-24.1872
-24.1907
-24.1944
-24.1982
-24.2022
-24.2065
-24.2109
-24.2155
-24.2187
-24.2218
-24.224
-24.2258
-24.2267
-24.2278
-24.2278
-24.2318
-25.2412
-24.2322
-24.2317
-24.2308
-24.2292
-24.2274
-24.2249
-24.2228
-24.2205
-24.2176
-24.215
-25.1466
-25.147
-25.1488
-25.216
-25.2111
-25.2086
-25.2078
-25.2094
-25.2115
-25.214
-25.2167
-25.2196
-25.2229
-25.2264
-25.23
-25.2336
-25.236
-25.2383
-25.2397
-25.2408
-25.241
-25.2415
-25.2412
-25.2412
-25.2443
-26.2546
-25.2437
-25.2425
-25.2407
-25.2387
-25.2361
-25.2338
-25.2305
-25.2266
-25.2233
-26.1648
-26.1671
-26.1728
-26.2574
-26.2468
-26.2402
-26.2366
-26.2355
-26.2355
-26.2362
-26.2374
-26.2391
-26.2413
-26.2439
-26.2466
-26.2492
-26.2509
-26.2524
-26.2532
-26.2537
-26.2534
-26.2535
-26.2528
-26.2546
-26.2546
-26.2544
-27.2624
-26.2531
-26.2511
-26.2491
-26.2465
-26.2436
-26.239
-26.2339
-26.2295
-27.18
-27.1819
-27.1869
-27.291
-27.2798
-27.2699
-27.2641
-27.26
-27.2575
-27.256
-27.2553
-27.2554
-27.2563
-27.2577
-27.2596
-27.2612
-27.2623
-27.2633
-27.2637
-27.2637
-27.2632
-27.2631
-27.2624
-27.2639
-27.2624
-27.2624
-27.2624
-28.2667
-27.2605
-27.2585
-27.2556
-27.2517
-27.2456
-27.2388
-27.233
-28.2032
-28.2217
-28.2836
-28.5383
-28.526
-28.5144
-28.5148
-28.5314
-28.5627
-28.6023
-28.638
-28.4314
-28.351
-28.3125
-28.2948
-28.2837
-28.277
-28.2723
-28.2693
-28.2676
-28.267
-28.2672
-28.2684
-28.2698
-28.2707
-28.2715
-28.2718
-28.2719
-28.2717
-28.2717
-28.2713
-28.2715
-28.2698
-28.2667
-28.2667
-28.269
-29.268
-28.2666
-28.2628
-28.2576
-28.2497
-28.2407
-28.2327
-29.2034
-29.2078
-29.2256
-29.3475
-29.4009
-29.4269
-29.4464
-29.4726
-29.499
-29.5173
-29.5089
-29.3939
-29.3611
-29.33
-29.3129
-29.2999
-29.2907
-29.2835
-29.2782
-29.2744
-29.2721
-29.271
-29.2711
-29.272
-29.2728
-29.2739
-29.2748
-29.2754
-29.2758
-29.276
-29.2761
-29.2764
-29.275
-29.272
-29.268
-29.268
-29.2727
-30.2615
-29.2676
-29.2607
-29.2508
-29.2399
-29.2294
-30.2066
-30.207
-30.2207
-30.2746
-30.3114
-30.3379
-30.3625
-30.3915
-30.4187
-30.4362
-30.4334
-30.3833
-30.3626
-30.3394
-30.3233
-30.3093
-30.2983
-30.2891
-30.2819
-30.2763
-30.2724
-30.27
-30.2692
-30.2698
-30.2711
-30.2729
-30.2748
-30.2764
-30.2777
-30.2788
-30.2799
-30.2806
-30.2793
-30.2757
-30.27
-30.2615
-30.2615
-30.2692
-31.2417
-30.2606
-30.2489
-30.2373
-30.2246
-31.212
-31.2123
-31.2219
-31.2487
-31.2757
-31.3013
-31.3291
-31.3585
-31.3843
-31.4
-31.4002
-31.3778
-31.3615
-31.3428
-31.3272
-31.3127
-31.3004
-31.2897
-31.281
-31.2737
-31.2682
-31.2645
-31.2632
-31.264
-31.2663
-31.2695
-31.2728
-31.276
-31.2787
-31.2812
-31.2831
-31.2837
-31.2818
-31.276
-31.267
-31.2551
-31.2417
-31.2417
-31.2565
-32.2126
-31.2447
-31.2322
-31.2179
-32.2185
-32.2193
-32.2258
-32.2405
-32.2587
-32.281
-32.3074
-32.3342
-32.357
-32.372
-32.376
-32.3667
-32.3551
-32.3401
-32.3255
-32.3111
-32.298
-32.286
-32.2754
-32.2665
-32.2598
-32.2555
-32.2544
-32.2567
-32.2611
-32.2665
-32.272
-32.2771
-32.2815
-32.285
-32.287
-32.2859
-32.2804
-32.2698
-32.2553
-32.2399
-32.2255
-32.2126
-32.2126
-32.2397
-33.1867
-32.2249
-32.207
-33.2255
-33.2268
-33.2311
-33.24
-33.2536
-33.2726
-33.295
-33.3178
-33.3377
-33.3516
-33.3574
-33.3538
-33.3454
-33.333
-33.3196
-33.3054
-33.2915
-33.2782
-33.2659
-33.2555
-33.2482
-33.2449
-33.246
-33.2509
-33.2583
-33.2663
-33.2738
-33.2801
-33.285
-33.2882
-33.2881
-33.282
-33.2687
-33.2494
-33.2282
-33.21
-33.1973
-33.1894
-33.1867
-33.1867
-33.2113
-34.1378
-33.1851
-34.2317
-34.2334
-34.2365
-34.2427
-34.253
-34.2675
-34.2851
-34.3036
-34.3204
-34.3328
-34.3394
-34.3387
-34.3324
-34.3221
-34.3097
-34.296
-34.282
-34.2682
-34.2558
-34.2456
-34.239
-34.2376
-34.2421
-34.2514
-34.2623
-34.2716
-34.279
-34.2848
-34.2876
-34.2863
-34.2788
-34.263
-34.2388
-34.2093
-34.1809
-34.1619
-34.1532
-34.1523
-34.1579
-34.1378
-34.1378
-34.1458
-35.0176
-35.2387
-35.2407
-35.2432
-35.2475
-35.2545
-35.2648
-35.2777
-35.292
-35.3054
-35.316
-35.3222
-35.3225
-35.3178
-35.3089
-35.2978
-35.2852
-35.2722
-35.2594
-35.2476
-35.2383
-35.2343
-35.2368
-35.244
-35.2538
-35.2642
-35.2737
-35.2797
-35.2792
-35.2731
-35.2617
-35.2418
-35.2117
-35.1731
-35.1313
-35.0963
-35.0798
-35.0757
-35.0869
-35.0975
-35.0749
-35.0176
-36.2455
-36.2478
-36.2505
-36.2539
-36.2585
-36.2653
-36.2739
-36.2838
-36.2933
-36.301
-36.3055
-36.3059
-36.3024
-36.2954
-36.2861
-36.2757
-36.2652
-36.2557
-36.2485
-36.245
-36.2452
-36.2483
-36.2537
-36.2601
-36.2661
-36.2698
-36.2701
-36.2658
-36.2541
-36.2312
-36.1958
-36.1479
-36.0912
-36.0334
-35.9893
-35.9774
-35.981
-36.0058
-36.0203
-35.9872
-35.9287
-37.2518
-37.2539
-37.2563
-37.2596
-37.2637
-37.2696
-37.2768
-37.2847
-37.2921
-37.2976
-37.3002
-37.2992
-37.2949
-37.2884
-37.2808
-37.2732
-37.2662
-37.2604
-37.2563
-37.254
-37.2541
-37.2563
-37.2599
-37.2635
-37.2655
-37.2638
-37.2563
-37.2409
-37.2151
-37.1765
-37.1237
-37.0564
-36.9789
-36.899
-36.845
-36.8272
-36.8459
-36.8925
-36.9297
-36.9211
-36.8724
)
;
    }
}


// ************************************************************************* //
