/*--------------------------------*- C++ -*----------------------------------*\
| =========                 |                                                 |
| \\      /  F ield         | OpenFOAM: The Open Source CFD Toolbox           |
|  \\    /   O peration     | Version:  2.3.1                                 |
|   \\  /    A nd           | Web:      www.OpenFOAM.org                      |
|    \\/     M anipulation  |                                                 |
\*---------------------------------------------------------------------------*/
FoamFile
{
    version     2.0;
    format      ascii;
    class       volScalarField;
    location    "600";
    object      p_rgh;
}
// * * * * * * * * * * * * * * * * * * * * * * * * * * * * * * * * * * * * * //

dimensions      [0 2 -2 0 0 0 0];

internalField   nonuniform List<scalar> 
6852
(
78.4909
78.4928
78.4928
78.4908
78.4855
78.4775
78.4796
78.4795
78.4775
78.472
78.4918
78.4942
78.4942
78.4917
78.4858
78.5338
78.5355
78.5355
78.5336
78.5288
78.5381
78.54
78.54
78.538
78.533
78.5474
78.549
78.549
78.5474
78.5429
78.536
78.5405
78.5424
78.5424
78.5407
78.5361
78.5292
78.5154
78.5173
78.5174
78.5159
78.5117
78.5053
78.4744
78.4762
78.4765
78.4753
78.4716
78.4661
78.4177
78.4194
78.4198
78.419
78.416
78.4116
78.3498
78.3513
78.3519
78.3516
78.3496
78.3465
78.2689
78.2704
78.2711
78.2712
78.2701
78.2683
78.1955
78.197
78.1981
78.1988
78.1987
78.1984
78.1374
78.1388
78.1401
78.1415
78.1425
78.1436
78.0945
78.0959
78.0975
78.0995
78.1015
78.1038
78.0639
78.0655
78.0675
78.07
78.0729
78.0762
78.0423
78.0441
78.0465
78.0495
78.0531
78.0572
78.0259
78.028
78.0308
78.0343
78.0385
78.0433
78.0125
78.0149
78.0182
78.0223
78.0271
78.0326
78.0005
78.0033
78.0072
78.0119
78.0175
78.0236
77.9892
77.9925
77.997
78.0025
78.0088
78.0158
77.9779
77.9818
77.987
77.9934
78.0007
78.0086
77.9663
77.9709
77.977
77.9844
77.9928
78.0018
77.9542
77.9595
77.9666
77.9753
77.985
77.9953
77.9415
77.9476
77.956
77.966
77.9773
77.9891
77.9281
77.9351
77.9449
77.9566
77.9697
77.9833
77.9221
77.9336
77.9471
77.9623
77.9778
77.9089
77.9222
77.9379
77.9554
77.973
77.8967
77.9119
77.9294
77.9494
77.9691
77.8852
77.9025
77.9219
77.9445
77.9664
77.8795
77.8976
77.9175
77.9421
77.9655
77.8752
77.8951
77.9154
77.942
77.9665
77.8853
77.9017
77.9193
77.9456
77.97
77.9004
77.9133
77.9283
77.9529
77.9764
77.9084
77.9212
77.9361
77.9601
77.9831
77.918
77.9312
77.9461
77.9691
77.9912
77.9392
77.949
77.9622
77.9826
78.0029
77.9746
77.9778
77.9861
78.0013
78.0184
78.0013
78.0013
78.0075
78.0195
78.0341
78.0213
78.0202
78.0247
78.035
78.0484
78.0263
78.026
78.0314
78.0418
78.0555
78.4711
78.4728
78.4728
78.4711
78.4658
78.4518
78.4536
78.4536
78.4518
78.4463
78.4586
78.4609
78.4609
78.4586
78.4527
78.4957
78.4978
78.4977
78.4956
78.4904
78.5017
78.504
78.5039
78.5016
78.4962
78.5096
78.5117
78.5117
78.5096
78.5046
78.499
78.501
78.5011
78.4992
78.4944
78.4872
78.4738
78.4757
78.4759
78.4743
78.47
78.4635
78.4331
78.435
78.4353
78.4341
78.4304
78.4248
78.377
78.3788
78.3792
78.3784
78.3754
78.3709
78.3109
78.3126
78.3132
78.3129
78.3109
78.3079
78.2284
78.2299
78.2307
78.2309
78.2299
78.2282
78.1593
78.161
78.1621
78.1629
78.163
78.1628
78.1074
78.1089
78.1102
78.1117
78.1129
78.1142
78.0722
78.0736
78.0752
78.0774
78.0796
78.0821
78.0488
78.0503
78.0523
78.055
78.058
78.0614
78.0324
78.0341
78.0364
78.0395
78.0432
78.0474
78.0195
78.0215
78.0242
78.0277
78.0319
78.0368
78.0083
78.0106
78.0138
78.0178
78.0227
78.0281
77.9978
78.0005
78.0042
78.0089
78.0144
78.0206
77.9873
77.9905
77.9949
78.0004
78.0066
78.0135
77.9765
77.9803
77.9854
77.9918
77.999
78.0069
77.9651
77.9695
77.9756
77.983
77.9914
78.0004
77.9528
77.9581
77.9652
77.9739
77.9837
77.994
77.9396
77.9457
77.9543
77.9645
77.9759
77.9878
77.9253
77.9325
77.9426
77.9546
77.968
77.9818
77.9102
77.9184
77.9304
77.9445
77.9602
77.9762
77.9032
77.9177
77.9342
77.9527
77.971
77.8886
77.9057
77.9245
77.946
77.9667
77.8721
77.8935
77.9149
77.9401
77.9635
77.8634
77.887
77.9088
77.937
77.9622
77.847
77.8797
77.9032
77.9356
77.9625
77.8591
77.8876
77.9067
77.9393
77.9661
77.8743
77.8989
77.9151
77.9464
77.9723
77.8811
77.9063
77.9232
77.954
77.9795
77.8945
77.9199
77.9367
77.9653
77.9896
77.9176
77.9391
77.9557
77.9809
78.0035
77.9641
77.9712
77.9821
78.0005
78.0188
77.9937
77.9944
78.0016
78.0163
78.0326
78.0196
78.0171
78.0211
78.0319
78.0464
78.026
78.0245
78.0298
78.0409
78.0553
78.4334
78.435
78.435
78.4333
78.4279
78.413
78.4148
78.4148
78.413
78.4076
78.4158
78.4181
78.4181
78.4158
78.41
78.4534
78.4556
78.4557
78.4534
78.4481
78.4606
78.4629
78.4628
78.4606
78.4552
78.47
78.4721
78.4721
78.4701
78.4651
78.4564
78.4585
78.4586
78.4566
78.4518
78.4308
78.4329
78.4331
78.4315
78.4271
78.4205
78.3894
78.3915
78.3918
78.3905
78.3868
78.3811
78.3313
78.3332
78.3336
78.3328
78.3298
78.3253
78.2656
78.2673
78.268
78.2677
78.2659
78.263
78.172
78.1734
78.1742
78.1744
78.1736
78.1723
78.1069
78.109
78.1103
78.1111
78.1114
78.1117
78.0631
78.0646
78.0661
78.0676
78.0692
78.0713
78.0383
78.0396
78.0413
78.0437
78.0464
78.05
78.0245
78.0258
78.0279
78.0309
78.0345
78.0389
78.0166
78.0181
78.0205
78.0239
78.0281
78.033
78.0111
78.0128
78.0155
78.0192
78.0238
78.0291
78.0053
78.0073
78.0103
78.0145
78.0195
78.0252
77.9983
78.0007
78.0043
78.0091
78.0147
78.0208
77.9899
77.9929
77.9971
78.0026
78.0089
78.0157
77.9798
77.9834
77.9885
77.9949
78.0022
78.0099
77.9678
77.9723
77.9784
77.986
77.9944
78.0033
77.9538
77.9593
77.9668
77.9758
77.9858
77.9962
77.9376
77.9442
77.9535
77.9644
77.9764
77.9886
77.9185
77.9266
77.9383
77.9517
77.9663
77.9808
77.8964
77.9062
77.9212
77.9377
77.9556
77.973
77.8692
77.8813
77.9014
77.9221
77.9445
77.9653
77.8531
77.8802
77.9057
77.9336
77.9583
77.8104
77.8532
77.8862
77.9224
77.9519
77.7753
77.8333
77.8704
77.9146
77.9479
77.6795
77.7978
77.8479
77.9071
77.9453
77.6878
77.806
77.8487
77.9106
77.9487
77.7123
77.8222
77.8599
77.9198
77.9564
77.7298
77.8366
77.8742
77.9313
77.9665
77.7645
77.8614
77.8966
77.9474
77.9798
77.8097
77.8897
77.9228
77.966
77.9953
77.9217
77.9462
77.9639
77.9914
78.0147
77.9664
77.9778
77.9912
78.0123
78.0327
78.0103
78.0104
78.018
78.0327
78.0493
78.0211
78.0215
78.0303
78.0448
78.0615
78.4019
78.4032
78.4031
78.4016
78.3965
78.3817
78.383
78.3829
78.3812
78.3763
78.3741
78.3765
78.3764
78.3739
78.368
78.4116
78.414
78.414
78.4116
78.4062
78.4198
78.4221
78.4221
78.4197
78.4143
78.4312
78.4334
78.4334
78.4312
78.4262
78.4144
78.4167
78.4168
78.4147
78.4098
78.3886
78.3908
78.391
78.3893
78.3848
78.3466
78.3488
78.3491
78.3477
78.3439
78.2864
78.2884
78.2889
78.2879
78.2849
78.2804
78.2211
78.223
78.2237
78.2233
78.2215
78.2188
78.1065
78.1076
78.1082
78.1083
78.1078
78.1071
78.0459
78.048
78.0492
78.05
78.0504
78.0515
78.0163
78.0169
78.018
78.0197
78.0218
78.0248
78.0068
78.0075
78.0091
78.0115
78.0144
78.0183
78.004
78.0048
78.0066
78.0093
78.0128
78.0173
78.0043
78.0052
78.0073
78.0104
78.0144
78.0195
78.0043
78.0055
78.0078
78.0113
78.0158
78.0211
78.0023
78.0039
78.0066
78.0106
78.0155
78.0212
77.9977
77.9998
78.0031
78.0076
78.0131
78.0192
77.9904
77.9931
77.9971
78.0024
78.0086
78.0153
77.9805
77.9838
77.9887
77.995
78.0022
78.0098
77.9676
77.9719
77.978
77.9856
77.9941
78.003
77.9516
77.9572
77.9649
77.9743
77.9845
77.9951
77.9321
77.9392
77.9492
77.9609
77.9736
77.9863
77.9078
77.9169
77.9303
77.9452
77.9613
77.9768
77.8777
77.8895
77.9078
77.9271
77.9477
77.9669
77.8364
77.8522
77.8796
77.9054
77.9326
77.9566
77.7874
77.8069
77.8476
77.881
77.917
77.9465
77.7243
77.8008
77.8484
77.8995
77.9365
77.6587
77.7679
77.8213
77.8869
77.9296
77.4046
77.6918
77.7731
77.8717
77.9236
77.4521
77.7193
77.7779
77.8782
77.9284
77.4882
77.7449
77.7956
77.8919
77.9392
77.5172
77.7684
77.8187
77.909
77.9534
77.5895
77.8107
77.8553
77.9326
77.9718
77.6728
77.8522
77.8938
77.9573
77.9916
77.891
77.9413
77.9588
77.9915
78.0154
77.9428
77.9694
77.9869
78.0125
78.0338
78.0044
78.0074
78.0165
78.0334
78.051
78.0176
78.0204
78.0308
78.0474
78.0656
78.3958
78.3967
78.3964
78.395
78.3905
78.3773
78.3779
78.3777
78.3765
78.3724
78.3624
78.3638
78.3635
78.3613
78.3564
78.3921
78.3938
78.3937
78.3916
78.3871
78.3887
78.3909
78.3908
78.3885
78.3833
78.3991
78.4013
78.4013
78.3992
78.3943
78.3781
78.3804
78.3805
78.3784
78.3736
78.3511
78.3533
78.3535
78.3517
78.3474
78.3071
78.3093
78.3097
78.3083
78.3046
78.2438
78.2457
78.2461
78.2451
78.2421
78.1692
78.1715
78.1724
78.1719
78.1701
78.1676
78.0369
78.04
78.0406
78.04
78.0391
78.0384
77.9737
77.9831
77.9853
77.9843
77.9828
77.9827
77.9615
77.9614
77.9618
77.9631
77.9658
77.9707
77.9755
77.9745
77.9757
77.9791
77.9845
77.9915
77.9867
77.987
77.9892
77.9932
77.9984
78.0049
77.9954
77.9959
77.9982
78.002
78.0069
78.0129
77.9999
78.0004
78.0029
78.0068
78.0118
78.0178
78.0008
78.0019
78.0048
78.009
78.0143
78.0204
77.9985
78.0002
78.0036
78.0083
78.014
78.0203
77.9927
77.9951
77.9992
78.0045
78.0108
78.0175
77.9836
77.9868
77.9917
77.9979
78.0051
78.0125
77.9711
77.9751
77.9812
77.9887
77.9971
78.0057
77.9547
77.9599
77.9675
77.9768
77.987
77.9973
77.9336
77.9403
77.9504
77.9622
77.975
77.9876
77.9054
77.9144
77.9285
77.9442
77.9609
77.9767
77.8674
77.8799
77.9009
77.9222
77.9445
77.9648
77.8081
77.8268
77.8628
77.8935
77.9251
77.9516
77.7277
77.7534
77.8156
77.8586
77.9038
77.938
77.5273
77.5738
77.7316
77.8037
77.8767
77.9229
77.3901
77.6643
77.752
77.8548
77.9111
76.0953
77.4335
77.6265
77.8207
77.8972
76.1838
77.4748
77.6239
77.8264
77.9012
76.2521
77.5066
77.6469
77.8428
77.914
76.3422
77.5482
77.6851
77.8664
77.9325
76.5449
77.6292
77.7484
77.9004
77.9567
76.7802
77.72
77.8164
77.935
77.9815
77.7594
77.9094
77.9404
77.9854
78.0123
77.876
77.9451
77.9736
78.0075
78.0315
77.988
77.9995
78.0112
78.0305
78.0487
78.0024
78.0082
78.0203
78.0388
78.0576
78.4076
78.4087
78.4085
78.407
78.4024
78.3894
78.39
78.3898
78.3886
78.3847
78.3708
78.3719
78.3715
78.3695
78.3648
78.3936
78.3947
78.3945
78.3931
78.389
78.37
78.372
78.3719
78.3697
78.3649
78.3766
78.3787
78.3788
78.3767
78.372
78.3511
78.3534
78.3535
78.3515
78.3468
78.3224
78.3245
78.3247
78.3229
78.3187
78.2767
78.2786
78.2789
78.2774
78.2738
78.2034
78.2044
78.2046
78.2035
78.2008
78.0668
78.0662
78.066
78.066
78.0655
77.8549
77.844
77.8425
77.8446
77.8485
77.8527
77.9534
77.9497
77.9503
77.9525
77.9557
77.9591
77.9545
77.9562
77.9566
77.9566
77.957
77.9584
77.9706
77.9693
77.9693
77.9707
77.9739
77.9788
77.9826
77.9812
77.9817
77.984
77.9884
77.9943
77.9938
77.9929
77.9944
77.9977
78.0024
78.0084
78.0005
78.0003
78.0021
78.0055
78.0103
78.016
78.0025
78.0028
78.0052
78.009
78.014
78.0196
78.0001
78.0012
78.0042
78.0085
78.0138
78.0196
77.994
77.996
77.9997
78.0047
78.0105
78.0168
77.9846
77.9875
77.992
77.9979
78.0047
78.0118
77.9717
77.9754
77.9811
77.9884
77.9965
78.0048
77.9546
77.9595
77.9669
77.976
77.9861
77.9963
77.9321
77.9386
77.9487
77.9606
77.9735
77.9863
77.9012
77.9104
77.9252
77.9414
77.9585
77.9748
77.8589
77.872
77.8948
77.9173
77.9409
77.962
77.79
77.8097
77.8514
77.8849
77.9193
77.9475
77.698
77.7233
77.798
77.845
77.8952
77.9321
77.4392
77.4761
77.6946
77.7771
77.8628
77.9141
77.3154
77.2802
77.6309
77.7171
77.8379
77.9001
74.7959
77.3462
77.538
77.7934
77.8817
75.5005
77.4769
77.5576
77.8031
77.8867
75.4727
77.4996
77.581
77.8192
77.9
75.5399
77.5404
77.6245
77.8447
77.9199
75.8182
77.6254
77.6953
77.8822
77.9461
75.7467
77.6629
77.7557
77.9167
77.9712
77.7221
77.8911
77.9147
77.9722
78.0037
77.8282
77.928
77.9573
77.9975
78.0238
77.9761
77.9913
78.0026
78.0233
78.0425
77.9915
78.0004
78.0125
78.0315
78.0505
78.3905
78.3919
78.3918
78.39
78.3859
78.3552
78.3572
78.3571
78.355
78.3504
78.3623
78.3645
78.3645
78.3624
78.3579
78.3369
78.3392
78.3393
78.3373
78.3328
78.3129
78.3151
78.3153
78.3135
78.3093
78.2848
78.2869
78.2871
78.2855
78.2818
78.2374
78.2393
78.2396
78.2382
78.235
78.2259
78.2277
78.2279
78.2268
78.224
63.5663
4.82982
3.91138
3.73558
3.73022
3.76912
62.1807
78.4093
78.411
78.4109
78.4089
78.4047
78.3371
78.3391
78.3391
78.3369
78.3323
78.3538
78.356
78.356
78.3539
78.3494
78.331
78.3333
78.3334
78.3313
78.3269
78.3085
78.3108
78.3109
78.3091
78.3049
78.2836
78.2858
78.286
78.2843
78.2806
78.2263
78.2283
78.2286
78.2271
78.2238
78.2547
78.2564
78.2567
78.2554
78.2526
0.00834255
0.977555
-0.187361
0.770365
0.674063
0.670769
0.623312
0.417825
0.641961
0.640789
0.639872
0.639181
0.638687
0.642024
0.64082
0.63988
0.639174
0.638674
0.64202
0.640839
0.63991
0.639209
0.638707
0.644087
0.644909
0.645659
0.646337
0.646878
0.644311
0.644946
0.645726
0.646504
0.646981
0.644505
0.645052
0.645692
0.646366
0.647087
0.644148
0.644755
0.645499
0.646314
0.64712
0.647885
0.642931
0.643666
0.644592
0.645631
0.646675
0.647642
0.641204
0.642013
0.643049
0.644297
0.645551
0.646715
0.63906
0.639776
0.640775
0.64228
0.64379
0.645175
0.635276
0.636103
0.637159
0.63934
0.641398
0.643104
0.621896
0.624858
0.628618
0.63432
0.638181
0.640592
0.550931
0.581968
0.603088
0.624864
0.633982
0.637749
0.411367
0.432239
0.540003
0.613973
0.629283
0.634738
0.395231
0.399657
0.51813
0.608793
0.625833
0.632252
0.574463
0.610045
0.624671
0.630709
0.602966
0.615969
0.625394
0.630049
0.612778
0.619238
0.625539
0.629245
0.615981
0.620268
0.624777
0.627965
0.614881
0.619064
0.622746
0.625935
0.609373
0.615564
0.619091
0.622973
0.595467
0.609173
0.612992
0.618876
0.562464
0.599877
0.603939
0.613827
0.760732
0.781487
0.381029
0.580088
0.586971
0.607226
0.967163
0.915702
0.298315
0.576286
0.576297
0.602617
0.904066
0.882253
0.301714
0.573603
0.572403
0.599464
0.916178
0.887873
0.325355
0.574077
0.573009
0.597584
0.815909
0.386522
0.569793
0.574326
0.595613
0.780941
0.432408
0.572856
0.579084
0.595687
0.319378
0.484848
0.555358
0.579275
0.594618
0.544153
0.557302
0.581052
0.590396
0.598911
0.558708
0.570393
0.584931
0.593805
0.60101
0.575583
0.580971
0.589706
0.596596
0.602857
0.641747
0.640601
0.639709
0.639042
0.638572
0.641776
0.64062
0.63972
0.639049
0.638578
0.641838
0.640681
0.639773
0.63909
0.638605
0.644035
0.64489
0.645633
0.646186
0.646754
0.644763
0.645313
0.645894
0.646493
0.647054
0.645031
0.645574
0.64617
0.646767
0.647314
0.644522
0.645205
0.645993
0.646813
0.647535
0.643226
0.644052
0.64504
0.646124
0.647102
0.647855
0.641356
0.642229
0.643311
0.644644
0.645897
0.646918
0.638829
0.6396
0.640622
0.642236
0.643857
0.645299
0.633742
0.634686
0.635857
0.638303
0.640792
0.643023
0.614583
0.618508
0.623369
0.630365
0.636021
0.640061
0.516785
0.552668
0.584985
0.612536
0.628751
0.636582
0.397232
0.412694
0.511205
0.586687
0.622321
0.632803
0.370192
0.374606
0.479602
0.585464
0.618848
0.629783
0.557547
0.595104
0.618583
0.628199
0.595231
0.607121
0.620755
0.627913
0.608246
0.613737
0.622155
0.627592
0.613534
0.616939
0.622573
0.62687
0.614521
0.617491
0.621697
0.625477
0.612135
0.615884
0.61935
0.623235
0.605537
0.612213
0.615267
0.620058
0.590917
0.606832
0.60917
0.616073
0.774402
0.76142
0.555517
0.599323
0.600646
0.611325
0.805099
0.828203
0.551056
0.599256
0.594766
0.607575
0.696325
0.780319
0.554261
0.596858
0.591177
0.604497
0.711486
0.792056
0.557592
0.597005
0.590306
0.602432
0.634849
0.727124
0.545912
0.586939
0.587516
0.599644
0.737261
0.555873
0.588094
0.589439
0.599177
0.492249
0.512883
0.567368
0.584972
0.597417
0.553986
0.562437
0.583943
0.592868
0.600897
0.570523
0.577907
0.590475
0.597583
0.603803
0.581389
0.586675
0.59555
0.601488
0.606708
0.641167
0.640085
0.639248
0.638629
0.6382
0.641118
0.640033
0.639197
0.638584
0.638168
0.641303
0.6402
0.63934
0.638699
0.638252
0.644365
0.645057
0.645695
0.646162
0.646698
0.64523
0.645763
0.646217
0.646689
0.64722
0.645319
0.645974
0.646623
0.647223
0.647726
0.644358
0.645264
0.64624
0.647193
0.647975
0.642506
0.643661
0.644953
0.646286
0.647405
0.639778
0.641112
0.642644
0.644384
0.645928
0.647138
0.635364
0.636975
0.638786
0.641172
0.643398
0.645247
0.625641
0.628394
0.631324
0.635527
0.639373
0.64249
0.593012
0.602996
0.612567
0.623868
0.632694
0.638713
0.471217
0.510035
0.559821
0.598525
0.622058
0.634134
0.376104
0.39108
0.480503
0.564165
0.611494
0.629854
0.354202
0.356668
0.444918
0.5578
0.60877
0.626479
0.540132
0.57629
0.610074
0.625087
0.585458
0.595659
0.614509
0.625517
0.601478
0.606439
0.617788
0.625979
0.608888
0.612421
0.619848
0.626063
0.611423
0.614972
0.620438
0.625438
0.610511
0.615041
0.619454
0.623938
0.60655
0.613326
0.616954
0.62158
0.59617
0.609916
0.612541
0.618374
0.82088
0.730971
0.588692
0.605382
0.60725
0.614684
0.780937
0.767319
0.575762
0.60237
0.600918
0.610831
0.666415
0.721789
0.576482
0.600347
0.596726
0.607524
0.676539
0.734399
0.579802
0.601122
0.595449
0.605298
0.602858
0.675921
0.555767
0.589098
0.591459
0.601915
0.6584
0.689307
0.573185
0.592151
0.593367
0.601232
0.531534
0.535606
0.574999
0.589131
0.599284
0.556286
0.567366
0.58668
0.594922
0.602037
0.573453
0.581598
0.593304
0.599583
0.605045
0.584958
0.59047
0.598429
0.603523
0.608037
0.640131
0.639135
0.638379
0.637837
0.637481
0.639991
0.638987
0.638229
0.637692
0.637348
0.640329
0.639303
0.638513
0.637938
0.637554
0.644549
0.645202
0.645731
0.646111
0.646623
0.645278
0.645927
0.646423
0.646827
0.647345
0.644947
0.645853
0.646711
0.647435
0.647985
0.643281
0.644557
0.645897
0.647148
0.648133
0.640347
0.642048
0.643908
0.645751
0.647256
0.635845
0.638049
0.640493
0.643091
0.64532
0.627955
0.631229
0.634719
0.63865
0.642103
0.644943
0.610919
0.617156
0.623551
0.630812
0.636961
0.641784
0.555224
0.578761
0.597301
0.615162
0.628479
0.637469
0.430948
0.468108
0.533276
0.58398
0.615443
0.632263
0.349883
0.366455
0.452777
0.545581
0.602951
0.627458
0.328209
0.331211
0.417311
0.537393
0.600384
0.62395
0.526328
0.561517
0.603117
0.622947
0.576658
0.58624
0.609605
0.624188
0.59527
0.600461
0.614697
0.62551
0.604916
0.609088
0.618414
0.626449
0.609479
0.613779
0.62049
0.626621
0.61084
0.615811
0.62102
0.625903
0.61028
0.616358
0.62032
0.624408
0.606524
0.615435
0.618027
0.622084
0.820325
0.694767
0.61977
0.614254
0.615378
0.619539
0.777315
0.733123
0.601409
0.609668
0.609173
0.615807
0.683373
0.702026
0.597411
0.609996
0.604948
0.612471
0.689448
0.714424
0.599759
0.611874
0.603446
0.610152
0.620358
0.661593
0.570184
0.598641
0.598673
0.606378
0.64861
0.666002
0.589156
0.601469
0.600027
0.60523
0.560875
0.562354
0.55832
0.586581
0.59584
0.602806
0.573564
0.578414
0.593598
0.599371
0.604246
0.580879
0.588641
0.598477
0.602802
0.60646
0.590779
0.596143
0.602637
0.606111
0.609015
0.638729
0.637831
0.63717
0.636721
0.636457
0.638544
0.637629
0.63696
0.636512
0.636255
0.63899
0.638052
0.637347
0.636856
0.636556
0.644248
0.645049
0.645641
0.645906
0.646427
0.644681
0.645558
0.646246
0.646694
0.647287
0.643678
0.644944
0.646165
0.647164
0.647929
0.640886
0.642679
0.644609
0.646394
0.647843
0.63614
0.638686
0.641493
0.644236
0.64653
0.628695
0.632428
0.636456
0.640529
0.644007
0.615676
0.621844
0.628143
0.634568
0.640021
0.588161
0.600708
0.612533
0.624307
0.633801
0.64107
0.511933
0.546711
0.578366
0.604855
0.623864
0.636499
0.393735
0.430866
0.5075
0.569953
0.609538
0.631031
0.322996
0.342051
0.428734
0.530836
0.596945
0.625885
0.301548
0.306355
0.396363
0.524343
0.594281
0.622605
0.51505
0.55154
0.598319
0.62211
0.568642
0.579507
0.606472
0.624013
0.589633
0.596178
0.613036
0.625963
0.601366
0.6069
0.618101
0.627486
0.6078
0.613333
0.621297
0.62814
0.611225
0.617033
0.622866
0.627872
0.61344
0.619343
0.623348
0.62687
0.614209
0.6205
0.622558
0.625115
0.778174
0.661914
0.639863
0.621295
0.621519
0.623349
0.746102
0.70379
0.621662
0.614219
0.615377
0.619634
0.6785
0.683673
0.617147
0.613154
0.610483
0.615917
0.683586
0.694884
0.616696
0.616247
0.608483
0.613221
0.62603
0.649902
0.583764
0.602966
0.60304
0.608937
0.642297
0.650332
0.599191
0.605362
0.603785
0.607272
0.579536
0.582951
0.573631
0.593456
0.599951
0.604544
0.585779
0.585636
0.58652
0.598118
0.602009
0.604923
0.587687
0.593776
0.601543
0.604179
0.606134
0.59535
0.59982
0.604657
0.606498
0.607814
0.636994
0.636204
0.635653
0.635316
0.635163
0.63677
0.635956
0.635391
0.635049
0.634899
0.637318
0.636482
0.635876
0.635487
0.635292
0.64327
0.64435
0.645173
0.645405
0.646004
0.643318
0.644476
0.645471
0.646103
0.646951
0.641317
0.643014
0.644767
0.646248
0.64752
0.636793
0.639324
0.642149
0.644815
0.647174
0.629419
0.633265
0.637544
0.641716
0.645384
0.617933
0.624047
0.6305
0.636811
0.642288
0.598207
0.608817
0.61924
0.629227
0.637607
0.556836
0.579445
0.598863
0.616582
0.6305
0.469834
0.511118
0.557611
0.593984
0.619622
0.635849
0.358787
0.398261
0.483677
0.557382
0.605144
0.630288
0.295507
0.317918
0.408315
0.519891
0.593474
0.625162
0.273701
0.281233
0.380576
0.517318
0.590496
0.622311
0.505362
0.545584
0.595551
0.622331
0.561239
0.575089
0.604876
0.624719
0.584511
0.593325
0.612489
0.62702
0.598192
0.605559
0.618495
0.628822
0.606357
0.613328
0.622497
0.629696
0.611627
0.618394
0.624865
0.629673
0.616225
0.622255
0.626265
0.628982
0.620846
0.62565
0.626623
0.627666
0.715705
0.626417
0.647823
0.628925
0.626308
0.626315
0.705278
0.679343
0.631678
0.621347
0.620441
0.62253
0.665402
0.666781
0.628411
0.615484
0.614894
0.618211
0.671845
0.676587
0.626513
0.617199
0.611965
0.614939
0.626914
0.639317
0.592832
0.604859
0.605924
0.610231
0.636314
0.638129
0.604078
0.606691
0.605949
0.608056
0.590552
0.594645
0.583891
0.597714
0.602504
0.605142
0.594525
0.594445
0.592804
0.601237
0.603607
0.604653
0.591378
0.593734
0.597958
0.603634
0.604616
0.604777
0.5996
0.602748
0.605782
0.605861
0.605445
0.634955
0.634281
0.633851
0.63364
0.63362
0.634696
0.633994
0.633545
0.633324
0.6333
0.635341
0.634617
0.634125
0.633853
0.633782
0.641616
0.642998
0.644131
0.644495
0.645262
0.641087
0.642556
0.643951
0.644964
0.646269
0.637634
0.639883
0.642378
0.644619
0.64671
0.630808
0.634343
0.638425
0.642408
0.646126
0.620038
0.625735
0.632074
0.638285
0.643888
0.603579
0.613023
0.622791
0.632173
0.64029
0.575812
0.592588
0.608426
0.623048
0.635074
0.522042
0.554677
0.583442
0.608331
0.627408
0.429698
0.476284
0.536772
0.583528
0.616208
0.325612
0.368678
0.462286
0.546803
0.602185
0.629366
0.267631
0.29417
0.391407
0.51254
0.591462
0.624694
0.24526
0.255909
0.368855
0.514244
0.588178
0.622359
0.496447
0.542133
0.593899
0.622743
0.554003
0.571912
0.603841
0.625291
0.579283
0.590894
0.611931
0.627564
0.594553
0.603945
0.618282
0.629222
0.603981
0.612405
0.622494
0.629883
0.610481
0.618183
0.625093
0.629692
0.616473
0.622749
0.626753
0.628875
0.624313
0.627584
0.627693
0.627659
0.64656
0.589877
0.645929
0.630922
0.627112
0.626172
0.669496
0.659067
0.634477
0.624429
0.621541
0.622296
0.651052
0.651285
0.631029
0.616509
0.615265
0.617415
0.66033
0.661351
0.630243
0.614676
0.611328
0.613505
0.626617
0.630432
0.597731
0.603532
0.605035
0.608612
0.631324
0.628403
0.605137
0.604885
0.60477
0.606282
0.597172
0.60033
0.589576
0.59858
0.602145
0.603562
0.600059
0.599639
0.596238
0.601789
0.602995
0.602645
0.595449
0.597886
0.600109
0.603732
0.603309
0.601953
0.599814
0.602315
0.603991
0.605225
0.603722
0.601786
0.63261
0.632058
0.631761
0.631694
0.631827
0.632314
0.631732
0.63141
0.631328
0.631452
0.633056
0.632454
0.632089
0.631953
0.632026
0.639221
0.640891
0.642375
0.643049
0.644064
0.63781
0.639683
0.641568
0.643189
0.645145
0.6325
0.635479
0.638916
0.642297
0.645408
0.622929
0.627762
0.633457
0.639291
0.644602
0.60823
0.616283
0.625228
0.634173
0.641969
0.586098
0.599733
0.613633
0.626945
0.637942
0.549524
0.573859
0.596227
0.616499
0.632272
0.487272
0.527265
0.567081
0.600167
0.624169
0.391698
0.444467
0.516967
0.574127
0.612869
0.293712
0.34158
0.443563
0.538517
0.599329
0.239307
0.270791
0.377747
0.50901
0.588527
0.623724
0.216123
0.230153
0.361242
0.512266
0.585797
0.621663
0.487392
0.539269
0.592007
0.622052
0.546183
0.568617
0.602075
0.624325
0.57308
0.587696
0.610098
0.626126
0.589488
0.600948
0.616267
0.627244
0.599674
0.609535
0.620221
0.627377
0.60686
0.615481
0.622628
0.626781
0.613455
0.620012
0.624026
0.625605
0.624009
0.625536
0.625037
0.62428
0.583871
0.558503
0.637778
0.626701
0.62327
0.622194
0.647709
0.641385
0.632382
0.622818
0.61844
0.618421
0.637392
0.636801
0.628101
0.6141
0.611959
0.61338
0.649975
0.648545
0.628924
0.610722
0.607833
0.609382
0.625026
0.622742
0.599531
0.600464
0.601771
0.604788
0.626751
0.620501
0.603944
0.601433
0.601561
0.602696
0.601004
0.602323
0.592181
0.597364
0.599901
0.600446
0.603182
0.602104
0.597551
0.60058
0.600824
0.599382
0.598415
0.600312
0.600673
0.602352
0.600723
0.598086
0.601675
0.603904
0.603966
0.60342
0.600502
0.597273
0.629949
0.629525
0.629371
0.629463
0.62977
0.629614
0.629157
0.628975
0.629045
0.629337
0.630454
0.629982
0.629758
0.629772
0.63001
0.635956
0.637881
0.639717
0.640847
0.642227
0.633445
0.63571
0.638196
0.640649
0.643384
0.625966
0.629737
0.634296
0.63914
0.643463
0.613338
0.619661
0.627257
0.635369
0.642441
0.594389
0.605126
0.617136
0.629337
0.639375
0.566068
0.584586
0.603349
0.621214
0.634815
0.522312
0.553596
0.583244
0.609837
0.628537
0.452897
0.499861
0.550794
0.592512
0.619899
0.355602
0.415004
0.49872
0.56625
0.608343
0.2626
0.316386
0.427493
0.532618
0.59508
0.210382
0.24761
0.366607
0.506894
0.584833
0.1861
0.20361
0.356358
0.509543
0.582544
0.619224
0.477404
0.535515
0.588823
0.619247
0.536969
0.564051
0.598581
0.620914
0.565083
0.582778
0.606138
0.621994
0.582235
0.595797
0.611795
0.622416
0.592791
0.604126
0.61523
0.621931
0.600304
0.609884
0.617244
0.620891
0.607034
0.613901
0.618127
0.61931
0.619945
0.619602
0.619002
0.617849
0.544114
0.535885
0.627068
0.617519
0.615779
0.61503
0.637013
0.627165
0.627096
0.617232
0.612018
0.611577
0.625815
0.623905
0.621774
0.608622
0.605739
0.606739
0.641656
0.637892
0.624289
0.605632
0.602099
0.60315
0.622696
0.616093
0.599041
0.596257
0.596727
0.599271
0.622551
0.614053
0.601426
0.597067
0.596887
0.597764
0.602913
0.602147
0.592703
0.594757
0.596236
0.596186
0.604653
0.602662
0.597291
0.598068
0.597434
0.595195
0.60022
0.601267
0.599949
0.599808
0.597165
0.593512
0.602918
0.604444
0.602897
0.600666
0.596543
0.592299
0.626952
0.62666
0.626658
0.626923
0.627423
0.626571
0.626246
0.626211
0.626448
0.626927
0.627513
0.627179
0.627106
0.627286
0.627707
0.631594
0.633763
0.635954
0.637634
0.639462
0.627791
0.630481
0.633643
0.637115
0.640741
0.617983
0.622601
0.628407
0.634962
0.640633
0.602229
0.610101
0.619821
0.630514
0.639329
0.578771
0.592423
0.607941
0.623722
0.63565
0.544894
0.568144
0.592188
0.614878
0.630556
0.494536
0.531904
0.56976
0.602629
0.623804
0.419295
0.473715
0.535141
0.584508
0.614745
0.321117
0.387766
0.482161
0.558526
0.60297
0.231898
0.292651
0.413643
0.527051
0.589903
0.180714
0.22442
0.357214
0.504126
0.58
0.154981
0.17583
0.351506
0.505532
0.577761
0.465907
0.530084
0.583702
0.613856
0.525785
0.557535
0.592853
0.614784
0.554798
0.575641
0.599734
0.615096
0.572458
0.588206
0.604755
0.614849
0.583214
0.59612
0.607618
0.613826
0.590944
0.601577
0.609232
0.612445
0.597728
0.60498
0.609595
0.610562
0.612844
0.610791
0.610367
0.609072
0.52846
0.521297
0.616154
0.606148
0.605965
0.60568
0.628925
0.615312
0.61925
0.608785
0.603357
0.602715
0.617129
0.612952
0.613699
0.601161
0.597737
0.598437
0.635279
0.629111
0.61812
0.599554
0.595083
0.595658
0.620223
0.610537
0.597165
0.591494
0.590788
0.592802
0.618982
0.608962
0.598377
0.592455
0.591526
0.592109
0.603752
0.60099
0.592052
0.591493
0.591814
0.591295
0.605162
0.602177
0.596142
0.594884
0.593362
0.59053
0.60132
0.601319
0.598483
0.596616
0.593089
0.588634
0.603782
0.604358
0.601262
0.59744
0.592287
0.587283
0.623578
0.62342
0.623577
0.624028
0.62474
0.623142
0.622953
0.623073
0.623489
0.624174
0.624192
0.624003
0.624089
0.624448
0.625069
0.625873
0.62828
0.630832
0.633133
0.635453
0.620678
0.623802
0.627684
0.632314
0.636895
0.608521
0.613961
0.62111
0.629547
0.636539
0.589535
0.599021
0.61113
0.624542
0.634791
0.561937
0.578404
0.597645
0.617098
0.630555
0.52282
0.550638
0.580201
0.607589
0.625022
0.466519
0.509999
0.556225
0.594248
0.617822
0.38654
0.4487
0.52045
0.575328
0.60834
0.287925
0.362544
0.467683
0.549502
0.596322
0.201381
0.270065
0.402
0.519924
0.583333
0.150371
0.200963
0.349656
0.498361
0.573502
0.122639
0.146521
0.344969
0.499347
0.571056
0.45252
0.522491
0.576392
0.512392
0.548799
0.584822
0.606113
0.542121
0.566206
0.591001
0.605776
0.560243
0.578299
0.595441
0.605027
0.571231
0.585839
0.597843
0.603661
0.579247
0.59107
0.599195
0.602147
0.586262
0.594057
0.599222
0.600188
0.603386
0.600167
0.600053
0.598868
0.523832
0.511542
0.605514
0.594633
0.595087
0.595258
0.619555
0.603765
0.60987
0.598989
0.59362
0.592893
0.610965
0.603718
0.605162
0.592971
0.589079
0.589459
0.630079
0.621652
0.611462
0.593161
0.5877
0.587723
0.617998
0.6061
0.594673
0.586733
0.584694
0.58603
0.616298
0.605214
0.595404
0.58809
0.586096
0.586242
0.604335
0.599757
0.590979
0.588158
0.587185
0.58621
0.605456
0.601455
0.594747
0.5916
0.589091
0.585782
0.602285
0.601116
0.596857
0.593304
0.58893
0.583817
0.604728
0.604196
0.59961
0.594252
0.588176
0.582634
0.619797
0.619767
0.620084
0.620728
0.621666
0.6193
0.619243
0.619519
0.62012
0.621021
0.620457
0.620411
0.62066
0.621204
0.622038
0.618484
0.62114
0.624077
0.627061
0.629896
0.611873
0.615432
0.620085
0.625986
0.631526
0.597332
0.60362
0.61227
0.622665
0.63077
0.575389
0.58642
0.601058
0.617226
0.628626
0.543875
0.5631
0.586144
0.609253
0.623911
0.499898
0.532163
0.567513
0.598867
0.617979
0.438397
0.488251
0.542442
0.584711
0.610328
0.354626
0.424881
0.505972
0.565219
0.600429
0.255829
0.338982
0.454043
0.539487
0.588142
0.17121
0.247925
0.39144
0.511016
0.575096
0.119314
0.176848
0.341735
0.490357
0.565136
0.0889979
0.115518
0.335646
0.490922
0.562327
0.437111
0.512677
0.567001
0.496879
0.537933
0.574744
0.527285
0.554723
0.58035
0.594616
0.545982
0.566478
0.584395
0.593634
0.557382
0.573821
0.586554
0.592198
0.565868
0.579015
0.587863
0.590809
0.573445
0.581907
0.587823
0.589054
0.592494
0.58862
0.588907
0.588123
0.522423
0.503995
0.595289
0.583379
0.58402
0.584666
0.606913
0.591346
0.599739
0.588638
0.583727
0.582998
0.606157
0.595787
0.59695
0.584931
0.580656
0.58063
0.625283
0.615019
0.604929
0.587026
0.580677
0.580033
0.616325
0.602825
0.592194
0.582427
0.579041
0.579512
0.614773
0.602865
0.592986
0.584365
0.581109
0.580604
0.605424
0.599172
0.590136
0.58526
0.582846
0.581314
0.606323
0.601242
0.593722
0.58875
0.585081
0.581298
0.603785
0.601346
0.595669
0.590406
0.585122
0.579465
0.606351
0.604589
0.598523
0.591611
0.58463
0.578616
0.615517
0.615611
0.61609
0.616933
0.618111
0.614937
0.615014
0.61545
0.616242
0.617371
0.61621
0.616308
0.616721
0.617459
0.618517
0.609097
0.612041
0.61542
0.619156
0.622499
0.601063
0.605105
0.610638
0.6179
0.624304
0.584261
0.591405
0.60172
0.614089
0.623077
0.559605
0.572193
0.589467
0.608384
0.620662
0.524478
0.546502
0.573434
0.59996
0.615544
0.476176
0.512912
0.553997
0.588775
0.609266
0.41028
0.466763
0.528171
0.573982
0.6012
0.323655
0.402596
0.490881
0.554048
0.590917
0.225127
0.316942
0.439811
0.528383
0.578351
0.141258
0.225897
0.380437
0.500649
0.565165
0.0874463
0.151882
0.332219
0.480404
0.554966
0.0540678
0.0828253
0.323144
0.480382
0.55175
0.419815
0.500854
0.555844
0.479583
0.525272
0.563109
0.510747
0.541637
0.56835
0.530228
0.553285
0.572262
0.581412
0.542298
0.560688
0.574453
0.580212
0.551494
0.566089
0.575971
0.579225
0.559992
0.569255
0.576156
0.577943
0.581091
0.576907
0.577682
0.577593
0.520127
0.49658
0.58545
0.572794
0.57344
0.574596
0.589371
0.577578
0.588922
0.578374
0.57438
0.573707
0.603333
0.589402
0.589583
0.577629
0.573097
0.572566
0.620615
0.609006
0.598922
0.581575
0.574539
0.573118
0.615603
0.600849
0.590263
0.578929
0.574289
0.57371
0.614757
0.602063
0.591528
0.581617
0.577002
0.575598
0.607746
0.59986
0.590109
0.583257
0.579262
0.576974
0.608553
0.60225
0.593662
0.586853
0.581796
0.577445
0.606574
0.602722
0.595522
0.588461
0.582083
0.575949
0.609357
0.606218
0.598604
0.590075
0.582001
0.575478
0.610735
0.610926
0.611546
0.612577
0.613993
0.610061
0.610248
0.610825
0.611795
0.613146
0.611433
0.611655
0.612214
0.613131
0.614408
0.597367
0.600676
0.604598
0.609191
0.613033
0.58792
0.592554
0.599154
0.607877
0.614994
0.569097
0.577148
0.589275
0.603672
0.613372
0.541974
0.556242
0.576259
0.59792
0.610803
0.503684
0.52868
0.559617
0.588918
0.605422
0.451708
0.493049
0.539715
0.577278
0.598874
0.382363
0.445878
0.512958
0.562045
0.590483
0.293876
0.38128
0.475218
0.541796
0.579898
0.19573
0.295818
0.424863
0.516188
0.567093
0.111431
0.204471
0.367749
0.488905
0.553737
0.0547822
0.126035
0.32048
0.468756
0.543278
0.017921
0.0485868
0.307601
0.468026
0.539709
0.401
0.487439
0.543422
0.460996
0.511292
0.550477
0.49307
0.52749
0.55565
0.513577
0.539301
0.559698
0.526589
0.547038
0.562201
0.568401
0.536732
0.552924
0.564171
0.568069
0.546635
0.556589
0.564857
0.567489
0.570034
0.565641
0.566967
0.567873
0.515705
0.488151
0.576203
0.563225
0.563843
0.565548
0.570198
0.562498
0.578272
0.569195
0.566149
0.565536
0.601162
0.58458
0.583254
0.571467
0.566819
0.565709
0.61567
0.603469
0.59373
0.577123
0.569641
0.56738
0.61609
0.600318
0.589382
0.576437
0.570769
0.569002
0.616641
0.603037
0.591383
0.580128
0.574131
0.571598
0.612016
0.602403
0.591447
0.58256
0.576858
0.573541
0.612937
0.605174
0.595155
0.586381
0.579691
0.574562
0.611458
0.605977
0.597028
0.588008
0.580192
0.573567
0.614517
0.609804
0.600514
0.590053
0.580735
0.573565
0.605197
0.605485
0.606247
0.607472
0.609137
0.604345
0.604661
0.605395
0.606556
0.608144
0.605831
0.606186
0.606894
0.607986
0.609478
0.582822
0.586626
0.591239
0.596895
0.601233
0.572083
0.577464
0.585378
0.595702
0.603387
0.551448
0.560602
0.574756
0.591292
0.601508
0.522288
0.538476
0.561415
0.585738
0.598972
0.481428
0.509634
0.544644
0.576331
0.593534
0.426595
0.472785
0.524643
0.564492
0.586892
0.354816
0.425407
0.497177
0.549026
0.578357
0.26569
0.36037
0.459143
0.528593
0.567613
0.167384
0.275306
0.409375
0.50305
0.554669
0.0817264
0.183144
0.353669
0.476019
0.541176
0.0214059
0.0992059
0.306677
0.455776
0.530509
-0.0193311
0.0129809
0.289603
0.454289
0.526706
0.381225
0.472965
0.530318
0.441663
0.496517
0.537442
0.474814
0.512819
0.54284
0.496563
0.525056
0.547308
0.510762
0.533378
0.550351
0.522097
0.539992
0.552973
0.557854
0.533853
0.544372
0.554358
0.558143
0.559893
0.555316
0.557158
0.559376
0.509531
0.479022
0.567688
0.554848
0.555553
0.557837
0.553262
0.548032
0.569128
0.561658
0.559408
0.558809
0.596258
0.579756
0.57823
0.566427
0.562022
0.560317
0.61065
0.598442
0.589669
0.573859
0.566185
0.563071
0.617919
0.601315
0.589937
0.575046
0.56867
0.565646
0.621022
0.606177
0.592704
0.580084
0.57273
0.56889
0.618969
0.60739
0.594658
0.583507
0.575975
0.571324
0.620298
0.610727
0.598796
0.58776
0.579181
0.572966
0.619285
0.611878
0.600847
0.589536
0.57994
0.572515
0.622647
0.616083
0.604881
0.592084
0.581253
0.573155
0.599164
0.599456
0.600283
0.601638
0.603509
0.59811
0.598476
0.599293
0.600583
0.602358
0.599657
0.600063
0.600836
0.602024
0.603661
0.565008
0.56946
0.574987
0.582004
0.586864
0.553238
0.559556
0.569109
0.581266
0.589389
0.531093
0.541636
0.558105
0.576952
0.587497
0.500474
0.518983
0.545095
0.571753
0.585294
0.457801
0.489523
0.528746
0.562359
0.580065
0.40113
0.452615
0.508715
0.550655
0.573597
0.328064
0.405431
0.481007
0.53519
0.565161
0.238967
0.340148
0.442896
0.514739
0.554461
0.140206
0.255436
0.393615
0.489291
0.541522
0.0522817
0.161783
0.338671
0.462387
0.527976
-0.0125521
0.0714093
0.29148
0.441961
0.517209
-0.0576593
-0.0238368
0.270164
0.439725
0.513326
0.361219
0.458057
0.517156
0.422136
0.481495
0.52459
0.456489
0.498135
0.530466
0.479631
0.511016
0.535575
0.495201
0.520131
0.53936
0.508008
0.527619
0.542774
0.521929
0.532944
0.544979
0.550168
0.550954
0.54616
0.548651
0.552311
0.50088
0.469347
0.559779
0.54771
0.548769
0.551609
0.537569
0.535343
0.56134
0.555695
0.554299
0.553664
0.588453
0.57432
0.573678
0.562508
0.558741
0.556484
0.606186
0.594376
0.586857
0.571926
0.564218
0.560284
0.62126
0.603965
0.591824
0.575218
0.568057
0.563747
0.628413
0.611984
0.595851
0.581723
0.572892
0.567599
0.629353
0.615467
0.600228
0.586428
0.5768
0.570483
0.631482
0.619699
0.605186
0.591418
0.580607
0.572841
0.630933
0.621291
0.607713
0.593711
0.581475
0.572851
0.634557
0.625986
0.612185
0.596926
0.583871
0.574488
0.591695
0.592054
0.592996
0.594519
0.596629
0.590064
0.590608
0.591605
0.593089
0.595099
0.59157
0.59213
0.593026
0.594326
0.596101
0.542492
0.547821
0.554717
0.56346
0.568817
0.530311
0.537852
0.549562
0.563947
0.572255
0.507376
0.519777
0.539014
0.560337
0.570934
0.47628
0.497711
0.527325
0.55589
0.569657
0.432903
0.468655
0.512137
0.547171
0.565144
0.375648
0.432802
0.492414
0.536069
0.559298
0.302893
0.385864
0.464857
0.520928
0.551329
0.213928
0.320889
0.426896
0.500669
0.54095
0.1146
0.23653
0.378073
0.475394
0.528214
0.0234686
0.140688
0.323445
0.44855
0.514737
-0.0468846
0.0427551
0.27609
0.427956
0.504013
-0.0971845
-0.0619718
0.250883
0.424989
0.500196
0.341797
0.443345
0.504534
0.402821
0.466692
0.512413
0.438384
0.483824
0.518942
0.462967
0.497482
0.524834
0.480029
0.507527
0.529478
0.494626
0.515919
0.533787
0.510871
0.522483
0.53684
0.54325
0.538242
0.541713
0.546651
0.489544
0.45915
0.55241
0.541888
0.543587
0.546874
0.521797
0.523545
0.554843
0.551379
0.550862
0.550109
0.577443
0.56795
0.569512
0.56016
0.55698
0.5542
0.603579
0.591918
0.58557
0.571481
0.563722
0.558997
0.626578
0.608555
0.595259
0.577225
0.568896
0.563278
0.63935
0.62086
0.602241
0.584838
0.574607
0.567695
0.643972
0.62745
0.608954
0.591516
0.57943
0.571111
0.647379
0.632973
0.615389
0.597959
0.583894
0.573972
0.647311
0.635202
0.618553
0.60069
0.58539
0.574889
0.651092
0.640257
0.623455
0.605045
0.589066
0.5779
0.584459
0.584632
0.58547
0.586971
0.589157
0.582236
0.582786
0.583783
0.585278
0.587344
0.583866
0.58433
0.585076
0.586202
0.587814
0.515273
0.521524
0.53015
0.541126
0.547263
0.50348
0.512527
0.526896
0.544064
0.552412
0.480705
0.495477
0.518163
0.541924
0.55245
0.450245
0.475242
0.508717
0.538824
0.552661
0.407449
0.447863
0.495347
0.531427
0.549435
0.351009
0.413928
0.476421
0.521379
0.544682
0.27987
0.367619
0.449397
0.506906
0.537575
0.191487
0.303366
0.411857
0.487062
0.527808
0.0915529
0.219498
0.36359
0.462086
0.515494
-0.00383197
0.12102
0.309125
0.435313
0.50224
-0.0810632
0.0153518
0.261263
0.414636
0.491725
-0.138896
-0.102051
0.23432
0.410982
0.488095
0.324144
0.429701
0.493182
0.384363
0.452805
0.501538
0.421027
0.470495
0.508805
0.447017
0.484984
0.515533
0.46566
0.49602
0.521081
0.48216
0.505398
0.526303
0.500851
0.513383
0.530247
0.536892
0.531829
0.53656
0.471209
0.445942
0.54502
0.537444
0.540084
0.543637
0.502166
0.510471
0.549273
0.54867
0.549085
0.548103
0.56257
0.559879
0.566503
0.559506
0.556713
0.553402
0.603804
0.59192
0.5863
0.572724
0.564632
0.559107
0.634539
0.615638
0.600796
0.581477
0.570867
0.564107
0.654649
0.633423
0.612143
0.590759
0.577663
0.569028
0.663788
0.644466
0.621409
0.599457
0.583833
0.572967
0.668914
0.651907
0.629822
0.607556
0.589516
0.576821
0.66931
0.654637
0.633683
0.611167
0.592643
0.579443
0.673283
0.659742
0.639479
0.61717
0.59762
0.583905
0.573297
0.573616
0.574646
0.576376
0.578853
0.568553
0.569559
0.57093
0.572707
0.575035
0.567326
0.568473
0.569571
0.570718
0.572145
0.473798
0.48175
0.492964
0.506504
0.513386
0.467452
0.478998
0.497072
0.517413
0.525128
0.448574
0.466878
0.493829
0.519538
0.52984
0.421757
0.451195
0.488986
0.519915
0.533443
0.381892
0.427733
0.478341
0.515287
0.532975
0.32834
0.396425
0.461229
0.507071
0.530208
0.259694
0.351541
0.435351
0.493793
0.524572
0.172967
0.288682
0.398671
0.474688
0.515799
0.0729393
0.205944
0.351296
0.450234
0.504169
-0.0274466
0.105155
0.297235
0.423641
0.491319
-0.113293
-0.00815827
0.248897
0.403
0.481151
-0.183455
-0.147118
0.225655
0.398641
0.477771
0.308465
0.417475
0.483512
0.365977
0.439855
0.492157
0.403339
0.457973
0.500091
0.430562
0.473217
0.507583
0.45076
0.485206
0.513987
0.468909
0.495678
0.520063
0.490153
0.505229
0.525076
0.530055
0.526311
0.532874
0.457006
0.437432
0.538641
0.534949
0.53833
0.48262
0.49893
0.54547
0.547939
0.548995
0.547551
0.550602
0.554124
0.566018
0.560933
0.55807
0.554015
0.608306
0.596222
0.589838
0.576056
0.567158
0.56054
0.647066
0.626431
0.609195
0.588354
0.574723
0.566145
0.675232
0.650455
0.625333
0.600436
0.583085
0.571765
0.689631
0.666276
0.638076
0.611223
0.591006
0.576849
0.696906
0.676503
0.648857
0.621268
0.598747
0.582463
0.697836
0.679851
0.653982
0.626911
0.603862
0.587141
0.701857
0.685367
0.660863
0.633922
0.610386
0.593247
0.56606
0.566157
0.56712
0.568889
0.571451
0.560542
0.561907
0.563558
0.565552
0.567973
0.562242
0.563774
0.564777
0.565763
0.566518
0.4336
0.442811
0.456655
0.474489
0.484177
0.430959
0.4455
0.467942
0.49153
0.499394
0.417443
0.440017
0.471558
0.49875
0.508869
0.394843
0.42936
0.47146
0.50249
0.515316
0.358978
0.410488
0.463451
0.500831
0.518016
0.30972
0.381853
0.448404
0.49466
0.51749
0.24439
0.339145
0.424043
0.482818
0.513583
0.160652
0.278702
0.388774
0.464735
0.506026
0.0621579
0.198783
0.343127
0.441205
0.49533
-0.0422671
0.0985847
0.290686
0.415281
0.483182
-0.13736
-0.0172853
0.243626
0.395296
0.4737
-0.238427
-0.190496
0.223312
0.389874
0.470735
0.298426
0.408942
0.477091
0.352198
0.430523
0.48596
0.389862
0.448962
0.494454
0.418142
0.464873
0.502581
0.439823
0.47781
0.509724
0.459525
0.489333
0.516522
0.483121
0.500744
0.522564
0.526063
0.523748
0.531651
0.406925
0.410156
0.531874
0.53547
0.539103
0.444033
0.476099
0.5429
0.549671
0.550982
0.542847
0.55197
0.56983
0.565219
0.561466
0.556116
0.617656
0.60502
0.597036
0.582104
0.57166
0.563366
0.666662
0.642459
0.621588
0.597904
0.581297
0.569821
0.701927
0.672881
0.642816
0.613384
0.591798
0.576689
0.721717
0.693258
0.659864
0.62744
0.602007
0.583689
0.731702
0.706651
0.673703
0.640445
0.612481
0.591389
0.733493
0.711499
0.681045
0.648496
0.619868
0.598798
0.737432
0.71777
0.688341
0.656384
0.628216
0.606978
0.544053
0.54465
0.546619
0.549634
0.553544
0.524573
0.526194
0.528561
0.530985
0.533923
0.478343
0.480492
0.483299
0.481908
0.478519
0.213133
0.209636
0.206404
0.201385
0.198025
0.199821
0.198513
0.195475
0.189994
0.186516
0.196626
0.20296
0.203973
0.196048
0.188644
0.186166
0.200507
0.209357
0.203445
0.196505
0.160944
0.179195
0.197832
0.199463
0.197279
0.132544
0.150307
0.170684
0.176718
0.180363
0.107411
0.123465
0.136363
0.150434
0.155279
0.0624183
0.098351
0.0880889
0.12624
0.134984
0.269004
0.282215
0.297352
0.321048
0.33757
0.353937
0.374564
0.403345
0.429017
0.436771
0.373222
0.401955
0.438799
0.466499
0.475897
0.366096
0.406806
0.452184
0.483178
0.494731
0.338754
0.395526
0.45023
0.487332
0.503656
0.295595
0.370868
0.438272
0.484364
0.506768
0.235267
0.331441
0.41614
0.474532
0.505137
0.156669
0.274871
0.383066
0.457884
0.499035
0.063074
0.20005
0.340204
0.43576
0.489465
-0.0394273
0.1054
0.290898
0.411121
0.478256
-0.134455
0.000821267
0.245965
0.391772
0.469478
-0.198615
-0.0938407
0.223679
0.384903
0.466633
0.0338087
0.0860614
0.265929
0.398564
0.471693
0.148762
0.207761
0.319447
0.419753
0.480474
0.230544
0.272565
0.357569
0.438226
0.489214
0.281877
0.315731
0.387267
0.454504
0.497712
0.326312
0.344051
0.410406
0.467918
0.505345
0.359484
0.362048
0.429765
0.479459
0.512527
0.397418
0.390135
0.456255
0.492941
0.519776
0.355524
0.353555
0.487116
0.514248
0.529527
0.448435
0.47068
0.534885
0.540405
0.542043
0.462209
0.493968
0.547433
0.554754
0.554839
0.566904
0.572694
0.581905
0.57372
0.567201
0.644133
0.626358
0.611392
0.592203
0.578485
0.56773
0.699576
0.668146
0.640123
0.611299
0.59056
0.575681
0.736488
0.70253
0.666041
0.630633
0.603814
0.584375
0.760362
0.727018
0.68756
0.64879
0.617172
0.593661
0.772861
0.743401
0.705041
0.665027
0.630576
0.604181
0.776181
0.750375
0.714474
0.675871
0.641519
0.615054
0.779659
0.756232
0.722152
0.685842
0.652507
0.62574
0.511341
0.516275
0.525952
0.536195
0.547258
0.486605
0.492538
0.50387
0.519091
0.535357
0.453424
0.458949
0.467887
0.481812
0.499916
0.325561
0.33058
0.336622
0.344434
0.356657
0.274114
0.281358
0.286121
0.288589
0.293918
0.258199
0.272748
0.279961
0.276629
0.272647
0.246436
0.269104
0.282647
0.278069
0.270737
0.22617
0.251741
0.273141
0.273878
0.269233
0.211429
0.235986
0.259843
0.262808
0.259549
0.203132
0.225221
0.248316
0.258165
0.257063
0.215231
0.240026
0.260098
0.27749
0.277099
0.319946
0.340764
0.367146
0.389867
0.396675
0.350108
0.376943
0.410593
0.43442
0.438346
0.361588
0.396097
0.436043
0.462404
0.469376
0.353033
0.399246
0.44594
0.476249
0.486305
0.328802
0.389002
0.44444
0.480998
0.496316
0.2894
0.366277
0.433658
0.478797
0.500671
0.234386
0.330168
0.413108
0.470073
0.500237
0.163423
0.279275
0.382889
0.454975
0.495297
0.0802129
0.213685
0.344931
0.435226
0.487072
-0.00822284
0.136972
0.303758
0.414187
0.477573
-0.08111
0.0665733
0.270509
0.39913
0.470769
-0.0970743
0.0407848
0.263171
0.396947
0.46982
0.0426701
0.160282
0.304669
0.412003
0.475575
0.170352
0.256995
0.352584
0.432508
0.48437
0.257531
0.318994
0.389215
0.450669
0.493132
0.318483
0.362963
0.418345
0.466856
0.501717
0.366302
0.396684
0.442205
0.480858
0.509723
0.411564
0.428841
0.465187
0.493982
0.517576
0.465818
0.474398
0.496371
0.510286
0.526118
0.536081
0.534097
0.540456
0.535268
0.537349
0.566236
0.567978
0.570803
0.559094
0.55114
0.564673
0.570166
0.578529
0.571398
0.563791
0.626669
0.6178
0.607115
0.590004
0.576896
0.693813
0.664671
0.636603
0.608631
0.589089
0.74846
0.706925
0.667648
0.630698
0.603743
0.584348
0.782947
0.741665
0.696915
0.653865
0.620214
0.595461
0.806278
0.768036
0.721805
0.675277
0.636669
0.607378
0.819781
0.785901
0.741317
0.694201
0.653032
0.621155
0.824948
0.795448
0.753879
0.708721
0.667961
0.63528
0.829967
0.803336
0.764832
0.721672
0.682472
0.650103
0.451002
0.446082
0.449961
0.467014
0.496637
0.437463
0.438163
0.444037
0.456522
0.480639
0.415797
0.419667
0.426432
0.438127
0.457797
0.36734
0.374107
0.381021
0.38913
0.402288
0.344291
0.355393
0.362605
0.366058
0.372301
0.333579
0.352079
0.362908
0.363109
0.361839
0.322744
0.34859
0.36597
0.365978
0.3597
0.306646
0.335624
0.358978
0.36116
0.357053
0.294394
0.322903
0.350123
0.354639
0.350146
0.288634
0.315252
0.344315
0.352662
0.349107
0.296037
0.323393
0.35343
0.366399
0.364318
0.348562
0.376442
0.408524
0.42581
0.424075
0.35707
0.38989
0.426298
0.447002
0.447399
0.360401
0.400395
0.441176
0.465616
0.470013
0.34901
0.399106
0.445763
0.474975
0.483863
0.32595
0.388127
0.443123
0.478822
0.493426
0.289693
0.366522
0.432601
0.47664
0.497919
0.240364
0.333779
0.413799
0.468422
0.497656
0.178342
0.289209
0.38652
0.454397
0.492972
0.107533
0.233948
0.353694
0.437157
0.485788
0.0359173
0.174592
0.320814
0.420226
0.47801
-0.0103014
0.131466
0.298192
0.409651
0.473532
0.0045679
0.13376
0.299787
0.411112
0.474451
0.101996
0.211553
0.336369
0.426564
0.48088
0.202013
0.288871
0.378847
0.445858
0.489506
0.278905
0.345382
0.413181
0.463337
0.498074
0.339764
0.388161
0.440757
0.478896
0.506461
0.39447
0.424379
0.463987
0.492714
0.514478
0.450027
0.46332
0.487891
0.50636
0.522556
0.511787
0.511763
0.519432
0.523639
0.531561
0.57095
0.564899
0.558609
0.549097
0.544053
0.602364
0.595986
0.588592
0.572713
0.559862
0.624848
0.615238
0.604639
0.588116
0.574067
0.68346
0.661556
0.636622
0.609502
0.588865
0.754152
0.711652
0.669928
0.631751
0.604056
0.80954
0.757078
0.705008
0.657699
0.622342
0.841507
0.791121
0.736114
0.683634
0.6419
0.610935
0.859475
0.815187
0.761257
0.706522
0.660429
0.625284
0.87015
0.831314
0.780322
0.726827
0.679346
0.641681
0.875796
0.841547
0.794275
0.742645
0.695201
0.656938
0.884603
0.853463
0.809942
0.760761
0.713678
0.674798
0.427958
0.423758
0.424691
0.430519
0.444603
0.419639
0.421038
0.42544
0.432762
0.446754
0.408678
0.414566
0.421446
0.429465
0.441987
0.387868
0.397549
0.405851
0.413301
0.422965
0.374791
0.389153
0.399069
0.40449
0.409333
0.365709
0.386586
0.400201
0.403186
0.403418
0.354786
0.381164
0.399216
0.402913
0.400759
0.342253
0.371828
0.394652
0.399095
0.395394
0.332233
0.362679
0.389333
0.395611
0.391082
0.329817
0.360488
0.389215
0.397607
0.392764
0.335254
0.366408
0.397564
0.408886
0.404125
0.359901
0.392652
0.425706
0.440202
0.435728
0.362513
0.399615
0.435941
0.454773
0.453984
0.361285
0.404822
0.444808
0.467792
0.471386
0.348895
0.400722
0.446448
0.474513
0.483076
0.326917
0.389179
0.442722
0.477066
0.491273
0.294005
0.368859
0.432306
0.474427
0.494831
0.250935
0.339793
0.415315
0.466751
0.493773
0.198914
0.302113
0.392134
0.453916
0.488411
0.142042
0.25769
0.364656
0.438508
0.480625
0.0893962
0.213417
0.339295
0.425778
0.474017
0.0702391
0.191781
0.325183
0.420426
0.471446
0.101449
0.206647
0.331412
0.424225
0.474122
0.172486
0.259174
0.360344
0.437772
0.481243
0.246923
0.316177
0.394815
0.454192
0.48981
0.311313
0.36443
0.425247
0.469851
0.498327
0.369825
0.406798
0.451764
0.484595
0.506783
0.42965
0.448883
0.476802
0.498912
0.515248
0.49287
0.495609
0.505241
0.514745
0.524344
0.550214
0.546943
0.539616
0.535438
0.535397
0.602436
0.592153
0.578662
0.562562
0.550979
0.645799
0.629753
0.610946
0.588106
0.569578
0.690836
0.666244
0.638434
0.609847
0.586973
0.758773
0.719826
0.677234
0.63665
0.606089
0.835245
0.77656
0.717681
0.665491
0.62681
0.88982
0.823604
0.7562
0.695462
0.649109
0.914073
0.853716
0.786428
0.722398
0.670771
0.920654
0.869466
0.80697
0.743886
0.690028
0.64821
0.921574
0.878469
0.822108
0.762648
0.708973
0.665249
0.919637
0.881633
0.830106
0.774465
0.723056
0.680618
0.934417
0.898642
0.849114
0.794852
0.743418
0.699911
0.42004
0.418254
0.419817
0.423545
0.430028
0.413818
0.417368
0.422457
0.428348
0.436164
0.408574
0.416308
0.423835
0.430852
0.438797
0.401069
0.412574
0.421827
0.428814
0.435579
0.393506
0.409504
0.421353
0.428276
0.432589
0.38573
0.406409
0.420643
0.426956
0.430176
0.376989
0.402225
0.419638
0.425448
0.425819
0.367322
0.395955
0.417136
0.423578
0.421481
0.359198
0.389913
0.414741
0.423156
0.41911
0.356468
0.388408
0.4159
0.425859
0.421401
0.357748
0.391098
0.420956
0.432684
0.428424
0.368436
0.404044
0.435938
0.449872
0.445938
0.367706
0.407068
0.441737
0.459423
0.458913
0.363155
0.407834
0.446138
0.46761
0.471129
0.350012
0.401748
0.445472
0.471546
0.479567
0.329257
0.389844
0.440626
0.472054
0.484959
0.30024
0.371409
0.430465
0.468139
0.486229
0.264516
0.347064
0.415531
0.460198
0.48377
0.224383
0.317813
0.396816
0.448967
0.478071
0.184699
0.285984
0.376604
0.436512
0.470742
0.15619
0.257791
0.360159
0.426996
0.464832
0.167369
0.255998
0.35767
0.42701
0.46482
0.213314
0.28181
0.368346
0.434565
0.469684
0.273214
0.323674
0.39019
0.447857
0.477708
0.330095
0.367269
0.416208
0.462813
0.486947
0.379925
0.407099
0.442808
0.477353
0.496354
0.428313
0.445038
0.46898
0.492323
0.506212
0.480633
0.4858
0.496195
0.508604
0.516866
0.531536
0.530513
0.527478
0.527569
0.529053
0.582041
0.574886
0.562529
0.550977
0.543774
0.641219
0.623534
0.601096
0.579734
0.562581
0.705358
0.675797
0.642252
0.6097
0.584525
0.778717
0.734501
0.686654
0.641735
0.607756
0.866011
0.804103
0.737944
0.678734
0.634323
0.951803
0.871173
0.788734
0.716555
0.662477
1.00186
0.917013
0.828919
0.749778
0.688531
1.01056
0.936949
0.853874
0.774847
0.710332
0.998115
0.937729
0.864536
0.790895
0.727168
0.979953
0.932277
0.869692
0.803089
0.741787
0.690416
0.968238
0.927633
0.872522
0.812043
0.755179
0.706713
0.980284
0.942341
0.891044
0.833
0.776642
0.72843
0.419277
0.418994
0.420682
0.423254
0.426531
0.414632
0.419268
0.424275
0.428899
0.433365
0.412324
0.421041
0.428701
0.434786
0.439795
0.408106
0.420417
0.430435
0.437818
0.443296
0.402273
0.418018
0.430001
0.437911
0.443534
0.394617
0.41402
0.427941
0.435851
0.44077
0.386152
0.409334
0.425435
0.433004
0.436313
0.377926
0.404602
0.423369
0.430743
0.431851
0.371617
0.40104
0.422757
0.43084
0.429477
0.368224
0.399846
0.424239
0.433364
0.430893
0.367901
0.401653
0.428361
0.438987
0.436065
0.371988
0.408381
0.437214
0.449588
0.446854
0.36945
0.409241
0.440607
0.455902
0.455699
0.363183
0.407505
0.44209
0.460562
0.463616
0.350428
0.400726
0.439686
0.46196
0.468735
0.332066
0.389752
0.433989
0.460576
0.471323
0.308676
0.374699
0.424798
0.456039
0.470836
0.283256
0.357134
0.413386
0.449321
0.468027
0.259835
0.339667
0.40178
0.441971
0.464045
0.24529
0.32653
0.393243
0.436611
0.46102
0.251561
0.324058
0.391769
0.435919
0.460983
0.297485
0.347704
0.406038
0.445573
0.467695
0.357296
0.386198
0.429597
0.461901
0.479565
0.406256
0.422577
0.452815
0.478565
0.491916
0.440879
0.453263
0.473719
0.493656
0.503437
0.472349
0.48073
0.493665
0.507737
0.514426
0.499674
0.507317
0.514396
0.522186
0.525509
0.532704
0.534444
0.536744
0.53858
0.53752
0.574629
0.568441
0.561051
0.556885
0.551267
0.629247
0.6128
0.594143
0.577649
0.566275
0.704652
0.673964
0.639433
0.607889
0.585708
0.797968
0.750034
0.696491
0.648352
0.6128
0.907137
0.837598
0.762858
0.696054
0.646291
1.02271
0.931272
0.834108
0.748288
0.683684
1.12206
1.01172
0.897124
0.796467
0.719858
1.16285
1.05245
0.935858
0.830701
0.748096
1.14937
1.0559
0.949797
0.849147
0.766386
1.10231
1.03135
0.943732
0.854171
0.775628
1.0561
1.00143
0.929783
0.852054
0.779424
1.03775
0.991288
0.929546
0.860419
0.795093
0.739827
1.04986
1.00583
0.947895
0.883367
0.82201
0.768659
0.4213
0.421545
0.422825
0.424356
0.425894
0.416035
0.420911
0.425519
0.429278
0.432205
0.41385
0.422522
0.429791
0.435298
0.439274
0.410696
0.422471
0.431934
0.438927
0.443967
0.405009
0.41962
0.430964
0.439052
0.444959
0.396984
0.414538
0.427589
0.43629
0.442468
0.388111
0.408816
0.42352
0.432291
0.437902
0.379899
0.403886
0.420386
0.42878
0.432993
0.373906
0.40083
0.419282
0.427489
0.429613
0.370383
0.399884
0.420373
0.428827
0.429207
0.36924
0.401151
0.42353
0.432653
0.431744
0.370428
0.404917
0.429115
0.439259
0.438071
0.367908
0.405278
0.431529
0.443608
0.443771
0.362347
0.403341
0.432067
0.446465
0.448761
0.352444
0.397897
0.429764
0.446948
0.451885
0.339701
0.390104
0.425526
0.445748
0.453539
0.326591
0.38163
0.420543
0.443693
0.454241
0.318293
0.376211
0.417722
0.443086
0.455832
0.321967
0.378928
0.420905
0.446892
0.460622
0.346531
0.395952
0.434484
0.458337
0.471129
0.398342
0.431363
0.460878
0.478947
0.488466
0.468564
0.481951
0.497712
0.506776
0.510989
0.520479
0.525115
0.531246
0.532988
0.532369
0.535685
0.5418
0.547838
0.548147
0.545084
0.541739
0.547326
0.554358
0.55575
0.552251
0.549563
0.554404
0.560434
0.561964
0.55856
0.564369
0.56693
0.56956
0.569175
0.565029
0.590975
0.588093
0.584814
0.579948
0.573353
0.635054
0.622586
0.608474
0.596296
0.585135
0.704396
0.67689
0.646938
0.621238
0.602037
0.805999
0.75807
0.706372
0.660916
0.627668
0.937068
0.864814
0.786477
0.716755
0.664634
1.09013
0.989086
0.880743
0.784158
0.710935
1.2441
1.11462
0.976963
0.85478
0.761133
1.36058
1.21078
1.05337
0.913814
0.805626
1.3869
1.24139
1.0863
0.945477
0.833202
1.34179
1.22147
1.0842
0.953403
0.844794
1.24175
1.15542
1.0482
0.938759
0.84226
1.15771
1.0919
1.00604
0.914205
0.83061
1.13362
1.07741
1.00372
0.924153
0.848045
1.16518
1.11072
1.04178
0.966441
0.893825
0.830107
0.421316
0.421016
0.421381
0.42187
0.42239
0.414501
0.418655
0.422358
0.425201
0.427199
0.41105
0.418886
0.425283
0.430075
0.433426
0.407634
0.418251
0.426741
0.433197
0.43796
0.401841
0.414811
0.425023
0.432845
0.438949
0.393609
0.408966
0.420672
0.429444
0.436436
0.384541
0.40242
0.415396
0.424529
0.431655
0.376472
0.397023
0.410982
0.419828
0.426195
0.370618
0.393868
0.409076
0.416953
0.421725
0.367591
0.393232
0.409648
0.41714
0.419486
0.367072
0.394873
0.412387
0.41981
0.420597
0.368517
0.39839
0.416959
0.424515
0.424444
0.368574
0.400514
0.420278
0.428633
0.428755
0.367175
0.401409
0.422621
0.432259
0.433431
0.364437
0.40114
0.424102
0.435448
0.438299
0.363325
0.402208
0.426909
0.440077
0.444877
0.36907
0.408814
0.434535
0.449023
0.455463
0.389824
0.427421
0.452137
0.466363
0.473197
0.433992
0.464501
0.484467
0.495414
0.500231
0.503551
0.521613
0.532085
0.535815
0.535649
0.580886
0.58576
0.585029
0.579651
0.572691
0.630615
0.630015
0.623665
0.612467
0.5997
0.640091
0.641176
0.636645
0.625325
0.611458
0.632775
0.635642
0.633683
0.625224
0.613822
0.624255
0.627423
0.626789
0.620678
0.611608
0.625099
0.626819
0.625457
0.619077
0.609807
0.64022
0.638329
0.634124
0.625544
0.614014
0.673959
0.664119
0.652618
0.639184
0.624698
0.733952
0.711156
0.686336
0.662523
0.641285
0.829401
0.787298
0.741951
0.700421
0.666888
0.967784
0.899362
0.825478
0.758171
0.705373
1.14652
1.04563
0.936257
0.836536
0.758319
1.35195
1.21358
1.06429
0.928667
0.821976
1.55164
1.37699
1.1898
1.02078
0.88739
1.68457
1.48796
1.27822
1.08918
0.938993
1.69398
1.50432
1.30008
1.11302
0.96144
1.60337
1.44981
1.27481
1.10646
0.9643
1.44401
1.33427
1.20036
1.06414
0.943273
1.30852
1.22768
1.12667
1.01887
0.91927
1.28133
1.21321
1.12502
1.02871
0.938053
1.3522
1.28462
1.19648
1.09835
1.0033
0.422609
0.419574
0.417832
0.416723
0.416017
0.410825
0.412925
0.41514
0.417028
0.41847
0.40333
0.409623
0.414943
0.419116
0.422199
0.398894
0.408015
0.415476
0.421513
0.426267
0.393382
0.404429
0.413375
0.420837
0.42719
0.385706
0.39853
0.40865
0.417133
0.42468
0.377265
0.391926
0.402945
0.411883
0.419958
0.369883
0.386399
0.398049
0.40679
0.41455
0.365523
0.384004
0.395682
0.403387
0.410014
0.36464
0.38478
0.396653
0.403158
0.407595
0.367417
0.388959
0.400814
0.406126
0.408517
0.373239
0.395917
0.407721
0.412221
0.412966
0.380454
0.404036
0.415899
0.420193
0.420342
0.389449
0.413835
0.425977
0.430664
0.431169
0.401987
0.427024
0.43965
0.445192
0.446683
0.422636
0.447714
0.460626
0.46692
0.469323
0.458047
0.481386
0.493345
0.499145
0.501179
0.514527
0.532686
0.540671
0.543077
0.54198
0.589594
0.598604
0.598653
0.593965
0.586474
0.663646
0.662818
0.65355
0.640289
0.625134
0.709203
0.703289
0.688824
0.67035
0.650297
0.720379
0.715038
0.701338
0.68242
0.662139
0.714097
0.711037
0.700635
0.68429
0.665692
0.702606
0.701498
0.694291
0.680864
0.66456
0.693486
0.693222
0.688172
0.67694
0.662467
0.69517
0.692502
0.686714
0.675995
0.662344
0.718002
0.708197
0.696223
0.681615
0.666182
0.768104
0.74716
0.724195
0.699819
0.677282
0.854078
0.816005
0.775356
0.735453
0.700816
0.98624
0.923337
0.8562
0.79267
0.739732
1.17274
1.07602
0.972191
0.875403
0.796516
1.41157
1.27214
1.12199
0.9832
0.871016
1.68453
1.4954
1.29243
1.10665
0.957231
1.94878
1.71098
1.45736
1.22743
1.04304
2.1072
1.8424
1.56142
1.30794
1.10424
2.10494
1.84884
1.57428
1.32388
1.12
1.95046
1.74454
1.5139
1.29418
1.10852
1.70872
1.56326
1.39108
1.21805
1.06485
1.50894
1.40816
1.28359
1.15152
1.02931
1.47471
1.39024
1.28434
1.16878
1.05818
1.59039
1.50049
1.38444
1.25614
1.13164
0.430393
0.422549
0.417456
0.414399
0.412886
0.422321
0.416361
0.413149
0.411329
0.410604
0.398305
0.400903
0.404151
0.40714
0.409192
0.389119
0.396379
0.403021
0.408954
0.413765
0.383155
0.39231
0.40044
0.407987
0.415
0.375844
0.386154
0.395079
0.403578
0.411996
0.3685
0.379768
0.388965
0.397726
0.406757
0.363564
0.375578
0.384419
0.392607
0.401322
0.363178
0.37583
0.383705
0.390298
0.397659
0.367968
0.381342
0.388226
0.392611
0.397547
0.378316
0.391966
0.397709
0.400307
0.402447
0.394249
0.407724
0.412049
0.412854
0.412952
0.414869
0.427787
0.430708
0.430026
0.428688
0.440434
0.452594
0.454302
0.452534
0.450145
0.47214
0.483377
0.484069
0.481454
0.478198
0.512538
0.522377
0.521879
0.518112
0.513544
0.564025
0.571168
0.568493
0.562409
0.555261
0.625438
0.627846
0.621189
0.610978
0.599542
0.687067
0.683571
0.671724
0.656282
0.639672
0.733237
0.725459
0.709649
0.690061
0.669254
0.755585
0.746826
0.7301
0.708712
0.685894
0.758143
0.75057
0.735481
0.715088
0.69275
0.7529
0.74656
0.733647
0.715162
0.69433
0.748373
0.742314
0.730832
0.713793
0.694256
0.751397
0.743903
0.732121
0.715061
0.695678
0.769526
0.757695
0.742587
0.722944
0.701684
0.810772
0.790803
0.768011
0.74167
0.715303
0.88485
0.850722
0.814338
0.775929
0.739918
1.00526
0.948248
0.888915
0.830626
0.779172
1.18715
1.09599
1.00127
0.911776
0.836452
1.44271
1.30412
1.15931
1.02523
0.915189
1.77223
1.57266
1.36308
1.17142
1.01612
2.15507
1.88331
1.59782
1.33967
1.13226
2.53641
2.19348
1.83283
1.50949
1.25074
2.75386
2.37298
1.97162
1.61353
1.32692
2.76407
2.39196
1.99554
1.63855
1.34969
2.5065
2.20543
1.87587
1.56872
1.31251
2.11489
1.90485
1.66617
1.43305
1.23068
1.80149
1.66065
1.49381
1.32171
1.16443
1.70265
1.59135
1.45418
1.30623
1.16506
1.78779
1.67361
1.52977
1.37352
1.2233
3.80779
59.5381
3.6649
64.2432
64.3489
64.5573
64.9003
4.76425
0.668563
0.55824
0.648391
0.0791679
0.562371
-0.048
-0.053639
-0.0547452
0.82855
)
;

boundaryField
{
    floor
    {
        type            fixedFluxPressure;
        gradient        uniform 0;
        value           nonuniform List<scalar> 
226
(
78.4909
78.4775
78.4918
78.5338
78.5381
78.5474
78.5405
78.5154
78.4744
78.4177
78.3498
78.2689
78.1955
78.1374
78.0945
78.0639
78.0423
78.0259
78.0125
78.0005
77.9892
77.9779
77.9663
77.9542
77.9415
77.9281
78.4928
78.4796
78.4942
78.5355
78.54
78.549
78.5424
78.5173
78.4762
78.4194
78.3513
78.2704
78.197
78.1388
78.0959
78.0655
78.0441
78.028
78.0149
78.0033
77.9925
77.9818
77.9709
77.9595
77.9476
77.9351
77.9221
77.9089
77.8967
77.8852
77.8795
77.8752
77.8853
77.9004
77.9084
77.918
77.9392
77.9746
78.0013
78.0213
78.0263
78.4928
78.4795
78.4942
78.5355
78.54
78.549
78.5424
78.5174
78.4765
78.4198
78.3519
78.2711
78.1981
78.1401
78.0975
78.0675
78.0465
78.0308
78.0182
78.0072
77.997
77.987
77.977
77.9666
77.956
77.9449
77.9336
77.9222
77.9119
77.9025
77.8976
77.8951
77.9017
77.9133
77.9212
77.9312
77.949
77.9778
78.0013
78.0202
78.026
78.4908
78.4775
78.4917
78.5336
78.538
78.5474
78.5407
78.5159
78.4753
78.419
78.3516
78.2712
78.1988
78.1415
78.0995
78.07
78.0495
78.0343
78.0223
78.0119
78.0025
77.9934
77.9844
77.9753
77.966
77.9566
77.9471
77.9379
77.9294
77.9219
77.9175
77.9154
77.9193
77.9283
77.9361
77.9461
77.9622
77.9861
78.0075
78.0247
78.0314
78.4855
78.472
78.4858
78.5288
78.533
78.5429
78.5361
78.5117
78.4716
78.416
78.3496
78.2701
78.1987
78.1425
78.1015
78.0729
78.0531
78.0385
78.0271
78.0175
78.0088
78.0007
77.9928
77.985
77.9773
77.9697
77.9623
77.9554
77.9494
77.9445
77.9421
77.942
77.9456
77.9529
77.9601
77.9691
77.9826
78.0013
78.0195
78.035
78.0418
78.536
78.5292
78.5053
78.4661
78.4116
78.3465
78.2683
78.1984
78.1436
78.1038
78.0762
78.0572
78.0433
78.0326
78.0236
78.0158
78.0086
78.0018
77.9953
77.9891
77.9833
77.9778
77.973
77.9691
77.9664
77.9655
77.9665
77.97
77.9764
77.9831
77.9912
78.0029
78.0184
78.0341
78.0484
78.0555
)
;
    }
    ceiling
    {
        type            fixedFluxPressure;
        gradient        uniform 0;
        value           nonuniform List<scalar> 
205
(
0.430393
0.422321
0.398305
0.389119
0.383155
0.375844
0.3685
0.363564
0.363178
0.367968
0.378316
0.394249
0.414869
0.440434
0.47214
0.512538
0.564025
0.625438
0.687067
0.733237
0.755585
0.758143
0.7529
0.748373
0.751397
0.769526
0.810772
0.88485
1.00526
1.18715
1.44271
1.77223
2.15507
2.53641
2.75386
2.76407
2.5065
2.11489
1.80149
1.70265
1.78779
0.422549
0.416361
0.400903
0.396379
0.39231
0.386154
0.379768
0.375578
0.37583
0.381342
0.391966
0.407724
0.427787
0.452594
0.483377
0.522377
0.571168
0.627846
0.683571
0.725459
0.746826
0.75057
0.74656
0.742314
0.743903
0.757695
0.790803
0.850722
0.948248
1.09599
1.30412
1.57266
1.88331
2.19348
2.37298
2.39196
2.20543
1.90485
1.66065
1.59135
1.67361
0.417456
0.413149
0.404151
0.403021
0.40044
0.395079
0.388965
0.384419
0.383705
0.388226
0.397709
0.412049
0.430708
0.454302
0.484069
0.521879
0.568493
0.621189
0.671724
0.709649
0.7301
0.735481
0.733647
0.730832
0.732121
0.742587
0.768011
0.814338
0.888915
1.00127
1.15931
1.36308
1.59782
1.83283
1.97162
1.99554
1.87587
1.66617
1.49381
1.45418
1.52977
0.414399
0.411329
0.40714
0.408954
0.407987
0.403578
0.397726
0.392607
0.390298
0.392611
0.400307
0.412854
0.430026
0.452534
0.481454
0.518112
0.562409
0.610978
0.656282
0.690061
0.708712
0.715088
0.715162
0.713793
0.715061
0.722944
0.74167
0.775929
0.830626
0.911776
1.02523
1.17142
1.33967
1.50949
1.61353
1.63855
1.56872
1.43305
1.32171
1.30623
1.37352
0.412886
0.410604
0.409192
0.413765
0.415
0.411996
0.406757
0.401322
0.397659
0.397547
0.402447
0.412952
0.428688
0.450145
0.478198
0.513544
0.555261
0.599542
0.639672
0.669254
0.685894
0.69275
0.69433
0.694256
0.695678
0.701684
0.715303
0.739918
0.779172
0.836452
0.915189
1.01612
1.13226
1.25074
1.32692
1.34969
1.31251
1.23068
1.16443
1.16506
1.2233
)
;
    }
    fixedWalls
    {
        type            fixedFluxPressure;
        gradient        uniform 0;
        value           nonuniform List<scalar> 
776
(
78.4909
78.4928
78.4928
78.4908
78.4855
78.0263
78.026
78.0314
78.0418
78.0555
78.4711
78.4728
78.4728
78.4711
78.4658
78.026
78.0245
78.0298
78.0409
78.0553
78.4334
78.435
78.435
78.4333
78.4279
78.0211
78.0215
78.0303
78.0448
78.0615
78.4019
78.4032
78.4031
78.4016
78.3965
78.0176
78.0204
78.0308
78.0474
78.0656
78.3958
78.3967
78.3964
78.395
78.3905
78.0024
78.0082
78.0203
78.0388
78.0576
78.4076
78.4087
78.4085
78.407
78.4024
77.9915
78.0004
78.0125
78.0315
78.0505
0.641961
0.640789
0.639872
0.639181
0.638687
0.575583
0.580971
0.589706
0.596596
0.602857
0.641747
0.640601
0.639709
0.639042
0.638572
0.581389
0.586675
0.59555
0.601488
0.606708
0.641167
0.640085
0.639248
0.638629
0.6382
0.584958
0.59047
0.598429
0.603523
0.608037
0.640131
0.639135
0.638379
0.637837
0.637481
0.590779
0.596143
0.602637
0.606111
0.609015
0.638729
0.637831
0.63717
0.636721
0.636457
0.59535
0.59982
0.604657
0.606498
0.607814
0.636994
0.636204
0.635653
0.635316
0.635163
0.5996
0.602748
0.605782
0.605861
0.605445
0.634955
0.634281
0.633851
0.63364
0.63362
0.599814
0.602315
0.603991
0.605225
0.603722
0.601786
0.63261
0.632058
0.631761
0.631694
0.631827
0.601675
0.603904
0.603966
0.60342
0.600502
0.597273
0.629949
0.629525
0.629371
0.629463
0.62977
0.602918
0.604444
0.602897
0.600666
0.596543
0.592299
0.626952
0.62666
0.626658
0.626923
0.627423
0.603782
0.604358
0.601262
0.59744
0.592287
0.587283
0.623578
0.62342
0.623577
0.624028
0.62474
0.604728
0.604196
0.59961
0.594252
0.588176
0.582634
0.619797
0.619767
0.620084
0.620728
0.621666
0.606351
0.604589
0.598523
0.591611
0.58463
0.578616
0.615517
0.615611
0.61609
0.616933
0.618111
0.609357
0.606218
0.598604
0.590075
0.582001
0.575478
0.610735
0.610926
0.611546
0.612577
0.613993
0.614517
0.609804
0.600514
0.590053
0.580735
0.573565
0.605197
0.605485
0.606247
0.607472
0.609137
0.622647
0.616083
0.604881
0.592084
0.581253
0.573155
0.599164
0.599456
0.600283
0.601638
0.603509
0.634557
0.625986
0.612185
0.596926
0.583871
0.574488
0.591695
0.592054
0.592996
0.594519
0.596629
0.651092
0.640257
0.623455
0.605045
0.589066
0.5779
0.584459
0.584632
0.58547
0.586971
0.589157
0.673283
0.659742
0.639479
0.61717
0.59762
0.583905
0.573297
0.573616
0.574646
0.576376
0.578853
0.701857
0.685367
0.660863
0.633922
0.610386
0.593247
0.56606
0.566157
0.56712
0.568889
0.571451
0.737432
0.71777
0.688341
0.656384
0.628216
0.606978
0.544053
0.54465
0.546619
0.549634
0.553544
0.779659
0.756232
0.722152
0.685842
0.652507
0.62574
0.511341
0.516275
0.525952
0.536195
0.547258
0.829967
0.803336
0.764832
0.721672
0.682472
0.650103
0.451002
0.446082
0.449961
0.467014
0.496637
0.884603
0.853463
0.809942
0.760761
0.713678
0.674798
0.427958
0.423758
0.424691
0.430519
0.444603
0.934417
0.898642
0.849114
0.794852
0.743418
0.699911
0.42004
0.418254
0.419817
0.423545
0.430028
0.980284
0.942341
0.891044
0.833
0.776642
0.72843
0.419277
0.418994
0.420682
0.423254
0.426531
1.04986
1.00583
0.947895
0.883367
0.82201
0.768659
0.4213
0.421545
0.422825
0.424356
0.425894
1.16518
1.11072
1.04178
0.966441
0.893825
0.830107
0.421316
0.421016
0.421381
0.42187
0.42239
1.3522
1.28462
1.19648
1.09835
1.0033
0.422609
0.419574
0.417832
0.416723
0.416017
1.59039
1.50049
1.38444
1.25614
1.13164
0.430393
0.422549
0.417456
0.414399
0.412886
1.78779
1.67361
1.52977
1.37352
1.2233
78.4076
78.4087
78.4085
78.407
78.4024
78.3894
78.39
78.3898
78.3886
78.3847
78.3708
78.3719
78.3715
78.3695
78.3648
77.8549
77.844
77.8425
77.8446
77.8485
77.8527
77.9534
77.9497
77.9503
77.9525
77.9557
77.9591
77.9545
77.9562
77.9566
77.9566
77.957
77.9584
77.9706
77.9693
77.9693
77.9707
77.9739
77.9788
77.9826
77.9812
77.9817
77.984
77.9884
77.9943
77.9938
77.9929
77.9944
77.9977
78.0024
78.0084
78.0005
78.0003
78.0021
78.0055
78.0103
78.016
78.0025
78.0028
78.0052
78.009
78.014
78.0196
78.0001
78.0012
78.0042
78.0085
78.0138
78.0196
77.994
77.996
77.9997
78.0047
78.0105
78.0168
77.9846
77.9875
77.992
77.9979
78.0047
78.0118
77.9717
77.9754
77.9811
77.9884
77.9965
78.0048
77.9546
77.9595
77.9669
77.976
77.9861
77.9963
77.9321
77.9386
77.9487
77.9606
77.9735
77.9863
77.9012
77.9104
77.9252
77.9414
77.9585
77.9748
77.8589
77.872
77.8948
77.9173
77.9409
77.962
77.79
77.8097
77.8514
77.8849
77.9193
77.9475
77.698
77.7233
77.798
77.845
77.8952
77.9321
77.4392
77.4761
77.6946
77.7771
77.8628
77.9141
77.3154
77.2802
77.6309
77.7171
77.8379
77.9001
77.3462
77.538
77.7934
77.8817
77.4769
77.5576
77.8031
77.8867
77.4996
77.581
77.8192
77.9
77.5404
77.6245
77.8447
77.9199
77.6254
77.6953
77.8822
77.9461
77.6629
77.7557
77.9167
77.9712
77.7221
77.8911
77.9147
77.9722
78.0037
77.8282
77.928
77.9573
77.9975
78.0238
77.9761
77.9913
78.0026
78.0233
78.0425
77.9915
78.0004
78.0125
78.0315
78.0505
78.3905
78.3919
78.3918
78.39
78.3859
78.2259
78.2277
78.2279
78.2268
78.224
3.80779
59.5381
59.5381
64.2432
64.3489
64.5573
64.9003
4.76425
4.76425
0.641961
0.640789
0.639872
0.639181
0.638687
0.642024
0.64082
0.63988
0.639174
0.638674
78.4093
0.64202
78.411
0.640839
78.4109
0.63991
78.4089
0.639209
78.4047
0.638707
78.2547
78.2564
78.2567
78.2554
78.2526
0.644087
0.644909
0.645659
0.646337
0.646878
0.644311
0.644946
0.645726
0.646504
0.646981
0.644505
0.645052
0.645692
0.646366
0.647087
0.644148
0.644755
0.645499
0.646314
0.64712
0.647885
0.642931
0.643666
0.644592
0.645631
0.646675
0.647642
0.641204
0.642013
0.643049
0.644297
0.645551
0.646715
0.63906
0.639776
0.640775
0.64228
0.64379
0.645175
0.635276
0.636103
0.637159
0.63934
0.641398
0.643104
0.621896
0.624858
0.628618
0.63432
0.638181
0.640592
0.550931
0.581968
0.603088
0.624864
0.633982
0.637749
0.411367
0.432239
0.540003
0.613973
0.629283
0.634738
0.395231
0.399657
0.51813
0.608793
0.625833
0.632252
0.574463
0.610045
0.624671
0.630709
0.602966
0.615969
0.625394
0.630049
0.612778
0.619238
0.625539
0.629245
0.615981
0.620268
0.624777
0.627965
0.614881
0.619064
0.622746
0.625935
0.609373
0.615564
0.619091
0.622973
0.595467
0.609173
0.612992
0.618876
0.668563
0.55824
0.562464
0.599877
0.603939
0.613827
0.55824
0.381029
0.580088
0.586971
0.607226
0.0791679
0.298315
0.576286
0.576297
0.602617
-0.048
0.301714
0.573603
0.572403
0.599464
-0.053639
0.325355
0.574077
0.573009
0.597584
-0.0547452
0.386522
0.569793
0.574326
0.595613
0.82855
0.82855
0.432408
0.572856
0.579084
0.595687
0.319378
0.484848
0.555358
0.579275
0.594618
0.544153
0.557302
0.581052
0.590396
0.598911
0.558708
0.570393
0.584931
0.593805
0.60101
0.575583
0.580971
0.589706
0.596596
0.602857
0.00834255
0.977555
0.977555
0.770365
63.5663
4.82982
4.82982
3.91138
3.73558
3.73022
0.674063
3.76912
62.1807
62.1807
0.670769
0.623312
0.417825
0.417825
)
;
    }
    rack2796428BA49E0232CAC645AEBC8DA5C1_fixedWall
    {
        type            fixedFluxPressure;
        gradient        uniform 0;
        value           nonuniform List<scalar> 
176
(
0.574463
0.602966
0.612778
0.615981
0.614881
0.609373
0.595467
0.562464
0.557547
0.595231
0.608246
0.613534
0.614521
0.612135
0.605537
0.590917
0.540132
0.585458
0.601478
0.608888
0.611423
0.610511
0.60655
0.59617
0.526328
0.576658
0.59527
0.604916
0.609479
0.61084
0.61028
0.606524
0.51505
0.568642
0.589633
0.601366
0.6078
0.611225
0.61344
0.614209
0.505362
0.561239
0.584511
0.598192
0.606357
0.611627
0.616225
0.620846
0.496447
0.554003
0.579283
0.594553
0.603981
0.610481
0.616473
0.624313
0.487392
0.546183
0.57308
0.589488
0.599674
0.60686
0.613455
0.624009
0.477404
0.536969
0.565083
0.582235
0.592791
0.600304
0.607034
0.619945
0.465907
0.525785
0.554798
0.572458
0.583214
0.590944
0.597728
0.612844
0.45252
0.512392
0.542121
0.560243
0.571231
0.579247
0.586262
0.603386
0.437111
0.496879
0.527285
0.545982
0.557382
0.565868
0.573445
0.592494
0.419815
0.479583
0.510747
0.530228
0.542298
0.551494
0.559992
0.581091
0.401
0.460996
0.49307
0.513577
0.526589
0.536732
0.546635
0.570034
0.381225
0.441663
0.474814
0.496563
0.510762
0.522097
0.533853
0.559893
0.361219
0.422136
0.456489
0.479631
0.495201
0.508008
0.521929
0.550954
0.341797
0.402821
0.438384
0.462967
0.480029
0.494626
0.510871
0.54325
0.324144
0.384363
0.421027
0.447017
0.46566
0.48216
0.500851
0.536892
0.308465
0.365977
0.403339
0.430562
0.45076
0.468909
0.490153
0.530055
0.0338087
0.298426
0.0860614
0.148762
0.352198
0.207761
0.230544
0.389862
0.272565
0.281877
0.418142
0.315731
0.326312
0.439823
0.344051
0.359484
0.459525
0.362048
0.397418
0.483121
0.390135
0.355524
0.526063
0.353555
)
;
    }
    rack2796428BA49E0232CAC645AEBC8DA5C1_inlet
    {
        type            zeroGradient;
    }
    rack2796428BA49E0232CAC645AEBC8DA5C1_outlet
    {
        type            zeroGradient;
    }
    acu380F56D59CF2B3DF6EFF9D0E6E8D39CB_inlet
    {
        type            fixedValue;
        value           uniform 0;
    }
    acu380F56D59CF2B3DF6EFF9D0E6E8D39CB_outlet
    {
        type            zeroGradient;
    }
    acu380F56D59CF2B3DF6EFF9D0E6E8D39CB_fixedWall
    {
        type            fixedFluxPressure;
        gradient        uniform 0;
        value           nonuniform List<scalar> 
200
(
0.64202
0.640839
0.63991
0.639209
0.638707
0.641838
0.640681
0.639773
0.63909
0.638605
0.641303
0.6402
0.63934
0.638699
0.638252
0.640329
0.639303
0.638513
0.637938
0.637554
0.63899
0.638052
0.637347
0.636856
0.636556
0.637318
0.636482
0.635876
0.635487
0.635292
0.635341
0.634617
0.634125
0.633853
0.633782
0.633056
0.632454
0.632089
0.631953
0.632026
0.630454
0.629982
0.629758
0.629772
0.63001
0.627513
0.627179
0.627106
0.627286
0.627707
0.624192
0.624003
0.624089
0.624448
0.625069
0.620457
0.620411
0.62066
0.621204
0.622038
0.61621
0.616308
0.616721
0.617459
0.618517
0.611433
0.611655
0.612214
0.613131
0.614408
0.605831
0.606186
0.606894
0.607986
0.609478
0.599657
0.600063
0.600836
0.602024
0.603661
0.59157
0.59213
0.593026
0.594326
0.596101
0.583866
0.58433
0.585076
0.586202
0.587814
0.567326
0.568473
0.569571
0.570718
0.572145
0.562242
0.563774
0.564777
0.565763
0.566518
0.644087
0.644909
0.645659
0.646337
0.646878
0.644035
0.64489
0.645633
0.646186
0.646754
0.644365
0.645057
0.645695
0.646162
0.646698
0.644549
0.645202
0.645731
0.646111
0.646623
0.644248
0.645049
0.645641
0.645906
0.646427
0.64327
0.64435
0.645173
0.645405
0.646004
0.641616
0.642998
0.644131
0.644495
0.645262
0.639221
0.640891
0.642375
0.643049
0.644064
0.635956
0.637881
0.639717
0.640847
0.642227
0.631594
0.633763
0.635954
0.637634
0.639462
0.625873
0.62828
0.630832
0.633133
0.635453
0.618484
0.62114
0.624077
0.627061
0.629896
0.609097
0.612041
0.61542
0.619156
0.622499
0.597367
0.600676
0.604598
0.609191
0.613033
0.582822
0.586626
0.591239
0.596895
0.601233
0.565008
0.56946
0.574987
0.582004
0.586864
0.542492
0.547821
0.554717
0.56346
0.568817
0.515273
0.521524
0.53015
0.541126
0.547263
0.473798
0.48175
0.492964
0.506504
0.513386
0.4336
0.442811
0.456655
0.474489
0.484177
)
;
    }
    baffleFaces_master
    {
        type            fixedFluxPressure;
        gradient        nonuniform 0();
        value           nonuniform 0();
    }
    baffleFaces_slave
    {
        type            fixedFluxPressure;
        gradient        nonuniform 0();
        value           nonuniform 0();
    }
    procBoundary3to2
    {
        type            processor;
        value           nonuniform List<scalar> 
1227
(
78.4856
78.4721
78.486
78.529
78.5332
78.5429
78.5357
78.5108
78.47
78.4137
78.3463
78.2659
78.193
78.1354
78.0929
78.0626
78.041
78.0245
78.0109
77.9987
77.9871
77.9755
77.9635
77.951
77.9379
77.9242
77.9143
77.9143
77.9143
77.9005
77.8883
77.8777
77.8754
77.8767
77.8956
77.9116
77.9191
77.9276
77.9471
77.9835
78.01
78.0282
78.0322
78.4659
78.4464
78.4528
78.4905
78.4963
78.5046
78.494
78.4691
78.4287
78.373
78.3075
78.2255
78.1568
78.1056
78.0708
78.0476
78.0312
78.0183
78.0069
77.9961
77.9853
77.9742
77.9624
77.9497
77.936
77.9213
77.9059
77.8942
77.8942
77.8942
77.8796
77.864
77.8605
77.8509
77.8766
77.8963
77.8991
77.9092
77.9271
77.9753
78.0055
78.0307
78.035
78.4281
78.4077
78.41
78.448
78.4553
78.4651
78.4513
78.4261
78.3849
78.3272
78.2621
78.1692
78.1043
78.0613
78.0373
78.0238
78.016
78.0103
78.0043
77.997
77.9883
77.9777
77.9653
77.9508
77.9339
77.9142
77.8913
77.8634
77.8392
77.8392
77.8392
77.7937
77.7632
77.6673
77.704
77.7434
77.7561
77.7825
77.8198
77.9346
77.981
78.0244
78.032
78.3973
78.3772
78.3685
78.4064
78.4145
78.4261
78.4092
78.3837
78.342
78.2823
78.2176
78.104
78.0436
78.0155
78.0063
78.0036
78.004
78.0038
78.0017
77.9969
77.9894
77.9789
77.9655
77.9488
77.9284
77.9032
77.872
77.8293
77.7785
77.6971
77.6971
77.6971
77.6403
77.3809
77.4984
77.5652
77.5906
77.6559
77.7058
77.9142
77.9624
78.0223
78.0302
78.3919
78.3739
78.3582
78.3879
78.3838
78.3942
78.373
78.3462
78.3026
78.2397
78.1654
78.0331
77.9662
77.9607
77.9763
77.9875
77.9961
78.0003
78.001
77.9982
77.9919
77.9825
77.9697
77.9529
77.9313
77.9024
77.8635
77.8029
77.7197
77.5157
77.3534
77.3534
77.3534
76.0162
76.3481
76.5107
76.6112
76.7727
76.825
77.798
77.8966
78.007
78.017
78.4037
78.3861
78.367
78.3901
78.3655
78.3719
78.3463
78.3177
78.2724
78.2
78.0658
77.8612
77.9558
77.9524
77.9709
77.9832
77.9945
78.0009
78.0026
77.9999
77.9936
77.9838
77.9705
77.9529
77.9299
77.8983
77.8546
77.7841
77.6885
77.4252
77.2819
75.2012
75.2012
75.2012
76.7067
76.8739
76.95
77.1127
76.4066
77.8498
77.8705
77.9979
78.0061
78.3868
78.3508
78.3578
78.3322
78.3083
78.2804
78.2334
78.2223
63.3586
69.7471
69.7471
69.7471
70.2264
3.56151
70.4765
3.58012
70.4905
3.58083
66.5504
78.4053
78.3326
78.3493
78.3263
78.304
78.2793
78.2223
78.2511
-0.0452956
-0.209669
-0.295041
-0.295041
-0.295041
-0.291607
0.571228
-0.302655
0.521293
-0.0468697
0.643416
0.643521
0.643482
0.643368
0.643834
0.644126
0.643784
0.642544
0.640852
0.638988
0.635697
0.622591
0.531908
0.411597
0.400064
0.825128
1.04469
0.985429
0.999185
0.822757
0.571228
0.822757
0.822757
0.795026
0.301116
0.551351
0.56201
0.578399
0.643176
0.643218
0.643267
0.643323
0.644292
0.644618
0.644063
0.642715
0.640931
0.638721
0.63416
0.614652
0.501539
0.397787
0.374792
0.828751
0.863825
0.753682
0.772104
0.679487
0.706866
0.706866
0.706866
0.52063
0.571657
0.576859
0.584916
0.642522
0.642482
0.642671
0.643843
0.644764
0.64479
0.643695
0.641727
0.639009
0.634682
0.624862
0.585185
0.461526
0.377109
0.359084
0.87546
0.832932
0.712919
0.72733
0.640319
0.706863
0.53914
0.53914
0.53914
0.570495
0.578312
0.587402
0.641394
0.641271
0.641612
0.643978
0.644667
0.644183
0.642303
0.639178
0.634464
0.626087
0.60739
0.541783
0.423062
0.350162
0.332419
0.879443
0.825637
0.721679
0.7316
0.652215
0.686842
0.594675
0.576852
0.576852
0.576852
0.58374
0.591608
0.639892
0.639731
0.64018
0.643444
0.643858
0.642637
0.639581
0.634426
0.626233
0.61152
0.577653
0.496552
0.385881
0.322202
0.304936
0.832662
0.782812
0.703738
0.712896
0.649212
0.670906
0.609485
0.602915
0.587254
0.587254
0.587254
0.594741
0.638051
0.637856
0.638404
0.642201
0.642281
0.640006
0.635137
0.626905
0.613666
0.589941
0.540899
0.452811
0.350218
0.293525
0.276273
0.757018
0.726053
0.677734
0.689123
0.642107
0.656847
0.615254
0.607007
0.599876
0.59765
0.59765
0.59765
0.635903
0.635675
0.636315
0.640343
0.639911
0.636131
0.628606
0.616277
0.596623
0.56251
0.503275
0.411092
0.315955
0.264476
0.247174
0.67118
0.672617
0.652742
0.667822
0.635502
0.645977
0.616545
0.610332
0.600477
0.601486
0.633446
0.63318
0.63391
0.637785
0.636524
0.630724
0.620056
0.602953
0.57614
0.533597
0.465672
0.371462
0.282714
0.235003
0.217569
0.588315
0.639728
0.63186
0.650258
0.629128
0.637202
0.615733
0.611276
0.601489
0.601616
0.630672
0.630363
0.631182
0.634409
0.631945
0.623832
0.609778
0.587743
0.554471
0.503822
0.428796
0.333632
0.250024
0.204903
0.187255
0.531147
0.628251
0.616189
0.63741
0.623401
0.630016
0.613902
0.610829
0.601919
0.601859
0.627562
0.627203
0.628111
0.629988
0.626176
0.615628
0.598259
0.571507
0.531825
0.473774
0.392822
0.297153
0.217424
0.173929
0.155955
0.508747
0.6223
0.605691
0.628533
0.618658
0.624362
0.611872
0.609816
0.60213
0.602176
0.624079
0.623655
0.624657
0.62422
0.618965
0.606145
0.585549
0.554167
0.50842
0.443655
0.357618
0.261538
0.184526
0.141918
0.12346
0.503378
0.614589
0.599478
0.622058
0.615007
0.620258
0.610363
0.608981
0.602575
0.602911
0.620199
0.619701
0.62079
0.616735
0.610078
0.595098
0.571405
0.535622
0.484239
0.413407
0.322938
0.226352
0.151096
0.108767
0.0896371
0.503574
0.601929
0.595643
0.616617
0.612522
0.617816
0.610063
0.60913
0.603875
0.604606
0.615828
0.615228
0.61641
0.607139
0.5992
0.582145
0.555532
0.515668
0.45914
0.382881
0.288535
0.191317
0.117113
0.0744877
0.0544616
0.5033
0.582389
0.594384
0.611635
0.611464
0.617295
0.611619
0.611073
0.606794
0.607972
0.610989
0.610265
0.61152
0.595102
0.585964
0.566936
0.537637
0.494084
0.432959
0.351949
0.254268
0.156407
0.0826002
0.0391333
0.0179962
0.500548
0.559851
0.59405
0.606586
0.611994
0.619047
0.6157
0.615614
0.612169
0.613802
0.6054
0.604444
0.605792
0.580121
0.56988
0.549028
0.517381
0.470635
0.405576
0.320575
0.220183
0.121819
0.0477163
0.00282077
-0.0196571
0.495508
0.539677
0.590503
0.601665
0.614157
0.623559
0.623022
0.623598
0.620889
0.622954
0.59942
0.598188
0.599574
0.561804
0.550637
0.528155
0.494584
0.445243
0.377045
0.288951
0.186651
0.0878401
0.012617
-0.0342742
-0.0584717
0.487146
0.521245
0.582596
0.597624
0.618121
0.631426
0.634306
0.635883
0.633858
0.636299
0.591937
0.58997
0.591316
0.538599
0.526999
0.503473
0.46881
0.417811
0.347548
0.257551
0.15447
0.0550359
-0.022281
-0.071982
-0.0985265
0.474972
0.502652
0.568996
0.596452
0.624461
0.64342
0.650309
0.653314
0.65195
0.654672
0.584974
0.582151
0.583681
0.510885
0.499344
0.475441
0.440522
0.388906
0.317829
0.227364
0.124658
0.0243512
-0.0563143
-0.110173
-0.140815
0.453701
0.479183
0.550331
0.598309
0.633791
0.660287
0.671747
0.676664
0.675938
0.67874
0.573721
0.567927
0.566205
0.468475
0.461752
0.440986
0.408693
0.358665
0.288772
0.200116
0.0988518
-0.00228964
-0.0877513
-0.147715
-0.185709
0.436971
0.455672
0.535517
0.603911
0.648633
0.682902
0.699242
0.706485
0.706427
0.709058
0.566909
0.559706
0.560603
0.42928
0.423953
0.407051
0.377486
0.329977
0.262861
0.178043
0.0796477
-0.0214236
-0.112485
-0.181195
-0.24106
0.375614
0.409523
0.525536
0.61496
0.672779
0.711705
0.73308
0.742829
0.743587
0.746143
0.544796
0.523549
0.477664
0.217953
0.201518
0.190965
0.175631
0.150545
0.125548
0.108138
0.0896518
0.266931
0.343091
0.357905
0.342634
0.302629
0.241784
0.163067
0.0698555
-0.0282105
-0.121117
-0.193863
-0.216258
0.0384889
0.122164
0.19732
0.252213
0.299158
0.334865
0.37452
0.333198
0.422186
0.43228
0.554413
0.646457
0.711741
0.751001
0.773675
0.785473
0.787427
0.789521
0.512859
0.486997
0.451927
0.3226
0.267161
0.243659
0.226207
0.206267
0.194428
0.191454
0.207605
0.309031
0.333719
0.340398
0.322781
0.285288
0.229729
0.157845
0.0727084
-0.0166806
-0.100508
-0.159776
-0.156142
-0.0242561
0.107392
0.205508
0.278685
0.338419
0.391525
0.449382
0.527059
0.55654
0.553366
0.625418
0.704444
0.767064
0.803223
0.822759
0.834143
0.837506
0.84072
0.462343
0.442089
0.415485
0.362295
0.333201
0.315022
0.298927
0.281986
0.271593
0.268943
0.277088
0.328689
0.333977
0.332091
0.311625
0.276511
0.225979
0.161712
0.0867088
0.00915788
-0.0610808
-0.0992551
-0.0716416
0.0275365
0.135412
0.225789
0.300413
0.369
0.434976
0.499939
0.567578
0.600174
0.625663
0.692694
0.774184
0.835784
0.866102
0.879676
0.886747
0.890101
0.896564
0.438444
0.422543
0.405218
0.378924
0.360005
0.344557
0.329401
0.315454
0.30597
0.303928
0.30972
0.333373
0.333209
0.326605
0.306008
0.273675
0.228696
0.173216
0.110462
0.0479399
-0.00316027
-0.0128998
0.0336617
0.116797
0.203354
0.276945
0.344404
0.414556
0.485206
0.542287
0.602791
0.651086
0.702791
0.779113
0.86713
0.925401
0.943874
0.944015
0.940015
0.935113
0.946693
0.427247
0.413592
0.402406
0.389642
0.377089
0.364414
0.351821
0.340101
0.33137
0.327719
0.328122
0.337037
0.333466
0.324043
0.304106
0.274919
0.236474
0.19153
0.144249
0.102424
0.0800704
0.107193
0.171775
0.246224
0.309057
0.362324
0.417424
0.473898
0.526623
0.580638
0.648135
0.719846
0.803194
0.900914
0.998574
1.04915
1.04735
1.02553
0.999988
0.984265
0.992956
0.423574
0.412111
0.40433
0.395672
0.385821
0.374207
0.362146
0.351266
0.342705
0.337738
0.335799
0.337784
0.332704
0.322452
0.304392
0.279784
0.250003
0.219261
0.19394
0.183975
0.204119
0.270304
0.345492
0.39622
0.432247
0.463876
0.491722
0.528826
0.5745
0.635611
0.720982
0.824958
0.947141
1.07648
1.18726
1.22499
1.1962
1.13379
1.07784
1.05473
1.0645
0.423836
0.412469
0.405356
0.398375
0.389335
0.377963
0.365983
0.355198
0.346606
0.340793
0.337502
0.336384
0.331426
0.322675
0.30889
0.292067
0.275833
0.267253
0.275896
0.312402
0.382389
0.466087
0.515826
0.52943
0.535239
0.543324
0.559991
0.590808
0.640966
0.719034
0.832881
0.978907
1.14923
1.32029
1.44841
1.46838
1.40149
1.2788
1.18208
1.15247
1.18325
0.423799
0.411307
0.403106
0.396127
0.387339
0.376081
0.364167
0.353573
0.345356
0.340107
0.337444
0.336751
0.33475
0.331178
0.32643
0.324252
0.3313
0.357444
0.411931
0.494273
0.579956
0.628976
0.636324
0.627319
0.618735
0.620195
0.637547
0.676308
0.744173
0.850867
1.00416
1.20153
1.42878
1.64984
1.79497
1.79654
1.6768
1.48853
1.33644
1.30327
1.37395
0.428563
0.410272
0.397355
0.388963
0.380635
0.370206
0.359089
0.349233
0.342767
0.340037
0.3412
0.345671
0.351978
0.360602
0.373684
0.396538
0.436918
0.501305
0.585235
0.664747
0.710296
0.718774
0.710295
0.69695
0.687271
0.691055
0.71787
0.774084
0.86942
1.01546
1.22107
1.4845
1.78702
2.08087
2.25551
2.24394
2.04966
1.76763
1.5417
1.50109
1.62093
0.442162
0.432992
0.398591
0.382441
0.37357
0.364153
0.354593
0.347471
0.345124
0.348442
0.357859
0.373572
0.394821
0.421826
0.455814
0.49953
0.555624
0.622437
0.688344
0.735811
0.756981
0.757776
0.751167
0.745838
0.749119
0.769306
0.814656
0.896326
1.02933
1.23034
1.51286
1.87775
2.30371
2.72699
2.96437
2.96278
2.65493
2.20425
1.85018
1.73845
1.83137
3.69203
3.62985
3.56151
3.88341
0.657676
0.666032
0.586246
0.571228
0.633668
)
;
    }
    procBoundary3to4
    {
        type            processor;
        value           nonuniform List<scalar> 
1398
(
78.4773
78.4639
78.4773
78.5215
78.5256
78.5256
78.5259
78.4971
78.5192
78.4959
78.4578
78.4046
78.3414
78.265
78.1971
78.1442
78.106
78.0796
78.0615
78.0484
78.0383
78.0301
78.023
78.0168
78.0111
78.0059
78.0011
77.9969
77.9932
77.9903
77.9883
77.9874
77.988
77.9901
77.9938
77.9996
78.0058
78.0131
78.0234
78.0365
78.0504
78.0635
78.0707
78.4578
78.4382
78.4441
78.4827
78.4882
78.4971
78.4971
78.4767
78.4446
78.4537
78.4161
78.3638
78.3027
78.2249
78.1617
78.1151
78.0845
78.065
78.0518
78.0419
78.0339
78.0271
78.0208
78.015
78.0096
78.0046
77.9999
77.9956
77.9919
77.9888
77.9867
77.9857
77.9862
77.9883
77.9922
77.9981
78.0047
78.0139
78.0257
78.0379
78.0499
78.0624
78.0714
78.4198
78.3994
78.4012
78.4401
78.4473
78.4576
78.4446
78.4446
78.4106
78.3782
78.3723
78.3383
78.3181
78.258
78.1695
78.1114
78.0733
78.0537
78.0436
78.0382
78.0346
78.0311
78.0271
78.0227
78.0177
78.0122
78.0065
78.0007
77.995
77.9897
77.9849
77.9812
77.9785
77.9778
77.9788
77.9832
77.9902
77.9989
78.0097
78.0222
78.0375
78.0529
78.0669
78.079
78.3891
78.369
78.3594
78.3984
78.4063
78.4187
78.4025
78.3782
78.3383
78.3383
78.2731
78.2378
78.2138
78.1049
78.0523
78.028
78.0227
78.0225
78.0251
78.027
78.0272
78.0255
78.0222
78.0175
78.0118
78.0054
77.9987
77.9917
77.9849
77.9785
77.9729
77.9684
77.9666
77.9668
77.9725
77.9818
77.9933
78.0072
78.0223
78.0392
78.0546
78.0694
78.0842
78.384
78.3664
78.3493
78.3804
78.3759
78.387
78.3665
78.3409
78.2991
78.2378
78.2378
78.1631
78.0648
78.0373
77.9847
77.9774
77.9995
78.012
78.0196
78.0242
78.0268
78.0267
78.0242
78.0199
78.0141
78.0073
77.9997
77.9917
77.9835
77.9752
77.9677
77.9607
77.9568
77.9546
77.9606
77.9713
77.9852
78.0019
78.0191
78.0384
78.0538
78.0675
78.0764
78.3956
78.3785
78.3581
78.3827
78.3579
78.365
78.34
78.3124
78.2686
78.1969
78.0648
78.0648
77.8548
77.9613
77.9611
77.985
78.0013
78.0152
78.0222
78.0255
78.0255
78.0231
78.0188
78.013
78.0062
77.9985
77.9901
77.9813
77.9723
77.9637
77.9553
77.9503
77.9466
77.9528
77.9639
77.9784
77.9961
78.0133
78.0325
78.0477
78.0618
78.0696
78.3797
78.3436
78.3512
78.3262
78.3032
78.2765
78.2302
78.22
78.3983
78.3256
78.3427
78.3204
78.2988
78.2751
78.2188
78.2483
0.638364
0.638348
0.638375
0.647344
0.647468
0.64773
0.64773
0.648485
0.6481
0.648434
0.647755
0.646549
0.644916
0.64294
0.64072
0.638439
0.636409
0.634824
0.633625
0.632328
0.630676
0.628476
0.625596
0.621931
0.617584
0.612472
0.608128
0.604907
0.602874
0.601482
0.601498
0.601736
0.604287
0.606131
0.607662
0.638267
0.638276
0.638287
0.647298
0.647498
0.647809
0.6481
0.6481
0.648451
0.648234
0.647753
0.646495
0.64476
0.642591
0.640064
0.637531
0.635349
0.633756
0.632707
0.631639
0.630285
0.628437
0.625962
0.622798
0.619029
0.614783
0.610944
0.607802
0.605643
0.603889
0.603606
0.603541
0.605767
0.60808
0.610529
0.637932
0.637912
0.637967
0.647278
0.647624
0.648135
0.648546
0.648234
0.648234
0.648053
0.647145
0.646698
0.644831
0.642518
0.639769
0.636981
0.634668
0.633116
0.632297
0.631517
0.630493
0.628985
0.626859
0.624091
0.620708
0.616936
0.613125
0.609803
0.607437
0.605306
0.604762
0.604377
0.606223
0.608573
0.611174
0.63728
0.637162
0.637326
0.647253
0.647754
0.648448
0.648907
0.648462
0.647145
0.647145
0.647122
0.644502
0.645188
0.642782
0.639948
0.637153
0.634906
0.633527
0.633
0.63252
0.631794
0.630569
0.628736
0.626319
0.6233
0.619956
0.616223
0.61286
0.610331
0.607792
0.606781
0.605848
0.606797
0.608472
0.610684
0.636344
0.636152
0.636411
0.647141
0.647787
0.648606
0.649056
0.648463
0.646935
0.644502
0.644502
0.645526
0.640517
0.64313
0.64043
0.637838
0.635815
0.634674
0.634378
0.634066
0.633453
0.632282
0.630492
0.628158
0.625288
0.622251
0.618537
0.614826
0.611875
0.608874
0.607366
0.605889
0.605914
0.606637
0.607996
0.635162
0.634904
0.635253
0.646852
0.647669
0.648613
0.649029
0.648323
0.646643
0.644073
0.640517
0.640517
0.643655
0.634796
0.641204
0.638869
0.63706
0.63605
0.635775
0.635362
0.634593
0.633272
0.631413
0.629124
0.626346
0.623348
0.619588
0.615626
0.612277
0.608809
0.606795
0.604843
0.604016
0.603679
0.604057
0.633755
0.633437
0.633873
0.646252
0.647268
0.648379
0.648754
0.647881
0.645992
0.64325
0.639566
0.634796
0.634796
0.641846
0.628147
0.639733
0.638048
0.636972
0.636446
0.635644
0.634446
0.63272
0.630539
0.627994
0.625098
0.621982
0.618111
0.613828
0.610112
0.606395
0.604156
0.602047
0.600682
0.599475
0.599043
0.632123
0.631745
0.632272
0.645142
0.646353
0.647513
0.647797
0.646724
0.644705
0.641867
0.638137
0.633415
0.628147
0.628147
0.639505
0.621407
0.637712
0.636286
0.635197
0.633703
0.63181
0.629463
0.626807
0.623889
0.620811
0.617477
0.613678
0.609395
0.605714
0.602152
0.600032
0.598038
0.596357
0.594479
0.593447
0.630253
0.629812
0.630435
0.643288
0.644695
0.645829
0.646029
0.644772
0.642635
0.639686
0.635845
0.631055
0.625818
0.621407
0.621407
0.634949
0.61449
0.632864
0.630993
0.628697
0.626087
0.62315
0.620094
0.616906
0.613783
0.610328
0.606827
0.602868
0.599622
0.596594
0.594893
0.593209
0.591384
0.589051
0.587725
0.628117
0.627608
0.628335
0.640408
0.64201
0.643049
0.643147
0.641695
0.639373
0.636196
0.632121
0.62711
0.621695
0.617075
0.61449
0.61449
0.626487
0.605941
0.623822
0.620795
0.617602
0.614248
0.610976
0.607691
0.604729
0.601369
0.598407
0.595077
0.592587
0.590357
0.589254
0.58797
0.586127
0.583529
0.582268
0.62567
0.625084
0.625923
0.636202
0.637967
0.638846
0.638851
0.637126
0.634529
0.631021
0.626595
0.621224
0.615461
0.610425
0.607321
0.605941
0.605941
0.614091
0.595414
0.610531
0.606987
0.60346
0.600222
0.597102
0.594549
0.591568
0.589335
0.586854
0.585301
0.583986
0.583547
0.582692
0.580912
0.578295
0.577301
0.622853
0.622178
0.623135
0.630406
0.63229
0.632962
0.632849
0.630771
0.627825
0.623917
0.619073
0.613264
0.607059
0.601518
0.597856
0.595839
0.595414
0.595414
0.598621
0.582356
0.595024
0.591625
0.588702
0.586029
0.584125
0.581789
0.580404
0.578903
0.578334
0.577929
0.578123
0.577697
0.576031
0.573618
0.57304
0.619576
0.618794
0.619871
0.622783
0.624722
0.625179
0.62489
0.622444
0.619139
0.614829
0.609573
0.603333
0.59669
0.590671
0.586536
0.584054
0.583332
0.582356
0.582356
0.582536
0.569112
0.579571
0.577246
0.575271
0.574203
0.572698
0.572208
0.571726
0.572103
0.572547
0.573317
0.573295
0.571855
0.569775
0.569655
0.615747
0.614841
0.616022
0.613155
0.615094
0.615341
0.614873
0.612115
0.608509
0.603877
0.598297
0.591721
0.584737
0.578364
0.573935
0.571249
0.570524
0.569725
0.569112
0.569112
0.568032
0.55737
0.56654
0.56546
0.565353
0.564776
0.565174
0.565677
0.56692
0.568138
0.569453
0.569797
0.568713
0.56717
0.56748
0.611199
0.610127
0.611358
0.601309
0.603111
0.603265
0.60272
0.599812
0.596075
0.591311
0.585591
0.578859
0.571705
0.565173
0.56068
0.558097
0.557672
0.557341
0.557369
0.55737
0.55737
0.557099
0.548961
0.557036
0.557943
0.5583
0.559532
0.560941
0.562963
0.564881
0.566733
0.567495
0.566909
0.566037
0.56682
0.605854
0.604598
0.605752
0.587057
0.588745
0.588999
0.58856
0.585757
0.582161
0.577543
0.571947
0.565302
0.558199
0.551734
0.547418
0.545247
0.545385
0.54577
0.546641
0.54756
0.548961
0.548961
0.550228
0.543673
0.552138
0.553356
0.555336
0.557539
0.560251
0.562777
0.565144
0.566427
0.566321
0.566347
0.567801
0.599289
0.597637
0.598396
0.569167
0.571125
0.572006
0.572187
0.57004
0.567077
0.563046
0.557937
0.551683
0.544874
0.538707
0.534775
0.53328
0.534162
0.535426
0.537257
0.539171
0.541568
0.543673
0.543673
0.547894
0.542455
0.549859
0.552486
0.555374
0.558704
0.561696
0.564649
0.56618
0.566817
0.568159
0.570491
0.59199
0.590012
0.590013
0.548151
0.550943
0.553062
0.554301
0.553385
0.551564
0.548589
0.544345
0.538782
0.532493
0.526822
0.523424
0.522802
0.524515
0.526729
0.52954
0.532437
0.535778
0.538747
0.542455
0.542455
0.54766
0.541839
0.55082
0.554321
0.558178
0.561649
0.564896
0.566667
0.568731
0.571666
0.575121
0.582069
0.578042
0.574188
0.514517
0.522784
0.529325
0.533772
0.535702
0.536063
0.534874
0.531962
0.527396
0.521815
0.516764
0.513938
0.514201
0.516682
0.519779
0.523482
0.527266
0.53145
0.535222
0.539655
0.541839
0.541839
0.550161
0.548585
0.554275
0.558693
0.562445
0.565873
0.568564
0.572465
0.577236
0.582257
0.574798
0.570933
0.567468
0.487578
0.496786
0.507185
0.514311
0.519509
0.522371
0.523276
0.52191
0.518495
0.513737
0.509409
0.507183
0.50832
0.511491
0.515337
0.519782
0.524308
0.529164
0.533583
0.538592
0.541831
0.548585
0.548585
0.555262
0.559842
0.560098
0.564193
0.568349
0.572443
0.578385
0.585507
0.592549
0.558374
0.537735
0.474423
0.199115
0.189893
0.190836
0.195298
0.197818
0.187764
0.16271
0.137505
0.352239
0.432824
0.472519
0.491764
0.5039
0.510812
0.514409
0.51475
0.512495
0.508552
0.504921
0.50317
0.504558
0.508126
0.512428
0.517341
0.52232
0.527448
0.532339
0.537767
0.543162
0.551146
0.559842
0.559842
0.562446
0.574428
0.567501
0.572883
0.578818
0.587227
0.597322
0.607568
0.558858
0.548933
0.520353
0.376415
0.307578
0.278165
0.269003
0.265039
0.25953
0.255522
0.273522
0.395059
0.430095
0.462882
0.481538
0.4954
0.504194
0.509331
0.510834
0.509398
0.506213
0.50352
0.502705
0.504723
0.508629
0.513155
0.518151
0.523266
0.528575
0.533968
0.540004
0.546822
0.555812
0.565426
0.574428
0.574428
0.573019
0.596969
0.580215
0.58835
0.599542
0.612231
0.626034
0.537461
0.522283
0.492922
0.428838
0.388306
0.367436
0.35903
0.354145
0.34661
0.34335
0.355675
0.411958
0.435804
0.460889
0.47802
0.491899
0.501248
0.506675
0.508078
0.506402
0.503328
0.501088
0.501097
0.503733
0.507865
0.512539
0.51765
0.523003
0.528698
0.53484
0.542033
0.550854
0.561575
0.57291
0.584342
0.596969
0.596969
0.591131
0.632309
0.601561
0.615069
0.629253
0.64562
0.493225
0.483114
0.470098
0.442624
0.42048
0.407372
0.399982
0.393161
0.385987
0.384435
0.394229
0.422793
0.442276
0.462225
0.477531
0.489983
0.4981
0.502142
0.502041
0.499096
0.495544
0.493721
0.494496
0.497786
0.502473
0.507852
0.513815
0.520224
0.527212
0.535129
0.544934
0.557061
0.570279
0.584681
0.599962
0.616089
0.632309
0.632309
0.618953
0.676837
0.633105
0.648695
0.666416
0.447324
0.452723
0.452579
0.445669
0.438866
0.43349
0.427324
0.419944
0.414128
0.412761
0.418762
0.43413
0.448196
0.462907
0.474763
0.483998
0.489402
0.491235
0.489672
0.485922
0.482086
0.481367
0.484039
0.488893
0.495118
0.502303
0.510322
0.519051
0.528705
0.53968
0.552753
0.568161
0.585331
0.604339
0.624889
0.644535
0.661788
0.676837
0.676837
0.651985
0.718762
0.670014
0.690941
0.432095
0.439918
0.445504
0.448188
0.44854
0.445258
0.439568
0.432883
0.427422
0.425448
0.428468
0.437213
0.446835
0.45688
0.464828
0.470613
0.473481
0.473922
0.472748
0.47169
0.472433
0.477456
0.486442
0.496339
0.505843
0.515189
0.524816
0.534977
0.546214
0.558281
0.572238
0.590189
0.613032
0.639443
0.666002
0.68805
0.703603
0.713713
0.718762
0.718762
0.697256
0.784099
0.725919
0.427664
0.434846
0.442343
0.447805
0.449721
0.447805
0.443009
0.436862
0.431251
0.42789
0.427881
0.432166
0.437917
0.444005
0.449048
0.453054
0.456237
0.459993
0.466133
0.476663
0.492661
0.512421
0.529689
0.540414
0.546471
0.552206
0.559014
0.566372
0.575803
0.58819
0.605435
0.629583
0.660563
0.695447
0.728123
0.750326
0.761543
0.764582
0.761266
0.784099
0.784099
0.778201
0.919454
0.422984
0.428633
0.435633
0.441369
0.443912
0.442683
0.438489
0.432639
0.426758
0.422337
0.420341
0.42213
0.425598
0.430791
0.436985
0.445375
0.457691
0.476208
0.502156
0.534068
0.565034
0.586537
0.597737
0.601569
0.601558
0.600592
0.602148
0.60995
0.623076
0.641058
0.666808
0.701936
0.744875
0.790298
0.828313
0.847255
0.853415
0.844031
0.835442
0.860258
0.919454
0.415855
0.419566
0.42436
0.429685
0.432625
0.431825
0.428218
0.423071
0.41787
0.41405
0.412739
0.415043
0.421384
0.432035
0.448263
0.471544
0.502731
0.540272
0.578662
0.610572
0.631637
0.642973
0.647415
0.647831
0.647111
0.64756
0.650955
0.658374
0.6729
0.698558
0.736621
0.787054
0.846042
0.905868
0.951699
0.965138
0.963112
0.939603
0.926722
0.961502
1.02117
0.412604
0.410833
0.410748
0.416143
0.421118
0.420379
0.416497
0.411485
0.407233
0.405547
0.408021
0.415921
0.429924
0.45033
0.477281
0.510885
0.549526
0.589201
0.62417
0.649349
0.664075
0.671095
0.673699
0.674598
0.676213
0.680858
0.690828
0.708333
0.736002
0.77619
0.830403
0.898867
0.977402
1.05822
1.11309
1.13171
1.11383
1.06799
1.03166
1.04103
1.09025
)
;
    }
}


// ************************************************************************* //
