/*--------------------------------*- C++ -*----------------------------------*\
| =========                 |                                                 |
| \\      /  F ield         | OpenFOAM: The Open Source CFD Toolbox           |
|  \\    /   O peration     | Version:  2.3.1                                 |
|   \\  /    A nd           | Web:      www.OpenFOAM.org                      |
|    \\/     M anipulation  |                                                 |
\*---------------------------------------------------------------------------*/
FoamFile
{
    version     2.0;
    format      ascii;
    class       volScalarField;
    location    "600";
    object      T;
}
// * * * * * * * * * * * * * * * * * * * * * * * * * * * * * * * * * * * * * //

dimensions      [0 0 0 1 0 0 0];

internalField   nonuniform List<scalar> 
6852
(
289.15
289.15
289.15
289.15
289.15
289.15
289.15
289.15
289.15
289.15
289.15
289.15
289.15
289.15
289.15
289.15
289.15
289.15
289.15
289.15
289.15
289.15
289.15
289.15
289.15
289.15
289.15
289.15
289.15
289.15
289.15
289.15
289.15
289.15
289.15
289.15
289.15
289.15
289.15
289.15
289.15
289.15
289.15
289.15
289.15
289.15
289.15
289.15
289.15
289.15
289.15
289.15
289.15
289.15
289.15
289.15
289.15
289.15
289.15
289.15
289.15
289.15
289.15
289.15
289.15
289.15
289.15
289.15
289.15
289.15
289.15
289.15
289.15
289.15
289.15
289.15
289.15
289.15
289.15
289.15
289.15
289.15
289.15
289.15
289.15
289.15
289.15
289.15
289.15
289.15
289.15
289.15
289.15
289.15
289.15
289.15
289.15
289.15
289.15
289.15
289.15
289.15
289.15
289.15
289.15
289.15
289.15
289.15
289.15
289.15
289.15
289.15
289.15
289.15
289.15
289.15
289.15
289.15
289.15
289.15
289.15
289.15
289.15
289.15
289.15
289.15
289.15
289.15
289.15
289.15
289.15
289.15
289.15
289.15
289.15
289.15
289.15
289.15
289.15
289.15
289.15
289.15
289.15
289.15
289.15
289.15
289.15
289.15
289.15
289.15
289.15
289.15
289.15
289.15
289.15
289.15
289.15
289.15
289.15
289.15
289.15
289.15
289.15
289.15
289.15
289.15
289.15
289.15
289.15
289.15
289.15
289.15
289.15
289.15
289.15
289.15
289.15
289.15
289.15
289.15
289.15
289.15
289.15
289.15
289.15
289.15
289.15
289.15
289.15
289.15
289.15
289.15
289.15
289.15
289.15
289.15
289.15
289.15
289.15
289.15
289.15
289.15
289.15
289.15
289.15
289.15
289.15
289.15
289.15
289.15
289.15
289.15
289.15
289.15
289.15
289.15
289.15
289.15
289.15
289.15
289.15
289.15
289.15
289.15
289.15
289.15
289.15
289.15
289.15
289.15
289.15
289.15
289.15
289.15
289.15
289.15
289.15
289.15
289.15
289.15
289.15
289.15
289.15
289.15
289.15
289.15
289.15
289.15
289.15
289.15
289.15
289.15
289.15
289.15
289.15
289.15
289.15
289.15
289.15
289.15
289.15
289.15
289.15
289.15
289.15
289.15
289.15
289.15
289.15
289.15
289.15
289.15
289.15
289.15
289.15
289.15
289.15
289.15
289.15
289.15
289.15
289.15
289.15
289.15
289.15
289.15
289.15
289.15
289.15
289.15
289.15
289.15
289.15
289.15
289.15
289.15
289.15
289.15
289.15
289.15
289.15
289.15
289.15
289.15
289.15
289.15
289.15
289.15
289.15
289.15
289.15
289.15
289.15
289.15
289.15
289.15
289.15
289.15
289.15
289.15
289.15
289.15
289.15
289.15
289.15
289.15
289.15
289.15
289.15
289.15
289.15
289.15
289.15
289.15
289.15
289.15
289.15
289.15
289.15
289.15
289.15
289.15
289.15
289.15
289.15
289.15
289.15
289.15
289.15
289.15
289.15
289.15
289.15
289.15
289.15
289.15
289.15
289.15
289.15
289.15
289.15
289.15
289.15
289.15
289.15
289.15
289.15
289.15
289.15
289.15
289.15
289.15
289.15
289.15
289.15
289.15
289.15
289.15
289.15
289.15
289.15
289.15
289.15
289.15
289.15
289.15
289.15
289.15
289.15
289.15
289.15
289.15
289.15
289.15
289.15
289.15
289.15
289.15
289.15
289.15
289.15
289.15
289.15
289.15
289.15
289.15
289.15
289.15
289.15
289.15
289.15
289.15
289.15
289.15
289.15
289.15
289.15
289.15
289.15
289.15
289.15
289.15
289.15
289.15
289.15
289.15
289.15
289.15
289.15
289.15
289.15
289.15
289.15
289.15
289.15
289.15
289.15
289.15
289.15
289.15
289.15
289.15
289.15
289.15
289.15
289.15
289.15
289.15
289.15
289.15
289.15
289.15
289.15
289.15
289.15
289.15
289.15
289.15
289.15
289.15
289.15
289.15
289.15
289.15
289.15
289.15
289.15
289.15
289.15
289.15
289.15
289.15
289.15
289.15
289.15
289.15
289.15
289.15
289.15
289.15
289.15
289.15
289.15
289.15
289.15
289.15
289.15
289.15
289.15
289.15
289.15
289.15
289.15
289.15
289.15
289.15
289.15
289.15
289.15
289.15
289.15
289.15
289.15
289.15
289.15
289.15
289.15
289.15
289.15
289.15
289.15
289.15
289.15
289.15
289.15
289.15
289.15
289.15
289.15
289.15
289.15
289.15
289.15
289.15
289.15
289.15
289.15
289.15
289.15
289.15
289.15
289.15
289.15
289.15
289.15
289.15
289.15
289.15
289.15
289.15
289.15
289.15
289.15
289.15
289.15
289.15
289.15
289.15
289.15
289.15
289.15
289.15
289.15
289.15
289.15
289.15
289.15
289.15
289.15
289.15
289.15
289.15
289.15
289.15
289.15
289.15
289.15
289.15
289.15
289.15
289.15
289.15
289.15
289.15
289.15
289.15
289.15
289.15
289.15
289.15
289.15
289.15
289.15
289.15
289.15
289.15
289.15
289.15
289.15
289.15
289.15
289.15
289.15
289.15
289.15
289.15
289.15
289.15
289.15
289.15
289.15
289.15
289.15
289.15
289.15
289.15
289.15
289.15
289.15
289.15
289.15
289.15
289.15
289.15
289.15
289.15
289.15
289.15
289.15
289.15
289.15
289.15
289.15
289.15
289.15
289.15
289.15
289.15
289.15
289.15
289.15
289.15
289.15
289.15
289.15
289.15
289.15
289.15
289.15
289.15
289.15
289.15
289.15
289.15
289.15
289.15
289.15
289.15
289.15
289.15
289.15
289.15
289.15
289.15
289.15
289.15
289.15
289.15
289.15
289.15
289.15
289.15
289.15
289.15
289.15
289.15
289.15
289.15
289.15
289.15
289.15
289.15
289.15
289.15
289.15
289.15
289.15
289.15
289.15
289.15
289.15
289.15
289.15
289.15
289.15
289.15
289.15
289.15
289.15
289.15
289.15
289.15
289.15
289.15
289.15
289.15
289.15
289.15
289.15
289.15
289.15
289.15
289.15
289.15
289.15
289.15
289.15
289.15
289.15
289.15
289.15
289.15
289.15
289.15
289.15
289.15
289.15
289.15
289.15
289.15
289.15
289.15
289.15
289.15
289.15
289.15
289.15
289.15
289.15
289.15
289.15
289.15
289.15
289.15
289.15
289.15
289.15
289.15
289.15
289.15
289.15
289.15
289.15
289.15
289.15
289.15
289.15
289.15
289.15
289.15
289.15
289.15
289.15
289.15
289.15
289.15
289.15
289.15
289.15
289.15
289.15
289.15
289.15
289.15
289.15
289.15
289.15
289.15
289.15
289.15
289.15
289.15
289.15
289.15
289.15
289.15
289.15
289.15
289.15
289.15
289.15
289.15
289.15
289.15
289.15
289.15
289.15
289.15
289.15
289.15
289.15
289.15
289.15
289.15
289.15
289.15
289.15
289.15
289.15
289.15
289.15
289.15
289.15
289.15
289.15
289.15
289.15
289.15
289.15
289.15
289.15
289.15
289.15
289.15
289.15
289.15
289.15
289.15
289.15
289.15
289.15
289.15
289.15
289.15
289.15
289.15
289.15
289.15
289.15
289.15
289.15
289.15
289.15
289.15
289.15
289.15
289.15
289.15
289.15
289.15
289.15
289.15
289.15
289.15
289.15
289.15
289.15
289.15
289.15
289.15
289.15
289.15
289.15
289.15
289.15
289.15
289.15
289.15
289.15
289.15
289.15
289.15
289.15
289.15
289.15
289.15
289.15
289.15
289.15
289.15
289.15
289.15
289.15
289.15
289.15
289.15
289.15
289.15
289.15
289.15
289.15
289.15
289.15
289.15
289.15
289.15
289.15
289.15
289.15
289.15
289.15
289.15
289.15
289.15
289.15
289.15
289.15
289.15
289.15
289.15
289.15
289.15
289.15
289.15
289.15
289.15
289.15
289.15
289.15
289.15
289.15
289.15
289.15
289.15
289.15
289.15
289.15
289.15
289.15
289.15
289.15
289.15
289.15
289.15
289.15
289.15
289.15
289.15
289.15
289.15
289.15
289.15
289.15
289.15
289.15
289.15
289.15
289.15
289.15
289.15
289.15
289.15
289.15
289.15
289.15
289.15
289.15
289.15
289.15
289.15
289.15
289.15
289.15
289.15
289.15
289.15
289.15
289.15
289.15
289.15
289.15
289.15
289.15
289.15
289.15
289.15
289.15
289.15
289.15
289.15
289.15
289.15
289.15
289.15
289.15
289.15
289.15
289.15
289.15
289.15
289.15
289.15
289.15
289.15
289.15
289.15
289.15
289.15
289.15
289.15
289.15
289.15
289.15
289.15
289.15
289.15
289.15
289.15
289.15
289.15
289.15
289.15
289.15
289.15
289.15
289.15
289.15
289.15
289.15
289.15
289.15
289.15
289.15
289.15
289.15
289.15
289.15
289.15
289.15
289.15
289.15
289.15
289.15
289.15
289.15
289.15
289.15
289.15
289.15
289.15
289.15
289.15
289.15
289.15
289.15
289.15
289.15
289.15
289.15
289.15
289.15
289.15
289.15
289.15
289.15
289.15
289.15
289.15
289.15
289.15
289.15
289.15
289.15
289.15
289.15
289.15
289.15
289.15
289.15
289.15
289.15
289.15
289.15
289.15
289.15
289.15
289.15
289.15
289.15
289.15
289.15
289.15
289.15
289.15
289.15
289.15
289.15
289.15
289.15
289.15
289.15
289.15
289.15
289.15
289.15
289.15
289.15
289.15
289.15
289.15
289.15
289.15
289.15
289.15
289.15
289.15
289.15
289.15
289.15
289.15
289.15
289.15
289.15
289.15
289.15
289.15
289.15
289.15
289.15
289.15
289.15
289.15
289.15
289.15
289.15
289.15
289.15
289.15
289.15
289.15
289.15
289.15
289.15
289.15
289.15
289.15
289.15
289.15
289.15
289.15
289.15
289.15
289.15
289.15
289.15
289.15
289.15
289.15
289.15
289.15
289.15
289.15
289.15
289.15
289.15
289.15
289.15
289.15
289.15
289.15
289.15
289.15
289.15
289.15
289.15
289.15
289.15
289.15
289.15
289.15
289.15
289.15
289.15
289.15
289.15
289.15
289.15
289.15
289.15
289.15
289.15
289.15
289.15
289.15
289.15
289.15
289.15
289.15
289.15
289.15
289.15
289.15
289.15
289.15
289.15
289.15
289.15
289.15
289.15
289.15
289.15
289.15
289.15
289.15
289.15
289.15
289.15
289.15
289.15
289.15
289.15
289.15
289.15
289.15
289.15
289.15
289.15
289.15
289.15
289.15
289.15
289.15
289.15
289.15
289.15
289.15
289.15
289.15
289.15
289.15
289.15
289.15
289.15
289.15
289.15
289.15
289.15
289.15
289.15
289.15
289.15
289.15
289.15
289.15
289.15
289.15
289.15
289.15
289.15
289.15
289.15
289.15
289.15
289.15
289.15
289.15
289.15
289.15
289.15
289.15
289.15
289.15
289.15
289.15
289.15
289.15
289.15
289.15
289.15
289.15
289.15
289.15
289.15
289.15
289.15
289.15
289.15
289.15
289.15
289.15
289.15
289.15
289.15
289.15
289.15
289.15
289.15
289.15
289.15
289.15
289.15
289.15
289.15
289.15
289.15
289.15
289.15
289.15
289.15
289.15
289.15
289.15
289.15
289.15
289.15
289.15
289.15
289.15
289.15
289.15
289.15
289.15
289.15
289.15
289.15
289.15
289.15
289.15
289.15
289.15
289.15
289.15
289.15
289.15
289.15
289.15
289.15
289.15
289.15
289.15
289.15
289.15
289.15
289.15
289.15
289.15
289.15
289.15
289.15
289.15
289.15
289.15
289.15
289.15
289.15
289.15
289.15
289.15
289.15
289.15
289.15
289.15
289.15
289.15
289.15
289.15
289.15
289.15
289.15
289.15
289.15
289.15
289.15
289.15
289.15
289.15
289.15
289.15
289.15
289.15
289.15
289.15
289.15
289.15
289.15
289.15
289.15
289.15
289.15
289.15
289.15
289.15
289.15
289.15
289.15
289.15
289.15
289.15
289.15
289.15
289.15
289.15
289.15
289.15
289.15
289.15
289.15
289.15
289.15
289.15
289.15
289.15
289.15
289.15
289.15
289.15
289.15
289.15
289.15
289.15
289.15
289.15
289.15
289.15
289.15
289.15
289.15
289.15
289.15
289.15
289.15
289.15
289.15
289.15
289.15
289.15
289.15
289.15
289.15
289.15
289.15
289.15
289.15
289.15
289.15
289.15
289.15
289.15
289.15
289.15
289.15
289.15
289.15
289.15
289.15
289.15
289.15
289.15
289.15
289.15
289.15
289.155
289.15
289.151
289.151
289.151
289.151
289.151
290.21
290.211
290.212
290.213
290.213
290.209
290.21
290.211
290.212
290.213
290.21
290.211
290.212
290.212
290.213
289.996
289.98
289.967
289.958
289.953
289.999
289.989
289.978
289.961
289.953
289.99
289.984
289.977
289.968
289.957
289.983
289.979
289.975
289.968
289.96
289.95
289.98
289.977
289.973
289.968
289.961
289.951
289.979
289.977
289.974
289.97
289.963
289.952
289.989
289.987
289.983
289.976
289.966
289.955
290.06
290.048
290.025
289.997
289.973
289.959
290.51
290.385
290.221
290.07
289.99
289.965
293.24
292.049
291.045
290.279
290.022
289.973
298.579
297.76
293.255
290.505
290.056
289.979
299.077
298.991
293.911
290.584
290.077
289.981
291.766
290.51
290.077
289.979
290.885
290.376
290.064
289.972
290.547
290.267
290.044
289.961
290.392
290.195
290.024
289.947
290.303
290.145
290.005
289.932
290.244
290.109
289.985
289.915
290.189
290.077
289.964
289.898
290.101
290.037
289.939
289.878
289.154
289.195
289.832
289.964
289.91
289.858
289.151
289.17
289.698
289.898
289.877
289.838
289.15
289.164
289.637
289.848
289.846
289.82
289.15
289.163
289.604
289.811
289.82
289.805
289.165
289.618
289.787
289.8
289.792
289.194
289.606
289.768
289.784
289.781
289.593
289.735
289.766
289.771
289.769
289.728
289.749
289.756
289.758
289.757
289.735
289.74
289.743
289.745
289.745
289.73
289.733
289.736
289.737
289.738
290.212
290.213
290.214
290.214
290.215
290.212
290.213
290.213
290.214
290.214
290.212
290.212
290.213
290.214
290.214
289.987
289.974
289.962
289.955
289.952
289.97
289.968
289.964
289.958
289.953
289.957
289.957
289.957
289.956
289.953
289.95
289.952
289.953
289.954
289.953
289.948
289.951
289.954
289.956
289.956
289.952
289.955
289.959
289.961
289.963
289.962
289.957
289.986
289.988
289.986
289.982
289.976
289.966
290.12
290.103
290.071
290.037
290.008
289.982
290.792
290.627
290.404
290.208
290.081
290.006
294.306
292.998
291.624
290.692
290.218
290.032
298.526
297.924
294.069
291.414
290.307
290.053
299.051
298.905
294.945
291.306
290.308
290.059
292.193
290.941
290.268
290.051
291.098
290.644
290.213
290.032
290.702
290.448
290.158
290.007
290.516
290.322
290.108
289.978
290.408
290.238
290.065
289.949
290.331
290.176
290.024
289.919
290.264
290.123
289.985
289.89
290.133
290.068
289.945
289.862
289.161
289.238
289.788
289.973
289.904
289.835
289.153
289.193
289.65
289.89
289.864
289.811
289.151
289.179
289.591
289.83
289.828
289.79
289.151
289.176
289.562
289.787
289.799
289.774
289.153
289.181
289.584
289.761
289.776
289.761
289.231
289.582
289.74
289.758
289.75
289.533
289.673
289.738
289.745
289.739
289.693
289.72
289.734
289.734
289.729
289.722
289.726
289.728
289.726
289.723
289.72
289.723
289.725
289.725
289.724
290.219
290.219
290.219
290.219
290.219
290.22
290.22
290.219
290.219
290.219
290.218
290.218
290.218
290.218
290.218
289.961
289.959
289.954
289.95
289.948
289.939
289.942
289.945
289.946
289.947
289.926
289.932
289.937
289.942
289.945
289.922
289.93
289.936
289.943
289.947
289.93
289.938
289.945
289.951
289.955
289.96
289.967
289.97
289.972
289.971
289.963
290.05
290.046
290.034
290.019
290.004
289.982
290.339
290.282
290.205
290.132
290.07
290.015
291.413
291.096
290.728
290.42
290.206
290.068
295.432
294.132
292.319
291.122
290.45
290.13
298.522
297.984
294.748
292.073
290.668
290.168
299.038
298.888
295.642
292.107
290.634
290.173
292.549
291.449
290.529
290.149
291.331
290.968
290.409
290.109
290.884
290.665
290.299
290.059
290.665
290.473
290.204
290.008
290.531
290.344
290.125
289.959
290.433
290.247
290.056
289.913
290.336
290.168
289.995
289.872
290.145
290.087
289.938
289.835
289.172
289.274
289.745
289.956
289.885
289.801
289.156
289.217
289.609
289.857
289.837
289.773
289.153
289.194
289.554
289.791
289.795
289.751
289.152
289.189
289.529
289.746
289.762
289.733
289.155
289.199
289.554
289.719
289.736
289.717
289.192
289.262
289.56
289.699
289.716
289.703
289.499
289.63
289.694
289.7
289.69
289.635
289.673
289.692
289.691
289.685
289.685
289.689
289.692
289.691
289.688
289.697
289.698
289.699
289.699
289.7
290.228
290.227
290.227
290.226
290.225
290.23
290.229
290.228
290.228
290.227
290.227
290.226
290.226
290.225
290.225
289.934
289.939
289.942
289.944
289.944
289.915
289.922
289.929
289.936
289.941
289.908
289.917
289.926
289.934
289.941
289.914
289.925
289.934
289.943
289.949
289.942
289.953
289.96
289.964
289.965
290.017
290.02
290.015
290.007
289.996
290.201
290.174
290.134
290.092
290.051
290.005
290.702
290.567
290.412
290.271
290.153
290.053
292.365
291.717
291.133
290.671
290.345
290.127
296.146
295.035
292.944
291.511
290.656
290.212
298.524
298.015
295.208
292.521
290.93
290.265
299.034
298.887
296.004
292.604
290.883
290.267
292.777
291.8
290.729
290.226
291.516
291.204
290.553
290.16
291.031
290.821
290.393
290.085
290.778
290.575
290.259
290.012
290.615
290.406
290.149
289.946
290.491
290.282
290.059
289.889
290.366
290.181
289.981
289.84
290.122
290.078
289.913
289.797
289.185
289.301
289.702
289.92
289.853
289.76
289.162
289.239
289.574
289.814
289.801
289.731
289.155
289.209
289.524
289.75
289.757
289.708
289.154
289.201
289.502
289.707
289.722
289.687
289.159
289.216
289.527
289.681
289.693
289.668
289.206
289.286
289.54
289.661
289.67
289.651
289.433
289.476
289.596
289.654
289.653
289.64
289.595
289.635
289.651
289.647
289.64
289.648
289.655
289.658
289.657
289.654
289.671
289.673
289.675
289.676
289.677
290.239
290.238
290.236
290.235
290.233
290.243
290.241
290.239
290.238
290.236
290.237
290.236
290.235
290.234
290.232
289.916
289.923
289.932
289.94
289.942
289.906
289.914
289.923
289.933
289.94
289.908
289.919
289.929
289.939
289.946
289.932
289.944
289.954
289.96
289.962
289.998
290.005
290.004
290
289.989
290.14
290.125
290.099
290.069
290.033
290.45
290.373
290.282
290.193
290.109
291.203
290.942
290.671
290.435
290.241
290.082
293.32
292.438
291.57
290.925
290.47
290.164
296.626
295.653
293.444
291.824
290.809
290.257
298.532
298.032
295.49
292.788
291.077
290.319
299.032
298.885
296.142
292.828
291.031
290.318
292.915
291.981
290.843
290.259
291.654
291.333
290.627
290.172
291.136
290.904
290.43
290.077
290.85
290.62
290.267
289.988
290.658
290.422
290.136
289.911
290.509
290.276
290.031
289.847
290.359
290.16
289.945
289.794
290.079
290.04
289.871
289.749
289.198
289.32
289.666
289.868
289.809
289.712
289.169
289.259
289.547
289.764
289.754
289.682
289.158
289.223
289.499
289.707
289.709
289.657
289.156
289.213
289.48
289.668
289.675
289.636
289.163
289.231
289.504
289.644
289.647
289.617
289.218
289.304
289.521
289.626
289.625
289.602
289.415
289.46
289.569
289.618
289.61
289.594
289.548
289.565
289.604
289.617
289.609
289.6
289.619
289.628
289.63
289.627
289.624
289.649
289.652
289.655
289.657
289.658
290.252
290.25
290.247
290.245
290.242
290.256
290.254
290.251
290.249
290.246
290.25
290.248
290.245
290.243
290.241
289.912
289.918
289.928
289.94
289.943
289.909
289.918
289.929
289.94
289.946
289.927
289.939
289.95
289.958
289.959
289.983
289.993
289.996
289.994
289.982
290.103
290.096
290.078
290.052
290.017
290.333
290.281
290.215
290.146
290.073
290.794
290.633
290.464
290.306
290.163
291.844
291.38
290.955
290.6
290.315
294.104
293.142
291.983
291.148
290.561
290.173
296.965
296.043
293.808
292.04
290.889
290.268
298.542
298.033
295.623
292.902
291.121
290.331
299.032
298.881
296.122
292.851
291.082
290.322
292.987
292.028
290.876
290.25
291.748
291.372
290.636
290.146
291.202
290.923
290.417
290.038
290.886
290.618
290.237
289.941
290.668
290.403
290.095
289.859
290.499
290.245
289.984
289.793
290.331
290.119
289.893
289.74
290.031
289.992
289.817
289.696
289.212
289.333
289.637
289.82
289.759
289.661
289.178
289.275
289.527
289.721
289.711
289.635
289.162
289.236
289.481
289.668
289.672
289.614
289.159
289.224
289.463
289.635
289.64
289.596
289.168
289.245
289.485
289.613
289.614
289.579
289.229
289.318
289.505
289.597
289.593
289.565
289.401
289.448
289.546
289.591
289.579
289.559
289.522
289.542
289.58
289.591
289.581
289.57
289.592
289.596
289.606
289.608
289.605
289.602
289.63
289.635
289.638
289.641
289.644
290.266
290.263
290.26
290.256
290.253
290.271
290.268
290.265
290.261
290.257
290.263
290.26
290.257
290.254
290.251
289.917
289.923
289.932
289.945
289.947
289.924
289.936
289.946
289.956
289.955
289.967
289.98
289.986
289.987
289.974
290.067
290.069
290.058
290.037
290.003
290.253
290.22
290.171
290.113
290.044
290.584
290.475
290.351
290.228
290.105
291.208
290.931
290.66
290.416
290.201
292.495
291.837
291.234
290.745
290.357
294.724
293.729
292.33
291.317
290.599
297.208
296.294
294.045
292.159
290.897
290.257
298.553
298.017
295.636
292.893
291.088
290.31
299.033
298.872
295.993
292.749
291.061
290.292
293.011
291.985
290.849
290.209
291.804
291.35
290.6
290.098
291.236
290.9
290.374
289.986
290.897
290.589
290.19
289.888
290.661
290.368
290.047
289.809
290.48
290.208
289.938
289.747
290.301
290.082
289.85
289.698
289.989
289.955
289.78
289.658
289.224
289.343
289.618
289.785
289.728
289.628
289.188
289.289
289.513
289.688
289.682
289.605
289.166
289.249
289.468
289.637
289.646
289.586
289.161
289.234
289.45
289.607
289.617
289.569
289.173
289.258
289.469
289.588
289.592
289.553
289.238
289.328
289.492
289.575
289.572
289.541
289.39
289.44
289.529
289.57
289.559
289.537
289.502
289.524
289.56
289.573
289.562
289.551
289.571
289.577
289.588
289.591
289.589
289.587
289.611
289.614
289.62
289.625
289.629
289.633
290.281
290.277
290.273
290.268
290.263
290.286
290.283
290.278
290.274
290.269
290.277
290.273
290.269
290.265
290.261
289.93
289.937
289.944
289.954
289.952
289.953
289.965
289.974
289.977
289.965
290.028
290.037
290.035
290.021
289.989
290.178
290.164
290.131
290.085
290.02
290.436
290.366
290.275
290.173
290.062
290.873
290.69
290.493
290.303
290.122
291.662
291.244
290.852
290.509
290.217
293.063
292.286
291.484
290.855
290.37
295.208
294.16
292.589
291.422
290.597
297.382
296.445
294.17
292.185
290.862
298.562
297.983
295.55
292.769
291.038
290.27
299.034
298.858
295.766
292.598
291.004
290.244
293.006
291.896
290.791
290.156
291.833
291.295
290.543
290.045
291.252
290.858
290.321
289.937
290.897
290.552
290.143
289.845
290.651
290.334
290.006
289.771
290.463
290.176
289.902
289.715
290.279
290.054
289.821
289.671
289.957
289.928
289.755
289.635
289.237
289.352
289.606
289.761
289.707
289.607
289.199
289.302
289.503
289.664
289.664
289.587
289.172
289.26
289.459
289.613
289.628
289.57
289.165
289.244
289.44
289.584
289.6
289.554
289.178
289.268
289.457
289.568
289.577
289.539
289.247
289.335
289.48
289.558
289.558
289.527
289.383
289.433
289.514
289.555
289.547
289.524
289.486
289.509
289.545
289.559
289.55
289.54
289.553
289.562
289.575
289.58
289.579
289.579
289.595
289.6
289.608
289.614
289.62
289.625
290.297
290.292
290.286
290.281
290.275
290.303
290.298
290.293
290.287
290.281
290.292
290.287
290.282
290.277
290.272
289.951
289.957
289.962
289.966
289.957
289.992
290.004
290.008
290.002
289.975
290.102
290.104
290.089
290.057
290.001
290.303
290.269
290.209
290.131
290.031
290.635
290.521
290.38
290.228
290.07
291.18
290.908
290.629
290.363
290.13
292.08
291.54
291.022
290.572
290.225
293.54
292.672
291.686
290.914
290.374
295.579
294.467
292.762
291.45
290.586
297.504
296.519
294.199
292.122
290.823
298.567
297.929
295.391
292.59
290.974
299.034
298.84
295.478
292.441
290.932
290.193
292.984
291.794
290.722
290.106
291.846
291.23
290.484
290
291.26
290.814
290.273
289.9
290.896
290.518
290.104
289.815
290.644
290.308
289.976
289.749
290.454
290.156
289.88
289.697
290.266
290.038
289.803
289.657
289.936
289.913
289.743
289.623
289.248
289.361
289.601
289.746
289.696
289.598
289.211
289.314
289.498
289.647
289.652
289.578
289.179
289.271
289.453
289.595
289.617
289.562
289.169
289.254
289.433
289.566
289.589
289.546
289.184
289.277
289.447
289.552
289.567
289.532
289.254
289.341
289.47
289.544
289.55
289.521
289.377
289.427
289.503
289.543
289.539
289.519
289.472
289.498
289.533
289.55
289.544
289.535
289.538
289.549
289.564
289.571
289.573
289.575
289.58
289.587
289.597
289.605
289.613
289.62
290.313
290.307
290.301
290.294
290.286
290.32
290.314
290.308
290.301
290.294
290.308
290.302
290.296
290.29
290.283
289.976
289.981
289.983
289.98
289.963
290.039
290.048
290.046
290.028
289.983
290.184
290.177
290.146
290.092
290.009
290.434
290.377
290.286
290.171
290.037
290.838
290.674
290.478
290.27
290.076
291.467
291.115
290.749
290.403
290.134
292.446
291.812
291.163
290.609
290.226
293.929
292.968
291.829
290.94
290.368
295.855
294.672
292.856
291.431
290.563
297.586
296.535
294.154
292.016
290.774
298.566
297.86
295.189
292.401
290.901
299.035
298.82
295.19
292.286
290.858
292.954
291.695
290.657
290.066
291.855
291.17
290.433
289.968
291.268
290.777
290.235
289.876
290.901
290.495
290.079
289.8
290.646
290.293
289.959
289.739
290.454
290.147
289.869
289.692
290.262
290.033
289.797
289.653
289.924
289.907
289.74
289.621
289.259
289.372
289.599
289.737
289.692
289.596
289.223
289.325
289.495
289.635
289.646
289.576
289.186
289.282
289.449
289.581
289.609
289.559
289.174
289.263
289.428
289.552
289.581
289.544
289.19
289.285
289.439
289.539
289.56
289.529
289.26
289.345
289.462
289.533
289.544
289.519
289.372
289.422
289.493
289.534
289.535
289.517
289.462
289.488
289.524
289.543
289.54
289.534
289.526
289.538
289.555
289.565
289.569
289.575
289.567
289.576
289.587
289.597
289.607
289.617
290.33
290.323
290.315
290.307
290.298
290.338
290.331
290.324
290.316
290.307
290.325
290.318
290.31
290.302
290.295
290.005
290.009
290.006
289.996
289.969
290.089
290.095
290.085
290.054
289.99
290.267
290.25
290.202
290.124
290.016
290.564
290.482
290.358
290.204
290.043
291.026
290.816
290.565
290.3
290.08
291.72
291.298
290.849
290.43
290.135
292.754
292.039
291.264
290.634
290.223
294.236
293.185
291.91
290.953
290.356
296.055
294.793
292.871
291.404
290.536
297.634
296.503
294.043
291.915
290.723
298.556
297.779
294.945
292.25
290.834
299.035
298.8
294.932
292.15
290.792
292.924
291.61
290.603
291.867
291.122
290.394
289.95
291.283
290.751
290.211
289.866
290.913
290.483
290.066
289.796
290.656
290.289
289.954
289.74
290.463
290.149
289.869
289.695
290.267
290.038
289.8
289.658
289.918
289.908
289.744
289.625
289.271
289.382
289.598
289.733
289.694
289.599
289.235
289.335
289.495
289.628
289.644
289.579
289.195
289.292
289.447
289.572
289.605
289.561
289.179
289.272
289.425
289.541
289.576
289.545
289.196
289.292
289.433
289.529
289.555
289.53
289.265
289.348
289.455
289.524
289.54
289.519
289.368
289.418
289.485
289.527
289.532
289.518
289.453
289.48
289.515
289.537
289.539
289.536
289.514
289.528
289.547
289.56
289.567
289.575
289.556
289.565
289.578
289.59
289.602
289.614
290.348
290.34
290.331
290.321
290.311
290.357
290.349
290.34
290.33
290.321
290.343
290.334
290.325
290.316
290.306
290.036
290.038
290.031
290.012
289.974
290.14
290.142
290.124
290.078
289.996
290.349
290.321
290.255
290.151
290.022
290.684
290.58
290.423
290.229
290.049
291.193
290.943
290.639
290.321
290.084
291.937
291.455
290.923
290.45
290.136
293.005
292.214
291.329
290.651
290.219
294.47
293.332
291.947
290.955
290.344
296.19
294.847
292.837
291.372
290.509
297.648
296.444
293.894
291.829
290.679
298.538
297.694
294.704
292.126
290.778
299.035
298.783
294.719
292.039
290.738
292.899
291.542
290.562
291.884
291.088
290.37
291.306
290.739
290.2
289.868
290.935
290.483
290.064
289.802
290.676
290.296
289.958
289.749
290.481
290.16
289.877
289.705
290.279
290.051
289.81
289.668
289.917
289.915
289.754
289.635
289.282
289.392
289.6
289.732
289.7
289.608
289.247
289.345
289.497
289.624
289.646
289.586
289.204
289.301
289.447
289.565
289.603
289.566
289.185
289.28
289.423
289.533
289.573
289.548
289.202
289.299
289.429
289.521
289.551
289.532
289.27
289.35
289.45
289.517
289.537
289.521
289.366
289.415
289.478
289.521
289.531
289.52
289.445
289.473
289.508
289.532
289.538
289.538
289.505
289.52
289.539
289.555
289.565
289.576
289.544
289.555
289.569
289.583
289.597
289.61
290.367
290.358
290.347
290.335
290.323
290.376
290.367
290.357
290.346
290.334
290.361
290.351
290.34
290.329
290.318
290.069
290.067
290.056
290.027
289.98
290.191
290.189
290.162
290.1
290.003
290.427
290.389
290.304
290.173
290.03
290.794
290.668
290.48
290.248
290.056
291.339
291.053
290.699
290.336
290.088
292.118
291.584
290.976
290.465
290.138
293.204
292.342
291.37
290.66
290.216
294.639
293.414
291.963
290.95
290.333
296.265
294.849
292.789
291.338
290.487
297.635
296.366
293.74
291.754
290.643
298.513
297.608
294.489
292.026
290.735
299.034
298.77
294.554
291.953
290.7
292.882
291.494
290.537
291.908
291.07
290.358
291.337
290.739
290.2
290.966
290.494
290.072
289.816
290.705
290.314
289.971
289.764
290.507
290.18
289.892
289.721
290.296
290.071
289.827
289.683
289.92
289.927
289.77
289.649
289.292
289.401
289.603
289.736
289.71
289.62
289.259
289.355
289.5
289.623
289.65
289.595
289.214
289.31
289.447
289.561
289.603
289.572
289.192
289.288
289.423
289.527
289.571
289.552
289.209
289.304
289.425
289.514
289.549
289.535
289.274
289.352
289.445
289.511
289.535
289.524
289.363
289.412
289.472
289.515
289.53
289.523
289.439
289.467
289.502
289.528
289.538
289.54
289.496
289.512
289.533
289.55
289.563
289.577
289.534
289.545
289.56
289.575
289.591
289.607
290.387
290.376
290.364
290.35
290.336
290.397
290.387
290.374
290.362
290.348
290.381
290.369
290.356
290.343
290.33
290.103
290.098
290.08
290.042
289.986
290.242
290.235
290.198
290.118
290.011
290.501
290.452
290.348
290.191
290.039
290.892
290.748
290.528
290.262
290.063
291.465
291.146
290.744
290.349
290.094
292.267
291.684
291.013
290.476
290.141
293.356
292.422
291.398
290.666
290.215
294.751
293.449
291.967
290.943
290.326
296.292
294.814
292.738
291.306
290.47
297.602
296.267
293.607
291.692
290.617
298.484
297.525
294.311
291.948
290.706
299.033
298.76
294.434
291.889
290.677
292.876
291.465
290.525
291.94
291.067
290.358
291.376
290.752
290.21
291.004
290.516
290.088
290.741
290.339
289.99
289.785
290.539
290.208
289.913
289.742
290.316
290.099
289.848
289.703
289.926
289.943
289.789
289.666
289.303
289.41
289.608
289.741
289.723
289.635
289.271
289.365
289.504
289.624
289.656
289.607
289.225
289.32
289.449
289.559
289.605
289.581
289.199
289.296
289.423
289.523
289.569
289.558
289.215
289.31
289.423
289.509
289.547
289.539
289.278
289.353
289.441
289.506
289.533
289.527
289.362
289.409
289.467
289.511
289.529
289.526
289.433
289.462
289.497
289.524
289.537
289.542
289.488
289.505
289.526
289.545
289.56
289.577
289.524
289.536
289.551
289.568
289.585
289.601
290.409
290.396
290.381
290.365
290.349
290.42
290.407
290.393
290.378
290.363
290.402
290.388
290.373
290.358
290.343
290.139
290.129
290.105
290.055
289.993
290.295
290.28
290.232
290.134
290.02
290.572
290.512
290.389
290.206
290.048
290.983
290.818
290.569
290.273
290.072
291.574
291.224
290.777
290.361
290.102
292.389
291.76
291.037
290.485
290.146
293.467
292.468
291.416
290.669
290.217
294.81
293.457
291.962
290.935
290.323
296.283
294.755
292.688
291.28
290.46
297.554
296.159
293.496
291.642
290.601
298.452
297.448
294.167
291.888
290.689
299.033
298.754
294.349
291.846
290.667
292.879
291.451
290.526
291.977
291.076
290.369
291.421
290.775
290.228
291.049
290.546
290.11
290.783
290.372
290.016
290.575
290.242
289.939
289.766
290.339
290.132
289.874
289.725
289.932
289.961
289.813
289.687
289.313
289.419
289.613
289.748
289.739
289.653
289.282
289.375
289.509
289.627
289.664
289.621
289.236
289.329
289.452
289.559
289.608
289.59
289.207
289.304
289.424
289.52
289.569
289.564
289.221
289.315
289.421
289.504
289.545
289.544
289.282
289.355
289.438
289.501
289.532
289.531
289.361
289.407
289.463
289.507
289.528
289.529
289.429
289.457
289.491
289.52
289.536
289.544
289.48
289.498
289.519
289.54
289.556
289.575
289.515
289.527
289.543
289.56
289.577
289.593
290.432
290.417
290.4
290.382
290.362
290.445
290.43
290.414
290.396
290.378
290.425
290.409
290.391
290.374
290.356
290.177
290.16
290.13
290.068
290.001
290.348
290.325
290.264
290.147
290.03
290.643
290.569
290.426
290.218
290.06
291.068
290.882
290.602
290.283
290.083
291.671
291.288
290.801
290.37
290.111
292.486
291.81
291.056
290.492
290.155
293.543
292.49
291.426
290.672
290.223
294.831
293.443
291.952
290.929
290.325
296.248
294.682
292.64
291.259
290.458
297.494
296.049
293.402
291.605
290.594
298.417
297.378
294.05
291.845
290.684
299.032
298.75
294.286
291.818
290.668
292.888
291.451
290.536
292.019
291.096
290.388
291.471
290.806
290.252
291.098
290.582
290.138
290.829
290.411
290.045
290.613
290.281
289.969
290.362
290.169
289.903
289.751
289.94
289.979
289.84
289.71
289.324
289.428
289.62
289.757
289.756
289.673
289.293
289.385
289.515
289.631
289.673
289.636
289.247
289.338
289.456
289.559
289.611
289.6
289.216
289.312
289.425
289.519
289.57
289.57
289.228
289.319
289.421
289.501
289.544
289.548
289.286
289.356
289.435
289.497
289.531
289.534
289.36
289.405
289.459
289.503
289.527
289.532
289.424
289.452
289.486
289.516
289.534
289.544
289.473
289.491
289.513
289.534
289.552
289.571
289.505
289.518
289.534
289.551
289.567
289.583
290.458
290.441
290.421
290.4
290.377
290.474
290.456
290.436
290.415
290.394
290.453
290.432
290.412
290.391
290.37
290.219
290.195
290.155
290.079
290.01
290.406
290.373
290.295
290.157
290.041
290.717
290.627
290.46
290.227
290.073
291.153
290.942
290.628
290.293
290.096
291.759
291.342
290.818
290.38
290.123
292.564
291.842
291.07
290.5
290.165
293.586
292.5
291.431
290.677
290.232
294.824
293.414
291.939
290.927
290.332
296.191
294.598
292.594
291.245
290.462
297.422
295.935
293.319
291.578
290.597
298.378
297.31
293.944
291.814
290.688
299.03
298.748
294.224
291.801
290.679
292.897
291.46
290.555
292.06
291.123
290.413
291.521
290.843
290.283
291.149
290.624
290.171
290.875
290.454
290.078
290.651
290.323
290.002
290.386
290.206
289.935
289.947
289.998
289.869
289.736
289.335
289.439
289.627
289.766
289.773
289.695
289.304
289.395
289.521
289.635
289.682
289.652
289.259
289.348
289.461
289.561
289.615
289.61
289.225
289.319
289.428
289.518
289.571
289.577
289.235
289.324
289.421
289.498
289.544
289.552
289.29
289.358
289.433
289.494
289.529
289.537
289.359
289.403
289.455
289.499
289.525
289.534
289.421
289.448
289.482
289.511
289.532
289.544
289.467
289.484
289.506
289.528
289.546
289.564
289.496
289.509
289.525
289.541
289.556
289.57
290.488
290.468
290.445
290.42
290.393
290.511
290.487
290.463
290.437
290.412
290.49
290.463
290.437
290.411
290.386
290.267
290.235
290.183
290.09
290.022
290.472
290.426
290.328
290.165
290.055
290.797
290.686
290.49
290.234
290.088
291.24
290.998
290.648
290.304
290.111
291.842
291.387
290.83
290.39
290.138
292.628
291.861
291.081
290.51
290.179
293.604
292.499
291.435
290.685
290.246
294.793
293.373
291.925
290.929
290.345
296.11
294.5
292.551
291.237
290.474
297.332
295.805
293.241
291.56
290.608
298.327
297.215
293.846
291.791
290.701
299.028
298.743
294.131
291.788
290.697
292.896
291.473
290.58
292.096
291.154
290.445
291.567
290.883
290.317
291.195
290.667
290.207
290.918
290.497
290.114
290.686
290.366
290.037
290.408
290.241
289.969
289.954
290.017
289.897
289.347
289.45
289.636
289.776
289.791
289.718
289.316
289.406
289.529
289.641
289.692
289.668
289.271
289.358
289.466
289.563
289.62
289.621
289.235
289.327
289.431
289.518
289.572
289.583
289.242
289.329
289.421
289.496
289.543
289.556
289.294
289.359
289.431
289.49
289.528
289.54
289.359
289.402
289.452
289.495
289.523
289.535
289.417
289.444
289.477
289.506
289.528
289.542
289.46
289.478
289.5
289.52
289.538
289.554
289.488
289.501
289.516
289.53
289.543
289.555
290.525
290.501
290.474
290.443
290.411
290.56
290.529
290.496
290.464
290.432
290.553
290.51
290.473
290.439
290.407
290.327
290.285
290.214
290.102
290.039
290.552
290.488
290.363
290.172
290.074
290.89
290.751
290.515
290.244
290.106
291.334
291.055
290.665
290.316
290.128
291.924
291.422
290.846
290.402
290.155
292.678
291.876
291.094
290.524
290.197
293.607
292.492
291.441
290.698
290.264
294.74
293.321
291.914
290.938
290.364
296.002
294.383
292.509
291.237
290.493
297.21
295.635
293.161
291.547
290.627
298.247
297.058
293.735
291.77
290.721
299.023
298.727
293.956
291.769
290.72
292.872
291.483
290.61
292.117
291.182
290.48
291.602
290.921
290.355
291.232
290.708
290.245
290.951
290.538
290.151
290.714
290.402
290.072
290.425
290.271
290.002
289.96
290.034
289.923
289.362
289.464
289.646
289.785
289.807
289.328
289.417
289.537
289.647
289.701
289.685
289.282
289.368
289.471
289.566
289.624
289.631
289.245
289.335
289.434
289.519
289.573
289.589
289.249
289.334
289.422
289.494
289.542
289.559
289.298
289.361
289.429
289.487
289.525
289.541
289.359
289.401
289.449
289.491
289.519
289.534
289.414
289.44
289.472
289.501
289.522
289.537
289.454
289.472
289.493
289.512
289.529
289.543
289.479
289.492
289.505
289.518
289.529
289.538
290.577
290.548
290.515
290.477
290.437
290.635
290.592
290.547
290.503
290.461
290.675
290.605
290.542
290.488
290.442
290.406
290.349
290.25
290.117
290.064
290.652
290.563
290.399
290.183
290.098
291
290.823
290.54
290.257
290.127
291.438
291.113
290.681
290.331
290.148
292.007
291.456
290.865
290.42
290.175
292.718
291.894
291.113
290.544
290.219
293.598
292.483
291.453
290.72
290.29
294.664
293.26
291.907
290.957
290.393
295.854
294.24
292.467
291.246
290.523
297.019
295.391
293.07
291.54
290.656
298.075
296.737
293.593
291.748
290.749
298.973
298.498
293.748
291.742
290.749
292.81
291.484
290.644
292.109
291.201
290.518
291.611
290.949
290.396
291.245
290.74
290.286
290.965
290.569
290.19
290.725
290.431
290.109
290.433
290.293
290.034
289.968
290.048
289.947
289.387
289.487
289.659
289.795
289.822
289.343
289.431
289.546
289.654
289.71
289.294
289.378
289.477
289.569
289.628
289.642
289.255
289.342
289.437
289.519
289.574
289.594
289.257
289.338
289.422
289.492
289.54
289.561
289.302
289.363
289.428
289.483
289.521
289.54
289.36
289.4
289.445
289.485
289.515
289.531
289.412
289.437
289.467
289.494
289.515
289.53
289.449
289.466
289.485
289.503
289.518
289.528
289.471
289.482
289.494
289.505
289.513
289.519
290.676
290.642
290.596
290.542
290.484
290.766
290.713
290.65
290.582
290.514
290.96
290.857
290.74
290.641
290.551
291.367
291.272
291.159
291.035
290.891
291.595
291.485
291.378
291.276
291.155
291.586
291.431
291.311
291.248
291.201
291.383
291.146
290.967
290.956
291.018
291.153
290.888
290.628
290.594
290.69
290.944
290.718
290.437
290.374
290.447
290.751
290.591
290.345
290.245
290.288
290.607
290.5
290.308
290.174
290.178
290.547
290.46
290.309
290.147
290.106
290.795
290.664
290.441
290.206
290.127
291.134
290.906
290.57
290.278
290.151
291.555
291.173
290.709
290.353
290.171
292.093
291.496
290.892
290.447
290.201
292.759
291.92
291.142
290.577
290.25
293.584
292.48
291.478
290.757
290.327
294.57
293.198
291.912
290.992
290.435
295.662
294.077
292.431
291.27
290.568
296.724
295.062
292.968
291.544
290.701
297.624
296.051
293.404
291.727
290.79
297.989
296.605
293.468
291.707
290.787
295.117
294.094
292.72
291.465
290.687
293.818
292.804
292.065
291.198
290.563
292.862
292.046
291.582
290.955
290.441
292.282
291.554
291.224
290.75
290.329
291.749
291.205
290.949
290.581
290.231
291.26
290.903
290.712
290.442
290.146
290.712
290.528
290.427
290.298
290.066
289.821
289.871
289.979
290.053
289.969
289.455
289.544
289.677
289.802
289.836
289.364
289.449
289.556
289.659
289.717
289.307
289.388
289.483
289.572
289.632
289.266
289.35
289.44
289.519
289.574
289.598
289.264
289.343
289.422
289.49
289.537
289.56
289.307
289.364
289.426
289.479
289.517
289.537
289.362
289.399
289.442
289.48
289.508
289.525
289.41
289.434
289.461
289.486
289.506
289.519
289.443
289.459
289.476
289.492
289.503
289.511
289.461
289.471
289.481
289.488
289.493
289.492
291.106
291.035
290.915
290.789
290.657
291.372
291.288
291.144
290.955
290.759
291.576
291.509
291.396
291.209
290.974
291.709
291.63
291.533
291.404
291.226
291.725
291.614
291.518
291.434
291.331
291.599
291.432
291.314
291.272
291.255
291.36
291.111
290.929
290.923
291.009
291.154
290.883
290.625
290.589
290.679
290.975
290.738
290.452
290.383
290.452
290.826
290.644
290.373
290.266
290.305
290.74
290.597
290.355
290.208
290.213
290.733
290.598
290.375
290.189
290.155
290.967
290.778
290.489
290.242
290.162
291.285
290.995
290.611
290.312
290.18
291.682
291.24
290.753
290.389
290.203
292.182
291.553
290.939
290.489
290.238
292.808
291.963
291.19
290.629
290.296
293.575
292.493
291.523
290.817
290.384
294.476
293.153
291.94
291.054
290.502
295.454
293.935
292.418
291.322
290.641
296.38
294.752
292.887
291.574
290.774
297.062
295.424
293.227
291.731
290.858
296.959
295.458
293.215
291.697
290.853
295.137
293.913
292.613
291.467
290.756
293.684
292.789
292.017
291.209
290.632
292.677
292.045
291.553
290.971
290.507
291.988
291.543
291.203
290.768
290.391
291.465
291.175
290.931
290.6
290.288
290.955
290.832
290.694
290.457
290.196
290.347
290.378
290.395
290.303
290.106
289.76
289.834
289.97
290.051
289.995
289.49
289.574
289.691
289.807
289.848
289.383
289.465
289.565
289.662
289.723
289.318
289.398
289.488
289.573
289.633
289.276
289.357
289.442
289.518
289.572
289.272
289.347
289.422
289.486
289.533
289.558
289.311
289.366
289.423
289.473
289.51
289.531
289.363
289.398
289.438
289.473
289.499
289.515
289.408
289.43
289.455
289.477
289.494
289.504
289.437
289.45
289.465
289.477
289.485
289.488
289.448
289.456
289.462
289.463
289.459
289.455
291.753
291.806
291.765
291.58
291.261
291.85
291.852
291.803
291.684
291.432
291.895
291.853
291.789
291.691
291.513
291.878
291.797
291.722
291.645
291.529
291.774
291.649
291.559
291.507
291.456
291.575
291.385
291.267
291.253
291.273
291.354
291.098
290.908
290.889
290.982
291.184
290.905
290.65
290.603
290.685
291.053
290.793
290.499
290.415
290.475
290.962
290.736
290.432
290.307
290.337
290.911
290.713
290.418
290.257
290.253
290.941
290.742
290.447
290.245
290.204
291.153
290.897
290.551
290.294
290.203
291.447
291.091
290.676
290.366
290.222
291.817
291.328
290.826
290.452
290.252
292.287
291.636
291.019
290.563
290.299
292.874
292.036
291.274
290.713
290.371
293.583
292.538
291.602
290.913
290.477
294.396
293.143
292.005
291.158
290.612
295.252
293.829
292.447
291.42
290.759
296.025
294.494
292.852
291.65
290.892
296.446
294.917
293.106
291.783
290.968
296.083
294.741
293.042
291.74
290.959
294.836
293.734
292.553
291.525
290.865
293.677
292.817
292.022
291.274
290.74
292.769
292.126
291.58
291.036
290.61
292.064
291.615
291.232
290.829
290.486
291.452
291.203
290.952
290.652
290.372
290.812
290.778
290.692
290.495
290.267
290.176
290.26
290.35
290.314
290.159
289.739
289.82
289.949
290.045
290.022
289.509
289.59
289.697
289.806
289.859
289.397
289.475
289.569
289.661
289.726
289.329
289.405
289.491
289.571
289.631
289.286
289.363
289.443
289.514
289.567
289.28
289.35
289.421
289.481
289.525
289.316
289.367
289.42
289.466
289.501
289.521
289.365
289.397
289.433
289.464
289.488
289.503
289.405
289.425
289.446
289.465
289.479
289.487
289.427
289.438
289.449
289.458
289.462
289.463
289.424
289.426
289.426
289.425
289.424
289.422
291.976
292.015
292.008
291.961
291.832
292.023
292.005
291.965
291.906
291.789
292.005
291.941
291.879
291.818
291.724
291.919
291.816
291.739
291.688
291.631
291.762
291.616
291.525
291.489
291.48
291.555
291.349
291.218
291.204
291.254
291.375
291.119
290.932
290.898
290.967
291.242
290.96
290.715
290.651
290.716
291.153
290.873
290.582
290.479
290.522
291.106
290.839
290.526
290.381
290.388
291.092
290.836
290.512
290.332
290.308
291.153
290.885
290.547
290.327
290.267
291.347
291.026
290.649
290.379
290.269
291.62
291.212
290.78
290.459
290.296
291.97
291.451
290.941
290.559
290.342
292.417
291.761
291.147
290.688
290.409
292.969
292.152
291.411
290.855
290.505
293.62
292.629
291.736
291.065
290.635
294.341
293.179
292.113
291.315
290.794
295.065
293.768
292.517
291.577
290.964
295.657
294.295
292.865
291.786
291.103
295.803
294.515
293.05
291.883
291.175
295.297
294.243
292.952
291.833
291.156
294.357
293.539
292.562
291.642
291.056
293.438
292.822
292.105
291.405
290.92
292.646
292.204
291.688
291.169
290.774
291.955
291.677
291.328
290.949
290.63
291.292
291.191
291.007
290.746
290.492
290.604
290.676
290.674
290.548
290.359
290.065
290.152
290.281
290.31
290.214
289.716
289.796
289.911
290.021
290.037
289.516
289.592
289.69
289.793
289.855
289.405
289.479
289.567
289.652
289.717
289.337
289.409
289.49
289.564
289.621
289.295
289.367
289.442
289.507
289.557
289.288
289.353
289.418
289.474
289.515
289.32
289.367
289.416
289.458
289.49
289.365
289.395
289.426
289.454
289.475
289.488
289.4
289.417
289.435
289.451
289.462
289.468
289.414
289.423
289.431
289.437
289.44
289.439
289.393
289.396
289.398
289.399
289.399
289.399
292.069
292.076
292.056
292.023
291.969
292.088
292.042
291.991
291.943
291.885
292.037
291.949
291.878
291.826
291.779
291.913
291.791
291.709
291.668
291.645
291.75
291.588
291.484
291.45
291.466
291.581
291.375
291.24
291.205
291.238
291.438
291.19
291.014
290.964
291.006
291.338
291.062
290.837
290.756
290.795
291.286
290.997
290.727
290.6
290.62
291.262
290.97
290.669
290.507
290.491
291.282
290.983
290.658
290.462
290.416
291.368
291.049
290.699
290.466
290.383
291.554
291.188
290.803
290.525
290.394
291.816
291.379
290.942
290.617
290.439
292.155
291.625
291.117
290.737
290.509
292.583
291.937
291.335
290.889
290.606
293.098
292.316
291.606
291.08
290.735
293.685
292.759
291.927
291.308
290.895
294.301
293.243
292.279
291.562
291.076
294.865
293.72
292.627
291.811
291.257
295.215
294.087
292.893
292
291.399
295.05
294.105
292.966
292.055
291.453
294.4
293.724
292.81
291.963
291.408
293.555
293.115
292.466
291.755
291.284
292.765
292.493
292.057
291.5
291.119
292.079
291.923
291.645
291.243
290.938
291.471
291.409
291.258
290.992
290.753
290.875
290.922
290.89
290.745
290.571
290.344
290.427
290.517
290.493
290.389
289.95
290.029
290.138
290.22
290.196
289.679
289.753
289.851
289.949
289.994
289.51
289.58
289.668
289.755
289.816
289.408
289.476
289.556
289.631
289.688
289.342
289.41
289.483
289.55
289.601
289.303
289.369
289.437
289.496
289.541
289.295
289.354
289.413
289.464
289.501
289.324
289.367
289.41
289.448
289.477
289.365
289.391
289.418
289.443
289.461
289.394
289.408
289.423
289.436
289.444
289.449
289.401
289.408
289.414
289.418
289.419
289.418
289.376
289.379
289.381
289.382
289.383
289.384
292.116
292.099
292.067
292.033
291.999
292.114
292.05
291.99
291.943
291.907
292.046
291.944
291.866
291.815
291.785
291.927
291.795
291.703
291.655
291.639
291.79
291.627
291.519
291.472
291.473
291.659
291.463
291.332
291.282
291.292
291.553
291.323
291.161
291.097
291.11
291.483
291.222
291.023
290.934
290.942
291.451
291.168
290.93
290.806
290.799
291.452
291.151
290.877
290.723
290.691
291.497
291.178
290.874
290.684
290.622
291.604
291.258
290.923
290.696
290.598
291.79
291.4
291.03
290.763
290.622
292.046
291.596
291.179
290.869
290.685
292.374
291.845
291.367
291.009
290.78
292.776
292.149
291.598
291.183
290.906
293.241
292.504
291.87
291.391
291.062
293.735
292.894
292.172
291.624
291.239
294.199
293.277
292.473
291.858
291.419
294.523
293.583
292.722
292.053
291.572
294.518
293.685
292.834
292.152
291.655
293.971
293.411
292.706
292.088
291.624
293.164
292.87
292.384
291.882
291.484
292.376
292.265
291.973
291.599
291.283
291.759
291.721
291.565
291.301
291.061
291.237
291.251
291.186
291.016
290.839
290.811
290.837
290.837
290.748
290.627
290.429
290.479
290.514
290.493
290.424
290.093
290.155
290.224
290.25
290.226
289.826
289.889
289.968
290.029
290.042
289.628
289.69
289.767
289.838
289.878
289.493
289.555
289.627
289.695
289.743
289.404
289.465
289.533
289.596
289.644
289.345
289.405
289.469
289.527
289.571
289.309
289.368
289.428
289.48
289.52
289.301
289.354
289.406
289.451
289.484
289.327
289.365
289.403
289.436
289.461
289.362
289.385
289.409
289.429
289.445
289.385
289.397
289.41
289.42
289.427
289.386
289.392
289.397
289.4
289.401
289.401
289.364
289.367
289.369
289.371
289.372
289.373
292.141
292.111
292.073
292.036
292.005
292.137
292.064
292
291.951
291.916
292.078
291.973
291.89
291.835
291.803
291.983
291.852
291.758
291.701
291.676
291.88
291.726
291.619
291.562
291.543
291.789
291.609
291.485
291.423
291.409
291.719
291.511
291.364
291.29
291.276
291.678
291.44
291.264
291.173
291.152
291.663
291.398
291.192
291.079
291.046
291.684
291.394
291.156
291.014
290.965
291.748
291.433
291.164
290.99
290.915
291.866
291.522
291.221
291.014
290.907
292.048
291.666
291.331
291.088
290.945
292.291
291.859
291.484
291.202
291.021
292.592
292.097
291.673
291.351
291.13
292.939
292.374
291.895
291.526
291.264
293.302
292.669
292.133
291.715
291.41
293.627
292.943
292.356
291.893
291.547
293.819
293.128
292.513
292.019
291.642
293.748
293.128
292.535
292.042
291.654
293.278
292.838
292.352
291.914
291.553
292.454
292.256
291.957
291.633
291.34
291.671
291.622
291.491
291.287
291.07
291.165
291.154
291.099
290.975
290.823
290.811
290.824
290.801
290.722
290.617
290.533
290.553
290.551
290.505
290.435
290.291
290.316
290.33
290.312
290.269
290.069
290.102
290.131
290.137
290.117
289.87
289.91
289.952
289.977
289.978
289.701
289.745
289.795
289.835
289.854
289.566
289.614
289.668
289.715
289.746
289.465
289.515
289.57
289.62
289.656
289.394
289.445
289.5
289.549
289.586
289.344
289.396
289.449
289.496
289.533
289.313
289.364
289.414
289.458
289.492
289.306
289.352
289.396
289.434
289.463
289.328
289.36
289.393
289.421
289.443
289.357
289.377
289.397
289.414
289.428
289.373
289.384
289.395
289.404
289.411
289.372
289.377
289.381
289.384
289.387
289.354
289.357
289.36
289.362
289.364
289.366
292.152
292.124
292.088
292.053
292.022
292.167
292.099
292.037
291.987
291.95
292.14
292.039
291.958
291.898
291.858
292.079
291.956
291.863
291.799
291.759
292.013
291.872
291.769
291.703
291.665
291.955
291.796
291.681
291.61
291.574
291.914
291.733
291.602
291.524
291.487
291.894
291.687
291.537
291.448
291.406
291.898
291.664
291.489
291.386
291.337
291.934
291.676
291.473
291.344
291.284
292.008
291.725
291.495
291.338
291.253
292.126
291.815
291.557
291.372
291.259
292.29
291.948
291.66
291.444
291.301
292.494
292.116
291.795
291.547
291.369
292.722
292.304
291.947
291.664
291.452
292.943
292.487
292.094
291.775
291.528
293.103
292.621
292.198
291.848
291.568
293.118
292.642
292.208
291.84
291.538
292.891
292.472
292.066
291.709
291.408
292.365
292.065
291.741
291.44
291.173
291.629
291.479
291.283
291.073
290.867
290.957
290.912
290.826
290.706
290.574
290.561
290.546
290.506
290.44
290.359
290.325
290.321
290.302
290.261
290.205
290.167
290.167
290.159
290.133
290.091
290.037
290.044
290.045
290.029
290
289.914
289.926
289.933
289.93
289.915
289.795
289.812
289.828
289.835
289.832
289.683
289.707
289.731
289.747
289.754
289.583
289.613
289.643
289.668
289.683
289.498
289.532
289.568
289.599
289.621
289.43
289.467
289.507
289.541
289.568
289.378
289.417
289.458
289.495
289.523
289.34
289.38
289.422
289.458
289.488
289.315
289.356
289.396
289.431
289.459
289.309
289.346
289.382
289.413
289.438
289.327
289.354
289.38
289.403
289.423
289.349
289.365
289.382
289.397
289.41
289.359
289.37
289.379
289.388
289.395
289.356
289.362
289.367
289.371
289.375
289.345
289.348
289.352
289.355
289.358
292.122
292.119
292.102
292.081
292.061
292.187
292.138
292.089
292.045
292.011
292.216
292.129
292.054
291.993
291.948
292.197
292.086
291.996
291.925
291.872
292.165
292.04
291.941
291.865
291.808
292.14
292.002
291.895
291.815
291.756
292.125
291.973
291.856
291.772
291.71
292.122
291.953
291.825
291.734
291.669
292.133
291.943
291.8
291.702
291.632
292.17
291.96
291.794
291.678
291.603
292.234
292.003
291.815
291.676
291.582
292.323
292.07
291.859
291.696
291.575
292.429
292.155
291.92
291.73
291.581
292.534
292.239
291.979
291.76
291.58
292.607
292.291
292.006
291.759
291.548
292.596
292.268
291.962
291.692
291.454
292.434
292.113
291.802
291.522
291.272
292.058
291.778
291.494
291.232
290.997
291.475
291.277
291.06
290.853
290.664
290.826
290.724
290.598
290.467
290.343
290.316
290.282
290.228
290.162
290.097
290.029
290.019
290
289.971
289.937
289.884
289.879
289.87
289.854
289.834
289.798
289.794
289.788
289.778
289.763
289.738
289.735
289.73
289.722
289.711
289.69
289.688
289.683
289.677
289.669
289.64
289.643
289.643
289.639
289.633
289.586
289.594
289.6
289.603
289.601
289.532
289.545
289.557
289.565
289.569
289.479
289.497
289.515
289.529
289.538
289.432
289.454
289.476
289.495
289.509
289.391
289.416
289.442
289.464
289.482
289.357
289.385
289.413
289.438
289.458
289.331
289.36
289.39
289.417
289.438
289.313
289.344
289.373
289.4
289.421
289.309
289.337
289.364
289.388
289.408
289.323
289.343
289.364
289.382
289.398
289.337
289.351
289.365
289.378
289.389
289.344
289.353
289.362
289.37
289.377
289.342
289.348
289.353
289.359
289.363
289.336
289.34
289.344
289.348
289.352
292.009
292.053
292.071
292.074
292.068
292.061
292.087
292.089
292.081
292.067
292.257
292.204
292.146
292.095
292.058
292.292
292.197
292.112
292.04
291.983
292.282
292.171
292.076
291.994
291.924
292.274
292.155
292.054
291.966
291.89
292.274
292.147
292.04
291.948
291.867
292.279
292.145
292.031
291.933
291.847
292.288
292.144
292.022
291.918
291.825
292.303
292.146
292.012
291.9
291.799
292.324
292.154
292.004
291.877
291.764
292.343
292.159
291.993
291.847
291.717
292.344
292.148
291.965
291.799
291.648
292.305
292.097
291.898
291.714
291.542
292.191
291.976
291.765
291.566
291.38
291.964
291.753
291.54
291.337
291.147
291.59
291.402
291.207
291.019
290.843
291.079
290.94
290.788
290.639
290.5
290.524
290.449
290.357
290.263
290.175
290.074
290.049
290.01
289.967
289.925
289.805
289.802
289.793
289.781
289.768
289.68
289.682
289.682
289.68
289.676
289.611
289.613
289.615
289.616
289.616
289.564
289.567
289.569
289.572
289.573
289.528
289.531
289.534
289.537
289.54
289.498
289.501
289.505
289.508
289.512
289.471
289.475
289.479
289.484
289.488
289.446
289.451
289.457
289.462
289.468
289.42
289.429
289.436
289.443
289.45
289.396
289.406
289.417
289.427
289.435
289.372
289.386
289.399
289.411
289.421
289.351
289.366
289.382
289.396
289.409
289.332
289.35
289.368
289.384
289.398
289.317
289.337
289.356
289.373
289.388
289.307
289.327
289.347
289.365
289.38
289.305
289.323
289.342
289.358
289.373
289.314
289.328
289.343
289.356
289.368
289.322
289.333
289.344
289.355
289.364
289.327
289.335
289.343
289.351
289.357
289.328
289.334
289.34
289.346
289.351
289.329
289.334
289.339
289.343
289.348
289.15
289.15
289.15
289.15
289.15
289.15
289.15
289.15
289.15
289.151
289.15
289.15
289.15
289.15
289.15
289.15
289.154
)
;

boundaryField
{
    floor
    {
        type            zeroGradient;
    }
    ceiling
    {
        type            zeroGradient;
    }
    fixedWalls
    {
        type            zeroGradient;
    }
    rack2796428BA49E0232CAC645AEBC8DA5C1_fixedWall
    {
        type            zeroGradient;
    }
    rack2796428BA49E0232CAC645AEBC8DA5C1_inlet
    {
        type            zeroGradient;
    }
    rack2796428BA49E0232CAC645AEBC8DA5C1_outlet
    {
        type            groovyBC;
        refValue        uniform 299.086;
        refGradient     uniform 0;
        valueFraction   uniform 1;
        value           uniform 299.086;
        valueExpression "Trackinlet+2.00/(1.015*1.18*0.17)";
        gradientExpression "0";
        fractionExpression "1";
        evaluateDuringConstruction 0;
        variables       "Trackinlet{rack2796428BA49E0232CAC645AEBC8DA5C1_inlet}=sum(T*mag(Sf()))/sum(mag(Sf()));";
        timelines       (
);
        lookuptables    (
);
    }
    acu380F56D59CF2B3DF6EFF9D0E6E8D39CB_inlet
    {
        type            zeroGradient;
    }
    acu380F56D59CF2B3DF6EFF9D0E6E8D39CB_outlet
    {
        type            fixedValue;
        value           uniform 289.15;
    }
    acu380F56D59CF2B3DF6EFF9D0E6E8D39CB_fixedWall
    {
        type            zeroGradient;
    }
    baffleFaces_master
    {
        type            zeroGradient;
    }
    baffleFaces_slave
    {
        type            zeroGradient;
    }
    procBoundary3to2
    {
        type            processor;
        value           nonuniform List<scalar> 
1227
(
289.15
289.15
289.15
289.15
289.15
289.15
289.15
289.15
289.15
289.15
289.15
289.15
289.15
289.15
289.15
289.15
289.15
289.15
289.15
289.15
289.15
289.15
289.15
289.15
289.15
289.15
289.15
289.15
289.15
289.15
289.15
289.15
289.15
289.15
289.15
289.15
289.15
289.15
289.15
289.15
289.15
289.15
289.15
289.15
289.15
289.15
289.15
289.15
289.15
289.15
289.15
289.15
289.15
289.15
289.15
289.15
289.15
289.15
289.15
289.15
289.15
289.15
289.15
289.15
289.15
289.15
289.15
289.15
289.15
289.15
289.15
289.15
289.15
289.15
289.15
289.15
289.15
289.15
289.15
289.15
289.15
289.15
289.15
289.15
289.15
289.15
289.15
289.15
289.15
289.15
289.15
289.15
289.15
289.15
289.15
289.15
289.15
289.15
289.15
289.15
289.15
289.15
289.15
289.15
289.15
289.15
289.15
289.15
289.15
289.15
289.15
289.15
289.15
289.15
289.15
289.15
289.15
289.15
289.15
289.15
289.15
289.15
289.15
289.15
289.15
289.15
289.15
289.15
289.15
289.15
289.15
289.15
289.15
289.15
289.15
289.15
289.15
289.15
289.15
289.15
289.15
289.15
289.15
289.15
289.15
289.15
289.15
289.15
289.15
289.15
289.15
289.15
289.15
289.15
289.15
289.15
289.15
289.15
289.15
289.15
289.15
289.15
289.15
289.15
289.15
289.15
289.15
289.15
289.15
289.15
289.15
289.15
289.15
289.15
289.15
289.15
289.15
289.15
289.15
289.15
289.15
289.15
289.15
289.15
289.15
289.15
289.15
289.15
289.15
289.15
289.15
289.15
289.15
289.15
289.15
289.15
289.15
289.15
289.15
289.15
289.15
289.15
289.15
289.15
289.15
289.15
289.15
289.15
289.15
289.15
289.15
289.15
289.15
289.15
289.15
289.15
289.15
289.15
289.15
289.15
289.15
289.15
289.15
289.15
289.15
289.15
289.15
289.15
289.15
289.15
289.15
289.15
289.15
289.15
289.15
289.15
289.15
289.15
289.15
289.15
289.15
289.15
289.15
289.15
289.15
289.15
289.15
289.15
289.15
289.15
289.15
289.15
289.15
289.15
289.15
289.15
289.15
289.15
289.15
289.15
289.15
289.15
289.15
289.15
289.15
289.15
289.15
289.15
289.15
289.15
289.15
289.15
289.15
289.15
289.15
289.15
289.15
289.15
289.15
289.15
289.15
289.15
289.15
289.15
289.15
289.15
289.15
289.15
289.15
289.15
289.15
289.15
289.15
289.15
289.15
290.209
290.208
290.209
290.011
290.008
289.996
289.988
289.983
289.981
289.988
290.055
290.545
294.052
298.668
299.079
289.15
289.15
289.15
289.15
289.151
289.15
289.151
289.151
289.164
289.543
289.707
289.726
289.723
290.212
290.212
290.211
289.997
289.973
289.957
289.948
289.945
289.95
289.978
290.115
290.845
294.96
298.611
299.061
289.151
289.15
289.15
289.15
289.151
289.178
289.178
289.178
289.497
289.671
289.715
289.716
290.219
290.22
290.217
289.961
289.936
289.921
289.915
289.92
289.949
290.041
290.359
291.683
295.847
298.599
299.05
289.153
289.151
289.15
289.15
289.152
289.18
289.459
289.459
289.459
289.624
289.68
289.694
290.229
290.231
290.227
289.93
289.91
289.899
289.902
289.927
290.004
290.203
290.771
292.759
296.434
298.597
299.046
289.157
289.151
289.15
289.15
289.153
289.189
289.409
289.582
289.582
289.582
289.646
289.669
290.241
290.244
290.238
289.913
289.898
289.895
289.916
289.981
290.135
290.491
291.418
293.716
296.861
298.605
299.044
289.162
289.153
289.151
289.151
289.155
289.197
289.391
289.54
289.617
289.617
289.617
289.647
290.254
290.258
290.251
289.909
289.899
289.91
289.963
290.091
290.355
290.91
292.173
294.49
297.181
298.621
299.045
289.17
289.156
289.151
289.151
289.157
289.204
289.377
289.513
289.59
289.628
289.628
289.628
290.269
290.273
290.265
289.913
289.912
289.946
290.049
290.258
290.655
291.431
292.865
295.11
297.423
298.641
299.046
289.179
289.16
289.152
289.152
289.158
289.21
289.367
289.492
289.568
289.609
290.284
290.289
290.28
289.925
289.936
290.005
290.166
290.468
291.006
291.935
293.467
295.601
297.607
298.661
299.048
289.189
289.166
289.154
289.152
289.161
289.216
289.359
289.474
289.55
289.592
290.301
290.306
290.296
289.944
289.973
290.081
290.303
290.695
291.346
292.391
293.973
295.984
297.745
298.68
299.05
289.199
289.173
289.156
289.153
289.163
289.221
289.353
289.46
289.533
289.577
290.318
290.324
290.313
289.969
290.019
290.166
290.443
290.912
291.656
292.786
294.385
296.277
297.848
298.695
299.052
289.209
289.182
289.16
289.155
289.166
289.226
289.348
289.449
289.519
289.563
290.336
290.343
290.331
289.998
290.069
290.25
290.575
291.108
291.927
293.117
294.715
296.499
297.924
298.706
299.053
289.219
289.191
289.164
289.156
289.168
289.23
289.344
289.439
289.507
289.55
290.355
290.363
290.35
290.03
290.121
290.331
290.696
291.281
292.157
293.389
294.974
296.664
297.977
298.713
299.055
289.229
289.201
289.169
289.159
289.171
289.235
289.341
289.431
289.496
289.538
290.375
290.384
290.371
290.066
290.173
290.407
290.805
291.432
292.351
293.61
295.175
296.785
298.012
298.717
299.056
289.239
289.212
289.176
289.161
289.175
289.239
289.339
289.424
289.487
289.527
290.396
290.407
290.392
290.103
290.225
290.481
290.906
291.565
292.515
293.789
295.33
296.871
298.031
298.716
299.057
289.249
289.222
289.183
289.165
289.178
289.242
289.338
289.418
289.478
289.517
290.419
290.431
290.415
290.143
290.279
290.554
291.001
291.684
292.655
293.935
295.448
296.926
298.038
298.713
299.057
289.259
289.233
289.192
289.169
289.182
289.246
289.337
289.413
289.47
289.507
290.443
290.459
290.441
290.186
290.335
290.629
291.094
291.795
292.779
294.055
295.534
296.956
298.033
298.707
299.058
289.269
289.243
289.202
289.174
289.186
289.25
289.336
289.409
289.463
289.497
290.471
290.491
290.473
290.234
290.398
290.71
291.191
291.905
292.893
294.154
295.59
296.963
298.017
298.697
299.058
289.279
289.253
289.212
289.18
289.191
289.254
289.336
289.405
289.456
289.488
290.503
290.532
290.52
290.288
290.47
290.801
291.296
292.018
293.001
294.237
295.621
296.948
297.988
298.681
299.058
289.29
289.263
289.222
289.188
289.196
289.258
289.336
289.402
289.45
289.479
290.543
290.589
290.6
290.355
290.56
290.911
291.418
292.141
293.108
294.3
295.624
296.906
297.936
298.652
299.056
289.304
289.275
289.233
289.196
289.202
289.262
289.337
289.399
289.444
289.471
290.598
290.675
290.748
290.442
290.675
291.046
291.56
292.276
293.214
294.345
295.599
296.825
297.837
298.573
299.024
289.331
289.289
289.244
289.205
289.208
289.267
289.338
289.397
289.438
289.462
290.695
290.808
291.041
291.44
291.696
291.74
291.599
291.376
291.131
290.884
290.689
290.596
290.842
291.218
291.73
292.426
293.316
294.375
295.544
296.693
297.648
298.293
298.212
295.059
294.155
293.314
292.699
292.135
291.573
290.934
289.845
289.408
289.312
289.255
289.214
289.216
289.272
289.34
289.395
289.433
289.453
291.108
291.386
291.595
291.765
291.834
291.77
291.591
291.387
291.172
290.973
290.843
290.81
291.052
291.423
291.923
292.588
293.417
294.395
295.468
296.519
297.382
297.906
297.586
295.899
294.438
293.323
292.495
291.808
291.141
290.416
289.748
289.444
289.331
289.267
289.225
289.224
289.277
289.342
289.394
289.426
289.441
291.634
291.798
291.909
291.953
291.909
291.774
291.597
291.428
291.265
291.13
291.049
291.063
291.294
291.651
292.13
292.753
293.52
294.413
295.38
296.311
297.047
297.363
296.829
295.563
294.332
293.296
292.444
291.67
290.86
290.18
289.711
289.463
289.347
289.278
289.235
289.233
289.283
289.344
289.391
289.418
289.419
291.878
292.005
292.056
292.028
291.926
291.774
291.626
291.495
291.386
291.312
291.276
291.333
291.555
291.894
292.347
292.926
293.63
294.434
295.281
296.065
296.616
296.629
295.922
294.842
293.795
292.908
292.124
291.342
290.567
290.038
289.679
289.47
289.357
289.288
289.245
289.242
289.289
289.346
289.388
289.406
289.389
292.014
292.111
292.122
292.051
291.934
291.805
291.689
291.596
291.535
291.503
291.515
291.608
291.826
292.148
292.575
293.111
293.748
294.451
295.154
295.738
296.002
295.626
294.748
293.727
292.856
292.135
291.472
290.827
290.301
289.914
289.639
289.465
289.361
289.295
289.255
289.252
289.295
289.347
289.382
289.394
289.373
292.098
292.166
292.153
292.078
291.977
291.877
291.796
291.74
291.716
291.719
291.769
291.889
292.104
292.41
292.809
293.295
293.847
294.415
294.91
295.185
295.021
294.222
293.211
292.365
291.728
291.202
290.779
290.392
290.057
289.79
289.589
289.451
289.361
289.301
289.265
289.262
289.3
289.346
289.374
289.38
289.361
292.143
292.201
292.192
292.134
292.061
291.996
291.949
291.923
291.924
291.956
292.033
292.169
292.379
292.663
293.016
293.42
293.832
294.175
294.327
294.133
293.469
292.46
291.648
291.138
290.781
290.507
290.268
290.044
289.843
289.67
289.532
289.429
289.356
289.305
289.274
289.271
289.304
289.342
289.364
289.366
289.35
292.156
292.228
292.247
292.221
292.182
292.15
292.131
292.127
292.147
292.197
292.287
292.422
292.61
292.842
293.1
293.344
293.502
293.475
293.152
292.494
291.65
290.945
290.548
290.314
290.156
290.026
289.902
289.78
289.665
289.561
289.472
289.401
289.347
289.307
289.283
289.28
289.306
289.335
289.351
289.351
289.341
292.093
292.221
292.302
292.321
292.316
292.315
292.322
292.338
292.363
292.413
292.489
292.589
292.708
292.823
292.898
292.873
292.669
292.221
291.551
290.837
290.307
290.024
289.882
289.798
289.74
289.691
289.637
289.579
289.52
289.464
289.413
289.369
289.333
289.306
289.288
289.286
289.306
289.325
289.336
289.336
289.332
291.927
291.991
292.283
292.385
292.402
292.412
292.429
292.451
292.474
292.5
292.529
292.552
292.553
292.509
292.382
292.127
291.708
291.14
290.537
290.065
289.796
289.674
289.607
289.561
289.526
289.495
289.468
289.441
289.413
289.386
289.36
289.337
289.317
289.301
289.29
289.288
289.301
289.313
289.32
289.323
289.325
289.15
289.15
289.15
289.15
289.15
289.15
289.15
289.15
289.151
)
;
    }
    procBoundary3to4
    {
        type            processor;
        value           nonuniform List<scalar> 
1398
(
289.15
289.15
289.15
289.15
289.15
289.15
289.15
289.15
289.15
289.15
289.15
289.15
289.15
289.15
289.15
289.15
289.15
289.15
289.15
289.15
289.15
289.15
289.15
289.15
289.15
289.15
289.15
289.15
289.15
289.15
289.15
289.15
289.15
289.15
289.15
289.15
289.15
289.15
289.15
289.15
289.15
289.15
289.15
289.15
289.15
289.15
289.15
289.15
289.15
289.15
289.15
289.15
289.15
289.15
289.15
289.15
289.15
289.15
289.15
289.15
289.15
289.15
289.15
289.15
289.15
289.15
289.15
289.15
289.15
289.15
289.15
289.15
289.15
289.15
289.15
289.15
289.15
289.15
289.15
289.15
289.15
289.15
289.15
289.15
289.15
289.15
289.15
289.15
289.15
289.15
289.15
289.15
289.15
289.15
289.15
289.15
289.15
289.15
289.15
289.15
289.15
289.15
289.15
289.15
289.15
289.15
289.15
289.15
289.15
289.15
289.15
289.15
289.15
289.15
289.15
289.15
289.15
289.15
289.15
289.15
289.15
289.15
289.15
289.15
289.15
289.15
289.15
289.15
289.15
289.15
289.15
289.15
289.15
289.15
289.15
289.15
289.15
289.15
289.15
289.15
289.15
289.15
289.15
289.15
289.15
289.15
289.15
289.15
289.15
289.15
289.15
289.15
289.15
289.15
289.15
289.15
289.15
289.15
289.15
289.15
289.15
289.15
289.15
289.15
289.15
289.15
289.15
289.15
289.15
289.15
289.15
289.15
289.15
289.15
289.15
289.15
289.15
289.15
289.15
289.15
289.15
289.15
289.15
289.15
289.15
289.15
289.15
289.15
289.15
289.15
289.15
289.15
289.15
289.15
289.15
289.15
289.15
289.15
289.15
289.15
289.15
289.15
289.15
289.15
289.15
289.15
289.15
289.15
289.15
289.15
289.15
289.15
289.15
289.15
289.15
289.15
289.15
289.15
289.15
289.15
289.15
289.15
289.15
289.15
289.15
289.15
289.15
289.15
289.15
289.15
289.15
289.15
289.15
289.15
289.15
289.15
289.15
289.15
289.15
289.15
289.15
289.15
289.15
289.15
289.15
289.15
289.15
289.15
289.15
289.15
289.15
289.15
289.15
289.15
289.15
289.15
289.15
289.15
289.15
289.15
289.15
289.15
289.15
289.15
289.15
289.15
289.15
289.15
289.15
289.15
289.15
289.15
289.15
289.15
290.214
290.214
290.214
289.951
289.949
289.949
289.949
289.942
289.95
289.941
289.941
289.941
289.942
289.943
289.943
289.942
289.939
289.933
289.924
289.912
289.899
289.885
289.87
289.855
289.841
289.827
289.815
289.804
289.794
289.786
289.776
289.766
289.754
289.744
289.738
290.215
290.215
290.215
289.949
289.948
289.949
289.95
289.95
289.942
289.952
289.943
289.946
289.95
289.956
289.961
289.964
289.961
289.951
289.936
289.916
289.894
289.871
289.849
289.829
289.811
289.794
289.781
289.77
289.76
289.752
289.742
289.732
289.723
289.72
289.723
290.219
290.219
290.219
289.946
289.945
289.945
289.947
289.952
289.952
289.943
289.975
289.95
289.96
289.972
289.985
289.992
289.988
289.972
289.946
289.915
289.882
289.85
289.821
289.795
289.773
289.755
289.74
289.728
289.716
289.704
289.691
289.681
289.677
289.684
289.699
290.225
290.226
290.224
289.942
289.941
289.942
289.947
289.957
289.975
289.975
289.949
290.024
289.964
289.982
290.001
290.011
290.003
289.978
289.941
289.898
289.854
289.815
289.781
289.753
289.73
289.711
289.695
289.681
289.666
289.65
289.636
289.627
289.631
289.65
289.678
290.232
290.234
290.231
289.94
289.939
289.942
289.95
289.964
289.987
290.024
290.024
289.958
290.09
289.98
290.001
290.011
289.998
289.963
289.915
289.863
289.813
289.769
289.734
289.705
289.682
289.662
289.644
289.628
289.612
289.597
289.583
289.578
289.59
289.62
289.66
290.24
290.244
290.239
289.939
289.939
289.943
289.952
289.968
289.992
290.03
290.09
290.09
289.964
290.168
289.984
289.989
289.97
289.928
289.873
289.815
289.763
289.719
289.683
289.655
289.631
289.613
289.597
289.583
289.569
289.554
289.543
289.542
289.56
289.599
289.646
290.249
290.254
290.248
289.938
289.939
289.943
289.951
289.965
289.988
290.026
290.085
290.168
290.168
289.953
290.227
289.952
289.927
289.88
289.822
289.765
289.715
289.673
289.641
289.616
289.595
289.578
289.564
289.552
289.539
289.527
289.519
289.52
289.542
289.586
289.637
290.259
290.265
290.257
289.938
289.94
289.943
289.949
289.961
289.981
290.016
290.072
290.148
290.227
290.227
289.911
290.223
289.883
289.835
289.779
289.726
289.681
289.644
289.615
289.592
289.574
289.558
289.545
289.534
289.523
289.512
289.506
289.51
289.534
289.581
289.631
290.269
290.276
290.267
289.939
289.94
289.942
289.946
289.955
289.972
290.003
290.054
290.121
290.19
290.223
290.223
289.846
290.148
289.801
289.75
289.703
289.662
289.63
289.603
289.582
289.564
289.549
289.536
289.525
289.514
289.505
289.5
289.506
289.532
289.58
289.628
290.279
290.287
290.277
289.941
289.942
289.943
289.945
289.95
289.964
289.99
290.035
290.094
290.153
290.179
290.148
290.148
289.781
290.039
289.736
289.694
289.658
289.627
289.602
289.581
289.563
289.547
289.534
289.522
289.512
289.503
289.499
289.507
289.534
289.582
289.626
290.29
290.299
290.287
289.944
289.946
289.946
289.945
289.948
289.958
289.98
290.019
290.071
290.122
290.143
290.113
290.039
290.039
289.734
289.944
289.696
289.663
289.634
289.609
289.588
289.569
289.551
289.537
289.524
289.513
289.504
289.501
289.51
289.538
289.585
289.624
290.3
290.311
290.297
289.948
289.951
289.951
289.949
289.95
289.957
289.975
290.009
290.055
290.099
290.118
290.092
290.024
289.944
289.944
289.707
289.877
289.675
289.647
289.622
289.599
289.578
289.559
289.542
289.528
289.516
289.506
289.504
289.514
289.544
289.588
289.621
290.311
290.323
290.307
289.953
289.959
289.96
289.957
289.956
289.96
289.975
290.004
290.046
290.087
290.105
290.083
290.021
289.948
289.877
289.877
289.693
289.836
289.664
289.638
289.614
289.591
289.57
289.551
289.534
289.52
289.51
289.507
289.518
289.549
289.59
289.618
290.321
290.335
290.317
289.961
289.97
289.972
289.969
289.966
289.968
289.981
290.007
290.045
290.083
290.102
290.084
290.028
289.96
289.894
289.836
289.836
289.685
289.81
289.658
289.632
289.606
289.582
289.561
289.542
289.527
289.515
289.512
289.523
289.553
289.591
289.613
290.332
290.347
290.327
289.97
289.985
289.988
289.984
289.98
289.981
289.991
290.015
290.051
290.088
290.109
290.095
290.044
289.98
289.917
289.86
289.81
289.81
289.68
289.793
289.651
289.624
289.597
289.573
289.552
289.534
289.521
289.517
289.528
289.557
289.591
289.607
290.342
290.359
290.338
289.983
290.002
290.007
290.003
289.998
289.998
290.006
290.028
290.062
290.1
290.123
290.113
290.066
290.006
289.945
289.888
289.838
289.793
289.793
289.673
289.779
289.643
289.614
289.587
289.563
289.542
289.527
289.522
289.532
289.56
289.588
289.598
290.353
290.372
290.349
290
290.025
290.03
290.026
290.019
290.017
290.024
290.045
290.079
290.118
290.143
290.137
290.094
290.037
289.977
289.92
289.869
289.823
289.779
289.779
289.665
289.764
289.633
289.603
289.575
289.552
289.535
289.528
289.537
289.56
289.581
289.584
290.365
290.386
290.362
290.024
290.053
290.058
290.051
290.043
290.039
290.045
290.066
290.1
290.141
290.17
290.167
290.128
290.072
290.013
289.956
289.904
289.856
289.809
289.764
289.764
289.654
289.742
289.62
289.589
289.562
289.542
289.533
289.54
289.557
289.57
289.567
290.378
290.401
290.377
290.057
290.087
290.089
290.078
290.067
290.062
290.068
290.09
290.127
290.17
290.202
290.203
290.167
290.113
290.054
289.996
289.942
289.891
289.842
289.794
289.742
289.742
289.639
289.702
289.603
289.572
289.55
289.539
289.541
289.551
289.555
289.547
290.396
290.42
290.401
290.102
290.126
290.12
290.104
290.091
290.086
290.094
290.119
290.16
290.207
290.244
290.248
290.214
290.16
290.101
290.042
289.985
289.931
289.878
289.825
289.767
289.702
289.702
289.618
289.651
289.583
289.556
289.542
289.539
289.54
289.536
289.521
290.425
290.451
290.468
290.714
290.97
291.097
291.039
290.811
290.558
290.385
290.26
290.162
290.16
290.146
290.128
290.115
290.112
290.125
290.157
290.205
290.259
290.299
290.306
290.273
290.22
290.159
290.097
290.036
289.977
289.919
289.859
289.792
289.718
289.651
289.651
289.592
289.599
289.561
289.542
289.533
289.527
289.514
289.487
290.524
290.586
290.711
290.965
291.143
291.182
291.063
290.807
290.566
290.401
290.291
290.215
290.19
290.17
290.152
290.143
290.147
290.171
290.215
290.275
290.338
290.382
290.39
290.357
290.302
290.237
290.17
290.104
290.038
289.974
289.903
289.821
289.734
289.658
289.599
289.599
289.562
289.551
289.538
289.523
289.509
289.488
289.45
290.825
290.989
291.164
291.278
291.319
291.257
291.077
290.808
290.588
290.43
290.323
290.255
290.219
290.199
290.187
290.189
290.207
290.248
290.313
290.394
290.472
290.524
290.533
290.497
290.436
290.364
290.286
290.208
290.13
290.05
289.958
289.851
289.746
289.66
289.596
289.551
289.551
289.53
289.51
289.51
289.489
289.46
289.419
291.33
291.436
291.473
291.48
291.428
291.293
291.073
290.829
290.629
290.475
290.368
290.301
290.267
290.254
290.257
290.279
290.324
290.396
290.491
290.601
290.699
290.758
290.764
290.72
290.645
290.553
290.452
290.349
290.244
290.132
290.005
289.868
289.747
289.653
289.586
289.54
289.51
289.51
289.494
289.472
289.469
289.435
289.398
291.81
291.745
291.679
291.598
291.478
291.301
291.09
290.887
290.71
290.567
290.462
290.399
290.373
290.376
290.405
290.458
290.539
290.646
290.773
290.905
291.015
291.068
291.051
290.977
290.865
290.734
290.592
290.448
290.301
290.149
289.992
289.842
289.721
289.632
289.569
289.525
289.495
289.472
289.472
289.449
289.432
289.415
289.384
291.945
291.853
291.753
291.636
291.494
291.334
291.165
291.001
290.855
290.734
290.644
290.592
290.58
290.604
290.659
290.744
290.856
290.987
291.123
291.24
291.306
291.288
291.187
291.036
290.865
290.689
290.515
290.348
290.184
290.03
289.889
289.768
289.672
289.6
289.546
289.506
289.478
289.455
289.432
289.432
289.4
289.389
289.375
291.974
291.887
291.782
291.667
291.547
291.423
291.297
291.175
291.066
290.976
290.912
290.876
290.881
290.923
290.995
291.091
291.198
291.296
291.359
291.355
291.262
291.081
290.867
290.67
290.503
290.355
290.215
290.085
289.965
289.855
289.759
289.678
289.611
289.557
289.516
289.484
289.459
289.438
289.416
289.389
289.389
289.368
289.361
291.997
291.923
291.832
291.736
291.645
291.558
291.475
291.394
291.322
291.263
291.222
291.202
291.214
291.25
291.297
291.337
291.343
291.289
291.154
290.937
290.679
290.45
290.273
290.143
290.043
289.961
289.889
289.82
289.752
289.689
289.633
289.585
289.543
289.509
289.48
289.456
289.437
289.419
289.4
289.378
289.361
292.042
291.986
291.916
291.835
291.765
291.709
291.662
291.618
291.578
291.542
291.512
291.487
291.461
291.427
291.362
291.242
291.049
290.789
290.498
290.234
290.036
289.901
289.81
289.746
289.698
289.658
289.625
289.595
289.569
289.543
289.518
289.495
289.473
289.455
289.438
289.424
289.41
289.397
289.383
289.367
289.356
292.055
292.051
292.031
291.952
291.869
291.823
291.793
291.767
291.738
291.703
291.657
291.595
291.507
291.381
291.205
290.97
290.683
290.376
290.097
289.889
289.755
289.672
289.615
289.574
289.542
289.515
289.493
289.473
289.456
289.442
289.43
289.419
289.409
289.401
289.393
289.386
289.379
289.372
289.364
289.356
289.352
)
;
    }
}


// ************************************************************************* //
