/*--------------------------------*- C++ -*----------------------------------*\
| =========                 |                                                 |
| \\      /  F ield         | OpenFOAM: The Open Source CFD Toolbox           |
|  \\    /   O peration     | Version:  2.3.1                                 |
|   \\  /    A nd           | Web:      www.OpenFOAM.org                      |
|    \\/     M anipulation  |                                                 |
\*---------------------------------------------------------------------------*/
FoamFile
{
    version     2.0;
    format      ascii;
    class       volScalarField;
    location    "600";
    object      p;
}
// * * * * * * * * * * * * * * * * * * * * * * * * * * * * * * * * * * * * * //

dimensions      [0 2 -2 0 0 0 0];

internalField   nonuniform List<scalar> 
6852
(
77.9709
77.9595
77.9452
77.9276
77.9077
77.8859
77.9574
77.9461
77.932
77.9145
77.8948
77.8731
77.9709
77.9591
77.9442
77.925
77.9027
77.8758
78.0151
78.0047
77.9914
77.9732
77.9509
77.9192
78.0191
78.0086
77.9953
77.9776
77.9565
77.9271
78.0195
78.0065
77.9886
77.9668
77.9356
78.0127
77.9997
77.9816
77.9595
77.9273
77.9895
77.9773
77.96
77.9387
77.9067
77.9513
77.9406
77.925
77.9059
77.876
77.8982
77.8895
77.8762
77.8605
77.8345
77.835
77.8288
77.8188
77.8074
77.7868
77.7586
77.7546
77.7477
77.7399
77.7251
77.6906
77.6892
77.6858
77.682
77.6735
77.6377
77.6385
77.6381
77.6376
77.6341
77.5996
77.6022
77.604
77.6059
77.606
77.5731
77.5769
77.5803
77.5838
77.5862
77.555
77.5597
77.5641
77.5685
77.5724
77.5419
77.5473
77.5526
77.5578
77.5626
77.5319
77.5379
77.5439
77.5498
77.5554
77.5236
77.5303
77.537
77.5436
77.55
77.5166
77.524
77.5314
77.5387
77.5458
77.5103
77.5186
77.5268
77.5349
77.5426
77.5046
77.5139
77.5231
77.5319
77.5404
77.4994
77.5099
77.52
77.5297
77.539
77.4946
77.5064
77.5177
77.5283
77.5382
77.4904
77.5036
77.516
77.5276
77.5382
77.4867
77.5014
77.5151
77.5276
77.5388
77.4838
77.5
77.5149
77.5282
77.5401
77.4818
77.4995
77.5155
77.5296
77.5419
77.481
77.5
77.5169
77.5317
77.5444
77.4815
77.5016
77.5192
77.5344
77.5473
77.4836
77.5043
77.5224
77.5378
77.5509
77.4874
77.5082
77.5264
77.5419
77.555
77.4931
77.5136
77.5316
77.5469
77.5597
77.4994
77.5195
77.5372
77.5522
77.5651
77.5067
77.5262
77.5437
77.5587
77.5716
77.5169
77.5357
77.5526
77.5672
77.5796
77.5301
77.5474
77.5632
77.5771
77.5889
77.544
77.56
77.5749
77.5881
77.5992
77.5571
77.5722
77.5864
77.599
77.6095
77.5643
77.5796
77.5939
77.6066
77.6171
76.9384
76.927
76.9126
76.8951
76.8754
76.9188
76.9074
76.8931
76.8756
76.8561
76.8353
76.9247
76.9126
76.8972
76.8773
76.8543
76.827
76.9633
76.9521
76.9378
76.9182
76.8944
76.8612
76.9688
76.9577
76.9436
76.9248
76.9027
76.872
76.9777
76.967
76.9532
76.9343
76.9117
76.8792
76.9573
76.9438
76.9249
76.9024
76.8693
76.9343
76.9218
76.9038
76.8825
76.8498
76.8967
76.8858
76.8695
76.8506
76.82
76.8444
76.8354
76.8217
76.8061
76.7795
76.7833
76.777
76.7668
76.7554
76.7342
76.7055
76.7016
76.6946
76.6867
76.6717
76.6423
76.6412
76.6381
76.6346
76.6264
76.5957
76.5968
76.5967
76.5964
76.5934
76.5651
76.568
76.57
76.5718
76.5721
76.5456
76.5495
76.553
76.5562
76.5586
76.5324
76.5371
76.5415
76.5459
76.5496
76.5225
76.5279
76.5333
76.5384
76.5432
76.5145
76.5206
76.5266
76.5325
76.5381
76.5077
76.5144
76.521
76.5276
76.5339
76.5014
76.5089
76.5163
76.5235
76.5305
76.4956
76.5039
76.5121
76.5201
76.5279
76.4902
76.4995
76.5086
76.5175
76.526
76.4852
76.4956
76.5057
76.5155
76.5248
76.4805
76.4923
76.5036
76.5142
76.5243
76.4762
76.4895
76.5021
76.5138
76.5245
76.4725
76.4874
76.5013
76.514
76.5255
76.4694
76.486
76.5012
76.5149
76.527
76.4673
76.4856
76.502
76.5165
76.5291
76.4663
76.4861
76.5036
76.5188
76.5317
76.4669
76.4878
76.5062
76.5217
76.5349
76.4689
76.4907
76.5096
76.5254
76.5386
76.4729
76.4949
76.5139
76.5297
76.5428
76.4787
76.5004
76.5191
76.5348
76.5479
76.4853
76.5067
76.5254
76.541
76.5541
76.4945
76.5153
76.5334
76.5485
76.561
76.5063
76.5256
76.5423
76.5565
76.5684
76.5185
76.5359
76.5516
76.5652
76.5768
76.5305
76.5471
76.5623
76.5755
76.5866
76.543
76.5586
76.5731
76.5859
76.5965
76.552
76.5679
76.5826
76.5955
76.6062
75.8875
75.8763
75.8623
75.8459
75.8283
75.8671
75.8557
75.8416
75.8243
75.806
75.8689
75.8565
75.841
75.8208
75.7982
75.7711
75.9078
75.8961
75.8814
75.8606
75.8361
75.8008
75.915
75.9036
75.8894
75.87
75.8483
75.8166
75.9253
75.9143
75.9004
75.8807
75.8584
75.8243
75.9122
75.9015
75.8879
75.8684
75.8465
75.8117
75.8782
75.8658
75.8473
75.8268
75.7925
75.84
75.8292
75.8126
75.7949
75.7631
75.7857
75.7771
75.7633
75.7491
75.722
75.7256
75.72
75.7099
75.7002
75.6791
75.6371
75.6342
75.6279
75.6216
75.608
75.5791
75.5796
75.5783
75.5773
75.5716
75.541
75.544
75.546
75.5481
75.5476
75.5214
75.5259
75.5297
75.5332
75.5351
75.5113
75.5165
75.5214
75.5256
75.5284
75.5059
75.5114
75.5165
75.5209
75.5243
75.5023
75.5079
75.513
75.5175
75.5213
75.4988
75.5046
75.51
75.5148
75.519
75.4948
75.5011
75.5069
75.5122
75.5172
75.4903
75.4971
75.5036
75.5096
75.5153
75.4853
75.4929
75.5
75.5069
75.5136
75.4799
75.4885
75.4966
75.5044
75.5121
75.4741
75.4841
75.4935
75.5024
75.5111
75.4683
75.4799
75.4907
75.5009
75.5106
75.4627
75.476
75.4885
75.5
75.5108
75.4574
75.4728
75.487
75.4999
75.5116
75.4526
75.4703
75.4863
75.5004
75.5131
75.4488
75.4688
75.4865
75.5018
75.5151
75.4462
75.4685
75.4877
75.504
75.5178
75.4454
75.4697
75.4901
75.507
75.5212
75.4465
75.4723
75.4936
75.5109
75.5251
75.4509
75.4769
75.4984
75.5156
75.5297
75.4579
75.4833
75.5045
75.5213
75.5351
75.4666
75.4911
75.5115
75.5279
75.5414
75.4773
75.5004
75.5199
75.5357
75.5489
75.4899
75.5116
75.53
75.5452
75.5578
75.5052
75.5247
75.5417
75.556
75.5677
75.5205
75.5384
75.5541
75.5675
75.5786
75.5346
75.551
75.566
75.5788
75.5894
75.5467
75.5634
75.5786
75.5918
75.6027
74.8438
74.8337
74.8214
74.8072
74.7929
74.8237
74.8138
74.8018
74.788
74.7741
74.8142
74.8024
74.7879
74.77
74.7521
74.8531
74.8416
74.8276
74.8071
74.7843
74.7496
74.8611
74.8496
74.8358
74.8163
74.7957
74.7636
74.8734
74.8622
74.8485
74.8283
74.8069
74.771
74.8572
74.8462
74.8329
74.8128
74.7918
74.755
74.833
74.8228
74.8106
74.7915
74.7722
74.7357
74.793
74.7841
74.7738
74.7568
74.7406
74.7067
74.7278
74.7197
74.7057
74.6933
74.6649
74.6686
74.6637
74.6537
74.6456
74.6234
74.5597
74.5581
74.5534
74.5497
74.5389
74.5071
74.5096
74.511
74.5136
74.5128
74.4828
74.4873
74.4915
74.4964
74.5008
74.4775
74.4832
74.4891
74.4949
74.5004
74.4772
74.4836
74.4902
74.4965
74.5021
74.4799
74.4862
74.4928
74.4986
74.5037
74.4818
74.4881
74.4943
74.4997
74.5044
74.482
74.4882
74.4941
74.4994
74.5038
74.4803
74.4866
74.4925
74.4978
74.5024
74.4769
74.4836
74.4899
74.4956
74.5008
74.4722
74.4797
74.4866
74.493
74.499
74.4665
74.475
74.483
74.4903
74.4975
74.4602
74.47
74.4793
74.4879
74.4963
74.4534
74.465
74.4758
74.4859
74.4956
74.4465
74.4602
74.4729
74.4845
74.4955
74.4397
74.4559
74.4706
74.4839
74.4962
74.4332
74.4523
74.4692
74.4842
74.4976
74.4277
74.4498
74.469
74.4855
74.4999
74.4232
74.4486
74.47
74.4877
74.5028
74.4213
74.4494
74.4724
74.4911
74.5066
74.4216
74.452
74.4764
74.4956
74.5112
74.4273
74.4578
74.4822
74.5012
74.5166
74.4365
74.4659
74.4896
74.5079
74.5228
74.4481
74.4757
74.4982
74.5157
74.5299
74.462
74.4872
74.508
74.5244
74.5379
74.477
74.4998
74.5189
74.5343
74.5469
74.4939
74.5136
74.5308
74.5452
74.5571
74.5094
74.5276
74.5437
74.5573
74.5685
74.5241
74.541
74.5563
74.5694
74.5801
74.539
74.5564
74.5722
74.5857
74.5967
73.8258
73.8169
73.8063
73.7941
73.7816
73.8082
73.8001
73.7903
73.7792
73.7682
73.7912
73.7819
73.7709
73.7582
73.7459
73.8222
73.8124
73.8008
73.783
73.7653
73.8177
73.8068
73.7941
73.7751
73.7565
73.7237
73.8289
73.8179
73.805
73.7848
73.7648
73.7269
73.8083
73.7975
73.7848
73.7647
73.7451
73.7058
73.7828
73.7727
73.7612
73.742
73.7244
73.6851
73.7409
73.7322
73.7226
73.7057
73.6918
73.6553
73.6796
73.6725
73.6652
73.6513
73.6414
73.6107
73.6049
73.6016
73.5928
73.5886
73.5652
73.4791
73.4806
73.4809
73.4847
73.478
73.4265
73.4342
73.4455
73.4602
73.4679
73.4192
73.4289
73.4396
73.4518
73.4625
73.4413
73.4503
73.4587
73.4661
73.4726
73.4539
73.4617
73.469
73.475
73.4803
73.4614
73.4685
73.4749
73.4803
73.4852
73.466
73.4725
73.4785
73.4836
73.4881
73.4686
73.4747
73.4803
73.485
73.4892
73.4685
73.4745
73.48
73.4847
73.4891
73.466
73.4723
73.478
73.4831
73.4881
73.4617
73.4686
73.475
73.4808
73.4867
73.4559
73.4638
73.4712
73.4782
73.4853
73.4491
73.4585
73.4673
73.4757
73.4841
73.4415
73.4528
73.4634
73.4734
73.4833
73.4335
73.4472
73.4599
73.4717
73.483
73.4253
73.4419
73.457
73.4707
73.4834
73.417
73.4372
73.455
73.4706
73.4847
73.4095
73.4336
73.4541
73.4715
73.4867
73.4025
73.4311
73.4545
73.4736
73.4896
73.3986
73.431
73.4567
73.4769
73.4935
73.3964
73.4329
73.4606
73.4816
73.4983
73.4024
73.439
73.4669
73.4877
73.5041
73.4131
73.4483
73.4751
73.4951
73.5108
73.427
73.4596
73.4847
73.5034
73.5182
73.4437
73.4727
73.4953
73.5126
73.5264
73.4609
73.4863
73.5066
73.5225
73.5353
73.4802
73.5008
73.5184
73.5329
73.5448
73.4956
73.5142
73.5304
73.544
73.555
73.5093
73.5264
73.5416
73.5546
73.5653
73.5182
73.5357
73.5514
73.5649
73.5759
72.8245
72.8152
72.8041
72.7912
72.7777
72.8074
72.799
72.7888
72.7768
72.7644
72.7869
72.7782
72.768
72.7562
72.7434
72.8116
72.8024
72.7919
72.7763
72.7637
72.7868
72.7765
72.7648
72.7464
72.73
72.7939
72.7835
72.7715
72.7518
72.7339
72.6913
72.7689
72.7585
72.7468
72.7271
72.7103
72.6677
72.7413
72.7317
72.721
72.7025
72.6883
72.6476
72.6974
72.6891
72.6803
72.6641
72.6547
72.619
72.6258
72.6189
72.6122
72.5987
72.5937
72.566
72.4937
72.4907
72.4887
72.4809
72.4852
72.4751
72.2836
72.2842
72.2823
72.2852
72.2955
72.3902
72.3914
72.3922
72.3984
72.4075
72.3899
72.395
72.4019
72.4128
72.4257
72.4139
72.4217
72.4302
72.4391
72.449
72.4301
72.438
72.4461
72.4541
72.4626
72.444
72.4512
72.4578
72.4641
72.4707
72.4511
72.4574
72.4633
72.4689
72.4748
72.4544
72.4602
72.4657
72.471
72.4765
72.4544
72.4601
72.4656
72.471
72.4767
72.452
72.458
72.4639
72.4697
72.4759
72.4477
72.4544
72.461
72.4675
72.4745
72.4419
72.4498
72.4574
72.465
72.4729
72.435
72.4445
72.4535
72.4624
72.4715
72.4273
72.4388
72.4496
72.46
72.4704
72.419
72.433
72.446
72.4581
72.4699
72.4102
72.4273
72.4428
72.4569
72.4701
72.4011
72.4221
72.4404
72.4566
72.4711
72.3925
72.4178
72.4392
72.4573
72.473
72.3842
72.4147
72.4392
72.4592
72.4759
72.3792
72.414
72.4412
72.4625
72.4799
72.3755
72.4154
72.445
72.4672
72.4848
72.3817
72.4218
72.4516
72.4736
72.4907
72.3927
72.4314
72.46
72.4811
72.4975
72.4073
72.4431
72.4697
72.4894
72.5048
72.425
72.4564
72.4803
72.4983
72.5125
72.4422
72.4697
72.491
72.5075
72.5207
72.4613
72.4835
72.5019
72.5169
72.5292
72.4765
72.4961
72.5128
72.5267
72.5382
72.4907
72.5081
72.5236
72.5367
72.5475
72.4984
72.5159
72.5315
72.5448
72.5557
71.7956
71.7867
71.777
71.7628
71.756
71.7596
71.7499
71.7394
71.7233
71.7146
71.7671
71.7574
71.7467
71.7297
71.7204
71.7422
71.7325
71.722
71.7051
71.6968
71.6649
71.7191
71.71
71.7003
71.684
71.6771
71.6456
71.6924
71.6842
71.6757
71.6608
71.6558
71.6259
71.6461
71.6386
71.6312
71.6177
71.6144
71.5878
71.6359
71.6294
71.6232
71.6111
71.6099
71.5857
70.8013
70.7923
70.7823
70.7679
70.7607
70.7286
70.7192
70.7087
70.6931
70.6852
70.7458
70.7362
70.7256
70.7094
70.7013
70.7234
70.7139
70.7036
70.6873
70.6799
70.7018
70.6928
70.6831
70.6673
70.6607
70.62
70.6781
70.67
70.6612
70.6466
70.6412
70.6015
70.6218
70.6144
70.6067
70.5935
70.5897
70.5548
70.6513
70.6448
70.6382
70.6267
70.6247
70.5946
-7.94493
-7.94509
-7.94514
-7.94509
-7.94498
-7.94496
-7.94512
-7.94516
-7.9451
-7.94497
-7.94493
-7.94509
-7.94514
-7.9451
-7.94499
-7.94253
-7.94228
-7.94222
-7.94229
-7.94241
-7.94246
-7.94246
-7.94216
-7.94207
-7.9421
-7.94213
-7.94205
-7.94221
-7.94189
-7.94175
-7.94173
-7.94172
-7.9416
-7.94163
-7.94141
-7.94134
-7.94131
-7.94128
-7.9417
-7.94138
-7.94131
-7.94135
-7.94148
-7.94238
-7.94193
-7.94181
-7.94188
-7.94216
-7.94358
-7.94296
-7.94273
-7.94281
-7.94317
-7.94519
-7.94436
-7.94397
-7.94401
-7.9444
-7.94715
-7.94601
-7.94542
-7.94538
-7.94575
-7.94936
-7.94784
-7.94702
-7.94686
-7.94719
-7.95166
-7.94975
-7.9487
-7.94842
-7.94869
-7.95378
-7.95163
-7.95043
-7.95004
-7.95026
-7.95552
-7.95341
-7.95219
-7.95174
-7.95191
-7.95694
-7.95514
-7.95401
-7.95355
-7.95367
-7.95852
-7.95702
-7.95602
-7.95552
-7.95557
-7.9605
-7.95921
-7.95828
-7.95771
-7.95761
-7.96306
-7.96181
-7.96085
-7.96013
-7.95977
-7.96631
-7.96484
-7.9637
-7.96272
-7.96202
-7.97034
-7.9683
-7.9668
-7.96543
-7.96431
-7.97504
-7.97205
-7.97004
-7.96816
-7.96657
-7.9805
-7.97598
-7.97328
-7.97079
-7.96869
-7.98516
-7.97948
-7.97624
-7.9732
-7.97062
-7.98866
-7.98239
-7.97876
-7.97531
-7.97234
-7.99093
-7.9846
-7.98076
-7.97709
-7.97385
-7.99254
-7.98628
-7.98228
-7.97854
-7.97518
-7.99275
-7.98703
-7.98312
-7.97953
-7.97623
-7.99278
-7.98724
-7.98337
-7.97997
-7.9769
-7.99053
-7.98604
-7.98255
-7.97946
-7.97666
-7.98894
-7.98477
-7.98141
-7.97842
-7.97571
-7.98754
-7.98351
-7.98017
-7.97717
-7.97442
-8.9548
-8.95495
-8.95498
-8.95493
-8.95482
-8.95481
-8.95495
-8.95497
-8.95491
-8.95478
-8.95479
-8.95495
-8.95499
-8.95495
-8.95485
-8.95321
-8.95297
-8.95298
-8.95312
-8.95328
-8.95336
-8.95304
-8.95286
-8.95283
-8.95289
-8.95299
-8.95298
-8.95271
-8.95251
-8.95255
-8.95262
-8.95269
-8.95267
-8.95239
-8.9522
-8.95224
-8.95236
-8.95248
-8.9526
-8.95227
-8.9523
-8.95247
-8.95268
-8.95297
-8.95292
-8.9529
-8.95305
-8.95331
-8.95373
-8.9541
-8.95397
-8.95403
-8.95429
-8.95478
-8.95572
-8.9554
-8.95531
-8.95551
-8.95603
-8.95774
-8.9571
-8.95679
-8.9569
-8.9574
-8.96011
-8.95899
-8.95844
-8.95842
-8.95886
-8.96257
-8.96099
-8.96019
-8.96003
-8.9604
-8.96484
-8.96298
-8.96201
-8.96173
-8.96203
-8.9667
-8.96486
-8.96386
-8.96352
-8.96374
-8.96818
-8.96667
-8.96576
-8.96541
-8.96556
-8.9698
-8.96861
-8.96784
-8.96747
-8.96752
-8.97177
-8.97083
-8.97014
-8.9697
-8.9696
-8.97425
-8.97341
-8.9727
-8.97212
-8.97179
-8.97734
-8.97637
-8.97552
-8.97469
-8.97404
-8.98107
-8.97969
-8.97854
-8.97735
-8.9763
-8.98535
-8.98325
-8.98166
-8.98
-8.97848
-8.99005
-8.98691
-8.98476
-8.98255
-8.98053
-8.99427
-8.99026
-8.98761
-8.98488
-8.9824
-8.99772
-8.99312
-8.99007
-8.98693
-8.98408
-9.00014
-8.99533
-8.99205
-8.9887
-8.98563
-9.00214
-8.99711
-8.99364
-8.99022
-8.98708
-9.00269
-8.99799
-8.99461
-8.99134
-8.98832
-9.00305
-8.99832
-8.99493
-8.99188
-8.98908
-9.00106
-8.9971
-8.99405
-8.9913
-8.98881
-8.99885
-8.99527
-8.99235
-8.98973
-8.98733
-8.9963
-8.99293
-8.99005
-8.98739
-8.98492
-9.96481
-9.96494
-9.96496
-9.9649
-9.9648
-9.96483
-9.96495
-9.96496
-9.96489
-9.96477
-9.96479
-9.96493
-9.96497
-9.96493
-9.96485
-9.96392
-9.96369
-9.96378
-9.96398
-9.96415
-9.9642
-9.9636
-9.96348
-9.96355
-9.96369
-9.96389
-9.96391
-9.96309
-9.96297
-9.96317
-9.96337
-9.96356
-9.96368
-9.96261
-9.96253
-9.96282
-9.96316
-9.96349
-9.96382
-9.96275
-9.96259
-9.96292
-9.96338
-9.96383
-9.96435
-9.96322
-9.96355
-9.96403
-9.96455
-9.96519
-9.96437
-9.96462
-9.96504
-9.96556
-9.96627
-9.96593
-9.96604
-9.96632
-9.96679
-9.96751
-9.96786
-9.96774
-9.9678
-9.96818
-9.96886
-9.97021
-9.96964
-9.96946
-9.96971
-9.97032
-9.97278
-9.97168
-9.97126
-9.97137
-9.9719
-9.97522
-9.97379
-9.97317
-9.97315
-9.97359
-9.97726
-9.97583
-9.97515
-9.97505
-9.97541
-9.97887
-9.97778
-9.9772
-9.97708
-9.97735
-9.98062
-9.97987
-9.97942
-9.97928
-9.97943
-9.98267
-9.9822
-9.98186
-9.98165
-9.98163
-9.98517
-9.98485
-9.98453
-9.98419
-9.98394
-9.9882
-9.98784
-9.98742
-9.98687
-9.9863
-9.99175
-9.99113
-9.99049
-9.98961
-9.98866
-9.99581
-9.99464
-9.99364
-9.99235
-9.99095
-10.0002
-9.99822
-9.99677
-9.99499
-9.99312
-10.0044
-10.0016
-9.99972
-9.99745
-9.99515
-10.0081
-10.0047
-10.0024
-9.9997
-9.99705
-10.0109
-10.0072
-10.0046
-10.0017
-9.99888
-10.0134
-10.0093
-10.0065
-10.0036
-10.0007
-10.0143
-10.0106
-10.0078
-10.0051
-10.0024
-10.015
-10.0112
-10.0085
-10.006
-10.0036
-10.0133
-10.0101
-10.0078
-10.0057
-10.0038
-10.0107
-10.008
-10.0058
-10.0039
-10.0022
-10.0076
-10.005
-10.0029
-10.001
-9.9991
-10.9751
-10.9751
-10.9751
-10.9751
-10.9749
-10.9751
-10.9752
-10.9752
-10.9751
-10.975
-10.975
-10.9751
-10.9752
-10.9751
-10.975
-10.9747
-10.9745
-10.9747
-10.9749
-10.9751
-10.9752
-10.9742
-10.9741
-10.9743
-10.9746
-10.9749
-10.9749
-10.9735
-10.9734
-10.9738
-10.9741
-10.9745
-10.9748
-10.9728
-10.9728
-10.9733
-10.9739
-10.9745
-10.975
-10.9729
-10.9728
-10.9734
-10.9741
-10.9749
-10.9757
-10.9737
-10.9734
-10.9741
-10.9748
-10.9756
-10.9765
-10.9745
-10.9751
-10.9758
-10.9766
-10.9776
-10.976
-10.9764
-10.977
-10.9778
-10.9788
-10.9778
-10.978
-10.9784
-10.9791
-10.9801
-10.98
-10.9798
-10.98
-10.9806
-10.9815
-10.9824
-10.9818
-10.9818
-10.9823
-10.9831
-10.9849
-10.984
-10.9838
-10.9841
-10.9848
-10.9871
-10.9862
-10.9859
-10.9862
-10.9868
-10.9889
-10.9883
-10.9882
-10.9884
-10.9888
-10.9909
-10.9906
-10.9906
-10.9908
-10.9911
-10.9931
-10.9931
-10.9933
-10.9934
-10.9935
-10.9956
-10.9959
-10.9961
-10.9962
-10.9961
-10.9986
-10.999
-10.9992
-10.9991
-10.9987
-11.002
-11.0023
-11.0024
-11.002
-11.0013
-11.0058
-11.0059
-11.0057
-11.005
-11.0038
-11.0098
-11.0094
-11.009
-11.0079
-11.0063
-11.014
-11.013
-11.0121
-11.0106
-11.0087
-11.0179
-11.0162
-11.0151
-11.0133
-11.0111
-11.0209
-11.0191
-11.0177
-11.0157
-11.0134
-11.024
-11.0217
-11.02
-11.018
-11.0157
-11.0255
-11.0234
-11.0218
-11.02
-11.0179
-11.0267
-11.0245
-11.023
-11.0214
-11.0197
-11.0256
-11.0239
-11.0228
-11.0217
-11.0204
-11.0233
-11.0219
-11.021
-11.0201
-11.0191
-11.0202
-11.0189
-11.0179
-11.017
-11.0159
-11.9855
-11.9855
-11.9855
-11.9854
-11.9852
-11.9856
-11.9856
-11.9856
-11.9854
-11.9852
-11.9855
-11.9855
-11.9855
-11.9854
-11.9853
-11.9855
-11.9854
-11.9857
-11.986
-11.9862
-11.9848
-11.9849
-11.9852
-11.9856
-11.9859
-11.9861
-11.9839
-11.984
-11.9845
-11.985
-11.9856
-11.9861
-11.9831
-11.9833
-11.984
-11.9848
-11.9856
-11.9864
-11.9832
-11.9834
-11.9842
-11.9851
-11.986
-11.987
-11.9839
-11.984
-11.9848
-11.9857
-11.9868
-11.9879
-11.985
-11.985
-11.9858
-11.9866
-11.9877
-11.9889
-11.9864
-11.9869
-11.9878
-11.9888
-11.99
-11.988
-11.9883
-11.9891
-11.9901
-11.9912
-11.9899
-11.99
-11.9906
-11.9915
-11.9927
-11.9921
-11.9919
-11.9924
-11.9932
-11.9943
-11.9946
-11.9941
-11.9944
-11.9952
-11.9961
-11.997
-11.9965
-11.9968
-11.9974
-11.9982
-11.9991
-11.999
-11.9993
-11.9999
-12.0006
-12.0014
-12.0016
-12.0021
-12.0026
-12.0031
-12.0038
-12.0044
-12.0051
-12.0056
-12.0059
-12.0066
-12.0075
-12.0083
-12.0088
-12.0088
-12.0097
-12.0109
-12.0117
-12.012
-12.0119
-12.0131
-12.0144
-12.0152
-12.0154
-12.0149
-12.0168
-12.0181
-12.0188
-12.0188
-12.018
-12.0206
-12.0217
-12.0224
-12.0221
-12.0211
-12.0249
-12.0256
-12.026
-12.0254
-12.0241
-12.0292
-12.0293
-12.0294
-12.0286
-12.0271
-12.0328
-12.0325
-12.0324
-12.0316
-12.03
-12.0363
-12.0356
-12.0353
-12.0343
-12.0329
-12.0383
-12.0377
-12.0375
-12.0368
-12.0356
-12.04
-12.0393
-12.0391
-12.0386
-12.0378
-12.0395
-12.0393
-12.0394
-12.0394
-12.039
-12.0377
-12.0377
-12.0381
-12.0382
-12.0381
-12.0349
-12.035
-12.0352
-12.0354
-12.0351
-12.9961
-12.9961
-12.9959
-12.9957
-12.9955
-12.9962
-12.9962
-12.996
-12.9958
-12.9956
-12.9961
-12.996
-12.9959
-12.9958
-12.9956
-12.9964
-12.9965
-12.9969
-12.9973
-12.9975
-12.9956
-12.9959
-12.9963
-12.9968
-12.9972
-12.9944
-12.9949
-12.9955
-12.9962
-12.9969
-12.9976
-12.9937
-12.9942
-12.995
-12.9959
-12.9969
-12.9979
-12.9938
-12.9943
-12.9952
-12.9962
-12.9974
-12.9986
-12.9945
-12.995
-12.9958
-12.9969
-12.9981
-12.9994
-12.9955
-12.996
-12.9968
-12.9978
-12.999
-13.0003
-12.9967
-12.9972
-12.9979
-12.9988
-13.0001
-13.0014
-12.9986
-12.9991
-13.0001
-13.0013
-13.0027
-13.0003
-13.0007
-13.0016
-13.0028
-13.0042
-13.0024
-13.0026
-13.0035
-13.0046
-13.0059
-13.0049
-13.005
-13.0057
-13.0068
-13.008
-13.0076
-13.0076
-13.0084
-13.0094
-13.0104
-13.0101
-13.0105
-13.0113
-13.0123
-13.0132
-13.0128
-13.0136
-13.0146
-13.0155
-13.0162
-13.0156
-13.0169
-13.0181
-13.019
-13.0195
-13.0187
-13.0204
-13.0218
-13.0228
-13.023
-13.022
-13.0241
-13.0257
-13.0266
-13.0267
-13.0254
-13.0279
-13.0296
-13.0305
-13.0304
-13.0291
-13.0317
-13.0336
-13.0344
-13.0342
-13.0328
-13.0356
-13.0375
-13.0383
-13.0379
-13.0372
-13.0397
-13.0414
-13.042
-13.0416
-13.0418
-13.0437
-13.0452
-13.0457
-13.0451
-13.0457
-13.0473
-13.0486
-13.049
-13.0485
-13.0497
-13.0507
-13.0518
-13.0521
-13.0517
-13.0522
-13.0532
-13.0543
-13.0548
-13.0546
-13.0542
-13.0551
-13.0563
-13.057
-13.0571
-13.0543
-13.0556
-13.057
-13.0582
-13.0587
-13.0531
-13.0545
-13.0561
-13.0574
-13.0581
-13.0508
-13.0523
-13.0537
-13.0548
-13.0554
-14.0068
-14.0067
-14.0065
-14.0062
-14.0059
-14.007
-14.0068
-14.0066
-14.0063
-14.006
-14.0068
-14.0067
-14.0065
-14.0062
-14.006
-14.0076
-14.0079
-14.0085
-14.0089
-14.0093
-14.0066
-14.0071
-14.0077
-14.0083
-14.0089
-14.0053
-14.0061
-14.0069
-14.0077
-14.0086
-14.0046
-14.0055
-14.0065
-14.0075
-14.0087
-14.0097
-14.0049
-14.0057
-14.0068
-14.0079
-14.0092
-14.0104
-14.0057
-14.0064
-14.0074
-14.0086
-14.0099
-14.0112
-14.0069
-14.0074
-14.0084
-14.0095
-14.0109
-14.0122
-14.008
-14.0085
-14.0094
-14.0106
-14.012
-14.0134
-14.0093
-14.0098
-14.0107
-14.0119
-14.0133
-14.0148
-14.0114
-14.0124
-14.0136
-14.015
-14.0165
-14.0135
-14.0144
-14.0157
-14.0171
-14.0185
-14.0163
-14.0171
-14.0183
-14.0197
-14.021
-14.0194
-14.0202
-14.0214
-14.0228
-14.024
-14.0224
-14.0236
-14.025
-14.0264
-14.0273
-14.0256
-14.0273
-14.0289
-14.0303
-14.0311
-14.029
-14.0312
-14.0331
-14.0345
-14.0351
-14.0325
-14.0352
-14.0374
-14.0388
-14.0393
-14.036
-14.0393
-14.0418
-14.0433
-14.0437
-14.0396
-14.0433
-14.0461
-14.0478
-14.0481
-14.0434
-14.0474
-14.0504
-14.0521
-14.0525
-14.0473
-14.0515
-14.0546
-14.0564
-14.0568
-14.0517
-14.0557
-14.0588
-14.0605
-14.061
-14.0565
-14.06
-14.0628
-14.0645
-14.0649
-14.0608
-14.0638
-14.0665
-14.068
-14.0685
-14.065
-14.0674
-14.0697
-14.0712
-14.0717
-14.0676
-14.0699
-14.0722
-14.0738
-14.0745
-14.0697
-14.0718
-14.0742
-14.0761
-14.0772
-14.0701
-14.0726
-14.0753
-14.0775
-14.0789
-14.0694
-14.0721
-14.0748
-14.0769
-14.0782
-14.0677
-14.0703
-14.0727
-14.0746
-14.0757
-15.0177
-15.0175
-15.0172
-15.0168
-15.0163
-15.0178
-15.0176
-15.0173
-15.0168
-15.0164
-15.0177
-15.0175
-15.0171
-15.0167
-15.0163
-15.0193
-15.0199
-15.0206
-15.021
-15.0215
-15.0181
-15.0189
-15.0197
-15.0205
-15.0211
-15.0168
-15.0178
-15.0189
-15.0199
-15.0209
-15.0162
-15.0173
-15.0186
-15.0198
-15.021
-15.0167
-15.0177
-15.019
-15.0204
-15.0217
-15.0228
-15.0178
-15.0185
-15.0198
-15.0212
-15.0225
-15.0237
-15.019
-15.0196
-15.0208
-15.0223
-15.0236
-15.0249
-15.0203
-15.0207
-15.022
-15.0235
-15.0249
-15.0263
-15.0215
-15.0221
-15.0235
-15.0251
-15.0266
-15.0281
-15.0232
-15.0238
-15.0253
-15.0271
-15.0287
-15.0302
-15.0262
-15.0278
-15.0297
-15.0313
-15.0328
-15.0293
-15.0309
-15.0328
-15.0345
-15.0359
-15.0329
-15.0347
-15.0366
-15.0383
-15.0395
-15.0365
-15.0387
-15.0409
-15.0426
-15.0436
-15.0405
-15.0431
-15.0455
-15.0472
-15.0481
-15.0444
-15.0476
-15.0503
-15.0521
-15.0529
-15.0484
-15.0521
-15.0552
-15.0572
-15.0579
-15.0524
-15.0566
-15.06
-15.0622
-15.0629
-15.0564
-15.061
-15.0648
-15.0671
-15.068
-15.0603
-15.0653
-15.0693
-15.0719
-15.0729
-15.0644
-15.0696
-15.0737
-15.0764
-15.0775
-15.0687
-15.0739
-15.0779
-15.0806
-15.0819
-15.0735
-15.0781
-15.0819
-15.0846
-15.0858
-15.0777
-15.0818
-15.0854
-15.088
-15.0892
-15.0818
-15.0851
-15.0884
-15.0908
-15.0921
-15.0842
-15.0874
-15.0906
-15.0932
-15.0947
-15.086
-15.0891
-15.0925
-15.0953
-15.0973
-15.0866
-15.0901
-15.0938
-15.0969
-15.0991
-15.0863
-15.0899
-15.0933
-15.096
-15.0976
-15.085
-15.0884
-15.0915
-15.0939
-15.0953
-16.0288
-16.0284
-16.0279
-16.0274
-16.0268
-16.0289
-16.0285
-16.028
-16.0275
-16.0268
-16.0287
-16.0284
-16.0279
-16.0273
-16.0267
-16.0318
-16.0325
-16.0333
-16.0339
-16.0346
-16.0303
-16.0313
-16.0324
-16.0334
-16.0341
-16.0291
-16.0303
-16.0317
-16.033
-16.034
-16.0287
-16.0299
-16.0315
-16.0331
-16.0342
-16.0295
-16.0305
-16.0321
-16.0338
-16.0351
-16.0308
-16.0316
-16.0331
-16.0348
-16.0362
-16.0373
-16.0322
-16.0329
-16.0343
-16.0362
-16.0377
-16.0389
-16.0336
-16.0343
-16.0358
-16.0378
-16.0395
-16.0407
-16.0351
-16.036
-16.0377
-16.0398
-16.0417
-16.043
-16.0371
-16.0381
-16.04
-16.0424
-16.0443
-16.0457
-16.0398
-16.041
-16.043
-16.0456
-16.0476
-16.049
-16.0446
-16.0468
-16.0495
-16.0516
-16.0529
-16.0489
-16.0512
-16.054
-16.0561
-16.0573
-16.0532
-16.0561
-16.059
-16.0611
-16.0621
-16.0578
-16.0611
-16.0643
-16.0665
-16.0674
-16.0624
-16.0663
-16.0698
-16.072
-16.0729
-16.0669
-16.0714
-16.0752
-16.0776
-16.0785
-16.0713
-16.0762
-16.0804
-16.0831
-16.0841
-16.0755
-16.0809
-16.0853
-16.0883
-16.0896
-16.0795
-16.0852
-16.09
-16.0932
-16.0947
-16.0837
-16.0895
-16.0943
-16.0977
-16.0994
-16.0878
-16.0936
-16.0983
-16.1018
-16.1036
-16.0923
-16.0975
-16.1019
-16.1053
-16.1072
-16.0961
-16.1007
-16.1049
-16.1082
-16.1101
-16.0995
-16.1034
-16.1073
-16.1104
-16.1124
-16.1015
-16.1052
-16.1091
-16.1123
-16.1147
-16.1029
-16.1066
-16.1107
-16.1143
-16.1168
-16.1034
-16.1077
-16.112
-16.1157
-16.1184
-16.1034
-16.1077
-16.1115
-16.1145
-16.1167
-16.1024
-16.1063
-16.1098
-16.1126
-16.1145
-17.04
-17.0395
-17.0389
-17.0382
-17.0374
-17.0401
-17.0396
-17.039
-17.0382
-17.0373
-17.0399
-17.0395
-17.0388
-17.0381
-17.0372
-17.0452
-17.0461
-17.0471
-17.0478
-17.0485
-17.0435
-17.0447
-17.046
-17.0473
-17.048
-17.0424
-17.0438
-17.0455
-17.0471
-17.0482
-17.0422
-17.0436
-17.0455
-17.0473
-17.0486
-17.0434
-17.0446
-17.0464
-17.0484
-17.0498
-17.045
-17.046
-17.0478
-17.0498
-17.0513
-17.0468
-17.0478
-17.0495
-17.0516
-17.0533
-17.0486
-17.0497
-17.0515
-17.0537
-17.0557
-17.0569
-17.0506
-17.0518
-17.0539
-17.0564
-17.0585
-17.0599
-17.053
-17.0546
-17.0569
-17.0596
-17.062
-17.0634
-17.0563
-17.058
-17.0606
-17.0636
-17.066
-17.0674
-17.0604
-17.0623
-17.0651
-17.0682
-17.0707
-17.072
-17.0673
-17.0703
-17.0736
-17.076
-17.0772
-17.0723
-17.0758
-17.0792
-17.0817
-17.0827
-17.0775
-17.0815
-17.0852
-17.0877
-17.0886
-17.0826
-17.0871
-17.0911
-17.0937
-17.0946
-17.0875
-17.0926
-17.0968
-17.0997
-17.1006
-17.092
-17.0976
-17.1023
-17.1054
-17.1066
-17.0964
-17.1024
-17.1073
-17.1107
-17.1121
-17.1003
-17.1065
-17.1118
-17.1154
-17.1172
-17.1045
-17.1106
-17.1158
-17.1196
-17.1217
-17.1081
-17.1141
-17.1192
-17.1231
-17.1255
-17.1121
-17.1174
-17.1222
-17.126
-17.1285
-17.1151
-17.1199
-17.1244
-17.1282
-17.1307
-17.1178
-17.1219
-17.1261
-17.1297
-17.1325
-17.1191
-17.123
-17.1273
-17.1312
-17.1342
-17.1199
-17.1241
-17.1286
-17.1328
-17.136
-17.1204
-17.1251
-17.1298
-17.1339
-17.1371
-17.1205
-17.1251
-17.1292
-17.1328
-17.1355
-17.1195
-17.1237
-17.1275
-17.1307
-17.133
-18.0515
-18.0509
-18.05
-18.0491
-18.0481
-18.0516
-18.0509
-18.0501
-18.0491
-18.048
-18.0514
-18.0508
-18.05
-18.049
-18.0479
-18.0598
-18.061
-18.0621
-18.0629
-18.0637
-18.0579
-18.0594
-18.061
-18.0624
-18.0631
-18.0571
-18.0587
-18.0606
-18.0624
-18.0636
-18.0571
-18.0588
-18.0609
-18.0629
-18.0643
-18.0587
-18.0602
-18.0623
-18.0644
-18.066
-18.0607
-18.0621
-18.0641
-18.0663
-18.068
-18.063
-18.0643
-18.0664
-18.0687
-18.0707
-18.0653
-18.0668
-18.0691
-18.0716
-18.0738
-18.0679
-18.0697
-18.0722
-18.075
-18.0774
-18.0788
-18.0709
-18.0731
-18.0759
-18.0791
-18.0816
-18.0831
-18.0748
-18.0773
-18.0804
-18.0838
-18.0865
-18.0879
-18.0795
-18.0822
-18.0856
-18.0892
-18.0919
-18.0932
-18.0849
-18.0878
-18.0915
-18.0951
-18.0978
-18.0989
-18.0933
-18.0975
-18.1013
-18.104
-18.105
-18.099
-18.1036
-18.1076
-18.1103
-18.1112
-18.1043
-18.1095
-18.1138
-18.1166
-18.1175
-18.1094
-18.115
-18.1196
-18.1227
-18.1236
-18.114
-18.1201
-18.125
-18.1283
-18.1295
-18.1183
-18.1246
-18.1298
-18.1334
-18.1349
-18.1219
-18.1284
-18.1338
-18.1377
-18.1397
-18.1258
-18.1319
-18.1373
-18.1413
-18.1437
-18.1289
-18.1347
-18.1399
-18.1441
-18.1468
-18.132
-18.1372
-18.1421
-18.1462
-18.1491
-18.1342
-18.1389
-18.1435
-18.1475
-18.1507
-18.136
-18.1401
-18.1444
-18.1485
-18.1519
-18.1366
-18.1406
-18.1452
-18.1496
-18.1533
-18.1369
-18.1413
-18.1462
-18.1508
-18.1547
-18.1372
-18.1421
-18.1471
-18.1516
-18.1553
-18.1372
-18.142
-18.1466
-18.1506
-18.1537
-18.1361
-18.1405
-18.1447
-18.1483
-18.151
-19.0633
-19.0625
-19.0615
-19.0604
-19.0591
-19.0634
-19.0625
-19.0615
-19.0603
-19.059
-19.0632
-19.0624
-19.0614
-19.0602
-19.0589
-19.076
-19.0773
-19.0784
-19.0794
-19.0802
-19.0739
-19.0756
-19.0775
-19.0789
-19.0796
-19.0732
-19.0751
-19.0773
-19.0792
-19.0805
-19.0735
-19.0755
-19.0779
-19.0801
-19.0815
-19.0755
-19.0774
-19.0798
-19.0821
-19.0838
-19.0781
-19.0798
-19.0822
-19.0846
-19.0865
-19.0809
-19.0827
-19.0852
-19.0878
-19.0898
-19.0838
-19.0859
-19.0886
-19.0914
-19.0937
-19.087
-19.0894
-19.0925
-19.0956
-19.0982
-19.0906
-19.0935
-19.0969
-19.1004
-19.1031
-19.1046
-19.0951
-19.0983
-19.1021
-19.1058
-19.1087
-19.11
-19.1003
-19.1038
-19.1079
-19.1118
-19.1146
-19.1158
-19.1062
-19.1099
-19.1141
-19.1181
-19.1209
-19.1219
-19.1112
-19.1157
-19.1204
-19.1246
-19.1273
-19.1282
-19.1216
-19.1267
-19.131
-19.1337
-19.1345
-19.127
-19.1326
-19.1371
-19.1399
-19.1407
-19.132
-19.138
-19.1427
-19.1457
-19.1466
-19.1364
-19.1427
-19.1478
-19.151
-19.1521
-19.1404
-19.1467
-19.152
-19.1556
-19.1571
-19.1435
-19.1499
-19.1554
-19.1593
-19.1613
-19.1469
-19.1528
-19.158
-19.1621
-19.1646
-19.1492
-19.1548
-19.1598
-19.164
-19.1669
-19.1516
-19.1564
-19.1611
-19.1652
-19.1684
-19.1528
-19.1573
-19.1617
-19.1659
-19.1694
-19.1538
-19.1578
-19.1621
-19.1665
-19.1704
-19.1538
-19.1578
-19.1625
-19.1673
-19.1716
-19.1536
-19.1582
-19.1633
-19.1683
-19.1727
-19.1536
-19.1587
-19.1639
-19.1689
-19.1732
-19.1534
-19.1584
-19.1634
-19.168
-19.1718
-19.1521
-19.1568
-19.1614
-19.1656
-19.1691
-20.0755
-20.0745
-20.0733
-20.072
-20.0705
-20.0756
-20.0746
-20.0733
-20.0719
-20.0703
-20.0754
-20.0745
-20.0733
-20.0718
-20.0703
-20.0938
-20.0952
-20.0964
-20.0974
-20.0982
-20.0915
-20.0935
-20.0956
-20.097
-20.0975
-20.0911
-20.0932
-20.0957
-20.0977
-20.0989
-20.0915
-20.0939
-20.0967
-20.0989
-20.1003
-20.0941
-20.0963
-20.0991
-20.1016
-20.1033
-20.0971
-20.0993
-20.1021
-20.1048
-20.1067
-20.1005
-20.1028
-20.1058
-20.1087
-20.1109
-20.104
-20.1066
-20.1098
-20.113
-20.1155
-20.1077
-20.1108
-20.1144
-20.1179
-20.1206
-20.1119
-20.1155
-20.1195
-20.1233
-20.1262
-20.1168
-20.1208
-20.1251
-20.1292
-20.1321
-20.1334
-20.1223
-20.1267
-20.1312
-20.1354
-20.1383
-20.1395
-20.1285
-20.1329
-20.1377
-20.1419
-20.1447
-20.1456
-20.1336
-20.1388
-20.144
-20.1483
-20.1511
-20.1517
-20.1389
-20.1446
-20.1501
-20.1545
-20.1572
-20.1577
-20.1498
-20.1556
-20.1602
-20.1629
-20.1634
-20.1545
-20.1606
-20.1653
-20.1681
-20.1688
-20.1584
-20.1647
-20.1697
-20.1727
-20.1737
-20.1618
-20.1681
-20.1732
-20.1766
-20.178
-20.1643
-20.1705
-20.1758
-20.1795
-20.1814
-20.1671
-20.1726
-20.1775
-20.1815
-20.184
-20.1687
-20.1737
-20.1784
-20.1825
-20.1855
-20.1702
-20.1745
-20.1789
-20.1829
-20.1862
-20.1706
-20.1747
-20.1789
-20.183
-20.1867
-20.1708
-20.1746
-20.1789
-20.1833
-20.1874
-20.1702
-20.1743
-20.1791
-20.184
-20.1886
-20.1696
-20.1743
-20.1796
-20.1849
-20.1898
-20.1692
-20.1745
-20.18
-20.1855
-20.1904
-20.1688
-20.174
-20.1794
-20.1848
-20.1895
-20.1672
-20.1722
-20.1773
-20.1825
-20.1871
-21.0882
-21.087
-21.0856
-21.084
-21.0823
-21.0882
-21.0871
-21.0856
-21.0839
-21.082
-21.0882
-21.087
-21.0857
-21.0841
-21.0824
-21.1136
-21.1149
-21.116
-21.117
-21.1176
-21.111
-21.1133
-21.1154
-21.1167
-21.1169
-21.1107
-21.1131
-21.1157
-21.1178
-21.1188
-21.1114
-21.1141
-21.1171
-21.1195
-21.1208
-21.1143
-21.117
-21.1201
-21.1228
-21.1245
-21.1177
-21.1205
-21.1237
-21.1266
-21.1286
-21.1216
-21.1245
-21.1279
-21.1312
-21.1335
-21.1255
-21.1288
-21.1325
-21.1361
-21.1387
-21.1297
-21.1335
-21.1376
-21.1415
-21.1444
-21.1342
-21.1385
-21.1431
-21.1473
-21.1503
-21.1394
-21.1441
-21.1489
-21.1533
-21.1563
-21.145
-21.15
-21.1551
-21.1595
-21.1625
-21.1635
-21.1512
-21.1562
-21.1614
-21.1658
-21.1685
-21.1693
-21.1562
-21.1619
-21.1674
-21.1718
-21.1744
-21.1749
-21.1612
-21.1673
-21.173
-21.1774
-21.1799
-21.1802
-21.1655
-21.172
-21.1779
-21.1823
-21.1848
-21.1851
-21.1761
-21.1821
-21.1867
-21.1892
-21.1896
-21.1794
-21.1855
-21.1902
-21.1929
-21.1936
-21.1821
-21.188
-21.1928
-21.1959
-21.197
-21.1838
-21.1896
-21.1945
-21.1979
-21.1996
-21.1859
-21.1908
-21.1954
-21.199
-21.2013
-21.1869
-21.1912
-21.1954
-21.1992
-21.202
-21.1875
-21.1912
-21.1952
-21.1989
-21.2021
-21.1873
-21.1908
-21.1946
-21.1985
-21.202
-21.1868
-21.1903
-21.1943
-21.1985
-21.2025
-21.1857
-21.1896
-21.1943
-21.1991
-21.2035
-21.1846
-21.1894
-21.1946
-21.2
-21.2048
-21.1838
-21.1891
-21.1948
-21.2006
-21.2058
-21.1829
-21.1884
-21.1942
-21.2
-21.2056
-21.1812
-21.1865
-21.1921
-21.1979
-21.2037
-22.1015
-22.1002
-22.0986
-22.0968
-22.0949
-22.1016
-22.1003
-22.0986
-22.0967
-22.0944
-22.1016
-22.1004
-22.0988
-22.0971
-22.0953
-22.1353
-22.1364
-22.1374
-22.1383
-22.1385
-22.1326
-22.1349
-22.137
-22.1381
-22.1378
-22.1322
-22.1348
-22.1376
-22.1396
-22.1404
-22.133
-22.1361
-22.1393
-22.1418
-22.1429
-22.1362
-22.1393
-22.1428
-22.1456
-22.1473
-22.1399
-22.1431
-22.1468
-22.15
-22.1521
-22.1439
-22.1475
-22.1514
-22.155
-22.1574
-22.1481
-22.152
-22.1563
-22.1603
-22.1631
-22.1525
-22.1569
-22.1616
-22.1659
-22.1689
-22.1571
-22.1621
-22.1671
-22.1717
-22.1748
-22.1623
-22.1676
-22.1729
-22.1776
-22.1806
-22.1677
-22.1733
-22.1787
-22.1834
-22.1863
-22.1737
-22.1792
-22.1846
-22.1891
-22.1917
-22.1924
-22.1783
-22.1843
-22.1899
-22.1943
-22.1967
-22.1971
-22.1828
-22.1891
-22.1947
-22.199
-22.2013
-22.2013
-22.1866
-22.193
-22.1988
-22.203
-22.2052
-22.2052
-22.1899
-22.1964
-22.2021
-22.2063
-22.2085
-22.2086
-22.1988
-22.2045
-22.2088
-22.2112
-22.2115
-22.2007
-22.2062
-22.2105
-22.2131
-22.2139
-22.2016
-22.2069
-22.2112
-22.2142
-22.2156
-22.2031
-22.2073
-22.2113
-22.2145
-22.2164
-22.2034
-22.207
-22.2107
-22.214
-22.2165
-22.2034
-22.2064
-22.2098
-22.2131
-22.2159
-22.2026
-22.2056
-22.2088
-22.2123
-22.2154
-22.2015
-22.2046
-22.2082
-22.212
-22.2155
-22.2
-22.2036
-22.2079
-22.2123
-22.2163
-22.1985
-22.203
-22.2079
-22.2129
-22.2175
-22.1971
-22.2022
-22.2077
-22.2133
-22.2185
-22.1957
-22.2011
-22.2069
-22.2128
-22.2185
-22.1939
-22.1992
-22.2049
-22.2108
-22.217
-23.1156
-23.1142
-23.1124
-23.1104
-23.1082
-23.1157
-23.1142
-23.1124
-23.1102
-23.1074
-23.116
-23.1147
-23.113
-23.1111
-23.1091
-23.1592
-23.1598
-23.1603
-23.1607
-23.1603
-23.1562
-23.1584
-23.1602
-23.1607
-23.1598
-23.1556
-23.1583
-23.161
-23.1629
-23.1633
-23.1563
-23.1597
-23.1631
-23.1656
-23.1666
-23.1595
-23.163
-23.1668
-23.1699
-23.1716
-23.1631
-23.1669
-23.171
-23.1746
-23.1768
-23.1671
-23.1713
-23.1757
-23.1797
-23.1824
-23.1712
-23.1758
-23.1806
-23.185
-23.188
-23.1755
-23.1805
-23.1857
-23.1904
-23.1936
-23.18
-23.1855
-23.191
-23.1959
-23.1992
-23.1849
-23.1907
-23.1963
-23.2012
-23.2045
-23.1899
-23.1959
-23.2016
-23.2064
-23.2093
-23.1953
-23.201
-23.2066
-23.2112
-23.2138
-23.1993
-23.2054
-23.211
-23.2154
-23.2177
-23.2179
-23.2032
-23.2093
-23.2149
-23.219
-23.221
-23.2209
-23.2062
-23.2124
-23.2179
-23.2218
-23.2237
-23.2235
-23.2088
-23.2148
-23.2202
-23.224
-23.2258
-23.2256
-23.2104
-23.2164
-23.2215
-23.2253
-23.2273
-23.2273
-23.2175
-23.2223
-23.226
-23.2282
-23.2285
-23.2176
-23.2222
-23.2258
-23.2283
-23.2293
-23.2184
-23.2219
-23.2252
-23.2278
-23.2294
-23.2183
-23.2211
-23.2241
-23.2267
-23.2288
-23.2178
-23.2201
-23.2228
-23.2255
-23.2279
-23.2165
-23.219
-23.2216
-23.2246
-23.2273
-23.215
-23.2176
-23.2208
-23.2241
-23.2271
-23.213
-23.2164
-23.2201
-23.224
-23.2275
-23.211
-23.2154
-23.2197
-23.2242
-23.2283
-23.2092
-23.214
-23.219
-23.2241
-23.2288
-23.2072
-23.2123
-23.2176
-23.2231
-23.2283
-23.2051
-23.2103
-23.2157
-23.2211
-23.2267
-24.1308
-24.1292
-24.1273
-24.1252
-24.1228
-24.1311
-24.1295
-24.1275
-24.125
-24.1217
-24.132
-24.1306
-24.1287
-24.1267
-24.1245
-24.1864
-24.1863
-24.1861
-24.1856
-24.1839
-24.1826
-24.1847
-24.186
-24.1861
-24.1841
-24.1813
-24.1841
-24.1868
-24.1885
-24.1884
-24.1815
-24.1852
-24.1889
-24.1915
-24.1922
-24.1841
-24.1882
-24.1925
-24.1958
-24.1975
-24.1872
-24.1917
-24.1964
-24.2003
-24.2026
-24.1907
-24.1956
-24.2006
-24.205
-24.2079
-24.1944
-24.1996
-24.205
-24.2098
-24.213
-24.1982
-24.2038
-24.2095
-24.2146
-24.2181
-24.2022
-24.2082
-24.2141
-24.2193
-24.2228
-24.2065
-24.2127
-24.2186
-24.2238
-24.2271
-24.2109
-24.2171
-24.223
-24.2279
-24.231
-24.2155
-24.2213
-24.227
-24.2316
-24.2342
-24.2187
-24.2248
-24.2303
-24.2346
-24.2368
-24.2218
-24.2277
-24.233
-24.2369
-24.2388
-24.2387
-24.224
-24.2298
-24.2349
-24.2386
-24.2402
-24.2399
-24.2258
-24.2313
-24.2361
-24.2395
-24.241
-24.2406
-24.2267
-24.232
-24.2365
-24.2398
-24.2413
-24.2411
-24.2278
-24.2323
-24.2364
-24.2395
-24.2412
-24.2412
-24.2318
-24.2356
-24.2385
-24.2405
-24.241
-24.2322
-24.2348
-24.2373
-24.2394
-24.2405
-24.2317
-24.2337
-24.2359
-24.238
-24.2396
-24.2308
-24.2325
-24.2345
-24.2368
-24.2387
-24.2292
-24.2311
-24.2333
-24.2358
-24.2379
-24.2274
-24.2296
-24.2324
-24.235
-24.2375
-24.2249
-24.2283
-24.2314
-24.2347
-24.2375
-24.2228
-24.2269
-24.2305
-24.2344
-24.2377
-24.2205
-24.2247
-24.2291
-24.2335
-24.2375
-24.2176
-24.2222
-24.227
-24.2318
-24.2362
-24.215
-24.2201
-24.225
-24.2298
-24.2341
-25.1466
-25.145
-25.1431
-25.141
-25.1383
-25.147
-25.1455
-25.1435
-25.1405
-25.137
-25.1488
-25.1476
-25.1458
-25.1435
-25.141
-25.216
-25.2143
-25.2123
-25.2099
-25.2063
-25.2111
-25.2126
-25.213
-25.2119
-25.2088
-25.2086
-25.2113
-25.2137
-25.215
-25.2142
-25.2078
-25.212
-25.216
-25.2186
-25.2191
-25.2094
-25.2141
-25.2189
-25.2226
-25.2243
-25.2115
-25.2167
-25.2221
-25.2265
-25.2289
-25.214
-25.2196
-25.2253
-25.2303
-25.2334
-25.2167
-25.2226
-25.2287
-25.234
-25.2375
-25.2196
-25.2259
-25.2321
-25.2377
-25.2415
-25.2229
-25.2293
-25.2357
-25.2412
-25.245
-25.2264
-25.2328
-25.2391
-25.2446
-25.2481
-25.23
-25.2363
-25.2423
-25.2475
-25.2507
-25.2336
-25.2395
-25.2452
-25.2499
-25.2527
-25.236
-25.2419
-25.2474
-25.2517
-25.254
-25.2383
-25.2438
-25.249
-25.2528
-25.2546
-25.2397
-25.245
-25.2498
-25.2532
-25.2548
-25.2544
-25.2408
-25.2456
-25.25
-25.2531
-25.2544
-25.254
-25.241
-25.2455
-25.2495
-25.2523
-25.2536
-25.2532
-25.2415
-25.2451
-25.2486
-25.2512
-25.2525
-25.2524
-25.2412
-25.2442
-25.2472
-25.2496
-25.2512
-25.2514
-25.2443
-25.2462
-25.2481
-25.2497
-25.2504
-25.2437
-25.245
-25.2466
-25.2483
-25.2494
-25.2425
-25.2438
-25.2454
-25.2471
-25.2485
-25.2407
-25.2423
-25.2442
-25.246
-25.2477
-25.2387
-25.2409
-25.2431
-25.2452
-25.2471
-25.2361
-25.2395
-25.242
-25.2446
-25.2468
-25.2338
-25.2376
-25.2406
-25.2438
-25.2465
-25.2305
-25.2346
-25.2385
-25.2422
-25.2455
-25.2266
-25.2312
-25.2356
-25.2398
-25.2435
-25.2233
-25.2288
-25.2334
-25.2377
-25.2414
-26.1648
-26.1632
-26.1613
-26.1592
-26.1565
-26.1671
-26.1656
-26.1633
-26.1598
-26.1563
-26.1728
-26.1718
-26.1698
-26.1669
-26.1637
-26.2574
-26.254
-26.2503
-26.2459
-26.2389
-26.2468
-26.2484
-26.2487
-26.2471
-26.2425
-26.2402
-26.2433
-26.2462
-26.2475
-26.2459
-26.2366
-26.2417
-26.2464
-26.2495
-26.2496
-26.2355
-26.2412
-26.2469
-26.2511
-26.2526
-26.2355
-26.2418
-26.248
-26.253
-26.2556
-26.2362
-26.2427
-26.2493
-26.2549
-26.2583
-26.2374
-26.2442
-26.251
-26.2569
-26.2608
-26.2391
-26.246
-26.2529
-26.259
-26.2632
-26.2413
-26.2482
-26.255
-26.2611
-26.2653
-26.2439
-26.2505
-26.2572
-26.263
-26.267
-26.2466
-26.2529
-26.2592
-26.2646
-26.2682
-26.2492
-26.255
-26.2609
-26.2658
-26.2689
-26.2509
-26.2565
-26.262
-26.2664
-26.2689
-26.2524
-26.2575
-26.2625
-26.2663
-26.2684
-26.2532
-26.2579
-26.2623
-26.2658
-26.2674
-26.2537
-26.2577
-26.2617
-26.2647
-26.2661
-26.2658
-26.2534
-26.257
-26.2606
-26.2632
-26.2644
-26.2641
-26.2535
-26.2563
-26.2593
-26.2615
-26.2626
-26.2624
-26.2528
-26.2551
-26.2576
-26.2596
-26.2607
-26.2608
-26.2546
-26.2551
-26.2565
-26.258
-26.2591
-26.2594
-26.2544
-26.2553
-26.2565
-26.2577
-26.2584
-26.2531
-26.2542
-26.2554
-26.2566
-26.2576
-26.2511
-26.2529
-26.2543
-26.2557
-26.2569
-26.2491
-26.2516
-26.2533
-26.2549
-26.2563
-26.2465
-26.2501
-26.2521
-26.2541
-26.2559
-26.2436
-26.2477
-26.2504
-26.253
-26.2552
-26.239
-26.2438
-26.2475
-26.2508
-26.2536
-26.2339
-26.2394
-26.2439
-26.2479
-26.2512
-26.2295
-26.2362
-26.2415
-26.2456
-26.2487
-27.18
-27.1789
-27.1774
-27.1754
-27.1728
-27.1819
-27.1811
-27.1792
-27.176
-27.1729
-27.1869
-27.1877
-27.1866
-27.1834
-27.1793
-27.291
-27.283
-27.2742
-27.2643
-27.2507
-27.2798
-27.2806
-27.28
-27.277
-27.2701
-27.2699
-27.2734
-27.2762
-27.2768
-27.2735
-27.2641
-27.2702
-27.2756
-27.2788
-27.2781
-27.26
-27.2669
-27.2734
-27.278
-27.2793
-27.2575
-27.2649
-27.2721
-27.2777
-27.2804
-27.256
-27.2636
-27.2711
-27.2773
-27.2811
-27.2553
-27.263
-27.2707
-27.2773
-27.2818
-27.2554
-27.2631
-27.2708
-27.2776
-27.2823
-27.2563
-27.2638
-27.2713
-27.278
-27.2828
-27.2577
-27.2648
-27.2721
-27.2785
-27.2829
-27.2596
-27.2661
-27.2728
-27.2788
-27.2828
-27.2612
-27.2671
-27.2734
-27.2788
-27.2823
-27.2623
-27.2677
-27.2735
-27.2784
-27.2814
-27.2633
-27.2681
-27.2733
-27.2775
-27.28
-27.2637
-27.2679
-27.2726
-27.2763
-27.2782
-27.2637
-27.2674
-27.2715
-27.2746
-27.2761
-27.2632
-27.2665
-27.2701
-27.2727
-27.2739
-27.2736
-27.2631
-27.2657
-27.2686
-27.2707
-27.2717
-27.2714
-27.2624
-27.2645
-27.2669
-27.2686
-27.2696
-27.2694
-27.2639
-27.2646
-27.2658
-27.267
-27.2679
-27.268
-27.2624
-27.2638
-27.2649
-27.2657
-27.2666
-27.2669
-27.2624
-27.264
-27.2648
-27.2657
-27.2663
-27.2605
-27.2628
-27.264
-27.265
-27.2658
-27.2585
-27.2616
-27.2632
-27.2644
-27.2654
-27.2556
-27.2599
-27.262
-27.2637
-27.2649
-27.2517
-27.257
-27.26
-27.2623
-27.264
-27.2456
-27.2523
-27.2565
-27.2596
-27.2619
-27.2388
-27.2466
-27.2519
-27.2561
-27.2588
-27.233
-27.2422
-27.2483
-27.2528
-27.2554
-28.2032
-28.2021
-28.2008
-28.1991
-28.1967
-28.2217
-28.2213
-28.2192
-28.2162
-28.2132
-28.2836
-28.2905
-28.2899
-28.2814
-28.2658
-28.5383
-28.5438
-28.5416
-28.5312
-28.5084
-28.526
-28.5306
-28.5265
-28.5145
-28.4956
-28.5144
-28.5142
-28.5101
-28.5048
-28.4976
-28.5148
-28.5103
-28.5051
-28.5017
-28.4973
-28.5314
-28.5161
-28.5037
-28.4972
-28.492
-28.5627
-28.5425
-28.5244
-28.5108
-28.4983
-28.6023
-28.5814
-28.5588
-28.5359
-28.5112
-28.638
-28.6217
-28.5998
-28.5723
-28.5396
-28.4314
-28.4105
-28.3904
-28.3699
-28.3456
-28.351
-28.3531
-28.3535
-28.3495
-28.3385
-28.3125
-28.3175
-28.3213
-28.3219
-28.3173
-28.2948
-28.3027
-28.3094
-28.313
-28.3118
-28.2837
-28.2921
-28.2999
-28.3052
-28.3066
-28.277
-28.2858
-28.2942
-28.3007
-28.3038
-28.2723
-28.2812
-28.2899
-28.2971
-28.3015
-28.2693
-28.2782
-28.287
-28.2946
-28.2997
-28.2676
-28.2763
-28.2851
-28.2927
-28.2981
-28.267
-28.2753
-28.2838
-28.2914
-28.2968
-28.2672
-28.275
-28.2832
-28.2905
-28.2957
-28.2684
-28.2753
-28.2829
-28.2897
-28.2945
-28.2698
-28.2757
-28.2828
-28.2889
-28.2931
-28.2707
-28.276
-28.2824
-28.2879
-28.2914
-28.2715
-28.2761
-28.2819
-28.2866
-28.2894
-28.2718
-28.2759
-28.281
-28.2849
-28.2871
-28.2719
-28.2755
-28.2797
-28.283
-28.2847
-28.2717
-28.2748
-28.2783
-28.281
-28.2823
-28.2717
-28.274
-28.2768
-28.279
-28.28
-28.2797
-28.2713
-28.273
-28.2753
-28.277
-28.2779
-28.2777
-28.2715
-28.273
-28.2744
-28.2756
-28.2763
-28.2762
-28.2698
-28.2724
-28.2737
-28.2745
-28.2752
-28.2753
-28.2667
-28.271
-28.273
-28.2738
-28.2745
-28.2748
-28.269
-28.272
-28.2732
-28.2741
-28.2745
-28.2666
-28.2707
-28.2726
-28.2737
-28.2743
-28.2628
-28.2687
-28.2715
-28.2732
-28.274
-28.2576
-28.2652
-28.2693
-28.2716
-28.2728
-28.2497
-28.2592
-28.2647
-28.268
-28.2696
-28.2407
-28.2519
-28.2592
-28.2635
-28.2651
-28.2327
-28.2452
-28.2535
-28.2585
-28.2605
-29.2034
-29.2024
-29.2015
-29.2012
-29.2007
-29.2078
-29.2082
-29.2072
-29.2063
-29.2065
-29.2256
-29.2267
-29.225
-29.223
-29.2217
-29.3475
-29.3473
-29.3456
-29.3446
-29.3399
-29.4009
-29.3996
-29.3971
-29.3944
-29.3863
-29.4269
-29.4231
-29.4195
-29.4166
-29.4082
-29.4464
-29.4407
-29.4349
-29.4295
-29.4189
-29.4726
-29.4593
-29.4455
-29.4349
-29.4219
-29.499
-29.4834
-29.4665
-29.4509
-29.4328
-29.5173
-29.5053
-29.489
-29.4693
-29.4447
-29.5089
-29.5006
-29.4866
-29.4686
-29.4439
-29.3939
-29.3905
-29.3859
-29.3756
-29.3578
-29.3611
-29.3664
-29.3676
-29.3625
-29.3497
-29.33
-29.338
-29.3435
-29.3441
-29.3375
-29.3129
-29.3227
-29.3305
-29.3342
-29.3325
-29.2999
-29.31
-29.3189
-29.3248
-29.3265
-29.2907
-29.301
-29.3106
-29.3179
-29.3214
-29.2835
-29.2939
-29.3038
-29.3119
-29.3168
-29.2782
-29.2886
-29.2986
-29.3072
-29.3131
-29.2744
-29.2847
-29.2949
-29.3036
-29.3099
-29.2721
-29.2822
-29.2923
-29.301
-29.3073
-29.271
-29.2808
-29.2905
-29.299
-29.3051
-29.2711
-29.2802
-29.2896
-29.2975
-29.3031
-29.272
-29.2802
-29.2889
-29.2961
-29.3011
-29.2728
-29.2804
-29.2883
-29.2947
-29.2989
-29.2739
-29.2807
-29.2877
-29.2932
-29.2966
-29.2748
-29.2808
-29.2868
-29.2915
-29.2942
-29.2754
-29.2806
-29.2858
-29.2898
-29.2918
-29.2758
-29.2802
-29.2847
-29.288
-29.2896
-29.276
-29.2799
-29.2836
-29.2863
-29.2875
-29.2761
-29.2795
-29.2826
-29.2847
-29.2857
-29.2855
-29.2764
-29.2798
-29.2821
-29.2836
-29.2844
-29.2843
-29.275
-29.2795
-29.2817
-29.2829
-29.2835
-29.2835
-29.272
-29.2781
-29.2811
-29.2823
-29.283
-29.2831
-29.268
-29.2758
-29.28
-29.2818
-29.2827
-29.2829
-29.2727
-29.2785
-29.2812
-29.2825
-29.2828
-29.2676
-29.2759
-29.2799
-29.282
-29.2824
-29.2607
-29.2714
-29.2771
-29.2801
-29.2808
-29.2508
-29.2639
-29.2713
-29.2754
-29.2763
-29.2399
-29.2552
-29.2642
-29.2687
-29.2698
-29.2294
-29.246
-29.2566
-29.2623
-29.2639
-30.2066
-30.2048
-30.2035
-30.2037
-30.2044
-30.207
-30.2049
-30.203
-30.203
-30.2049
-30.2207
-30.2161
-30.2115
-30.2116
-30.2147
-30.2746
-30.2671
-30.2613
-30.2611
-30.2612
-30.3114
-30.3038
-30.2973
-30.295
-30.2915
-30.3379
-30.329
-30.3209
-30.3165
-30.3108
-30.3625
-30.3516
-30.3415
-30.3338
-30.3244
-30.3915
-30.378
-30.3624
-30.3487
-30.3348
-30.4187
-30.405
-30.3878
-30.3701
-30.351
-30.4362
-30.4269
-30.4117
-30.392
-30.3682
-30.4334
-30.4305
-30.4202
-30.4026
-30.3787
-30.3833
-30.389
-30.3875
-30.377
-30.3573
-30.3626
-30.3711
-30.3744
-30.37
-30.3563
-30.3394
-30.3501
-30.3569
-30.3579
-30.3498
-30.3233
-30.3349
-30.3438
-30.3478
-30.3453
-30.3093
-30.3211
-30.3312
-30.3377
-30.3395
-30.2983
-30.3102
-30.321
-30.3292
-30.3337
-30.2891
-30.3011
-30.3125
-30.3216
-30.3277
-30.2819
-30.2941
-30.3057
-30.3154
-30.3224
-30.2763
-30.2888
-30.3005
-30.3106
-30.3179
-30.2724
-30.285
-30.2968
-30.3067
-30.3142
-30.27
-30.2825
-30.2941
-30.3039
-30.3109
-30.2692
-30.2812
-30.2925
-30.3017
-30.3081
-30.2698
-30.281
-30.2915
-30.3
-30.3056
-30.2711
-30.2814
-30.291
-30.2986
-30.3034
-30.2729
-30.2822
-30.2908
-30.2974
-30.3013
-30.2748
-30.2829
-30.2905
-30.2962
-30.2993
-30.2764
-30.2836
-30.2901
-30.2949
-30.2975
-30.2777
-30.2841
-30.2897
-30.2937
-30.2957
-30.2788
-30.2845
-30.2894
-30.2926
-30.2942
-30.2799
-30.285
-30.2891
-30.2917
-30.2929
-30.2806
-30.2856
-30.2891
-30.2911
-30.292
-30.2918
-30.2793
-30.2854
-30.2889
-30.2906
-30.2915
-30.2912
-30.2757
-30.2837
-30.288
-30.2901
-30.291
-30.2909
-30.27
-30.2807
-30.2866
-30.2893
-30.2905
-30.2905
-30.2615
-30.2759
-30.284
-30.2882
-30.2901
-30.2902
-30.2692
-30.2805
-30.2865
-30.2893
-30.2896
-30.2606
-30.2749
-30.2829
-30.2867
-30.2872
-30.2489
-30.2659
-30.276
-30.281
-30.2816
-30.2373
-30.2558
-30.2668
-30.272
-30.2727
-30.2246
-30.2449
-30.2576
-30.2641
-30.2655
-31.212
-31.2106
-31.21
-31.2103
-31.2111
-31.2123
-31.2094
-31.2083
-31.209
-31.2109
-31.2219
-31.2162
-31.2136
-31.2151
-31.2179
-31.2487
-31.2417
-31.2377
-31.2387
-31.2405
-31.2757
-31.2679
-31.2625
-31.2611
-31.2599
-31.3013
-31.2919
-31.2837
-31.2789
-31.2743
-31.3291
-31.3162
-31.3044
-31.2951
-31.2862
-31.3585
-31.3449
-31.3294
-31.3143
-31.2998
-31.3843
-31.3727
-31.3562
-31.3382
-31.319
-31.4
-31.3925
-31.3786
-31.36
-31.3381
-31.4002
-31.3988
-31.3895
-31.3731
-31.3515
-31.3778
-31.3831
-31.3805
-31.3686
-31.35
-31.3615
-31.3704
-31.3733
-31.368
-31.3534
-31.3428
-31.3541
-31.3608
-31.3611
-31.3525
-31.3272
-31.3397
-31.349
-31.3537
-31.3499
-31.3127
-31.3259
-31.3368
-31.3439
-31.3449
-31.3004
-31.3139
-31.3259
-31.3347
-31.3389
-31.2897
-31.3035
-31.3162
-31.3263
-31.3324
-31.281
-31.2951
-31.3082
-31.3189
-31.3261
-31.2737
-31.2884
-31.3017
-31.3128
-31.3205
-31.2682
-31.2833
-31.2969
-31.3081
-31.3158
-31.2645
-31.2799
-31.2936
-31.3047
-31.312
-31.2632
-31.2782
-31.2916
-31.3024
-31.3092
-31.264
-31.2783
-31.2909
-31.3009
-31.307
-31.2663
-31.2795
-31.2911
-31.3001
-31.3053
-31.2695
-31.2813
-31.2917
-31.2996
-31.304
-31.2728
-31.2833
-31.2924
-31.2992
-31.3028
-31.276
-31.2852
-31.2931
-31.2987
-31.3017
-31.2787
-31.2869
-31.2936
-31.2984
-31.3007
-31.2812
-31.2884
-31.2942
-31.2981
-31.2999
-31.2831
-31.2897
-31.2947
-31.2979
-31.2993
-31.2837
-31.2905
-31.295
-31.2978
-31.2989
-31.2818
-31.2899
-31.2948
-31.2974
-31.2985
-31.2982
-31.276
-31.287
-31.2934
-31.2965
-31.2979
-31.2975
-31.267
-31.2819
-31.2904
-31.2948
-31.2967
-31.2966
-31.2551
-31.2748
-31.2864
-31.2927
-31.2956
-31.2957
-31.2417
-31.2663
-31.2817
-31.2903
-31.2944
-31.2947
-31.2565
-31.2752
-31.2862
-31.2913
-31.2918
-31.2447
-31.2663
-31.2796
-31.2854
-31.2851
-31.2322
-31.2542
-31.2674
-31.2735
-31.2735
-31.2179
-31.2414
-31.2562
-31.2635
-31.2645
-32.2185
-32.2171
-32.2173
-32.2182
-32.2188
-32.2193
-32.2161
-32.2154
-32.2169
-32.2184
-32.2258
-32.2211
-32.219
-32.2204
-32.2224
-32.2405
-32.2347
-32.2312
-32.2316
-32.233
-32.2587
-32.2512
-32.2458
-32.2439
-32.2433
-32.281
-32.2703
-32.2616
-32.2562
-32.2525
-32.3074
-32.2942
-32.2813
-32.2705
-32.262
-32.3342
-32.3216
-32.3063
-32.291
-32.2771
-32.357
-32.3466
-32.3316
-32.3145
-32.2967
-32.372
-32.3656
-32.3528
-32.3355
-32.3156
-32.376
-32.3749
-32.3662
-32.3509
-32.3312
-32.3667
-32.3714
-32.3681
-32.3564
-32.3389
-32.3551
-32.3639
-32.3661
-32.3598
-32.3456
-32.3401
-32.3516
-32.3584
-32.3574
-32.3479
-32.3255
-32.3387
-32.348
-32.3521
-32.3478
-32.3111
-32.3254
-32.3368
-32.3441
-32.3436
-32.298
-32.313
-32.3257
-32.3352
-32.3378
-32.286
-32.3016
-32.3153
-32.3262
-32.331
-32.2754
-32.2917
-32.3062
-32.318
-32.3243
-32.2665
-32.2836
-32.2987
-32.3111
-32.3181
-32.2598
-32.2777
-32.2931
-32.3056
-32.3131
-32.2555
-32.2739
-32.2896
-32.3019
-32.3093
-32.2544
-32.2724
-32.288
-32.3
-32.3068
-32.2567
-32.2736
-32.2883
-32.2994
-32.3056
-32.2611
-32.2765
-32.2898
-32.2998
-32.3053
-32.2665
-32.2801
-32.2919
-32.3007
-32.3054
-32.272
-32.2838
-32.294
-32.3016
-32.3057
-32.2771
-32.2873
-32.296
-32.3023
-32.3058
-32.2815
-32.2904
-32.2977
-32.3029
-32.3057
-32.285
-32.2929
-32.2991
-32.3034
-32.3055
-32.287
-32.2945
-32.3001
-32.3037
-32.3054
-32.2859
-32.2946
-32.3002
-32.3036
-32.3052
-32.2804
-32.292
-32.299
-32.3029
-32.3045
-32.2698
-32.2862
-32.2958
-32.3007
-32.303
-32.3027
-32.2553
-32.2772
-32.2902
-32.2973
-32.3006
-32.3007
-32.2399
-32.2673
-32.2841
-32.2938
-32.2984
-32.299
-32.2255
-32.2578
-32.2786
-32.2908
-32.2968
-32.2975
-32.2126
-32.2483
-32.2722
-32.2867
-32.2939
-32.2946
-32.2397
-32.2658
-32.2817
-32.2886
-32.2875
-32.2249
-32.2504
-32.2658
-32.2724
-32.2716
-32.207
-32.2336
-32.2505
-32.2588
-32.2596
-33.2255
-33.2253
-33.2256
-33.2261
-33.2271
-33.2268
-33.2255
-33.2251
-33.2253
-33.2265
-33.2311
-33.2288
-33.2276
-33.2276
-33.2289
-33.24
-33.2359
-33.2336
-33.2334
-33.234
-33.2536
-33.2467
-33.2418
-33.2399
-33.2395
-33.2726
-33.2625
-33.2538
-33.2479
-33.2446
-33.295
-33.2835
-33.2713
-33.2606
-33.2525
-33.3178
-33.3065
-33.2928
-33.279
-33.2663
-33.3377
-33.3283
-33.3145
-33.2988
-33.283
-33.3516
-33.3456
-33.3337
-33.3177
-33.3
-33.3574
-33.3561
-33.3474
-33.333
-33.315
-33.3538
-33.3577
-33.3535
-33.3421
-33.3256
-33.3454
-33.3539
-33.3548
-33.3474
-33.3335
-33.333
-33.3443
-33.3502
-33.348
-33.3374
-33.3196
-33.333
-33.3423
-33.3444
-33.3379
-33.3054
-33.3203
-33.332
-33.3377
-33.3354
-33.2915
-33.3077
-33.321
-33.3293
-33.3303
-33.2782
-33.2955
-33.3102
-33.3203
-33.3238
-33.2659
-33.2845
-33.3005
-33.3118
-33.317
-33.2555
-33.2752
-33.2922
-33.3044
-33.3108
-33.2482
-33.2689
-33.2863
-33.2989
-33.306
-33.2449
-33.266
-33.2833
-33.2958
-33.303
-33.246
-33.2664
-33.2831
-33.2952
-33.302
-33.2509
-33.2697
-33.2855
-33.2965
-33.3026
-33.2583
-33.2748
-33.2893
-33.2991
-33.3043
-33.2663
-33.2805
-33.2932
-33.3021
-33.3064
-33.2738
-33.2859
-33.2967
-33.3048
-33.3084
-33.2801
-33.2905
-33.2996
-33.3066
-33.31
-33.285
-33.2942
-33.302
-33.3077
-33.3108
-33.2882
-33.2967
-33.3035
-33.3084
-33.3109
-33.2881
-33.2972
-33.3039
-33.3084
-33.3105
-33.282
-33.2945
-33.3025
-33.3073
-33.3095
-33.2687
-33.2872
-33.2983
-33.3045
-33.3074
-33.2494
-33.2754
-33.291
-33.2998
-33.304
-33.2282
-33.2615
-33.282
-33.2938
-33.2998
-33.3011
-33.21
-33.249
-33.274
-33.2889
-33.2966
-33.2985
-33.1973
-33.2403
-33.2688
-33.2861
-33.2949
-33.2967
-33.1894
-33.234
-33.2646
-33.2837
-33.2931
-33.2942
-33.1867
-33.2318
-33.2626
-33.2805
-33.2875
-33.2857
-33.2113
-33.2407
-33.2579
-33.2652
-33.2642
-33.1851
-33.2164
-33.2365
-33.2468
-33.2486
-34.2317
-34.2327
-34.2338
-34.2351
-34.2354
-34.2334
-34.2337
-34.2342
-34.2351
-34.2354
-34.2365
-34.2358
-34.2359
-34.2367
-34.2373
-34.2427
-34.2401
-34.2389
-34.2392
-34.24
-34.253
-34.2478
-34.2439
-34.2423
-34.2423
-34.2675
-34.2598
-34.2528
-34.2478
-34.245
-34.2851
-34.2757
-34.2659
-34.2575
-34.2509
-34.3036
-34.2938
-34.2823
-34.2708
-34.2609
-34.3204
-34.3118
-34.2997
-34.2863
-34.2734
-34.3328
-34.3269
-34.316
-34.3019
-34.2871
-34.3394
-34.3371
-34.3287
-34.3156
-34.3001
-34.3387
-34.3412
-34.3362
-34.3254
-34.3106
-34.3324
-34.3396
-34.3393
-34.3315
-34.3186
-34.3221
-34.333
-34.3371
-34.3333
-34.3231
-34.3097
-34.3231
-34.3312
-34.3316
-34.3243
-34.296
-34.3114
-34.3224
-34.3264
-34.3225
-34.282
-34.2991
-34.3122
-34.3191
-34.3183
-34.2682
-34.2871
-34.3018
-34.311
-34.3129
-34.2558
-34.2762
-34.2922
-34.3032
-34.3074
-34.2456
-34.2671
-34.2844
-34.2968
-34.3026
-34.239
-34.2612
-34.2795
-34.2927
-34.2994
-34.2376
-34.2597
-34.2781
-34.2913
-34.2981
-34.2421
-34.263
-34.2803
-34.2926
-34.299
-34.2514
-34.2699
-34.2851
-34.2959
-34.3013
-34.2623
-34.2784
-34.2912
-34.3003
-34.3046
-34.2716
-34.2862
-34.2974
-34.3047
-34.308
-34.279
-34.2917
-34.3025
-34.3088
-34.3111
-34.2848
-34.2954
-34.3052
-34.3118
-34.3136
-34.2876
-34.2977
-34.306
-34.3127
-34.3152
-34.2863
-34.2974
-34.3059
-34.3118
-34.3151
-34.2788
-34.2934
-34.3034
-34.3099
-34.3134
-34.263
-34.2842
-34.2979
-34.3061
-34.3103
-34.2388
-34.2695
-34.2887
-34.3
-34.3058
-34.2093
-34.2506
-34.2764
-34.2918
-34.3
-34.1809
-34.2312
-34.2635
-34.2831
-34.2938
-34.1619
-34.2178
-34.2546
-34.2775
-34.29
-34.2942
-34.1532
-34.2117
-34.2511
-34.2757
-34.2887
-34.2924
-34.1523
-34.2095
-34.2495
-34.2747
-34.2875
-34.2894
-34.1579
-34.2105
-34.2469
-34.2684
-34.2772
-34.2758
-34.1378
-34.1863
-34.2197
-34.24
-34.2494
-34.2495
-34.1458
-34.1845
-34.2105
-34.2253
-34.2302
-35.2387
-35.2402
-35.2414
-35.2426
-35.2437
-35.2407
-35.2417
-35.2425
-35.2432
-35.244
-35.2432
-35.2436
-35.2442
-35.245
-35.2456
-35.2475
-35.2467
-35.2465
-35.247
-35.2477
-35.2545
-35.2518
-35.2498
-35.2491
-35.2493
-35.2648
-35.2597
-35.2554
-35.2526
-35.251
-35.2777
-35.2708
-35.264
-35.2584
-35.2545
-35.292
-35.2842
-35.2753
-35.267
-35.2603
-35.3054
-35.2981
-35.2883
-35.2779
-35.2685
-35.316
-35.3105
-35.3011
-35.2897
-35.2782
-35.3222
-35.3196
-35.312
-35.3008
-35.2883
-35.3225
-35.3243
-35.3193
-35.3097
-35.2974
-35.3178
-35.324
-35.3228
-35.3156
-35.3046
-35.3089
-35.3192
-35.3221
-35.318
-35.309
-35.2978
-35.3112
-35.3177
-35.317
-35.3107
-35.2852
-35.3011
-35.3106
-35.3133
-35.3097
-35.2722
-35.29
-35.3022
-35.3077
-35.3069
-35.2594
-35.2787
-35.2933
-35.3014
-35.3031
-35.2476
-35.2687
-35.2853
-35.2955
-35.2992
-35.2383
-35.2614
-35.2794
-35.291
-35.2961
-35.2343
-35.2581
-35.2766
-35.2886
-35.2945
-35.2368
-35.2594
-35.277
-35.2887
-35.2946
-35.244
-35.2642
-35.2802
-35.291
-35.2963
-35.2538
-35.2712
-35.2852
-35.2947
-35.2991
-35.2642
-35.279
-35.291
-35.2991
-35.3025
-35.2737
-35.2861
-35.2965
-35.3034
-35.306
-35.2797
-35.2918
-35.3008
-35.3068
-35.3089
-35.2792
-35.2939
-35.3037
-35.3091
-35.3109
-35.2731
-35.29
-35.3032
-35.31
-35.3118
-35.2617
-35.2815
-35.2973
-35.3079
-35.3114
-35.2418
-35.2686
-35.2876
-35.3012
-35.3085
-35.2117
-35.2494
-35.2747
-35.2913
-35.3017
-35.1731
-35.2243
-35.2581
-35.2797
-35.2925
-35.1313
-35.1964
-35.2394
-35.2668
-35.2829
-35.0963
-35.1719
-35.2224
-35.2549
-35.2742
-35.0798
-35.1596
-35.2141
-35.2494
-35.2702
-35.0757
-35.156
-35.2117
-35.2478
-35.2688
-35.2775
-35.0869
-35.162
-35.2147
-35.2483
-35.2668
-35.2721
-35.0975
-35.163
-35.2093
-35.2384
-35.2531
-35.2556
-35.0749
-35.1352
-35.1789
-35.2079
-35.2239
-35.2287
-35.0176
-35.0857
-35.1374
-35.1739
-35.1968
-35.2079
-36.2455
-36.2471
-36.2483
-36.2494
-36.2505
-36.2478
-36.2489
-36.2496
-36.2503
-36.251
-36.2505
-36.2514
-36.2519
-36.2524
-36.2528
-36.2539
-36.2542
-36.2545
-36.2547
-36.255
-36.2585
-36.2578
-36.2573
-36.2572
-36.2571
-36.2653
-36.2628
-36.2609
-36.2598
-36.2591
-36.2739
-36.27
-36.2661
-36.2632
-36.2615
-36.2838
-36.2789
-36.2734
-36.2684
-36.2647
-36.2933
-36.2885
-36.2821
-36.2754
-36.2696
-36.301
-36.2975
-36.2911
-36.2835
-36.276
-36.3055
-36.3043
-36.2992
-36.2916
-36.2832
-36.3059
-36.3078
-36.305
-36.2985
-36.2901
-36.3024
-36.308
-36.308
-36.3035
-36.296
-36.2954
-36.3047
-36.3079
-36.3059
-36.3
-36.2861
-36.2987
-36.3052
-36.306
-36.3021
-36.2757
-36.2911
-36.3006
-36.3041
-36.3023
-36.2652
-36.283
-36.2951
-36.301
-36.3013
-36.2557
-36.2756
-36.2897
-36.2976
-36.2998
-36.2485
-36.2699
-36.2854
-36.2948
-36.2983
-36.245
-36.2667
-36.2828
-36.293
-36.2975
-36.2452
-36.2662
-36.2822
-36.2927
-36.2975
-36.2483
-36.2682
-36.2835
-36.2937
-36.2985
-36.2537
-36.272
-36.2864
-36.296
-36.3004
-36.2601
-36.2769
-36.2901
-36.2989
-36.3028
-36.2661
-36.2815
-36.2938
-36.3019
-36.3052
-36.2698
-36.2846
-36.2964
-36.3041
-36.307
-36.2701
-36.2851
-36.2971
-36.3049
-36.3079
-36.2658
-36.2821
-36.2951
-36.3037
-36.3073
-36.2541
-36.275
-36.2899
-36.3001
-36.3048
-36.2312
-36.2612
-36.2814
-36.2938
-36.3003
-36.1958
-36.2384
-36.2674
-36.2849
-36.2937
-36.1479
-36.2067
-36.2467
-36.2721
-36.2852
-36.0912
-36.1685
-36.221
-36.2548
-36.2742
-36.0334
-36.129
-36.1939
-36.2363
-36.2615
-35.9893
-36.0969
-36.1708
-36.2196
-36.2495
-35.9774
-36.0877
-36.164
-36.2146
-36.2455
-35.981
-36.0873
-36.1623
-36.2127
-36.2427
-36.0058
-36.1002
-36.167
-36.211
-36.2362
-36.2466
-36.0203
-36.1001
-36.1587
-36.1982
-36.2216
-36.232
-35.9872
-36.0664
-36.1275
-36.1711
-36.1988
-36.2127
-35.9287
-36.0199
-36.0907
-36.142
-36.1757
-36.1945
-37.2518
-37.253
-37.2539
-37.2547
-37.2557
-37.2539
-37.2549
-37.2554
-37.2558
-37.2564
-37.2563
-37.2573
-37.2578
-37.2581
-37.2583
-37.2596
-37.2602
-37.2607
-37.2608
-37.2608
-37.2637
-37.2636
-37.2636
-37.2637
-37.2635
-37.2696
-37.2681
-37.2669
-37.2664
-37.2661
-37.2768
-37.2742
-37.2715
-37.2694
-37.2684
-37.2847
-37.2816
-37.2777
-37.2739
-37.2711
-37.2921
-37.2894
-37.2849
-37.2799
-37.2753
-37.2976
-37.2965
-37.2924
-37.2869
-37.2811
-37.3002
-37.3016
-37.2991
-37.2938
-37.2875
-37.2992
-37.3041
-37.3039
-37.2999
-37.2938
-37.2949
-37.3037
-37.3064
-37.3043
-37.2992
-37.2884
-37.3007
-37.3065
-37.3068
-37.3032
-37.2808
-37.296
-37.3047
-37.3074
-37.3056
-37.2732
-37.2905
-37.3016
-37.3066
-37.3065
-37.2662
-37.2849
-37.298
-37.3049
-37.3065
-37.2604
-37.2801
-37.2945
-37.3029
-37.3059
-37.2563
-37.2766
-37.2917
-37.3012
-37.3052
-37.254
-37.2745
-37.2901
-37.3002
-37.3049
-37.2541
-37.2742
-37.2898
-37.3001
-37.3051
-37.2563
-37.2757
-37.2908
-37.301
-37.306
-37.2599
-37.2782
-37.2927
-37.3025
-37.3073
-37.2635
-37.281
-37.2949
-37.3043
-37.3088
-37.2655
-37.2827
-37.2963
-37.3055
-37.3099
-37.2638
-37.2818
-37.296
-37.3055
-37.3101
-37.2563
-37.2769
-37.2928
-37.3035
-37.3088
-37.2409
-37.2664
-37.2857
-37.2988
-37.3056
-37.2151
-37.2487
-37.2736
-37.2905
-37.2999
-37.1765
-37.2223
-37.2556
-37.278
-37.2913
-37.1237
-37.186
-37.2307
-37.2611
-37.2794
-37.0564
-37.1403
-37.1993
-37.2394
-37.2644
-36.9789
-37.0882
-37.1636
-37.2144
-37.2469
-36.899
-37.0344
-37.1271
-37.189
-37.2287
-36.845
-36.996
-37.0999
-37.1692
-37.2135
-36.8272
-36.9828
-37.0905
-37.1625
-37.2082
-36.8459
-36.991
-37.0934
-37.1624
-37.2065
-36.8925
-37.0157
-37.1054
-37.1678
-37.2074
-36.9297
-37.0341
-37.1123
-37.1675
-37.2029
-37.222
-36.9211
-37.0222
-37.0998
-37.1556
-37.1919
-37.212
-36.8724
-36.982
-37.0674
-37.1296
-37.1714
-37.1959
)
;

boundaryField
{
    floor
    {
        type            calculated;
        value           nonuniform List<scalar> 
210
(
78.4773
78.4639
78.4773
78.5215
78.5256
78.466
78.4526
78.4655
78.5111
78.5151
78.5259
78.5192
78.4959
78.4578
78.4046
78.3414
78.265
78.1971
78.1442
78.106
78.0796
78.0615
78.0484
78.0383
78.0301
78.023
78.0168
78.0111
78.0059
78.0011
77.9969
77.9932
77.9903
77.9883
77.9874
77.988
77.9901
77.9938
77.9996
78.0058
78.0131
78.0234
78.0365
78.0504
78.0635
78.0707
78.4516
78.4384
78.4506
78.4979
78.5018
78.5129
78.5062
78.4838
78.4471
78.3959
78.3353
78.2611
78.1957
78.145
78.1086
78.0834
78.0661
78.0538
78.0444
78.0368
78.0305
78.0251
78.0204
78.0163
78.0129
78.01
78.0079
78.0065
78.006
78.0064
78.008
78.0108
78.0147
78.0201
78.026
78.0327
78.0421
78.0538
78.0665
78.0787
78.086
78.434
78.421
78.4315
78.4797
78.484
78.4951
78.4881
78.4664
78.4314
78.3827
78.3253
78.2542
78.1922
78.1446
78.1105
78.0868
78.0706
78.059
78.0503
78.0435
78.0379
78.0333
78.0295
78.0265
78.0241
78.0225
78.0215
78.0213
78.0219
78.0234
78.0257
78.0289
78.0329
78.0381
78.0436
78.0501
78.059
78.0697
78.0814
78.0929
78.1004
78.4141
78.4013
78.4092
78.4573
78.4629
78.4733
78.466
78.4452
78.4124
78.367
78.3139
78.2464
78.1884
78.144
78.1123
78.0902
78.075
78.0643
78.0562
78.0501
78.0452
78.0413
78.0384
78.0362
78.0348
78.034
78.034
78.0347
78.0361
78.0381
78.0409
78.0443
78.0484
78.0533
78.0587
78.0652
78.0737
78.0835
78.0945
78.1055
78.113
78.3924
78.3796
78.3823
78.4256
78.4336
78.4421
78.4337
78.4131
78.3825
78.3409
78.2932
78.2316
78.18
78.1406
78.1124
78.0926
78.0789
78.0691
78.0619
78.0565
78.0523
78.0491
78.0469
78.0454
78.0447
78.0447
78.0453
78.0465
78.0484
78.0508
78.0538
78.0573
78.0614
78.0662
78.0716
78.0781
78.0861
78.0953
78.1056
78.116
78.1235
)
;
    }
    ceiling
    {
        type            calculated;
        value           nonuniform List<scalar> 
208
(
-37.754
-37.7561
-37.7585
-37.7619
-37.7662
-37.7721
-37.7793
-37.7873
-37.7947
-37.8003
-37.803
-37.8021
-37.7979
-37.7915
-37.7843
-37.7769
-37.7704
-37.7651
-37.7613
-37.7594
-37.7597
-37.762
-37.7657
-37.7693
-37.7713
-37.7697
-37.7623
-37.7469
-37.7212
-37.6826
-37.6297
-37.5625
-37.485
-37.4051
-37.3511
-37.3333
-37.352
-37.3986
-37.4358
-37.4273
-37.3785
-37.7552
-37.7571
-37.7595
-37.7626
-37.7661
-37.7707
-37.7769
-37.7843
-37.7922
-37.7993
-37.8046
-37.8071
-37.8069
-37.8041
-37.7997
-37.7945
-37.7894
-37.785
-37.7817
-37.7799
-37.7798
-37.7814
-37.784
-37.7868
-37.7886
-37.7877
-37.7828
-37.7723
-37.7547
-37.7283
-37.692
-37.6463
-37.5943
-37.5405
-37.5021
-37.4889
-37.4971
-37.5218
-37.5403
-37.5283
-37.4882
-37.7561
-37.7577
-37.7601
-37.763
-37.7661
-37.7696
-37.7742
-37.7805
-37.7878
-37.7954
-37.8022
-37.8071
-37.8098
-37.8101
-37.8086
-37.8059
-37.8026
-37.7994
-37.797
-37.7955
-37.7954
-37.7965
-37.7985
-37.8007
-37.8022
-37.8019
-37.7988
-37.7917
-37.7796
-37.7616
-37.7368
-37.7053
-37.6697
-37.6332
-37.606
-37.5966
-37.5995
-37.6116
-37.6185
-37.606
-37.5735
-37.7571
-37.7582
-37.7604
-37.7632
-37.7662
-37.769
-37.7722
-37.7768
-37.783
-37.79
-37.7971
-37.8033
-37.8079
-37.8106
-37.8116
-37.811
-37.8096
-37.808
-37.8065
-37.8057
-37.8057
-37.8067
-37.8083
-37.8101
-37.8114
-37.8115
-37.8095
-37.8047
-37.7965
-37.7841
-37.7671
-37.7455
-37.7205
-37.695
-37.6752
-37.6686
-37.6685
-37.6739
-37.6737
-37.6617
-37.6358
-37.7582
-37.7589
-37.7607
-37.7633
-37.766
-37.7687
-37.7711
-37.7741
-37.7785
-37.7844
-37.7909
-37.7974
-37.803
-37.8072
-37.8099
-37.8111
-37.8114
-37.811
-37.8106
-37.8104
-37.8108
-37.8117
-37.8131
-37.8146
-37.8157
-37.816
-37.8148
-37.8116
-37.8059
-37.7973
-37.7854
-37.7704
-37.7529
-37.7347
-37.7196
-37.7143
-37.7126
-37.7135
-37.7091
-37.6981
-37.6775
-37.7281
-37.7181
-37.702
)
;
    }
    fixedWalls
    {
        type            calculated;
        value           nonuniform List<scalar> 
719
(
77.9709
77.9595
77.9452
77.9276
77.9077
77.8859
77.5643
77.5796
77.5939
77.6066
77.6171
76.9384
76.927
76.9126
76.8951
76.8754
76.552
76.5679
76.5826
76.5955
76.6062
75.8875
75.8763
75.8623
75.8459
75.8283
75.5467
75.5634
75.5786
75.5918
75.6027
74.8438
74.8337
74.8214
74.8072
74.7929
74.539
74.5564
74.5722
74.5857
74.5967
73.8258
73.8169
73.8063
73.7941
73.7816
73.5182
73.5357
73.5514
73.5649
73.5759
72.8245
72.8152
72.8041
72.7912
72.7777
72.4984
72.5159
72.5315
72.5448
72.5557
-7.94493
-7.94509
-7.94514
-7.94509
-7.94498
-7.98754
-7.98351
-7.98017
-7.97717
-7.97442
-8.9548
-8.95495
-8.95498
-8.95493
-8.95482
-8.9963
-8.99293
-8.99005
-8.98739
-8.98492
-9.96481
-9.96494
-9.96496
-9.9649
-9.9648
-10.0076
-10.005
-10.0029
-10.001
-9.9991
-10.9751
-10.9751
-10.9751
-10.9751
-10.9749
-11.0202
-11.0189
-11.0179
-11.017
-11.0159
-11.9855
-11.9855
-11.9855
-11.9854
-11.9852
-12.0349
-12.035
-12.0352
-12.0354
-12.0351
-12.9961
-12.9961
-12.9959
-12.9957
-12.9955
-13.0508
-13.0523
-13.0537
-13.0548
-13.0554
-14.0068
-14.0067
-14.0065
-14.0062
-14.0059
-14.0677
-14.0703
-14.0727
-14.0746
-14.0757
-15.0177
-15.0175
-15.0172
-15.0168
-15.0163
-15.085
-15.0884
-15.0915
-15.0939
-15.0953
-16.0288
-16.0284
-16.0279
-16.0274
-16.0268
-16.1024
-16.1063
-16.1098
-16.1126
-16.1145
-17.04
-17.0395
-17.0389
-17.0382
-17.0374
-17.1195
-17.1237
-17.1275
-17.1307
-17.133
-18.0515
-18.0509
-18.05
-18.0491
-18.0481
-18.1361
-18.1405
-18.1447
-18.1483
-18.151
-19.0633
-19.0625
-19.0615
-19.0604
-19.0591
-19.1521
-19.1568
-19.1614
-19.1656
-19.1691
-20.0755
-20.0745
-20.0733
-20.072
-20.0705
-20.1672
-20.1722
-20.1773
-20.1825
-20.1871
-21.0882
-21.087
-21.0856
-21.084
-21.0823
-21.1812
-21.1865
-21.1921
-21.1979
-21.2037
-22.1015
-22.1002
-22.0986
-22.0968
-22.0949
-22.1939
-22.1992
-22.2049
-22.2108
-22.217
-23.1156
-23.1142
-23.1124
-23.1104
-23.1082
-23.2051
-23.2103
-23.2157
-23.2211
-23.2267
-24.1308
-24.1292
-24.1273
-24.1252
-24.1228
-24.215
-24.2201
-24.225
-24.2298
-24.2341
-25.1466
-25.145
-25.1431
-25.141
-25.1383
-25.2233
-25.2288
-25.2334
-25.2377
-25.2414
-26.1648
-26.1632
-26.1613
-26.1592
-26.1565
-26.2295
-26.2362
-26.2415
-26.2456
-26.2487
-27.18
-27.1789
-27.1774
-27.1754
-27.1728
-27.233
-27.2422
-27.2483
-27.2528
-27.2554
-28.2032
-28.2021
-28.2008
-28.1991
-28.1967
-28.2327
-28.2452
-28.2535
-28.2585
-28.2605
-29.2034
-29.2024
-29.2015
-29.2012
-29.2007
-29.2294
-29.246
-29.2566
-29.2623
-29.2639
-30.2066
-30.2048
-30.2035
-30.2037
-30.2044
-30.2246
-30.2449
-30.2576
-30.2641
-30.2655
-31.212
-31.2106
-31.21
-31.2103
-31.2111
-31.2179
-31.2414
-31.2562
-31.2635
-31.2645
-32.2185
-32.2171
-32.2173
-32.2182
-32.2188
-32.207
-32.2336
-32.2505
-32.2588
-32.2596
-33.2255
-33.2253
-33.2256
-33.2261
-33.2271
-33.1851
-33.2164
-33.2365
-33.2468
-33.2486
-34.2317
-34.2327
-34.2338
-34.2351
-34.2354
-34.1458
-34.1845
-34.2105
-34.2253
-34.2302
-35.2387
-35.2402
-35.2414
-35.2426
-35.2437
-35.0176
-35.0857
-35.1374
-35.1739
-35.1968
-35.2079
-36.2455
-36.2471
-36.2483
-36.2494
-36.2505
-35.9287
-36.0199
-36.0907
-36.142
-36.1757
-36.1945
-37.2518
-37.253
-37.2539
-37.2547
-37.2557
-36.8724
-36.982
-37.0674
-37.1296
-37.1714
-37.1959
72.318
72.3088
72.2976
72.2847
72.2712
72.3009
72.2925
72.2823
72.2703
72.2579
72.2805
72.2718
72.2616
72.2497
72.2369
71.7772
71.7778
71.7758
71.7787
71.7891
71.8837
71.8849
71.8857
71.8919
71.901
71.8835
71.8885
71.8954
71.9063
71.9192
71.9075
71.9152
71.9237
71.9326
71.9425
71.9237
71.9315
71.9397
71.9476
71.9562
71.9376
71.9447
71.9514
71.9576
71.9642
71.9446
71.9509
71.9568
71.9625
71.9684
71.9479
71.9537
71.9592
71.9645
71.9701
71.9479
71.9537
71.9591
71.9645
71.9702
71.9455
71.9516
71.9574
71.9632
71.9694
71.9412
71.948
71.9545
71.9611
71.968
71.9354
71.9433
71.951
71.9585
71.9664
71.9286
71.938
71.9471
71.9559
71.965
71.9209
71.9323
71.9432
71.9536
71.964
71.9125
71.9265
71.9395
71.9517
71.9634
71.9037
71.9209
71.9363
71.9505
71.9636
71.8947
71.9157
71.934
71.9501
71.9646
71.8861
71.9114
71.9327
71.9508
71.9666
71.8777
71.9082
71.9328
71.9527
71.9695
71.8727
71.9076
71.9348
71.9561
71.9734
71.8691
71.9089
71.9386
71.9608
71.9783
71.8752
71.9153
71.9451
71.9671
71.9843
71.8863
71.9249
71.9535
71.9746
71.991
71.9008
71.9366
71.9633
71.983
71.9983
71.9185
71.95
71.9738
71.9918
72.0061
71.9357
71.9632
71.9845
72.0011
72.0143
71.9549
71.977
71.9954
72.0105
72.0227
71.9701
71.9896
72.0063
72.0203
72.0317
71.9842
72.0016
72.0171
72.0303
72.0411
71.992
72.0094
72.025
72.0384
72.0492
71.7956
71.7867
71.777
71.7628
71.756
71.6359
71.6294
71.6232
71.6111
71.6099
71.5857
-7.44003
-7.44019
-7.44024
-7.44019
-7.44007
-7.44006
-7.44022
-7.44026
-7.4402
-7.44007
70.8013
-7.44003
70.7923
-7.44019
70.7823
-7.44024
70.7679
-7.4402
70.7607
-7.44009
70.6513
70.6448
70.6382
70.6267
70.6247
70.5946
-7.43725
-7.43699
-7.43694
-7.43702
-7.43716
-7.43723
-7.43717
-7.43687
-7.43678
-7.43682
-7.43687
-7.43681
-7.43692
-7.43659
-7.43645
-7.43644
-7.43644
-7.43634
-7.43633
-7.4361
-7.43604
-7.43602
-7.436
-7.4364
-7.43607
-7.43599
-7.43604
-7.43618
-7.43708
-7.43662
-7.43648
-7.43656
-7.43684
-7.43827
-7.43764
-7.4374
-7.43748
-7.43784
-7.43989
-7.43903
-7.43863
-7.43866
-7.43905
-7.44185
-7.44068
-7.44007
-7.44002
-7.44039
-7.44406
-7.44251
-7.44166
-7.44149
-7.44181
-7.44636
-7.44441
-7.44333
-7.44303
-7.4433
-7.44847
-7.44628
-7.44505
-7.44464
-7.44485
-7.4502
-7.44805
-7.44679
-7.44632
-7.44649
-7.45161
-7.44976
-7.4486
-7.44812
-7.44824
-7.45318
-7.45163
-7.45059
-7.45008
-7.45012
-7.45514
-7.4538
-7.45284
-7.45225
-7.45214
-7.45768
-7.45638
-7.45539
-7.45465
-7.45429
-7.4609
-7.45939
-7.45823
-7.45723
-7.45652
-7.46491
-7.46283
-7.46131
-7.45993
-7.45881
-7.4696
-7.46657
-7.46454
-7.46265
-7.46106
-7.47503
-7.47048
-7.46777
-7.46528
-7.46318
-7.47967
-7.47398
-7.47072
-7.46768
-7.4651
-7.48316
-7.47687
-7.47324
-7.46978
-7.46681
-7.48541
-7.47907
-7.47523
-7.47155
-7.46832
-7.48701
-7.48074
-7.47673
-7.473
-7.46963
-7.48721
-7.48148
-7.47757
-7.47397
-7.47067
-7.48722
-7.48168
-7.4778
-7.47439
-7.47131
-7.48495
-7.48045
-7.47697
-7.47387
-7.47107
-7.48335
-7.47917
-7.47581
-7.47283
-7.47011
-7.48194
-7.47791
-7.47457
-7.47157
-7.46883
)
;
    }
    rack2796428BA49E0232CAC645AEBC8DA5C1_fixedWall
    {
        type            calculated;
        value           nonuniform 0();
    }
    rack2796428BA49E0232CAC645AEBC8DA5C1_inlet
    {
        type            calculated;
        value           nonuniform 0();
    }
    rack2796428BA49E0232CAC645AEBC8DA5C1_outlet
    {
        type            calculated;
        value           nonuniform 0();
    }
    acu380F56D59CF2B3DF6EFF9D0E6E8D39CB_inlet
    {
        type            calculated;
        value           nonuniform List<scalar> 
40
(
-28.2332
-28.2495
-28.2643
-28.2724
-28.2769
-28.2121
-28.2348
-28.2567
-28.2666
-28.2704
-28.2016
-28.2202
-28.24
-28.2498
-28.2533
-28.2065
-28.2123
-28.222
-28.228
-28.2313
-28.2252
-28.2189
-28.2168
-28.2167
-28.2189
-28.246
-28.2375
-28.2306
-28.2261
-28.2252
-28.2603
-28.2521
-28.245
-28.2397
-28.237
-28.2706
-28.2628
-28.2561
-28.2509
-28.2475
)
;
    }
    acu380F56D59CF2B3DF6EFF9D0E6E8D39CB_outlet
    {
        type            calculated;
        value           nonuniform List<scalar> 
44
(
70.2948
70.2859
70.2759
70.2615
70.2543
70.2222
70.2127
70.2022
70.1867
70.1787
70.2393
70.2297
70.2191
70.2029
70.1948
70.2169
70.2075
70.1971
70.1808
70.1734
70.1953
70.1864
70.1766
70.1609
70.1543
70.1136
70.1717
70.1635
70.1548
70.1401
70.1347
70.095
70.1154
70.108
70.1002
70.0871
70.0832
70.0483
70.1448
70.1384
70.1317
70.1202
70.1182
70.0882
)
;
    }
    acu380F56D59CF2B3DF6EFF9D0E6E8D39CB_fixedWall
    {
        type            calculated;
        value           nonuniform List<scalar> 
204
(
-7.94493
-7.94509
-7.94514
-7.9451
-7.94499
-8.95479
-8.95495
-8.95499
-8.95495
-8.95485
-9.96479
-9.96493
-9.96497
-9.96493
-9.96485
-10.975
-10.9751
-10.9752
-10.9751
-10.975
-11.9855
-11.9855
-11.9855
-11.9854
-11.9853
-12.9961
-12.996
-12.9959
-12.9958
-12.9956
-14.0068
-14.0067
-14.0065
-14.0062
-14.006
-15.0177
-15.0175
-15.0171
-15.0167
-15.0163
-16.0287
-16.0284
-16.0279
-16.0273
-16.0267
-17.0399
-17.0395
-17.0388
-17.0381
-17.0372
-18.0514
-18.0508
-18.05
-18.049
-18.0479
-19.0632
-19.0624
-19.0614
-19.0602
-19.0589
-20.0754
-20.0745
-20.0733
-20.0718
-20.0703
-21.0882
-21.087
-21.0857
-21.0841
-21.0824
-22.1016
-22.1004
-22.0988
-22.0971
-22.0953
-23.116
-23.1147
-23.113
-23.1111
-23.1091
-24.132
-24.1306
-24.1287
-24.1267
-24.1245
-25.1488
-25.1476
-25.1458
-25.1435
-25.141
-26.1728
-26.1718
-26.1698
-26.1669
-26.1637
-27.1869
-27.1877
-27.1866
-27.1834
-27.1793
-7.94253
-7.94228
-7.94222
-7.94229
-7.94241
-7.94246
-8.95321
-8.95297
-8.95298
-8.95312
-8.95328
-8.95336
-9.96392
-9.96369
-9.96378
-9.96398
-9.96415
-9.9642
-10.9747
-10.9745
-10.9747
-10.9749
-10.9751
-10.9752
-11.9855
-11.9854
-11.9857
-11.986
-11.9862
-12.9964
-12.9965
-12.9969
-12.9973
-12.9975
-14.0076
-14.0079
-14.0085
-14.0089
-14.0093
-15.0193
-15.0199
-15.0206
-15.021
-15.0215
-16.0318
-16.0325
-16.0333
-16.0339
-16.0346
-17.0452
-17.0461
-17.0471
-17.0478
-17.0485
-18.0598
-18.061
-18.0621
-18.0629
-18.0637
-19.076
-19.0773
-19.0784
-19.0794
-19.0802
-20.0938
-20.0952
-20.0964
-20.0974
-20.0982
-21.1136
-21.1149
-21.116
-21.117
-21.1176
-22.1353
-22.1364
-22.1374
-22.1383
-22.1385
-23.1592
-23.1598
-23.1603
-23.1607
-23.1603
-24.1864
-24.1863
-24.1861
-24.1856
-24.1839
-25.216
-25.2143
-25.2123
-25.2099
-25.2063
-26.2574
-26.254
-26.2503
-26.2459
-26.2389
-27.291
-27.283
-27.2742
-27.2643
-27.2507
)
;
    }
    baffleFaces_master
    {
        type            calculated;
        value           nonuniform 0();
    }
    baffleFaces_slave
    {
        type            calculated;
        value           nonuniform 0();
    }
    procBoundary4to3
    {
        type            processor;
        value           nonuniform List<scalar> 
1398
(
77.979
77.9655
77.9794
78.0223
78.0265
78.0295
78.0295
78.0295
78.0228
77.9989
77.9596
77.9051
77.84
77.7619
77.6919
77.6371
77.5974
77.5697
77.5507
77.5369
77.5261
77.5171
77.5093
77.5021
77.4953
77.4889
77.4827
77.4768
77.4714
77.4665
77.4627
77.4599
77.4591
77.46
77.4635
77.4699
77.4766
77.4847
77.4965
77.5119
77.5277
77.542
77.549
76.9464
76.9269
76.9333
76.971
76.9768
76.9852
76.9678
76.9678
76.9678
76.9441
76.9054
76.8515
76.7885
76.7088
76.6434
76.5948
76.5627
76.542
76.528
76.5174
76.5087
76.5012
76.4941
76.4875
76.481
76.4746
76.4684
76.4624
76.4568
76.4516
76.4473
76.4441
76.4428
76.4431
76.4467
76.4529
76.4601
76.4702
76.4841
76.4995
76.5132
76.527
76.5359
75.8956
75.8752
75.8776
75.9158
75.9229
75.9328
75.9195
75.8882
75.8882
75.8882
75.8488
75.8488
75.793
75.7307
75.64
75.5794
75.539
75.5177
75.5066
75.5007
75.4967
75.4928
75.4885
75.4834
75.4776
75.471
75.4639
75.4563
75.4485
75.4407
75.433
75.4259
75.4195
75.4155
75.413
75.4164
75.4241
75.4342
75.4475
75.463
75.4824
75.5003
75.517
75.5291
74.8513
74.831
74.8227
74.8609
74.869
74.8809
74.8645
74.8396
74.7987
74.7352
74.7352
74.7352
74.6735
74.5618
74.5062
74.4795
74.473
74.472
74.4742
74.4759
74.4759
74.4739
74.47
74.4645
74.4577
74.4498
74.441
74.4316
74.4216
74.4113
74.4013
74.3912
74.3843
74.3784
74.3831
74.3939
74.4082
74.4266
74.4463
74.4702
74.4885
74.5058
74.5203
73.8324
73.8143
73.7982
73.8289
73.8252
73.8361
73.8154
73.7892
73.7464
73.6839
73.6094
73.6094
73.6094
73.4802
73.4245
73.4125
73.4333
73.4467
73.4547
73.4596
73.4622
73.4621
73.4593
73.4543
73.4475
73.4391
73.4294
73.4185
73.4066
73.3934
73.3799
73.3647
73.3529
73.339
73.343
73.3558
73.3743
73.3985
73.4233
73.4541
73.4733
73.4905
73.4994
72.8313
72.8135
72.7937
72.8179
72.7938
72.8008
72.7757
72.7475
72.7027
72.6297
72.4944
72.2815
72.2815
72.388
72.3873
72.4076
72.4231
72.4373
72.4449
72.4485
72.4485
72.4457
72.4406
72.4337
72.4251
72.4151
72.4037
72.3909
72.3764
72.361
72.343
72.329
72.3105
72.3155
72.3289
72.3488
72.375
72.4
72.4326
72.4527
72.4713
72.4794
71.8018
71.7663
71.7738
71.7487
71.7252
71.6978
71.6509
71.64
70.8077
70.7353
70.7524
70.7299
70.7079
70.6836
70.6268
70.6556
-7.94463
-7.94466
-7.94462
-7.94294
-7.94285
-7.94263
-7.94203
-7.94203
-7.94203
-7.94225
-7.94314
-7.94461
-7.94658
-7.94893
-7.95159
-7.95444
-7.95687
-7.95848
-7.95932
-7.96039
-7.96201
-7.96442
-7.9678
-7.97234
-7.97787
-7.98497
-7.99008
-7.99369
-7.99595
-7.99824
-7.99845
-7.9998
-7.99582
-7.99402
-7.99235
-8.95451
-8.95452
-8.95449
-8.95368
-8.95335
-8.95308
-8.95285
-8.95257
-8.95257
-8.95257
-8.95337
-8.95473
-8.95657
-8.95885
-8.96161
-8.96481
-8.96766
-8.96947
-8.97027
-8.97129
-8.97282
-8.97505
-8.97812
-8.98211
-8.98688
-8.99238
-8.9968
-9.00045
-9.00297
-9.00612
-9.00691
-9.00897
-9.00576
-9.00302
-9.00009
-9.96455
-9.96458
-9.96451
-9.96443
-9.96395
-9.96349
-9.96318
-9.96351
-9.96351
-9.96351
-9.96351
-9.96482
-9.96656
-9.96871
-9.97136
-9.97448
-9.9777
-9.97981
-9.98064
-9.98171
-9.98321
-9.98535
-9.98825
-9.99188
-9.99624
-10.001
-10.0057
-10.0097
-10.0125
-10.0164
-10.0175
-10.0198
-10.0172
-10.0141
-10.0108
-10.9748
-10.9749
-10.9748
-10.9752
-10.9746
-10.9739
-10.9735
-10.9739
-10.9748
-10.9748
-10.9748
-10.9748
-10.9764
-10.9782
-10.9805
-10.9835
-10.9869
-10.9893
-10.9903
-10.9916
-10.9931
-10.9951
-10.9978
-11.001
-11.0047
-11.0085
-11.0132
-11.0174
-11.0204
-11.0248
-11.0265
-11.0293
-11.0279
-11.0252
-11.0218
-11.9853
-11.9854
-11.9853
-11.9861
-11.9853
-11.9844
-11.9839
-11.9843
-11.9851
-11.9864
-11.9863
-11.9863
-11.9863
-11.9878
-11.9899
-11.9927
-11.9961
-11.9987
-12
-12.0016
-12.0033
-12.0055
-12.0081
-12.0111
-12.0145
-12.0176
-12.0224
-12.0271
-12.0305
-12.0355
-12.0378
-12.0408
-12.0402
-12.0381
-12.0351
-12.996
-12.9961
-12.9959
-12.9971
-12.996
-12.9949
-12.9944
-12.9947
-12.9956
-12.9967
-12.9978
-12.9981
-12.9981
-12.9981
-12.9999
-13.0025
-13.0057
-13.0086
-13.0103
-13.0123
-13.0143
-13.0167
-13.0194
-13.0222
-13.0252
-13.028
-13.0328
-13.0379
-13.0419
-13.0473
-13.05
-13.0532
-13.0532
-13.0518
-13.0495
-14.0068
-14.007
-14.0068
-14.0083
-14.0069
-14.0056
-14.005
-14.0055
-14.0065
-14.0076
-14.0086
-14.0095
-14.0109
-14.0109
-14.0109
-14.0133
-14.0164
-14.0196
-14.0218
-14.0243
-14.0268
-14.0295
-14.0323
-14.0352
-14.0382
-14.041
-14.0458
-14.0515
-14.0561
-14.0617
-14.0646
-14.0674
-14.0678
-14.0669
-14.0651
-15.0178
-15.0179
-15.0177
-15.0198
-15.0181
-15.0168
-15.0162
-15.0169
-15.0182
-15.0195
-15.0206
-15.0216
-15.023
-15.0256
-15.0256
-15.0256
-15.0289
-15.0325
-15.0353
-15.0384
-15.0415
-15.0447
-15.0479
-15.0511
-15.0541
-15.0574
-15.0621
-15.0679
-15.0726
-15.0779
-15.0805
-15.0829
-15.0833
-15.0828
-15.0815
-16.029
-16.0291
-16.0289
-16.0319
-16.0299
-16.0286
-16.0282
-16.0293
-16.031
-16.0326
-16.034
-16.0353
-16.0371
-16.04
-16.0435
-16.0435
-16.0435
-16.0477
-16.0512
-16.055
-16.0587
-16.0624
-16.0659
-16.0695
-16.0725
-16.0766
-16.081
-16.0866
-16.091
-16.0956
-16.0976
-16.0993
-16.0995
-16.0992
-16.0982
-17.0404
-17.0404
-17.0402
-17.045
-17.0427
-17.0414
-17.0413
-17.043
-17.0451
-17.0471
-17.0488
-17.0505
-17.0528
-17.0561
-17.0606
-17.0653
-17.0653
-17.0653
-17.0694
-17.0738
-17.078
-17.0821
-17.086
-17.0898
-17.093
-17.0977
-17.1016
-17.1068
-17.1104
-17.114
-17.1152
-17.1161
-17.116
-17.1158
-17.115
-18.052
-18.0521
-18.0519
-18.0592
-18.0566
-18.0556
-18.0558
-18.058
-18.0606
-18.063
-18.0652
-18.0674
-18.0702
-18.074
-18.0788
-18.0838
-18.0896
-18.0896
-18.0896
-18.0945
-18.099
-18.1035
-18.1074
-18.1114
-18.1145
-18.1195
-18.123
-18.1274
-18.13
-18.1325
-18.1329
-18.133
-18.1325
-18.1323
-18.1314
-19.0639
-19.064
-19.0638
-19.075
-19.0721
-19.0713
-19.0719
-19.0746
-19.0776
-19.0805
-19.0832
-19.086
-19.0893
-19.0936
-19.0987
-19.1041
-19.1074
-19.1164
-19.1164
-19.1164
-19.1211
-19.1256
-19.1295
-19.1334
-19.1362
-19.1412
-19.1442
-19.1477
-19.1493
-19.1507
-19.1503
-19.1496
-19.1486
-19.1482
-19.1471
-20.0762
-20.0763
-20.0761
-20.0925
-20.0893
-20.0889
-20.0898
-20.0929
-20.0962
-20.0996
-20.1028
-20.1061
-20.1099
-20.1145
-20.1198
-20.1256
-20.1291
-20.1334
-20.1435
-20.1435
-20.1435
-20.1478
-20.1514
-20.155
-20.1574
-20.1621
-20.1645
-20.1671
-20.1677
-20.1681
-20.1669
-20.1656
-20.1641
-20.1634
-20.1621
-21.089
-21.0891
-21.0889
-21.1121
-21.1086
-21.1084
-21.1094
-21.1129
-21.1165
-21.1202
-21.1237
-21.1274
-21.1315
-21.1363
-21.1417
-21.1476
-21.1511
-21.1553
-21.159
-21.1694
-21.1694
-21.1694
-21.1725
-21.1756
-21.1775
-21.1818
-21.1836
-21.1851
-21.1849
-21.1844
-21.1825
-21.1807
-21.1786
-21.1774
-21.1759
-22.1025
-22.1025
-22.1025
-22.1339
-22.13
-22.13
-22.1309
-22.1344
-22.1381
-22.1419
-22.1457
-22.1495
-22.1537
-22.1585
-22.1638
-22.1695
-22.1728
-22.1768
-22.1801
-22.1833
-22.1923
-22.1923
-22.1923
-22.1947
-22.196
-22.1998
-22.201
-22.2015
-22.2005
-22.1992
-22.1968
-22.1945
-22.1919
-22.1903
-22.1884
-23.1165
-23.1166
-23.1168
-23.1582
-23.1537
-23.1535
-23.1541
-23.1573
-23.1608
-23.1645
-23.1682
-23.1719
-23.176
-23.1806
-23.1856
-23.1909
-23.1937
-23.1972
-23.2
-23.2026
-23.2045
-23.2121
-23.2121
-23.2121
-23.2129
-23.2161
-23.2166
-23.2163
-23.2145
-23.2126
-23.2097
-23.207
-23.2038
-23.2019
-23.1994
-24.1318
-24.132
-24.1328
-24.186
-24.1803
-24.1794
-24.179
-24.1815
-24.1843
-24.1875
-24.1906
-24.194
-24.1977
-24.2019
-24.2064
-24.211
-24.2133
-24.2162
-24.2184
-24.2204
-24.2216
-24.2234
-24.2279
-24.2279
-24.2279
-24.2307
-24.2305
-24.2294
-24.2271
-24.2246
-24.2212
-24.218
-24.2144
-24.2121
-24.2086
-25.1473
-25.1477
-25.1492
-25.217
-25.2094
-25.2069
-25.205
-25.2062
-25.2078
-25.2099
-25.2123
-25.2149
-25.2181
-25.2216
-25.2256
-25.2292
-25.2311
-25.2334
-25.2349
-25.2363
-25.2369
-25.2381
-25.2371
-25.2435
-25.2435
-25.2435
-25.2428
-25.241
-25.2382
-25.2352
-25.2315
-25.2279
-25.2235
-25.22
-25.2154
-26.1655
-26.1676
-26.1725
-26.2599
-26.2455
-26.2383
-26.233
-26.2313
-26.2308
-26.2312
-26.2322
-26.2338
-26.2362
-26.239
-26.2425
-26.2453
-26.2468
-26.2486
-26.2497
-26.2506
-26.2507
-26.2512
-26.2495
-26.2531
-26.2534
-26.2534
-26.2534
-26.2511
-26.2479
-26.2447
-26.2404
-26.2359
-26.23
-26.2249
-26.2191
-27.18
-27.1816
-27.1845
-27.2974
-27.2795
-27.2677
-27.2595
-27.2546
-27.2516
-27.2498
-27.249
-27.2492
-27.2505
-27.2525
-27.2555
-27.2576
-27.2589
-27.2604
-27.2611
-27.2617
-27.2615
-27.2615
-27.2595
-27.2621
-27.2593
-27.2597
-27.2597
-27.2597
-27.2563
-27.2526
-27.2474
-27.2411
-27.2335
-27.2262
-27.2188
-28.2031
-28.2202
-28.2726
-28.5245
-28.5139
-28.5079
-28.5153
-28.5421
-28.5794
-28.6178
-28.6473
-28.4508
-28.3498
-28.3087
-28.2881
-28.2767
-28.2695
-28.2647
-28.2617
-28.2601
-28.2602
-28.2615
-28.2646
-28.2679
-28.2695
-28.2711
-28.2719
-28.2725
-28.2725
-28.2719
-28.2703
-28.269
-28.2661
-28.2609
-28.2632
-28.2632
-28.2632
-28.2584
-28.2517
-28.2435
-28.2334
-28.2232
-28.2142
-29.2034
-29.2065
-29.2232
-29.3446
-29.3982
-29.4261
-29.4494
-29.4795
-29.5089
-29.5241
-29.5121
-29.3975
-29.3553
-29.3226
-29.3038
-29.2907
-29.2813
-29.2741
-29.2688
-29.2649
-29.2629
-29.2624
-29.2638
-29.2665
-29.2685
-29.2706
-29.272
-29.273
-29.2731
-29.2723
-29.2708
-29.2697
-29.2679
-29.2626
-29.2557
-29.2617
-29.2617
-29.2617
-29.253
-29.2424
-29.2296
-29.2168
-29.2049
-30.2083
-30.2089
-30.2245
-30.2786
-30.3151
-30.342
-30.3703
-30.3996
-30.4253
-30.4388
-30.4311
-30.3757
-30.3525
-30.3282
-30.3117
-30.2979
-30.2869
-30.2776
-30.2702
-30.2642
-30.2601
-30.2577
-30.2576
-30.2596
-30.2622
-30.2653
-30.268
-30.2702
-30.2716
-30.2722
-30.2721
-30.2709
-30.2687
-30.2623
-30.2529
-30.2384
-30.2501
-30.2501
-30.2501
-30.2375
-30.2225
-30.2094
-30.1952
-31.2141
-31.2159
-31.2267
-31.2544
-31.282
-31.3088
-31.3382
-31.3668
-31.3891
-31.3998
-31.3958
-31.368
-31.3496
-31.3297
-31.3138
-31.2993
-31.2869
-31.2759
-31.2665
-31.2586
-31.2523
-31.2482
-31.2473
-31.2494
-31.2534
-31.2584
-31.2633
-31.2677
-31.271
-31.2733
-31.2741
-31.2724
-31.2678
-31.2575
-31.2428
-31.2244
-31.2051
-31.2278
-31.2278
-31.2278
-31.2126
-31.1999
-31.1844
-32.2206
-32.2225
-32.2301
-32.2461
-32.2662
-32.2904
-32.3169
-32.3415
-32.3606
-32.3706
-32.3707
-32.3564
-32.3423
-32.3259
-32.3107
-32.296
-32.2824
-32.2696
-32.258
-32.2481
-32.2403
-32.2352
-32.2346
-32.2384
-32.245
-32.2529
-32.2607
-32.2675
-32.2728
-32.2764
-32.277
-32.2721
-32.261
-32.2428
-32.2204
-32.1981
-32.1787
-32.1634
-32.2013
-32.2013
-32.2013
-32.188
-32.1695
-33.2258
-33.2281
-33.2336
-33.2445
-33.2607
-33.2813
-33.3036
-33.3247
-33.3412
-33.3504
-33.352
-33.3436
-33.3323
-33.3182
-33.3037
-33.2887
-33.2739
-33.2593
-33.2455
-33.2334
-33.2252
-33.2216
-33.2235
-33.231
-33.2414
-33.2522
-33.2621
-33.2701
-33.2759
-33.279
-33.2758
-33.2619
-33.2383
-33.208
-33.1769
-33.1522
-33.1361
-33.1285
-33.1264
-33.1686
-33.1686
-33.1686
-33.1425
-34.2304
-34.2331
-34.2375
-34.2457
-34.2582
-34.2744
-34.2924
-34.3099
-34.324
-34.3327
-34.3352
-34.3297
-34.3202
-34.3074
-34.2932
-34.278
-34.2624
-34.2469
-34.2325
-34.2207
-34.2136
-34.2128
-34.2188
-34.2312
-34.2449
-34.2571
-34.2675
-34.2746
-34.2769
-34.2727
-34.258
-34.2301
-34.1909
-34.1461
-34.1058
-34.0811
-34.0716
-34.0756
-34.089
-34.074
-34.0941
-34.0941
-34.0941
-35.2366
-35.2393
-35.2427
-35.2485
-35.2574
-35.2694
-35.2833
-35.2972
-35.3089
-35.3166
-35.3187
-35.3143
-35.3056
-35.2938
-35.2803
-35.2658
-35.251
-35.2363
-35.2229
-35.2121
-35.207
-35.2106
-35.2213
-35.235
-35.2491
-35.2605
-35.2651
-35.2631
-35.2547
-35.2365
-35.2045
-35.1571
-35.0981
-35.0364
-34.9878
-34.9675
-34.9663
-34.9886
-35.0142
-34.9975
-34.934
-36.2433
-36.2462
-36.2493
-36.2533
-36.2593
-36.2674
-36.277
-36.2869
-36.2953
-36.3009
-36.3023
-36.2985
-36.2906
-36.2798
-36.2678
-36.2552
-36.2429
-36.2316
-36.2229
-36.2187
-36.22
-36.2253
-36.2329
-36.2416
-36.2493
-36.2539
-36.254
-36.2463
-36.2261
-36.1905
-36.1369
-36.0653
-35.9816
-35.898
-35.8386
-35.8243
-35.8369
-35.8815
-35.9183
-35.8909
-35.8187
-37.2501
-37.2524
-37.2548
-37.2585
-37.2637
-37.2705
-37.2783
-37.286
-37.2921
-37.2951
-37.294
-37.2887
-37.2806
-37.2708
-37.2606
-37.251
-37.2428
-37.2364
-37.2321
-37.2301
-37.2308
-37.2341
-37.2391
-37.244
-37.2462
-37.2433
-37.2323
-37.2099
-37.1727
-37.1171
-37.0398
-36.9403
-36.8254
-36.7079
-36.6326
-36.6106
-36.6483
-36.7307
-36.7976
-36.7977
-36.7398
)
;
    }
    procBoundary4to5
    {
        type            processor;
        value           nonuniform List<scalar> 
1399
(
77.8648
76.8544
77.8526
77.8492
77.8825
77.8944
77.9013
77.8923
77.8723
77.8441
77.8069
77.7643
77.7091
77.6642
77.6302
77.6056
77.5882
77.576
77.5674
77.561
77.5563
77.5528
77.5502
77.5485
77.5476
77.5474
77.5478
77.5488
77.5504
77.5526
77.5552
77.5583
77.5619
77.5659
77.5705
77.576
77.5825
77.59
77.5985
77.608
77.6177
77.6251
76.8544
76.8544
76.8172
75.7884
76.8019
76.8251
76.8395
76.8459
76.8359
76.8172
76.7899
76.7533
76.712
76.6552
76.6167
76.5893
76.5717
76.5606
76.5533
76.548
76.5437
76.5402
76.5374
76.5355
76.5342
76.5337
76.5337
76.5344
76.5357
76.5376
76.5399
76.5427
76.5459
76.5496
76.5538
76.5589
76.5649
76.5714
76.5783
76.5862
76.5954
76.6048
76.6143
75.8108
75.7884
75.7884
75.751
74.7336
75.7656
75.7854
75.7927
75.7808
75.7629
75.736
75.6985
75.6565
75.5913
75.5625
75.5444
75.5347
75.5298
75.5265
75.5245
75.5233
75.5223
75.5213
75.5205
75.5199
75.5197
75.5201
75.5209
75.5223
75.5242
75.5266
75.5295
75.5329
75.5368
75.5413
75.5465
75.5525
75.5597
75.568
75.5771
75.5873
75.5976
75.6109
74.7794
74.7604
74.7336
74.7336
74.7217
73.7336
74.7359
74.7412
74.726
74.7075
74.6801
74.6396
74.5935
74.5178
74.5043
74.5003
74.502
74.5048
74.5067
74.5075
74.5074
74.5068
74.5062
74.5055
74.5051
74.5049
74.5053
74.5062
74.5077
74.5098
74.5125
74.5157
74.5195
74.5239
74.529
74.5348
74.5413
74.5487
74.5571
74.5666
74.5773
74.5883
74.6049
73.769
73.7555
73.7318
73.7336
73.7336
73.6983
72.6921
73.6983
73.6783
73.6587
73.631
73.5866
73.5344
73.4543
73.4627
73.4668
73.4768
73.4848
73.4897
73.4924
73.4936
73.4939
73.4938
73.4935
73.4932
73.4931
73.4933
73.4941
73.4954
73.4974
73.5
73.5032
73.5072
73.5119
73.5173
73.5233
73.53
73.5374
73.5455
73.5542
73.5636
73.5733
73.5842
72.7637
72.7501
72.7266
72.7339
72.6921
72.6921
72.6444
71.6888
72.6305
72.6209
72.6047
72.5648
72.4914
72.3147
72.4167
72.441
72.46
72.4715
72.4781
72.4815
72.483
72.4833
72.483
72.4823
72.4816
72.4811
72.481
72.4815
72.4826
72.4843
72.4868
72.4901
72.4941
72.4989
72.5043
72.5104
72.5169
72.5238
72.5312
72.5389
72.5472
72.5558
72.5639
71.7319
71.6866
71.6888
71.6888
71.6767
70.6392
71.6593
71.6424
71.6062
71.6074
70.7287
70.6499
70.6617
70.6392
70.6392
70.6726
70.6562
70.6134
70.6592
-7.94481
-7.94477
-7.94483
-7.94244
-7.94181
-7.94139
-7.94133
-7.9418
-7.94267
-7.9438
-7.9451
-7.94648
-7.94792
-7.9494
-7.95094
-7.95255
-7.95425
-7.95604
-7.9579
-7.95981
-7.96172
-7.96356
-7.9653
-7.96691
-7.96835
-7.96966
-7.97085
-7.972
-7.97304
-7.9739
-7.974
-7.97317
-7.97186
-8.95469
-8.95461
-8.95472
-8.95359
-8.9529
-8.9527
-8.95287
-8.95347
-8.95442
-8.95557
-8.95686
-8.95823
-8.95968
-8.96119
-8.96278
-8.96445
-8.96619
-8.968
-8.96987
-8.97177
-8.97366
-8.97548
-8.97717
-8.97871
-8.98011
-8.98141
-8.9827
-8.98405
-8.98539
-8.9864
-8.98644
-8.98506
-8.98256
-9.96467
-9.96462
-9.96474
-9.96474
-9.964
-9.96401
-9.96435
-9.96508
-9.96606
-9.96721
-9.96848
-9.96984
-9.97128
-9.9728
-9.97443
-9.97616
-9.97799
-9.9799
-9.98187
-9.98387
-9.98585
-9.98776
-9.98956
-9.99123
-9.9928
-9.99433
-9.99595
-9.99773
-9.99959
-10.0012
-10.0018
-10.0003
-9.99719
-10.9748
-10.9748
-10.9749
-10.9763
-11.9865
-10.9753
-10.9755
-10.9759
-10.9766
-10.9776
-10.9787
-10.9799
-10.9812
-10.9826
-10.9842
-10.9858
-10.9876
-10.9896
-10.9916
-10.9938
-10.996
-10.9982
-11.0003
-11.0024
-11.0044
-11.0064
-11.0085
-11.0107
-11.0131
-11.0155
-11.0178
-11.0189
-11.0179
-11.0146
-11.985
-11.9851
-11.9852
-11.9865
-11.9865
-11.9869
-12.9976
-11.987
-11.9874
-11.9882
-11.9891
-11.9902
-11.9913
-11.9926
-11.994
-11.9955
-11.9973
-11.9992
-12.0013
-12.0037
-12.0061
-12.0087
-12.0113
-12.014
-12.0166
-12.0193
-12.0221
-12.0249
-12.0277
-12.0307
-12.0337
-12.0365
-12.0381
-12.0374
-12.0343
-12.9953
-12.9953
-12.9954
-12.998
-12.9976
-12.9976
-12.9987
-14.0095
-12.999
-12.9998
-13.0007
-13.0017
-13.0028
-13.0041
-13.0055
-13.0072
-13.0092
-13.0114
-13.0139
-13.0166
-13.0196
-13.0227
-13.026
-13.0294
-13.0329
-13.0364
-13.0399
-13.0434
-13.0469
-13.0502
-13.0534
-13.0564
-13.0583
-13.0579
-13.0551
-14.0056
-14.0056
-14.0057
-14.01
-14.0094
-14.0095
-14.0095
-14.0108
-15.022
-14.0116
-14.0125
-14.0136
-14.0148
-14.0162
-14.0178
-14.0198
-14.0221
-14.0248
-14.0278
-14.0312
-14.0349
-14.0388
-14.0429
-14.0471
-14.0514
-14.0557
-14.0599
-14.0639
-14.0675
-14.0709
-14.0741
-14.0771
-14.0792
-14.0783
-14.0756
-15.0158
-15.0159
-15.0159
-15.0225
-15.0216
-15.0218
-15.022
-15.022
-15.0239
-16.0361
-15.0248
-15.0261
-15.0275
-15.0293
-15.0313
-15.0338
-15.0367
-15.04
-15.0438
-15.0479
-15.0524
-15.0571
-15.062
-15.067
-15.072
-15.0768
-15.0814
-15.0855
-15.0889
-15.092
-15.095
-15.0978
-15.0999
-15.0979
-15.0956
-16.0262
-16.0261
-16.0261
-16.0357
-16.0346
-16.0349
-16.0351
-16.0361
-16.0361
-16.0382
-17.0523
-16.0398
-17.0544
-16.0417
-16.0439
-16.0466
-16.0497
-16.0533
-16.0573
-16.0619
-16.0668
-16.072
-16.0775
-16.0831
-16.0887
-16.0941
-16.0992
-16.1037
-16.1075
-16.1105
-16.1131
-16.1157
-16.118
-16.1196
-16.1176
-16.115
-17.0366
-17.0364
-17.0363
-17.0499
-17.0484
-17.0489
-17.0493
-17.0507
-17.0523
-17.0544
-17.0544
-17.0575
-18.075
-17.0605
-17.0638
-17.0677
-17.072
-17.0768
-17.082
-17.0876
-17.0934
-17.0994
-17.1054
-17.1113
-17.1169
-17.1219
-17.126
-17.1294
-17.1319
-17.134
-17.136
-17.1379
-17.1389
-17.1368
-17.1337
-18.0471
-18.0468
-18.0468
-18.0652
-18.0633
-18.0642
-18.0648
-18.0667
-18.0689
-18.0718
-18.075
-18.075
-18.079
-19.0995
-18.0831
-18.0877
-18.0927
-18.0982
-18.1039
-18.1099
-18.116
-18.1222
-18.1283
-18.1342
-18.1395
-18.1441
-18.1477
-18.1504
-18.1523
-18.154
-18.1557
-18.1572
-18.1575
-18.1553
-18.152
-19.0578
-19.0574
-19.0575
-19.082
-19.0797
-19.0809
-19.0818
-19.0844
-19.0873
-19.0909
-19.095
-19.0995
-19.0995
-19.1043
-20.1276
-19.1096
-19.1151
-19.1208
-19.1268
-19.1328
-19.1389
-19.145
-19.1508
-19.1563
-19.1612
-19.1652
-19.1682
-19.1702
-19.1716
-19.173
-19.1745
-19.1758
-19.1761
-19.1742
-19.1708
-20.0688
-20.0684
-20.0688
-20.1002
-20.0973
-20.0991
-20.1005
-20.1038
-20.1075
-20.1119
-20.1168
-20.122
-20.1276
-20.1276
-20.1327
-21.1576
-20.1384
-20.1442
-20.15
-20.1558
-20.1615
-20.167
-20.1722
-20.1771
-20.1813
-20.1846
-20.1869
-20.1883
-20.1893
-20.1905
-20.1919
-20.1932
-20.1938
-20.1927
-20.1899
-21.0804
-21.0797
-21.0807
-21.1197
-21.1163
-21.1187
-21.1207
-21.1248
-21.1293
-21.1345
-21.1399
-21.1457
-21.1516
-21.1576
-21.1576
-21.1623
-22.1873
-21.1677
-21.173
-21.1781
-21.1829
-21.1876
-21.192
-21.196
-21.1993
-21.2019
-21.2035
-21.2043
-21.2048
-21.2056
-21.2068
-21.2082
-21.2093
-21.2092
-21.2077
-22.0925
-22.0915
-22.0933
-22.1405
-22.1366
-22.1398
-22.1425
-22.1474
-22.1525
-22.1583
-22.1642
-22.1702
-22.1761
-22.1818
-22.1873
-22.1873
-22.1907
-23.2143
-22.1951
-22.1991
-22.2029
-22.2064
-22.2097
-22.2127
-22.2151
-22.2168
-22.2177
-22.2179
-22.2179
-22.2183
-22.2192
-22.2206
-22.2218
-22.222
-22.2207
-23.1056
-23.1042
-23.1068
-23.1617
-23.1578
-23.1621
-23.1657
-23.1714
-23.1771
-23.1831
-23.1891
-23.1949
-23.2004
-23.2056
-23.2102
-23.2143
-23.2143
-23.2158
-24.237
-23.2187
-23.2212
-23.2234
-23.2254
-23.2272
-23.2286
-23.2295
-23.2298
-23.2295
-23.2293
-23.2293
-23.2299
-23.2309
-23.2318
-23.2315
-23.2299
-24.12
-24.1185
-24.122
-24.1839
-24.1807
-24.1863
-24.1908
-24.1969
-24.2027
-24.2086
-24.2141
-24.2194
-24.2241
-24.2283
-24.2319
-24.2348
-24.237
-24.237
-24.2365
-25.2546
-24.2376
-24.2384
-24.2392
-24.2398
-24.2402
-24.2404
-24.2402
-24.2399
-24.2394
-24.2392
-24.2394
-24.2398
-24.2399
-24.2388
-24.2369
-25.1354
-25.1341
-25.1384
-25.2046
-25.2042
-25.2112
-25.2169
-25.2232
-25.2287
-25.234
-25.2387
-25.2429
-25.2465
-25.2495
-25.2517
-25.2534
-25.2543
-25.2546
-25.2546
-25.2522
-26.2673
-25.2518
-25.2513
-25.2509
-25.2505
-25.25
-25.2496
-25.2492
-25.2487
-25.2484
-25.2483
-25.2482
-25.2474
-25.2457
-25.2435
-26.1533
-26.1535
-26.1601
-26.231
-26.235
-26.2407
-26.246
-26.2507
-26.255
-26.2589
-26.2622
-26.2649
-26.2671
-26.2686
-26.2695
-26.2698
-26.2694
-26.2686
-26.2673
-26.2673
-26.2637
-27.276
-26.2623
-26.2609
-26.2598
-26.2588
-26.2583
-26.2579
-26.2575
-26.2571
-26.2568
-26.2563
-26.2549
-26.2528
-26.2499
-27.1697
-27.1701
-27.1754
-27.2327
-27.2591
-27.2656
-27.2727
-27.2766
-27.2797
-27.2819
-27.2835
-27.2845
-27.285
-27.2849
-27.2845
-27.2835
-27.2822
-27.2803
-27.2782
-27.276
-27.276
-27.2718
-28.282
-27.2699
-27.2683
-27.2672
-27.2666
-27.2663
-27.266
-27.2657
-27.2654
-27.2645
-27.2624
-27.2591
-27.2554
-28.1931
-28.2089
-28.2455
-28.4774
-28.4828
-28.4971
-28.4964
-28.4877
-28.4855
-28.4855
-28.5024
-28.3174
-28.3176
-28.3046
-28.3041
-28.3029
-28.3029
-28.3024
-28.3016
-28.3006
-28.2995
-28.2981
-28.2965
-28.2946
-28.2923
-28.2898
-28.2872
-28.2846
-28.282
-28.282
-28.278
-29.2872
-28.2763
-28.2753
-28.2747
-28.2744
-28.2742
-28.274
-28.2736
-28.2723
-28.2689
-28.2641
-28.2594
-29.1997
-29.2065
-29.2201
-29.3291
-29.3713
-29.3907
-29.3976
-29.3988
-29.4051
-29.411
-29.4097
-29.3324
-29.3286
-29.3223
-29.3225
-29.3212
-29.3196
-29.3175
-29.3151
-29.3127
-29.3102
-29.3077
-29.3052
-29.3025
-29.2998
-29.297
-29.2943
-29.2917
-29.2893
-29.2872
-29.2872
-29.2839
-30.2926
-29.283
-29.2825
-29.2821
-29.2819
-29.2816
-29.281
-29.279
-29.2738
-29.2673
-29.2617
-30.2051
-30.2074
-30.2177
-30.2594
-30.2851
-30.301
-30.3102
-30.3164
-30.3272
-30.3393
-30.3486
-30.3315
-30.3343
-30.333
-30.3342
-30.333
-30.3308
-30.3275
-30.324
-30.3202
-30.3166
-30.3132
-30.3101
-30.3072
-30.3044
-30.3019
-30.2995
-30.2974
-30.2955
-30.2939
-30.2926
-30.2926
-30.2902
-31.2985
-30.2897
-30.2893
-30.2887
-30.2881
-30.287
-30.2841
-30.2775
-30.2688
-30.262
-31.212
-31.2131
-31.2204
-31.2408
-31.2568
-31.2678
-31.2754
-31.2841
-31.2981
-31.3131
-31.3255
-31.3263
-31.3325
-31.3353
-31.3374
-31.3376
-31.3356
-31.3317
-31.3271
-31.3225
-31.3182
-31.3142
-31.3108
-31.3081
-31.306
-31.3043
-31.3029
-31.3017
-31.3007
-31.2998
-31.2991
-31.2985
-31.2985
-31.2961
-32.3041
-31.2953
-31.2941
-31.2928
-31.2911
-31.2875
-31.2796
-31.2682
-31.2598
-32.2195
-32.2199
-32.2246
-32.2343
-32.2428
-32.2493
-32.2547
-32.2644
-32.2791
-32.2945
-32.3087
-32.3174
-32.3261
-32.3313
-32.3343
-32.3343
-32.3321
-32.3282
-32.3234
-32.3184
-32.3139
-32.3104
-32.3079
-32.3064
-32.3058
-32.3056
-32.3056
-32.3057
-32.3057
-32.3055
-32.3051
-32.3047
-32.3041
-32.3041
-32.2998
-33.3046
-32.2976
-32.2954
-32.2931
-32.289
-32.28
-32.2646
-32.2539
-33.2276
-33.2276
-33.2307
-33.2354
-33.2397
-33.2429
-33.2466
-33.2557
-33.2685
-33.2823
-33.2957
-33.3063
-33.3154
-33.3214
-33.3247
-33.3252
-33.3232
-33.3194
-33.3149
-33.3104
-33.3066
-33.3042
-33.3032
-33.3035
-33.3046
-33.3062
-33.3079
-33.3093
-33.3103
-33.3107
-33.3103
-33.3093
-33.3074
-33.3046
-33.3046
-33.2979
-34.2974
-33.2948
-33.2921
-33.2876
-33.2764
-33.2561
-33.243
-34.2359
-34.2357
-34.2375
-34.2404
-34.2427
-34.244
-34.2464
-34.2532
-34.2624
-34.2732
-34.2844
-34.2943
-34.3028
-34.3088
-34.3122
-34.3129
-34.3114
-34.3085
-34.3051
-34.3019
-34.2997
-34.2989
-34.2996
-34.3014
-34.304
-34.3068
-34.3094
-34.3116
-34.3131
-34.3139
-34.3133
-34.311
-34.3071
-34.3023
-34.2974
-34.2974
-34.2911
-35.2796
-34.2877
-34.2818
-34.2661
-34.2419
-34.2268
-35.2447
-35.2451
-35.2465
-35.2484
-35.2498
-35.2506
-35.2521
-35.2556
-35.2612
-35.2684
-35.2765
-35.2846
-35.2918
-35.2972
-35.3005
-35.3016
-35.3009
-35.2992
-35.2971
-35.2954
-35.2946
-35.2949
-35.2963
-35.2985
-35.3012
-35.304
-35.3065
-35.3084
-35.3094
-35.3093
-35.308
-35.3047
-35.2984
-35.2906
-35.2832
-35.2796
-35.2796
-35.275
-36.256
-35.266
-35.2483
-35.2243
-35.2094
-36.2518
-36.2521
-36.2534
-36.2553
-36.2572
-36.2586
-36.2602
-36.2625
-36.2655
-36.2698
-36.2754
-36.2816
-36.2874
-36.292
-36.2952
-36.2969
-36.2974
-36.2973
-36.297
-36.2969
-36.2973
-36.2984
-36.2999
-36.3018
-36.3037
-36.3053
-36.3061
-36.3058
-36.3041
-36.3008
-36.2958
-36.2892
-36.2815
-36.273
-36.2642
-36.2604
-36.256
-36.256
-36.2457
-37.2289
-36.2313
-36.2151
-36.2011
-37.2572
-37.2575
-37.2589
-37.261
-37.2633
-37.2655
-37.2677
-37.2698
-37.2722
-37.2761
-37.2814
-37.2872
-37.2928
-37.2973
-37.3007
-37.3028
-37.304
-37.3045
-37.3047
-37.3049
-37.3055
-37.3063
-37.3075
-37.3086
-37.3095
-37.3097
-37.3089
-37.3066
-37.3025
-37.2963
-37.2878
-37.277
-37.2645
-37.2514
-37.2395
-37.2346
-37.2316
-37.2289
-37.2289
-37.2278
-37.2188
-37.2064
)
;
    }
}


// ************************************************************************* //
