/*--------------------------------*- C++ -*----------------------------------*\
| =========                 |                                                 |
| \\      /  F ield         | OpenFOAM: The Open Source CFD Toolbox           |
|  \\    /   O peration     | Version:  2.3.1                                 |
|   \\  /    A nd           | Web:      www.OpenFOAM.org                      |
|    \\/     M anipulation  |                                                 |
\*---------------------------------------------------------------------------*/
FoamFile
{
    version     2.0;
    format      ascii;
    class       volScalarField;
    location    "600";
    object      T;
}
// * * * * * * * * * * * * * * * * * * * * * * * * * * * * * * * * * * * * * //

dimensions      [0 0 0 1 0 0 0];

internalField   nonuniform List<scalar> 
6852
(
289.15
289.15
289.15
289.15
289.15
289.15
289.15
289.15
289.15
289.15
289.15
289.15
289.15
289.15
289.15
289.15
289.15
289.15
289.15
289.15
289.15
289.15
289.15
289.15
289.15
289.15
289.15
289.15
289.15
289.15
289.15
289.15
289.15
289.15
289.15
289.15
289.15
289.15
289.15
289.15
289.15
289.15
289.15
289.15
289.15
289.15
289.15
289.15
289.15
289.15
289.15
289.15
289.15
289.15
289.15
289.15
289.15
289.15
289.15
289.15
289.15
289.15
289.15
289.15
289.15
289.15
289.15
289.15
289.15
289.15
289.15
289.15
289.15
289.15
289.15
289.15
289.15
289.15
289.15
289.15
289.15
289.15
289.15
289.15
289.15
289.15
289.15
289.15
289.15
289.15
289.15
289.15
289.15
289.15
289.15
289.15
289.15
289.15
289.15
289.15
289.15
289.15
289.15
289.15
289.15
289.15
289.15
289.15
289.15
289.15
289.15
289.15
289.15
289.15
289.15
289.15
289.15
289.15
289.15
289.15
289.15
289.15
289.15
289.15
289.15
289.15
289.15
289.15
289.15
289.15
289.15
289.15
289.15
289.15
289.15
289.15
289.15
289.15
289.15
289.15
289.15
289.15
289.15
289.15
289.15
289.15
289.15
289.15
289.15
289.15
289.15
289.15
289.15
289.15
289.15
289.15
289.15
289.15
289.15
289.15
289.15
289.15
289.15
289.15
289.15
289.15
289.15
289.15
289.15
289.15
289.15
289.15
289.15
289.15
289.15
289.15
289.15
289.15
289.15
289.15
289.15
289.15
289.15
289.15
289.15
289.15
289.15
289.15
289.15
289.15
289.15
289.15
289.15
289.15
289.15
289.15
289.15
289.15
289.15
289.15
289.15
289.15
289.15
289.15
289.15
289.15
289.15
289.15
289.15
289.15
289.15
289.15
289.15
289.15
289.15
289.15
289.15
289.15
289.15
289.15
289.15
289.15
289.15
289.15
289.15
289.15
289.15
289.15
289.15
289.15
289.15
289.15
289.15
289.15
289.15
289.15
289.15
289.15
289.15
289.15
289.15
289.15
289.15
289.15
289.15
289.15
289.15
289.15
289.15
289.15
289.15
289.15
289.15
289.15
289.15
289.15
289.15
289.15
289.15
289.15
289.15
289.15
289.15
289.15
289.15
289.15
289.15
289.15
289.15
289.15
289.15
289.15
289.15
289.15
289.15
289.15
289.15
289.15
289.15
289.15
289.15
289.15
289.15
289.15
289.15
289.15
289.15
289.15
289.15
289.15
289.15
289.15
289.15
289.15
289.15
289.15
289.15
289.15
289.15
289.15
289.15
289.15
289.15
289.15
289.15
289.15
289.15
289.15
289.15
289.15
289.15
289.15
289.15
289.15
289.15
289.15
289.15
289.15
289.15
289.15
289.15
289.15
289.15
289.15
289.15
289.15
289.15
289.15
289.15
289.15
289.15
289.15
289.15
289.15
289.15
289.15
289.15
289.15
289.15
289.15
289.15
289.15
289.15
289.15
289.15
289.15
289.15
289.15
289.15
289.15
289.15
289.15
289.15
289.15
289.15
289.15
289.15
289.15
289.15
289.15
289.15
289.15
289.15
289.15
289.15
289.15
289.15
289.15
289.15
289.15
289.15
289.15
289.15
289.15
289.15
289.15
289.15
289.15
289.15
289.15
289.15
289.15
289.15
289.15
289.15
289.15
289.15
289.15
289.15
289.15
289.15
289.15
289.15
289.15
289.15
289.15
289.15
289.15
289.15
289.15
289.15
289.15
289.15
289.15
289.15
289.15
289.15
289.15
289.15
289.15
289.15
289.15
289.15
289.15
289.15
289.15
289.15
289.15
289.15
289.15
289.15
289.15
289.15
289.15
289.15
289.15
289.15
289.15
289.15
289.15
289.15
289.15
289.15
289.15
289.15
289.15
289.15
289.15
289.15
289.15
289.15
289.15
289.15
289.15
289.15
289.15
289.15
289.15
289.15
289.15
289.15
289.15
289.15
289.15
289.15
289.15
289.15
289.15
289.15
289.15
289.15
289.15
289.15
289.15
289.15
289.15
289.15
289.15
289.15
289.15
289.15
289.15
289.15
289.15
289.15
289.15
289.15
289.15
289.15
289.15
289.15
289.15
289.15
289.15
289.15
289.15
289.15
289.15
289.15
289.15
289.15
289.15
289.15
289.15
289.15
289.15
289.15
289.15
289.15
289.15
289.15
289.15
289.15
289.15
289.15
289.15
289.15
289.15
289.15
289.15
289.15
289.15
289.15
289.15
289.15
289.15
289.15
289.15
289.15
289.15
289.15
289.15
289.15
289.15
289.15
289.15
289.15
289.15
289.15
289.15
289.15
289.15
289.15
289.15
289.15
289.15
289.15
289.15
289.15
289.15
289.15
289.15
289.15
289.15
289.15
289.15
289.15
289.15
289.15
289.15
289.15
289.15
289.15
289.15
289.15
289.15
289.15
289.15
289.15
289.15
289.15
289.15
289.15
289.15
289.15
289.15
289.15
289.15
289.15
289.15
289.15
289.15
289.15
289.15
289.15
289.15
289.15
289.15
289.15
289.15
289.15
289.15
289.15
289.15
289.15
289.15
289.15
289.15
289.15
289.15
289.15
289.15
289.15
289.15
289.15
289.15
289.15
289.15
289.15
289.15
289.15
289.15
289.15
289.15
289.15
289.15
289.15
289.15
289.15
289.15
289.15
289.15
289.15
289.15
289.15
289.15
289.15
289.15
289.15
289.15
289.15
289.15
289.15
289.15
289.15
289.15
289.15
289.15
289.15
289.15
289.15
289.15
289.15
289.15
289.15
289.15
289.15
289.15
289.15
289.15
289.15
289.15
289.15
289.15
289.15
289.15
289.15
289.15
289.15
289.15
289.15
289.15
289.15
289.15
289.15
289.15
289.15
289.15
289.15
289.15
289.15
289.15
289.15
289.15
289.15
289.15
289.15
289.15
289.15
289.15
289.15
289.15
289.15
289.15
289.15
289.15
289.15
289.15
289.15
289.15
289.15
289.15
289.15
289.15
289.15
289.15
289.15
289.15
289.15
289.15
289.15
289.15
289.15
289.15
289.15
289.15
289.15
289.15
289.15
289.15
289.15
289.15
289.15
289.15
289.15
289.15
289.15
289.15
289.15
289.15
289.15
289.15
289.15
289.15
289.15
289.15
289.15
289.15
289.15
289.15
289.15
289.15
289.15
289.15
289.15
289.15
289.15
289.15
289.15
289.15
289.15
289.15
289.15
289.15
289.15
289.15
289.15
289.15
289.15
289.15
289.15
289.15
289.15
289.15
289.15
289.15
289.15
289.15
289.15
289.15
289.15
289.15
289.15
289.15
289.15
289.15
289.15
289.15
289.15
289.15
289.15
289.15
289.15
289.15
289.15
289.15
289.15
289.15
289.15
289.15
289.15
289.15
289.15
289.15
289.15
289.15
289.15
289.15
289.15
289.15
289.15
289.15
289.15
289.15
289.15
289.15
289.15
289.15
289.15
289.15
289.15
289.15
289.15
289.15
289.15
289.15
289.15
289.15
289.15
289.15
289.15
289.15
289.15
289.15
289.15
289.15
289.15
289.15
289.15
289.15
289.15
289.15
289.15
289.15
289.15
289.15
289.15
289.15
289.15
289.15
289.15
289.15
289.15
289.15
289.15
289.15
289.15
289.15
289.15
289.15
289.15
289.15
289.15
289.15
289.15
289.15
289.15
289.15
289.15
289.15
289.15
289.15
289.15
289.15
289.15
289.15
289.15
289.15
289.15
289.15
289.15
289.15
289.15
289.15
289.15
289.15
289.15
289.15
289.15
289.15
289.15
289.15
289.15
289.15
289.15
289.15
289.15
289.15
289.15
289.15
289.15
289.15
289.15
289.15
289.15
289.15
289.15
289.15
289.15
289.15
289.15
289.15
289.15
289.15
289.15
289.15
289.15
289.15
289.15
289.15
289.15
289.15
289.15
289.15
289.15
289.15
289.15
289.15
289.15
289.15
289.15
289.15
289.15
289.15
289.15
289.15
289.15
289.15
289.15
289.15
289.15
289.15
289.15
289.15
289.15
289.15
289.15
289.15
289.15
289.15
289.15
289.15
289.15
289.15
289.15
289.15
289.15
289.15
289.15
289.15
289.15
289.15
289.15
289.15
289.15
289.15
289.15
289.15
289.15
289.15
289.15
289.15
289.15
289.15
289.15
289.15
289.15
289.15
289.15
289.15
289.15
289.15
289.15
289.15
289.15
289.15
289.15
289.15
289.15
289.15
289.15
289.15
289.15
289.15
289.15
289.15
289.15
289.15
289.15
289.15
289.15
289.15
289.15
289.15
289.15
289.15
289.15
289.15
289.15
289.15
289.15
289.15
289.15
289.15
289.15
289.15
289.15
289.15
289.15
289.15
289.15
289.15
289.15
289.15
289.15
289.15
289.15
289.15
289.15
289.15
289.15
289.15
289.15
289.15
289.15
289.15
289.15
289.15
289.15
289.15
289.15
289.15
289.15
289.15
289.15
289.15
289.15
289.15
289.15
289.15
289.15
289.15
289.15
289.15
289.15
289.15
289.15
289.15
289.15
289.15
289.15
289.15
289.15
289.15
289.15
289.15
289.15
289.15
289.15
289.15
289.15
289.15
289.15
289.15
289.15
289.15
289.15
289.15
289.15
289.15
289.15
289.15
289.15
289.15
289.15
289.15
289.15
289.15
289.15
289.15
289.15
289.15
289.15
289.15
289.15
289.15
289.15
289.15
289.15
289.15
289.15
289.15
289.15
289.15
289.15
289.15
289.15
289.15
289.15
289.15
289.15
289.15
289.15
289.15
289.15
289.15
289.15
289.15
289.15
289.15
289.15
289.15
289.15
289.15
289.15
289.15
289.15
289.15
289.15
289.15
289.15
289.15
289.15
289.15
289.15
289.15
289.15
289.15
289.15
289.15
289.15
289.15
289.15
289.15
289.15
289.15
289.15
289.15
289.15
289.15
289.15
289.15
289.15
289.15
289.15
289.15
289.15
289.15
289.15
289.15
289.15
289.15
289.15
289.15
289.15
289.15
289.15
289.15
289.15
289.15
289.15
289.15
289.15
289.15
289.15
289.15
289.15
289.15
289.15
289.15
289.15
289.15
289.15
289.15
289.15
289.15
289.15
289.15
289.15
289.15
289.15
289.15
289.15
289.15
289.15
289.15
289.15
289.15
289.15
289.15
289.15
289.15
289.15
289.15
289.15
289.15
289.15
289.15
289.15
289.15
289.15
289.15
289.15
289.15
289.15
289.15
289.15
289.15
289.15
289.15
289.15
289.15
289.15
289.15
289.15
289.15
289.15
289.15
289.15
289.15
289.15
289.15
289.15
289.15
289.15
289.15
289.15
289.15
289.15
289.15
289.15
289.15
289.15
289.15
289.15
289.15
289.15
289.15
289.15
289.15
289.15
289.15
289.15
289.15
289.15
289.15
289.15
289.15
289.15
289.15
289.15
289.15
289.15
289.15
289.15
289.15
289.15
289.15
289.15
289.15
289.15
289.15
289.15
289.15
289.15
289.15
289.15
289.15
289.15
289.15
289.15
289.15
289.15
289.15
289.15
289.15
289.15
289.15
289.15
289.15
289.15
289.15
289.15
289.15
289.15
289.15
289.15
289.15
289.15
289.15
289.15
289.15
289.15
289.15
289.15
289.15
289.15
289.15
289.15
289.15
289.15
289.15
289.15
289.15
289.15
289.15
289.15
289.15
289.15
289.15
289.15
289.15
289.15
289.15
289.15
289.15
289.15
289.15
289.15
289.15
289.15
289.15
289.15
289.15
289.15
289.15
289.15
289.15
289.15
289.15
289.15
289.15
289.15
289.15
289.15
289.15
289.15
289.15
289.15
289.15
289.15
289.15
289.15
289.15
289.15
289.15
289.15
289.15
289.15
289.15
289.15
289.15
289.15
289.15
289.15
289.15
289.15
289.15
289.15
289.15
289.15
289.15
289.15
289.15
289.15
289.15
289.15
289.15
289.15
289.15
289.15
289.15
290.214
290.215
290.215
290.215
290.213
290.214
290.214
290.215
290.215
290.214
290.214
290.215
290.215
290.215
290.212
289.951
289.951
289.954
289.963
289.977
289.992
289.949
289.948
289.95
289.959
289.972
289.983
289.949
289.944
289.944
289.948
289.957
289.967
289.942
289.937
289.939
289.945
289.954
289.941
289.933
289.932
289.935
289.942
289.941
289.93
289.925
289.927
289.931
289.941
289.927
289.92
289.918
289.921
289.942
289.925
289.914
289.91
289.912
289.943
289.922
289.909
289.902
289.902
289.943
289.919
289.902
289.894
289.892
289.942
289.914
289.895
289.885
289.882
289.939
289.908
289.887
289.875
289.871
289.933
289.9
289.878
289.865
289.86
289.924
289.89
289.867
289.854
289.849
289.912
289.878
289.856
289.843
289.838
289.899
289.866
289.845
289.833
289.828
289.885
289.853
289.834
289.823
289.819
289.87
289.841
289.824
289.814
289.811
289.855
289.829
289.814
289.807
289.805
289.841
289.819
289.807
289.801
289.8
289.827
289.81
289.8
289.796
289.796
289.815
289.801
289.795
289.792
289.792
289.804
289.795
289.79
289.788
289.788
289.794
289.788
289.785
289.783
289.782
289.786
289.781
289.778
289.775
289.773
289.776
289.772
289.768
289.765
289.761
289.766
289.761
289.757
289.753
289.75
289.754
289.75
289.747
289.744
289.743
289.744
289.742
289.741
289.741
289.742
289.738
289.738
289.739
289.741
289.744
290.215
290.216
290.216
290.216
290.216
290.215
290.215
290.216
290.216
290.216
290.215
290.215
290.216
290.216
290.215
289.949
289.948
289.95
289.958
289.972
289.985
289.948
289.945
289.946
289.951
289.96
289.97
289.949
289.942
289.939
289.941
289.947
289.955
289.95
289.941
289.933
289.932
289.935
289.941
289.942
289.929
289.923
289.923
289.927
289.943
289.926
289.916
289.912
289.914
289.946
289.923
289.908
289.902
289.902
289.95
289.921
289.901
289.892
289.89
289.956
289.918
289.894
289.881
289.877
289.961
289.915
289.886
289.871
289.865
289.964
289.91
289.877
289.859
289.852
289.961
289.902
289.866
289.847
289.839
289.951
289.89
289.853
289.834
289.826
289.936
289.875
289.839
289.82
289.814
289.916
289.858
289.824
289.808
289.802
289.894
289.84
289.81
289.796
289.791
289.871
289.823
289.797
289.785
289.783
289.849
289.808
289.786
289.777
289.775
289.829
289.794
289.777
289.77
289.77
289.811
289.783
289.769
289.765
289.766
289.794
289.773
289.764
289.761
289.763
289.781
289.766
289.759
289.758
289.759
289.77
289.76
289.755
289.753
289.753
289.76
289.753
289.749
289.746
289.743
289.752
289.746
289.74
289.734
289.728
289.742
289.735
289.728
289.72
289.712
289.732
289.725
289.717
289.709
289.701
289.723
289.717
289.711
289.705
289.701
289.72
289.716
289.713
289.711
289.71
289.723
289.723
289.723
289.724
289.727
290.219
290.219
290.219
290.219
290.219
290.219
290.219
290.219
290.219
290.219
290.219
290.219
290.219
290.219
290.218
289.946
289.944
289.945
289.952
289.964
289.974
289.945
289.941
289.94
289.943
289.95
289.959
289.945
289.939
289.933
289.933
289.937
289.943
289.947
289.938
289.927
289.922
289.923
289.926
289.952
289.939
289.922
289.912
289.908
289.91
289.943
289.918
289.902
289.895
289.894
289.95
289.915
289.893
289.882
289.879
289.96
289.913
289.884
289.869
289.864
289.972
289.912
289.875
289.856
289.849
289.985
289.909
289.865
289.843
289.834
289.992
289.903
289.853
289.828
289.819
289.988
289.892
289.839
289.813
289.804
289.972
289.875
289.823
289.798
289.789
289.946
289.854
289.805
289.782
289.775
289.915
289.831
289.787
289.768
289.763
289.882
289.808
289.771
289.755
289.752
289.85
289.787
289.756
289.744
289.743
289.821
289.769
289.744
289.736
289.736
289.795
289.754
289.735
289.729
289.731
289.773
289.741
289.728
289.724
289.726
289.755
289.732
289.722
289.72
289.721
289.74
289.724
289.717
289.714
289.714
289.728
289.716
289.71
289.706
289.702
289.716
289.706
289.699
289.692
289.685
289.704
289.694
289.685
289.674
289.663
289.691
289.681
289.67
289.657
289.643
289.681
289.671
289.659
289.647
289.636
289.677
289.67
289.661
289.653
289.646
289.684
289.68
289.676
289.673
289.672
289.699
289.699
289.7
289.701
289.704
290.225
290.224
290.223
290.223
290.222
290.226
290.225
290.224
290.224
290.223
290.224
290.224
290.223
290.223
290.222
289.942
289.939
289.939
289.946
289.956
289.963
289.941
289.937
289.934
289.937
289.942
289.949
289.942
289.934
289.926
289.924
289.926
289.931
289.947
289.933
289.918
289.91
289.909
289.911
289.957
289.935
289.911
289.897
289.891
289.891
289.975
289.94
289.906
289.885
289.875
289.871
289.949
289.903
289.874
289.858
289.853
289.964
289.901
289.863
289.843
289.835
289.982
289.899
289.851
289.827
289.818
290.001
289.895
289.839
289.811
289.8
290.011
289.887
289.824
289.794
289.783
290.003
289.872
289.806
289.776
289.766
289.978
289.85
289.786
289.758
289.75
289.941
289.823
289.765
289.741
289.735
289.898
289.795
289.745
289.725
289.722
289.854
289.768
289.727
289.712
289.71
289.815
289.744
289.712
289.7
289.7
289.781
289.725
289.7
289.691
289.692
289.753
289.709
289.69
289.684
289.685
289.73
289.697
289.683
289.678
289.678
289.711
289.687
289.676
289.671
289.669
289.695
289.677
289.668
289.661
289.657
289.681
289.666
289.656
289.647
289.639
289.666
289.652
289.64
289.628
289.616
289.65
289.636
289.622
289.606
289.591
289.636
289.621
289.605
289.588
289.572
289.627
289.613
289.598
289.583
289.569
289.631
289.621
289.611
289.601
289.593
289.65
289.645
289.641
289.637
289.636
289.678
289.678
289.679
289.681
289.684
290.232
290.23
290.229
290.228
290.226
290.234
290.233
290.231
290.229
290.228
290.231
290.23
290.229
290.227
290.226
289.94
289.936
289.935
289.942
289.95
289.939
289.933
289.929
289.931
289.936
289.941
289.942
289.928
289.918
289.915
289.916
289.919
289.95
289.926
289.908
289.898
289.894
289.894
289.964
289.927
289.898
289.881
289.873
289.87
289.987
289.932
289.891
289.865
289.852
289.847
290.024
289.942
289.886
289.851
289.833
289.826
289.958
289.882
289.837
289.814
289.805
289.98
289.878
289.823
289.795
289.785
290.001
289.873
289.807
289.777
289.766
290.011
289.861
289.789
289.757
289.747
289.998
289.842
289.768
289.738
289.728
289.963
289.815
289.746
289.718
289.711
289.915
289.783
289.723
289.7
289.694
289.863
289.751
289.701
289.683
289.679
289.813
289.722
289.682
289.668
289.666
289.769
289.697
289.666
289.655
289.654
289.734
289.677
289.653
289.644
289.643
289.705
289.661
289.642
289.635
289.633
289.682
289.649
289.633
289.625
289.622
289.662
289.636
289.623
289.615
289.609
289.644
289.624
289.611
289.601
289.593
289.628
289.61
289.596
289.584
289.573
289.612
289.595
289.579
289.564
289.551
289.597
289.579
289.561
289.544
289.529
289.583
289.565
289.546
289.529
289.515
289.578
289.562
289.546
289.531
289.519
289.59
289.579
289.569
289.56
289.553
289.62
289.616
289.613
289.61
289.61
289.66
289.661
289.663
289.666
289.67
290.24
290.238
290.235
290.233
290.231
290.244
290.241
290.239
290.236
290.234
290.239
290.237
290.235
290.233
290.231
289.939
289.933
289.933
289.939
289.947
289.939
289.929
289.924
289.926
289.93
289.943
289.923
289.911
289.906
289.906
289.907
289.952
289.919
289.897
289.885
289.88
289.878
289.968
289.918
289.884
289.864
289.855
289.85
289.992
289.921
289.873
289.845
289.83
289.824
290.03
289.929
289.865
289.827
289.807
289.799
290.09
289.944
289.858
289.809
289.786
289.776
289.964
289.851
289.792
289.764
289.754
289.984
289.842
289.773
289.743
289.733
289.989
289.827
289.753
289.722
289.713
289.97
289.803
289.73
289.701
289.693
289.928
289.773
289.706
289.681
289.674
289.873
289.739
289.682
289.661
289.655
289.815
289.706
289.66
289.643
289.638
289.763
289.676
289.64
289.626
289.623
289.719
289.652
289.623
289.612
289.609
289.683
289.632
289.609
289.599
289.595
289.655
289.615
289.596
289.587
289.582
289.631
289.6
289.585
289.575
289.569
289.613
289.587
289.573
289.563
289.555
289.597
289.575
289.56
289.548
289.539
289.583
289.563
289.547
289.533
289.523
289.569
289.549
289.532
289.517
289.506
289.554
289.535
289.517
289.502
289.491
289.543
289.524
289.507
289.493
289.483
289.542
289.526
289.512
289.501
289.492
289.56
289.55
289.542
289.535
289.53
289.599
289.597
289.595
289.595
289.596
289.646
289.649
289.652
289.656
289.662
290.249
290.246
290.243
290.239
290.237
290.254
290.25
290.247
290.244
290.241
290.248
290.245
290.242
290.239
290.236
289.938
289.931
289.932
289.938
289.946
289.939
289.926
289.921
289.922
289.926
289.943
289.917
289.904
289.899
289.898
289.951
289.91
289.886
289.874
289.868
289.864
289.965
289.906
289.869
289.849
289.838
289.832
289.988
289.906
289.854
289.825
289.81
289.802
290.026
289.911
289.842
289.803
289.784
289.775
290.085
289.923
289.83
289.783
289.76
289.75
290.168
289.939
289.82
289.763
289.737
289.727
289.953
289.807
289.742
289.715
289.705
289.952
289.789
289.719
289.693
289.683
289.927
289.763
289.696
289.671
289.662
289.88
289.731
289.671
289.649
289.642
289.822
289.697
289.647
289.629
289.623
289.765
289.665
289.625
289.61
289.605
289.715
289.637
289.606
289.593
289.588
289.673
289.613
289.589
289.577
289.572
289.641
289.594
289.574
289.563
289.558
289.616
289.578
289.56
289.55
289.544
289.595
289.564
289.548
289.538
289.531
289.578
289.553
289.537
289.526
289.519
289.564
289.542
289.526
289.514
289.507
289.552
289.531
289.515
289.503
289.494
289.539
289.519
289.503
289.491
289.483
289.527
289.508
289.493
289.481
289.474
289.519
289.501
289.487
289.477
289.471
289.52
289.507
289.496
289.488
289.482
289.542
289.535
289.53
289.525
289.521
289.586
289.586
289.588
289.59
289.592
289.637
289.641
289.646
289.652
289.659
290.259
290.254
290.25
290.246
290.242
290.265
290.26
290.256
290.251
290.247
290.257
290.253
290.249
290.245
290.242
289.938
289.93
289.932
289.939
289.947
289.94
289.923
289.919
289.921
289.924
289.943
289.913
289.898
289.894
289.892
289.949
289.902
289.877
289.865
289.858
289.961
289.894
289.856
289.836
289.825
289.818
289.981
289.89
289.836
289.809
289.794
289.786
290.016
289.891
289.819
289.784
289.766
289.757
290.072
289.898
289.805
289.761
289.74
289.731
290.148
289.909
289.79
289.738
289.717
289.707
290.227
289.917
289.774
289.716
289.694
289.685
289.911
289.754
289.693
289.671
289.663
289.883
289.727
289.67
289.649
289.642
289.835
289.696
289.647
289.629
289.621
289.779
289.665
289.624
289.609
289.602
289.726
289.636
289.603
289.59
289.584
289.681
289.611
289.585
289.573
289.567
289.644
289.589
289.568
289.558
289.552
289.615
289.572
289.553
289.543
289.538
289.592
289.557
289.54
289.531
289.525
289.574
289.544
289.528
289.519
289.513
289.558
289.533
289.518
289.508
289.502
289.545
289.523
289.509
289.499
289.492
289.534
289.513
289.499
289.489
289.483
289.523
289.504
289.49
289.481
289.475
289.512
289.495
289.482
289.474
289.469
289.506
289.491
289.481
289.474
289.47
289.51
289.5
289.493
289.489
289.485
289.534
289.53
289.528
289.526
289.523
289.581
289.584
289.587
289.59
289.589
289.631
289.638
289.644
289.65
289.656
290.269
290.263
290.258
290.253
290.248
290.276
290.27
290.265
290.259
290.254
290.267
290.262
290.257
290.252
290.248
289.939
289.931
289.934
289.942
289.95
289.94
289.923
289.92
289.922
289.925
289.942
289.91
289.896
289.892
289.89
289.946
289.896
289.871
289.86
289.853
289.955
289.884
289.847
289.828
289.818
289.972
289.876
289.824
289.798
289.785
289.777
290.003
289.873
289.804
289.771
289.756
289.749
290.054
289.875
289.786
289.746
289.73
289.723
290.121
289.881
289.769
289.723
289.706
289.699
290.19
289.885
289.752
289.701
289.683
289.676
290.223
289.875
289.731
289.679
289.662
289.654
289.846
289.705
289.657
289.641
289.634
289.801
289.677
289.635
289.621
289.614
289.75
289.649
289.615
289.602
289.596
289.703
289.623
289.596
289.585
289.578
289.662
289.601
289.578
289.568
289.562
289.63
289.581
289.562
289.553
289.547
289.603
289.564
289.547
289.539
289.533
289.582
289.549
289.534
289.526
289.521
289.564
289.536
289.523
289.515
289.509
289.549
289.525
289.512
289.504
289.499
289.536
289.515
289.503
289.495
289.49
289.525
289.506
289.494
289.486
289.482
289.514
289.497
289.486
289.479
289.474
289.505
289.49
289.48
289.474
289.471
289.5
289.488
289.482
289.478
289.475
289.506
289.5
289.498
289.496
289.492
289.532
289.532
289.533
289.532
289.527
289.58
289.586
289.59
289.59
289.586
289.628
289.636
289.642
289.647
289.651
290.279
290.272
290.265
290.259
290.253
290.287
290.28
290.274
290.267
290.261
290.277
290.27
290.264
290.258
290.253
289.941
289.933
289.939
289.948
289.957
289.942
289.926
289.924
289.927
289.93
289.943
289.91
289.899
289.896
289.894
289.945
289.894
289.871
289.861
289.855
289.95
289.879
289.844
289.828
289.819
289.964
289.867
289.819
289.797
289.786
289.99
289.86
289.797
289.769
289.757
290.035
289.858
289.777
289.744
289.731
289.726
290.094
289.86
289.759
289.721
289.708
289.702
290.153
289.86
289.741
289.7
289.686
289.68
290.179
289.85
289.721
289.679
289.665
289.66
290.148
289.822
289.698
289.658
289.646
289.64
289.781
289.673
289.638
289.627
289.621
289.736
289.647
289.619
289.609
289.603
289.694
289.624
289.601
289.592
289.586
289.658
289.603
289.584
289.576
289.57
289.627
289.584
289.568
289.56
289.555
289.602
289.567
289.553
289.545
289.54
289.581
289.551
289.539
289.532
289.527
289.563
289.538
289.526
289.519
289.514
289.547
289.525
289.514
289.508
289.503
289.534
289.514
289.504
289.497
289.494
289.522
289.504
289.494
289.488
289.485
289.512
289.496
289.486
289.481
289.478
289.503
289.489
289.481
289.478
289.476
289.499
289.49
289.486
289.484
289.481
289.507
289.504
289.505
289.503
289.497
289.534
289.538
289.54
289.538
289.528
289.582
289.589
289.592
289.589
289.58
289.626
289.634
289.639
289.641
289.64
290.29
290.281
290.273
290.265
290.258
290.299
290.291
290.282
290.275
290.268
290.287
290.279
290.271
290.264
290.258
289.944
289.938
289.946
289.957
289.967
289.946
289.931
289.933
289.938
289.941
289.946
289.915
289.907
289.906
289.905
289.945
289.897
289.879
289.871
289.867
289.948
289.88
289.85
289.838
289.831
289.958
289.865
289.823
289.806
289.799
289.98
289.855
289.8
289.778
289.77
290.019
289.85
289.779
289.754
289.745
290.071
289.849
289.76
289.731
289.722
289.718
290.122
289.847
289.743
289.71
289.701
289.697
290.143
289.836
289.724
289.69
289.681
289.677
290.113
289.811
289.702
289.671
289.662
289.658
290.039
289.775
289.679
289.652
289.644
289.639
289.734
289.656
289.634
289.626
289.621
289.696
289.634
289.616
289.609
289.604
289.663
289.614
289.598
289.592
289.587
289.634
289.594
289.581
289.575
289.57
289.609
289.576
289.564
289.559
289.554
289.588
289.56
289.549
289.543
289.539
289.569
289.544
289.534
289.529
289.524
289.551
289.53
289.52
289.515
289.512
289.537
289.518
289.508
289.503
289.5
289.524
289.506
289.497
289.492
289.49
289.513
289.497
289.488
289.484
289.483
289.504
289.491
289.485
289.483
289.481
289.501
289.493
289.492
289.491
289.486
289.51
289.511
289.513
289.509
289.5
289.538
289.545
289.546
289.54
289.526
289.585
289.592
289.592
289.585
289.568
289.624
289.631
289.634
289.631
289.62
290.3
290.29
290.28
290.271
290.263
290.311
290.301
290.291
290.282
290.273
290.297
290.288
290.278
290.27
290.261
289.948
289.945
289.956
289.971
289.984
289.951
289.941
289.946
289.954
289.96
289.951
289.925
289.922
289.924
289.925
289.949
289.906
289.893
289.89
289.888
289.95
289.887
289.864
289.856
289.853
289.957
289.87
289.836
289.825
289.821
289.975
289.857
289.812
289.797
289.793
290.009
289.85
289.79
289.772
289.768
290.055
289.847
289.772
289.75
289.746
290.099
289.844
289.754
289.73
289.726
289.724
290.118
289.834
289.736
289.711
289.706
289.704
290.092
289.811
289.717
289.692
289.688
289.685
290.024
289.779
289.695
289.674
289.669
289.666
289.944
289.742
289.673
289.655
289.65
289.647
289.707
289.651
289.636
289.632
289.628
289.675
289.63
289.618
289.613
289.609
289.647
289.61
289.599
289.594
289.59
289.622
289.591
289.581
289.576
289.572
289.599
289.572
289.562
289.558
289.554
289.578
289.555
289.545
289.541
289.537
289.559
289.538
289.529
289.525
289.522
289.542
289.524
289.515
289.51
289.508
289.528
289.511
289.502
289.498
289.496
289.516
289.5
289.492
289.489
289.489
289.506
289.494
289.489
289.488
289.487
289.504
289.498
289.498
289.497
289.491
289.514
289.517
289.519
289.514
289.502
289.544
289.55
289.55
289.54
289.52
289.588
289.594
289.591
289.577
289.55
289.621
289.628
289.627
289.616
289.59
290.311
290.298
290.287
290.276
290.266
290.323
290.311
290.3
290.289
290.278
290.307
290.296
290.285
290.274
290.263
289.953
289.954
289.971
289.99
290.006
289.959
289.954
289.965
289.977
289.985
289.96
289.94
289.942
289.949
289.953
289.957
289.921
289.914
289.916
289.917
289.956
289.901
289.885
289.883
289.883
289.96
289.882
289.857
289.852
289.852
289.975
289.868
289.831
289.824
289.824
290.004
289.859
289.809
289.799
289.8
290.046
289.854
289.79
289.777
289.778
290.087
289.85
289.773
289.757
289.757
290.105
289.841
289.756
289.738
289.738
289.739
290.083
289.821
289.737
289.719
289.719
289.718
290.021
289.791
289.717
289.7
289.699
289.698
289.948
289.758
289.695
289.681
289.679
289.677
289.877
289.724
289.673
289.661
289.658
289.656
289.693
289.651
289.64
289.637
289.634
289.664
289.629
289.619
289.616
289.613
289.638
289.608
289.598
289.595
289.592
289.614
289.587
289.578
289.574
289.571
289.591
289.567
289.558
289.554
289.551
289.57
289.548
289.539
289.535
289.533
289.551
289.531
289.522
289.518
289.516
289.534
289.516
289.507
289.503
289.502
289.52
289.504
289.496
289.493
289.494
289.51
289.498
289.494
289.493
289.493
289.507
289.503
289.504
289.502
289.497
289.518
289.523
289.525
289.518
289.506
289.549
289.556
289.554
289.54
289.518
289.59
289.595
289.589
289.569
289.537
289.618
289.624
289.621
289.601
289.563
290.321
290.307
290.293
290.28
290.267
290.335
290.321
290.308
290.295
290.282
290.317
290.304
290.291
290.278
290.26
289.961
289.967
289.989
290.014
290.035
289.97
289.972
289.989
290.006
290.018
289.972
289.96
289.968
289.98
289.987
289.969
289.941
289.941
289.949
289.954
289.966
289.92
289.912
289.916
289.921
289.968
289.9
289.883
289.885
289.89
289.981
289.884
289.857
289.856
289.862
290.007
289.873
289.834
289.831
289.838
290.045
289.868
289.815
289.809
289.815
290.083
289.864
289.798
289.788
289.794
290.102
289.855
289.781
289.769
289.773
290.084
289.838
289.762
289.75
289.753
289.756
290.028
289.81
289.742
289.73
289.732
289.734
289.96
289.779
289.72
289.709
289.71
289.71
289.894
289.746
289.697
289.687
289.687
289.686
289.836
289.715
289.673
289.664
289.663
289.662
289.685
289.65
289.641
289.639
289.637
289.658
289.626
289.617
289.615
289.612
289.632
289.603
289.594
289.59
289.588
289.606
289.581
289.571
289.567
289.564
289.582
289.559
289.549
289.545
289.543
289.561
289.54
289.529
289.524
289.523
289.542
289.522
289.512
289.507
289.507
289.527
289.509
289.5
289.497
289.498
289.515
289.502
289.498
289.498
289.498
289.512
289.508
289.51
289.509
289.504
289.523
289.529
289.531
289.525
289.513
289.553
289.561
289.559
289.545
289.523
289.591
289.597
289.59
289.569
289.535
289.613
289.62
289.617
289.594
289.551
290.332
290.314
290.298
290.281
290.266
290.347
290.331
290.315
290.3
290.285
290.327
290.312
290.296
290.279
290.255
289.97
289.984
290.014
290.045
290.071
289.985
289.995
290.019
290.041
290.057
289.988
289.984
290
290.017
290.029
289.984
289.965
289.974
289.987
289.996
289.98
289.944
289.944
289.954
289.964
289.981
289.923
289.915
289.922
289.932
289.991
289.905
289.887
289.893
289.904
290.015
289.893
289.863
289.867
289.878
290.051
289.887
289.843
289.843
289.855
290.088
289.883
289.825
289.822
289.833
290.109
289.875
289.808
289.802
289.811
290.095
289.859
289.79
289.781
289.789
290.044
289.834
289.769
289.76
289.765
289.771
289.98
289.803
289.746
289.737
289.741
289.745
289.917
289.771
289.722
289.713
289.716
289.718
289.86
289.739
289.697
289.688
289.689
289.69
289.81
289.709
289.672
289.662
289.662
289.661
289.68
289.646
289.636
289.634
289.633
289.651
289.621
289.61
289.606
289.604
289.624
289.596
289.584
289.579
289.577
289.597
289.572
289.559
289.554
289.552
289.573
289.549
289.537
289.531
289.529
289.552
289.53
289.518
289.512
289.512
289.534
289.514
289.504
289.501
289.502
289.521
289.507
289.503
289.503
289.503
289.517
289.513
289.516
289.515
289.511
289.528
289.535
289.539
289.533
289.522
289.557
289.566
289.566
289.553
289.533
289.591
289.598
289.593
289.575
289.546
289.607
289.615
289.614
289.596
289.561
290.342
290.322
290.302
290.28
290.262
290.359
290.341
290.322
290.304
290.285
290.338
290.32
290.301
290.278
290.249
289.983
290.005
290.045
290.085
290.117
290.002
290.022
290.055
290.084
290.104
290.007
290.013
290.038
290.06
290.076
290.003
289.994
290.011
290.029
290.043
289.998
289.972
289.98
289.996
290.009
289.998
289.949
289.949
289.962
289.977
290.006
289.93
289.92
289.931
289.947
290.028
289.917
289.894
289.904
289.92
290.062
289.91
289.873
289.879
289.895
290.1
289.905
289.855
289.856
289.872
290.123
289.899
289.837
289.835
289.848
290.113
289.885
289.818
289.813
289.824
290.066
289.861
289.797
289.79
289.799
290.006
289.831
289.774
289.766
289.772
289.781
289.945
289.799
289.749
289.74
289.744
289.75
289.888
289.766
289.722
289.712
289.715
289.719
289.838
289.734
289.695
289.684
289.684
289.686
289.793
289.704
289.667
289.655
289.653
289.653
289.673
289.639
289.626
289.622
289.621
289.643
289.612
289.597
289.591
289.589
289.614
289.585
289.57
289.562
289.56
289.587
289.56
289.545
289.537
289.535
289.563
289.538
289.524
289.516
289.516
289.542
289.521
289.509
289.506
289.507
289.527
289.512
289.508
289.509
289.509
289.522
289.519
289.522
289.522
289.52
289.532
289.541
289.546
289.542
289.534
289.56
289.57
289.572
289.563
289.549
289.588
289.597
289.596
289.583
289.564
289.598
289.607
289.609
289.599
289.578
290.353
290.329
290.303
290.277
290.253
290.372
290.35
290.328
290.306
290.28
290.349
290.328
290.305
290.276
290.242
290
290.034
290.086
290.135
290.173
290.025
290.056
290.098
290.133
290.158
290.03
290.048
290.08
290.108
290.127
290.026
290.027
290.05
290.074
290.092
290.019
290.002
290.017
290.038
290.057
290.017
289.978
289.984
290.003
290.022
290.024
289.957
289.953
289.97
289.991
290.045
289.942
289.926
289.94
289.962
290.079
289.934
289.903
289.913
289.935
290.118
289.931
289.884
289.889
289.909
290.143
289.926
289.866
289.866
289.884
290.137
289.913
289.847
289.843
289.858
290.094
289.891
289.826
289.819
289.831
290.037
289.861
289.802
289.793
289.803
289.977
289.829
289.776
289.766
289.773
289.784
289.92
289.796
289.748
289.737
289.741
289.749
289.869
289.763
289.719
289.707
289.707
289.713
289.823
289.73
289.69
289.675
289.673
289.676
289.779
289.698
289.66
289.644
289.638
289.639
289.665
289.63
289.612
289.604
289.603
289.633
289.6
289.582
289.573
289.57
289.603
289.572
289.554
289.544
289.542
289.575
289.547
289.531
289.522
289.522
289.552
289.528
289.515
289.512
289.513
289.535
289.518
289.514
289.515
289.517
289.528
289.525
289.529
289.53
289.53
289.537
289.546
289.552
289.551
289.548
289.56
289.572
289.576
289.572
289.565
289.581
289.592
289.594
289.589
289.578
289.584
289.595
289.601
289.598
289.587
290.365
290.336
290.303
290.272
290.24
290.386
290.36
290.334
290.307
290.268
290.362
290.337
290.308
290.274
290.233
290.024
290.073
290.139
290.198
290.241
290.053
290.097
290.148
290.19
290.217
290.058
290.086
290.126
290.159
290.181
290.051
290.061
290.092
290.12
290.142
290.043
290.033
290.054
290.08
290.103
290.039
290.006
290.018
290.042
290.066
290.045
289.984
289.985
290.006
290.032
290.066
289.969
289.956
289.974
290
290.1
289.961
289.932
289.945
289.971
290.141
289.958
289.912
289.919
289.943
290.17
289.955
289.895
289.895
289.916
290.167
289.944
289.876
289.872
289.889
290.128
289.924
289.856
289.847
289.862
290.072
289.895
289.832
289.822
289.833
290.013
289.863
289.806
289.794
289.802
289.956
289.829
289.778
289.764
289.769
289.782
289.904
289.794
289.747
289.733
289.734
289.743
289.856
289.76
289.716
289.699
289.697
289.702
289.809
289.725
289.684
289.665
289.659
289.661
289.764
289.689
289.651
289.631
289.622
289.62
289.654
289.618
289.597
289.586
289.583
289.62
289.587
289.566
289.555
289.552
289.589
289.558
289.539
289.53
289.529
289.562
289.536
289.522
289.519
289.52
289.542
289.525
289.521
289.522
289.525
289.533
289.531
289.535
289.538
289.541
289.54
289.549
289.556
289.558
289.558
289.557
289.57
289.576
289.576
289.572
289.57
289.581
289.587
289.585
289.577
289.567
289.578
289.584
289.583
289.568
290.378
290.343
290.3
290.262
290.223
290.401
290.369
290.337
290.302
290.249
290.377
290.347
290.313
290.271
290.223
290.057
290.125
290.205
290.271
290.313
290.087
290.144
290.202
290.248
290.276
290.089
290.126
290.171
290.207
290.232
290.078
290.095
290.13
290.162
290.188
290.067
290.063
290.089
290.118
290.145
290.062
290.034
290.049
290.076
290.105
290.068
290.01
290.014
290.038
290.068
290.09
289.995
289.984
290.004
290.034
290.127
289.988
289.959
289.973
290.003
290.17
289.987
289.94
289.947
289.974
290.202
289.987
289.923
289.923
289.946
290.203
289.98
289.907
289.9
289.92
290.167
289.961
289.888
289.877
289.894
290.113
289.934
289.866
289.853
289.866
290.054
289.902
289.841
289.827
289.837
289.996
289.867
289.812
289.798
289.804
289.942
289.831
289.781
289.765
289.768
289.781
289.891
289.794
289.748
289.73
289.728
289.736
289.842
289.756
289.713
289.693
289.687
289.691
289.794
289.717
289.676
289.655
289.646
289.645
289.742
289.677
289.639
289.617
289.605
289.602
289.639
289.603
289.581
289.569
289.565
289.603
289.571
289.55
289.541
289.539
289.572
289.546
289.531
289.527
289.528
289.55
289.533
289.529
289.53
289.534
289.539
289.537
289.541
289.545
289.547
289.541
289.55
289.557
289.56
289.559
289.551
289.562
289.568
289.569
289.562
289.555
289.564
289.568
289.565
289.551
289.547
289.553
289.552
289.542
289.526
290.396
290.351
290.296
290.25
290.205
290.42
290.38
290.339
290.29
290.226
290.401
290.362
290.317
290.265
290.211
290.102
290.189
290.278
290.345
290.386
290.126
290.192
290.254
290.299
290.328
290.12
290.162
290.209
290.247
290.276
290.104
290.125
290.162
290.197
290.228
290.091
290.09
290.117
290.15
290.182
290.086
290.059
290.075
290.105
290.139
290.094
290.035
290.039
290.065
290.099
290.119
290.022
290.009
290.029
290.063
290.16
290.018
289.986
289.999
290.031
290.207
290.021
289.969
289.973
290.002
290.244
290.025
289.956
289.952
289.977
290.248
290.022
289.943
289.933
289.954
290.214
290.006
289.928
289.914
289.932
290.16
289.98
289.908
289.894
289.908
290.101
289.948
289.884
289.87
289.881
290.042
289.913
289.856
289.842
289.85
289.985
289.874
289.824
289.809
289.813
289.931
289.835
289.789
289.772
289.772
289.78
289.878
289.793
289.75
289.732
289.726
289.73
289.825
289.75
289.709
289.688
289.679
289.678
289.767
289.704
289.666
289.644
289.632
289.627
289.702
289.66
289.624
289.601
289.588
289.583
289.618
289.587
289.564
289.554
289.551
289.583
289.558
289.541
289.536
289.537
289.556
289.541
289.536
289.537
289.539
289.542
289.541
289.543
289.546
289.546
289.539
289.546
289.551
289.552
289.548
289.54
289.548
289.551
289.549
289.538
289.536
289.54
289.539
289.53
289.513
289.521
289.517
289.51
289.499
289.485
290.425
290.362
290.289
290.234
290.184
290.451
290.391
290.331
290.265
290.199
290.468
290.395
290.324
290.253
290.192
290.714
290.517
290.337
290.239
290.184
290.97
290.695
290.429
290.308
290.262
291.097
290.872
290.631
290.512
290.47
291.039
290.968
290.849
290.777
290.737
290.811
290.888
290.912
290.915
290.887
290.558
290.662
290.746
290.8
290.811
290.385
290.485
290.57
290.635
290.668
290.26
290.354
290.436
290.499
290.541
290.162
290.252
290.334
290.396
290.442
290.16
290.225
290.284
290.331
290.371
290.146
290.188
290.234
290.275
290.313
290.128
290.148
290.185
290.223
290.26
290.115
290.112
290.139
290.174
290.211
290.112
290.082
290.097
290.128
290.166
290.125
290.061
290.062
290.088
290.126
290.157
290.052
290.034
290.054
290.09
290.205
290.055
290.016
290.026
290.06
290.259
290.066
290.005
290.006
290.036
290.299
290.077
289.999
289.991
290.017
290.306
290.078
289.993
289.98
290.001
290.273
290.066
289.983
289.968
289.986
290.22
290.041
289.968
289.952
289.967
290.159
290.008
289.946
289.931
289.943
290.097
289.971
289.918
289.904
289.912
290.036
289.93
289.883
289.869
289.874
289.977
289.887
289.844
289.829
289.829
289.919
289.84
289.8
289.783
289.778
289.779
289.859
289.79
289.752
289.733
289.724
289.72
289.792
289.737
289.702
289.68
289.668
289.661
289.718
289.684
289.651
289.628
289.615
289.607
289.651
289.634
289.606
289.583
289.571
289.565
289.592
289.571
289.554
289.546
289.544
289.561
289.549
289.543
289.541
289.539
289.542
289.541
289.542
289.541
289.537
289.533
289.538
289.539
289.537
289.528
289.527
289.53
289.528
289.521
289.507
289.514
289.512
289.506
289.493
289.478
289.487
289.48
289.471
289.462
289.451
290.524
290.392
290.277
290.211
290.161
290.586
290.438
290.316
290.23
290.168
290.711
290.487
290.323
290.225
290.164
290.965
290.635
290.361
290.238
290.179
291.143
290.82
290.511
290.359
290.294
291.182
290.985
290.749
290.606
290.537
291.063
291.034
290.946
290.87
290.817
290.807
290.906
290.958
290.974
290.957
290.566
290.678
290.772
290.84
290.868
290.401
290.505
290.598
290.674
290.72
290.291
290.383
290.467
290.539
290.593
290.215
290.298
290.374
290.441
290.495
290.19
290.25
290.308
290.363
290.417
290.17
290.207
290.252
290.299
290.348
290.152
290.167
290.203
290.244
290.29
290.143
290.134
290.158
290.194
290.239
290.147
290.109
290.12
290.151
290.194
290.171
290.096
290.09
290.115
290.156
290.215
290.097
290.071
290.087
290.126
290.275
290.112
290.063
290.069
290.104
290.338
290.135
290.065
290.061
290.09
290.382
290.156
290.072
290.058
290.082
290.39
290.165
290.076
290.057
290.075
290.357
290.156
290.072
290.052
290.067
290.302
290.132
290.059
290.04
290.052
290.237
290.097
290.036
290.02
290.029
290.17
290.056
290.005
289.99
289.996
290.104
290.009
289.965
289.951
289.953
290.038
289.958
289.919
289.904
289.902
289.974
289.903
289.866
289.85
289.843
289.903
289.843
289.809
289.79
289.779
289.769
289.821
289.778
289.747
289.727
289.713
289.7
289.734
289.711
289.685
289.663
289.647
289.634
289.658
289.65
289.628
289.606
289.591
289.581
289.599
289.599
289.583
289.566
289.556
289.55
289.562
289.554
289.546
289.541
289.536
289.538
289.538
289.536
289.532
289.524
289.523
289.525
289.524
289.517
289.506
289.509
289.509
289.504
289.494
289.48
289.488
289.482
289.472
289.461
289.45
289.45
289.444
289.438
289.432
289.425
290.825
290.442
290.259
290.182
290.135
290.989
290.534
290.288
290.191
290.136
291.164
290.636
290.315
290.197
290.139
291.278
290.821
290.449
290.277
290.199
291.319
291.017
290.691
290.49
290.379
291.257
291.133
290.94
290.779
290.666
291.077
291.106
291.069
291.007
290.938
290.808
290.925
291.005
291.043
291.038
290.588
290.706
290.809
290.888
290.929
290.43
290.537
290.638
290.724
290.782
290.323
290.414
290.505
290.588
290.653
290.255
290.329
290.406
290.482
290.549
290.219
290.271
290.331
290.397
290.464
290.199
290.227
290.273
290.327
290.391
290.187
290.193
290.225
290.271
290.328
290.189
290.168
290.187
290.225
290.277
290.207
290.155
290.159
290.19
290.239
290.248
290.158
290.143
290.165
290.21
290.313
290.18
290.142
290.153
290.192
290.394
290.219
290.155
290.153
290.185
290.472
290.263
290.178
290.162
290.186
290.524
290.298
290.201
290.175
290.191
290.533
290.313
290.214
290.184
290.193
290.497
290.304
290.213
290.183
290.188
290.436
290.275
290.197
290.17
290.171
290.364
290.232
290.168
290.144
290.142
290.286
290.18
290.127
290.105
290.101
290.208
290.121
290.076
290.056
290.048
290.13
290.056
290.016
289.997
289.986
290.05
289.986
289.95
289.93
289.916
289.958
289.909
289.877
289.856
289.84
289.851
289.824
289.798
289.778
289.76
289.737
289.746
289.738
289.719
289.7
289.679
289.66
289.66
289.661
289.647
289.628
289.61
289.596
289.596
289.601
289.59
289.576
289.565
289.555
289.551
289.557
289.553
289.547
289.539
289.531
289.53
289.53
289.527
289.521
289.511
289.51
289.51
289.506
289.499
289.488
289.489
289.487
289.48
289.47
289.459
289.46
289.453
289.445
289.436
289.428
289.419
289.416
289.413
289.409
289.406
291.33
290.544
290.259
290.159
290.113
291.436
290.728
290.313
290.173
290.115
291.473
290.934
290.453
290.238
290.147
291.48
291.128
290.715
290.443
290.289
291.428
291.253
290.982
290.738
290.552
291.293
291.267
291.157
291.011
290.86
291.073
291.154
291.178
291.15
291.082
290.829
290.943
291.041
291.099
291.11
290.629
290.746
290.853
290.937
290.984
290.475
290.584
290.69
290.781
290.843
290.368
290.46
290.557
290.648
290.719
290.301
290.369
290.453
290.54
290.615
290.267
290.31
290.373
290.451
290.53
290.254
290.272
290.317
290.379
290.459
290.257
290.249
290.278
290.329
290.401
290.279
290.242
290.254
290.294
290.355
290.324
290.254
290.247
290.275
290.327
290.396
290.287
290.256
290.271
290.314
290.491
290.34
290.283
290.282
290.315
290.601
290.408
290.325
290.306
290.326
290.699
290.478
290.371
290.336
290.344
290.758
290.527
290.41
290.363
290.36
290.764
290.543
290.427
290.376
290.365
290.72
290.525
290.42
290.369
290.351
290.645
290.482
290.39
290.342
290.319
290.553
290.419
290.342
290.298
290.272
290.452
290.344
290.279
290.24
290.212
290.349
290.26
290.206
290.17
290.141
290.244
290.171
290.123
290.09
290.061
290.132
290.074
290.034
290.004
289.975
290.005
289.969
289.938
289.911
289.883
289.868
289.856
289.837
289.815
289.79
289.747
289.75
289.739
289.721
289.698
289.674
289.653
289.662
289.654
289.638
289.621
289.604
289.586
289.595
289.59
289.579
289.568
289.557
289.54
289.549
289.548
289.542
289.535
289.526
289.51
289.518
289.519
289.515
289.509
289.5
289.494
289.494
289.489
289.482
289.472
289.469
289.465
289.459
289.45
289.442
289.435
289.429
289.423
289.418
289.413
289.398
289.397
289.395
289.394
289.393
291.81
291.179
290.479
290.221
290.118
291.745
291.324
290.65
290.297
290.141
291.679
291.404
290.912
290.519
290.269
291.598
291.446
291.143
290.81
290.523
291.478
291.434
291.29
291.076
290.833
291.301
291.346
291.326
291.241
291.097
291.09
291.177
291.243
291.259
291.219
290.887
290.989
291.08
291.143
291.166
290.71
290.816
290.916
290.995
291.037
290.567
290.668
290.77
290.856
290.91
290.462
290.55
290.647
290.735
290.797
290.399
290.461
290.547
290.635
290.702
290.373
290.407
290.472
290.555
290.625
290.376
290.382
290.423
290.494
290.564
290.405
290.38
290.401
290.45
290.52
290.458
290.401
290.4
290.434
290.494
290.539
290.447
290.421
290.437
290.483
290.646
290.515
290.463
290.459
290.489
290.773
290.602
290.521
290.495
290.506
290.905
290.697
290.587
290.538
290.527
291.015
290.781
290.647
290.577
290.541
291.068
290.828
290.684
290.599
290.539
291.051
290.824
290.681
290.59
290.515
290.977
290.775
290.642
290.55
290.47
290.865
290.694
290.576
290.489
290.408
290.734
290.592
290.491
290.412
290.336
290.592
290.478
290.393
290.324
290.255
290.448
290.357
290.287
290.227
290.168
290.301
290.231
290.175
290.125
290.075
290.149
290.103
290.06
290.02
289.977
289.992
289.971
289.944
289.913
289.877
289.842
289.843
289.83
289.808
289.779
289.721
289.731
289.726
289.71
289.69
289.632
289.644
289.641
289.631
289.617
289.602
289.569
289.58
289.58
289.574
289.565
289.554
289.525
289.536
289.537
289.534
289.527
289.519
289.495
289.504
289.505
289.503
289.497
289.49
289.472
289.477
289.477
289.473
289.467
289.46
289.449
289.446
289.442
289.436
289.431
289.415
289.412
289.408
289.405
289.403
289.384
289.384
289.384
289.384
289.385
291.945
291.8
291.43
290.795
290.29
291.853
291.723
291.439
290.947
290.41
291.753
291.663
291.461
291.121
290.631
291.636
291.6
291.486
291.269
290.928
291.494
291.51
291.479
291.372
291.171
291.334
291.381
291.409
291.394
291.309
291.165
291.231
291.288
291.318
291.312
291.001
291.078
291.149
291.198
291.214
290.855
290.934
291.013
291.073
291.098
290.734
290.81
290.891
290.956
290.989
290.644
290.71
290.788
290.856
290.893
290.592
290.638
290.708
290.773
290.813
290.58
290.597
290.651
290.712
290.749
290.604
290.59
290.617
290.671
290.703
290.659
290.613
290.616
290.652
290.675
290.744
290.665
290.64
290.652
290.661
290.856
290.741
290.687
290.672
290.659
290.987
290.834
290.749
290.705
290.664
291.123
290.933
290.814
290.739
290.666
291.24
291.017
290.868
290.76
290.655
291.306
291.062
290.889
290.753
290.624
291.288
291.046
290.862
290.709
290.57
291.187
290.965
290.787
290.635
290.498
291.036
290.843
290.684
290.544
290.417
290.865
290.706
290.569
290.445
290.332
290.689
290.562
290.45
290.345
290.247
290.515
290.418
290.329
290.245
290.162
290.348
290.276
290.208
290.143
290.075
290.184
290.136
290.088
290.039
289.987
290.03
290.005
289.973
289.938
289.899
289.889
289.883
289.866
289.842
289.812
289.768
289.774
289.768
289.753
289.732
289.672
289.684
289.683
289.674
289.66
289.6
289.613
289.615
289.609
289.6
289.546
289.558
289.562
289.559
289.553
289.545
289.506
289.518
289.522
289.521
289.517
289.511
289.478
289.487
289.49
289.489
289.486
289.481
289.455
289.46
289.461
289.459
289.456
289.451
289.432
289.432
289.431
289.429
289.426
289.422
289.4
289.399
289.398
289.397
289.396
289.375
289.376
289.377
289.378
289.379
291.974
291.928
291.793
291.502
291.108
291.887
291.843
291.741
291.518
291.185
291.782
291.755
291.687
291.533
291.27
291.667
291.66
291.632
291.544
291.357
291.547
291.558
291.559
291.53
291.431
291.423
291.447
291.466
291.469
291.441
291.297
291.332
291.362
291.376
291.372
291.175
291.217
291.255
291.275
291.273
291.066
291.109
291.152
291.177
291.175
290.976
291.016
291.059
291.086
291.084
290.912
290.943
290.982
291.008
291.003
290.876
290.894
290.926
290.945
290.935
290.881
290.871
290.891
290.9
290.88
290.923
290.882
290.88
290.873
290.838
290.995
290.922
290.887
290.861
290.806
291.091
290.982
290.914
290.859
290.779
291.198
291.052
290.949
290.857
290.749
291.296
291.114
290.973
290.843
290.707
291.359
291.143
290.966
290.804
290.648
291.355
291.116
290.912
290.732
290.568
291.262
291.016
290.809
290.63
290.472
291.081
290.859
290.673
290.512
290.37
290.867
290.685
290.53
290.394
290.272
290.67
290.526
290.4
290.287
290.183
290.503
290.39
290.287
290.192
290.105
290.355
290.27
290.186
290.107
290.033
290.215
290.156
290.092
290.028
289.966
290.085
290.046
290.002
289.952
289.902
289.965
289.941
289.913
289.879
289.839
289.855
289.846
289.829
289.807
289.779
289.759
289.76
289.753
289.739
289.72
289.678
289.686
289.685
289.677
289.664
289.611
289.623
289.626
289.622
289.614
289.557
289.571
289.576
289.575
289.571
289.516
289.529
289.535
289.536
289.534
289.484
289.496
289.502
289.503
289.502
289.499
289.459
289.468
289.473
289.474
289.473
289.471
289.438
289.444
289.446
289.446
289.445
289.443
289.416
289.418
289.419
289.418
289.417
289.416
289.389
289.39
289.39
289.39
289.39
289.39
289.368
289.37
289.372
289.373
289.375
291.997
291.972
291.917
291.782
291.549
291.923
291.899
291.862
291.763
291.573
291.832
291.814
291.789
291.73
291.596
291.736
291.722
291.71
291.683
291.599
291.645
291.634
291.627
291.617
291.583
291.558
291.551
291.544
291.537
291.525
291.475
291.471
291.465
291.454
291.438
291.394
291.393
291.389
291.374
291.347
291.322
291.321
291.317
291.298
291.262
291.263
291.258
291.251
291.228
291.183
291.222
291.209
291.194
291.163
291.109
291.202
291.179
291.151
291.106
291.039
291.214
291.166
291.12
291.057
290.972
291.25
291.168
291.098
291.011
290.904
291.297
291.18
291.078
290.961
290.831
291.337
291.184
291.044
290.897
290.747
291.343
291.156
290.98
290.809
290.645
291.289
291.075
290.875
290.693
290.527
291.154
290.927
290.727
290.552
290.397
290.937
290.729
290.553
290.4
290.266
290.679
290.519
290.379
290.256
290.147
290.45
290.334
290.229
290.133
290.046
290.273
290.189
290.108
290.034
289.965
290.143
290.078
290.015
289.955
289.899
290.043
289.992
289.941
289.892
289.845
289.961
289.92
289.878
289.838
289.798
289.889
289.857
289.823
289.79
289.757
289.82
289.799
289.773
289.746
289.719
289.752
289.742
289.726
289.705
289.683
289.689
289.688
289.68
289.667
289.65
289.633
289.638
289.636
289.63
289.619
289.585
289.594
289.596
289.594
289.588
289.543
289.555
289.561
289.561
289.559
289.509
289.522
289.529
289.532
289.531
289.48
289.493
289.501
289.505
289.506
289.456
289.469
289.476
289.48
289.481
289.437
289.447
289.453
289.456
289.457
289.457
289.419
289.425
289.429
289.432
289.433
289.432
289.4
289.404
289.406
289.407
289.407
289.407
289.378
289.381
289.382
289.384
289.385
289.385
289.361
289.364
289.366
289.368
289.37
289.373
292.042
292.02
291.984
291.911
291.783
291.986
291.969
291.946
291.892
291.785
291.916
291.895
291.882
291.854
291.778
291.835
291.812
291.8
291.793
291.757
291.765
291.733
291.716
291.709
291.703
291.709
291.67
291.64
291.624
291.619
291.662
291.619
291.578
291.543
291.523
291.618
291.572
291.524
291.473
291.428
291.578
291.527
291.473
291.411
291.343
291.542
291.484
291.421
291.348
291.265
291.512
291.442
291.366
291.28
291.183
291.487
291.4
291.306
291.203
291.092
291.461
291.352
291.236
291.114
290.986
291.427
291.287
291.146
291.004
290.862
291.362
291.191
291.026
290.868
290.717
291.242
291.047
290.867
290.703
290.554
291.049
290.847
290.67
290.515
290.38
290.789
290.605
290.452
290.321
290.209
290.498
290.358
290.241
290.142
290.057
290.234
290.142
290.063
289.994
289.933
290.036
289.98
289.928
289.881
289.838
289.901
289.866
289.831
289.798
289.767
289.81
289.786
289.761
289.737
289.714
289.746
289.728
289.709
289.691
289.673
289.698
289.683
289.668
289.654
289.639
289.658
289.647
289.635
289.623
289.611
289.625
289.616
289.606
289.597
289.588
289.595
289.589
289.582
289.574
289.567
289.569
289.565
289.56
289.554
289.548
289.543
289.543
289.54
289.537
289.532
289.518
289.523
289.523
289.521
289.518
289.495
289.503
289.506
289.507
289.505
289.473
289.483
289.49
289.492
289.492
289.455
289.466
289.474
289.478
289.48
289.438
289.45
289.458
289.464
289.466
289.424
289.435
289.443
289.448
289.451
289.41
289.419
289.426
289.43
289.433
289.397
289.404
289.408
289.411
289.413
289.414
289.383
289.387
289.39
289.393
289.394
289.396
289.367
289.371
289.373
289.376
289.378
289.38
289.356
289.359
289.362
289.365
289.368
289.371
292.055
292.035
292.004
291.951
291.864
292.051
292.03
292.002
291.957
291.883
292.031
292.008
291.984
291.946
291.884
291.952
291.941
291.933
291.916
291.871
291.869
291.841
291.847
291.853
291.838
291.823
291.767
291.739
291.758
291.772
291.793
291.724
291.665
291.638
291.668
291.767
291.69
291.615
291.549
291.524
291.738
291.653
291.568
291.483
291.406
291.703
291.609
291.513
291.416
291.316
291.657
291.551
291.444
291.334
291.221
291.595
291.474
291.353
291.231
291.107
291.507
291.37
291.235
291.102
290.969
291.381
291.228
291.082
290.942
290.805
291.205
291.042
290.891
290.75
290.618
290.97
290.808
290.664
290.535
290.416
290.683
290.54
290.418
290.311
290.216
290.376
290.269
290.18
290.103
290.035
290.097
290.032
289.978
289.931
289.888
289.889
289.858
289.829
289.803
289.778
289.755
289.742
289.728
289.714
289.7
289.672
289.666
289.66
289.653
289.645
289.615
289.614
289.611
289.608
289.604
289.574
289.575
289.574
289.573
289.572
289.542
289.544
289.545
289.546
289.546
289.515
289.518
289.521
289.523
289.524
289.493
289.496
289.5
289.503
289.506
289.473
289.478
289.482
289.486
289.49
289.456
289.462
289.467
289.472
289.476
289.442
289.448
289.454
289.459
289.464
289.43
289.436
289.443
289.449
289.454
289.419
289.427
289.433
289.439
289.445
289.409
289.418
289.426
289.432
289.437
289.401
289.411
289.419
289.425
289.43
289.393
289.404
289.412
289.419
289.424
289.386
289.396
289.404
289.411
289.416
289.379
289.387
289.394
289.4
289.404
289.372
289.378
289.384
289.389
289.393
289.364
289.369
289.374
289.378
289.382
289.386
289.356
289.361
289.365
289.369
289.372
289.375
289.352
289.356
289.36
289.364
289.368
289.371
)
;

boundaryField
{
    floor
    {
        type            zeroGradient;
    }
    ceiling
    {
        type            zeroGradient;
    }
    fixedWalls
    {
        type            zeroGradient;
    }
    rack2796428BA49E0232CAC645AEBC8DA5C1_fixedWall
    {
        type            zeroGradient;
    }
    rack2796428BA49E0232CAC645AEBC8DA5C1_inlet
    {
        type            zeroGradient;
    }
    rack2796428BA49E0232CAC645AEBC8DA5C1_outlet
    {
        type            groovyBC;
        refValue        nonuniform 0();
        refGradient     nonuniform 0();
        valueFraction   nonuniform 0();
        value           nonuniform 0();
        valueExpression "Trackinlet+2.00/(1.015*1.18*0.17)";
        gradientExpression "0";
        fractionExpression "1";
        evaluateDuringConstruction 0;
        variables       "Trackinlet{rack2796428BA49E0232CAC645AEBC8DA5C1_inlet}=sum(T*mag(Sf()))/sum(mag(Sf()));";
        timelines       (
);
        lookuptables    (
);
    }
    acu380F56D59CF2B3DF6EFF9D0E6E8D39CB_inlet
    {
        type            zeroGradient;
    }
    acu380F56D59CF2B3DF6EFF9D0E6E8D39CB_outlet
    {
        type            fixedValue;
        value           uniform 289.15;
    }
    acu380F56D59CF2B3DF6EFF9D0E6E8D39CB_fixedWall
    {
        type            zeroGradient;
    }
    baffleFaces_master
    {
        type            zeroGradient;
    }
    baffleFaces_slave
    {
        type            zeroGradient;
    }
    procBoundary4to3
    {
        type            processor;
        value           nonuniform List<scalar> 
1398
(
289.15
289.15
289.15
289.15
289.15
289.15
289.15
289.15
289.15
289.15
289.15
289.15
289.15
289.15
289.15
289.15
289.15
289.15
289.15
289.15
289.15
289.15
289.15
289.15
289.15
289.15
289.15
289.15
289.15
289.15
289.15
289.15
289.15
289.15
289.15
289.15
289.15
289.15
289.15
289.15
289.15
289.15
289.15
289.15
289.15
289.15
289.15
289.15
289.15
289.15
289.15
289.15
289.15
289.15
289.15
289.15
289.15
289.15
289.15
289.15
289.15
289.15
289.15
289.15
289.15
289.15
289.15
289.15
289.15
289.15
289.15
289.15
289.15
289.15
289.15
289.15
289.15
289.15
289.15
289.15
289.15
289.15
289.15
289.15
289.15
289.15
289.15
289.15
289.15
289.15
289.15
289.15
289.15
289.15
289.15
289.15
289.15
289.15
289.15
289.15
289.15
289.15
289.15
289.15
289.15
289.15
289.15
289.15
289.15
289.15
289.15
289.15
289.15
289.15
289.15
289.15
289.15
289.15
289.15
289.15
289.15
289.15
289.15
289.15
289.15
289.15
289.15
289.15
289.15
289.15
289.15
289.15
289.15
289.15
289.15
289.15
289.15
289.15
289.15
289.15
289.15
289.15
289.15
289.15
289.15
289.15
289.15
289.15
289.15
289.15
289.15
289.15
289.15
289.15
289.15
289.15
289.15
289.15
289.15
289.15
289.15
289.15
289.15
289.15
289.15
289.15
289.15
289.15
289.15
289.15
289.15
289.15
289.15
289.15
289.15
289.15
289.15
289.15
289.15
289.15
289.15
289.15
289.15
289.15
289.15
289.15
289.15
289.15
289.15
289.15
289.15
289.15
289.15
289.15
289.15
289.15
289.15
289.15
289.15
289.15
289.15
289.15
289.15
289.15
289.15
289.15
289.15
289.15
289.15
289.15
289.15
289.15
289.15
289.15
289.15
289.15
289.15
289.15
289.15
289.15
289.15
289.15
289.15
289.15
289.15
289.15
289.15
289.15
289.15
289.15
289.15
289.15
289.15
289.15
289.15
289.15
289.15
289.15
289.15
289.15
289.15
289.15
289.15
289.15
289.15
289.15
289.15
289.15
289.15
289.15
289.15
289.15
289.15
289.15
289.15
289.15
289.15
289.15
289.15
289.15
289.15
289.15
289.15
289.15
289.15
289.15
289.15
289.15
289.15
289.15
289.15
289.15
289.15
289.15
290.213
290.213
290.213
289.953
289.953
289.957
289.95
289.95
289.95
289.951
289.952
289.955
289.959
289.965
289.973
289.979
289.981
289.979
289.972
289.961
289.947
289.932
289.915
289.898
289.878
289.858
289.838
289.82
289.805
289.792
289.781
289.769
289.757
289.745
289.738
290.215
290.214
290.214
289.952
289.953
289.953
289.953
289.952
289.952
289.952
289.957
289.966
289.982
290.006
290.032
290.053
290.059
290.051
290.032
290.007
289.978
289.949
289.919
289.89
289.862
289.835
289.811
289.79
289.774
289.761
289.75
289.739
289.729
289.723
289.724
290.219
290.219
290.218
289.948
289.947
289.945
289.947
289.955
289.963
289.963
289.963
289.982
290.015
290.068
290.13
290.168
290.173
290.149
290.109
290.059
290.008
289.959
289.913
289.872
289.835
289.801
289.773
289.751
289.733
289.717
289.703
289.69
289.685
289.688
289.7
290.225
290.227
290.225
289.944
289.941
289.941
289.949
289.965
289.996
290.005
290.005
290.005
290.053
290.127
290.212
290.265
290.267
290.226
290.16
290.085
290.012
289.946
289.889
289.84
289.797
289.76
289.731
289.708
289.687
289.668
289.651
289.64
289.64
289.654
289.677
290.233
290.236
290.232
289.942
289.94
289.946
289.962
289.989
290.033
290.109
290.082
290.082
290.082
290.164
290.257
290.319
290.318
290.259
290.172
290.077
289.988
289.911
289.847
289.794
289.749
289.712
289.682
289.657
289.636
289.617
289.602
289.594
289.6
289.624
289.658
290.242
290.246
290.241
289.943
289.946
289.959
289.982
290.017
290.073
290.163
290.315
290.173
290.173
290.173
290.268
290.331
290.322
290.25
290.146
290.038
289.941
289.859
289.793
289.74
289.696
289.661
289.635
289.614
289.596
289.579
289.565
289.559
289.57
289.602
289.644
290.253
290.257
290.251
289.947
289.955
289.974
290.003
290.044
290.105
290.201
290.357
290.599
290.257
290.257
290.257
290.31
290.292
290.209
290.098
289.986
289.888
289.809
289.747
289.698
289.658
289.628
289.605
289.586
289.569
289.553
289.541
289.537
289.551
289.587
289.633
290.263
290.269
290.261
289.952
289.965
289.989
290.02
290.062
290.122
290.217
290.37
290.597
290.862
290.27
290.27
290.27
290.244
290.156
290.045
289.937
289.845
289.771
289.715
289.671
289.635
289.607
289.587
289.57
289.554
289.539
289.527
289.524
289.54
289.579
289.625
290.275
290.281
290.272
289.957
289.975
290.001
290.031
290.07
290.13
290.225
290.374
290.586
290.823
290.974
290.193
290.193
290.193
290.106
290
289.9
289.815
289.749
289.697
289.657
289.623
289.598
289.578
289.562
289.546
289.532
289.521
289.519
289.535
289.575
289.62
290.286
290.294
290.283
289.963
289.983
290.009
290.037
290.076
290.134
290.226
290.368
290.563
290.774
290.901
290.858
290.066
290.066
290.066
289.968
289.876
289.8
289.739
289.692
289.653
289.621
289.596
289.576
289.559
289.544
289.529
289.519
289.517
289.534
289.575
289.617
290.298
290.307
290.295
289.969
289.99
290.016
290.043
290.08
290.135
290.223
290.356
290.536
290.723
290.834
290.792
290.603
289.95
289.95
289.95
289.866
289.796
289.74
289.695
289.658
289.625
289.599
289.579
289.561
289.545
289.53
289.519
289.518
289.536
289.575
289.614
290.311
290.321
290.306
289.974
289.996
290.022
290.049
290.084
290.136
290.219
290.344
290.509
290.679
290.778
290.738
290.562
290.37
289.868
289.868
289.868
289.802
289.749
289.705
289.668
289.635
289.608
289.586
289.566
289.548
289.532
289.521
289.52
289.538
289.576
289.61
290.323
290.334
290.318
289.98
290.003
290.03
290.056
290.088
290.138
290.216
290.333
290.487
290.643
290.735
290.7
290.537
290.358
290.2
289.816
289.816
289.816
289.764
289.721
289.683
289.649
289.62
289.595
289.572
289.552
289.535
289.524
289.523
289.54
289.577
289.607
290.336
290.348
290.33
289.986
290.011
290.039
290.063
290.094
290.141
290.215
290.326
290.47
290.617
290.706
290.677
290.525
290.358
290.21
290.088
289.785
289.785
289.785
289.742
289.703
289.666
289.635
289.607
289.581
289.558
289.539
289.527
289.526
289.542
289.577
289.601
290.349
290.363
290.343
289.993
290.02
290.048
290.072
290.102
290.146
290.217
290.323
290.46
290.601
290.689
290.667
290.526
290.369
290.228
290.11
290.016
289.766
289.766
289.766
289.725
289.687
289.653
289.621
289.59
289.564
289.544
289.531
289.529
289.544
289.575
289.593
290.362
290.378
290.356
290.001
290.03
290.06
290.083
290.111
290.155
290.223
290.325
290.458
290.594
290.684
290.668
290.536
290.388
290.252
290.138
290.045
289.969
289.751
289.751
289.751
289.71
289.673
289.636
289.6
289.57
289.548
289.534
289.532
289.544
289.571
289.583
290.377
290.394
290.37
290.01
290.041
290.073
290.096
290.123
290.165
290.232
290.332
290.462
290.597
290.688
290.679
290.555
290.413
290.283
290.171
290.078
290.002
289.935
289.736
289.736
289.736
289.695
289.652
289.61
289.577
289.552
289.537
289.534
289.544
289.564
289.57
290.393
290.412
290.386
290.022
290.055
290.088
290.111
290.138
290.179
290.246
290.345
290.474
290.608
290.701
290.697
290.58
290.445
290.317
290.207
290.114
290.037
289.969
289.897
289.718
289.718
289.718
289.668
289.621
289.583
289.556
289.54
289.535
289.542
289.554
289.555
290.411
290.432
290.407
290.039
290.074
290.106
290.128
290.155
290.197
290.264
290.364
290.493
290.627
290.721
290.72
290.61
290.48
290.355
290.245
290.151
290.072
290.002
289.923
289.807
289.685
289.685
289.685
289.631
289.589
289.559
289.541
289.534
289.537
289.543
289.538
290.437
290.461
290.442
290.064
290.098
290.127
290.148
290.175
290.219
290.29
290.393
290.523
290.656
290.749
290.749
290.644
290.518
290.396
290.286
290.19
290.109
290.034
289.947
289.822
289.71
289.642
289.642
289.642
289.594
289.561
289.54
289.531
289.53
289.528
289.519
290.484
290.514
290.551
290.891
291.155
291.201
291.018
290.69
290.447
290.288
290.178
290.106
290.127
290.151
290.171
290.201
290.25
290.327
290.435
290.568
290.701
290.79
290.787
290.687
290.563
290.441
290.329
290.231
290.146
290.066
289.969
289.836
289.717
289.632
289.598
289.598
289.598
289.56
289.537
289.525
289.519
289.511
289.492
290.657
290.759
290.974
291.226
291.331
291.255
291.009
290.679
290.452
290.305
290.213
290.155
290.162
290.18
290.203
290.238
290.296
290.384
290.502
290.641
290.774
290.858
290.853
290.756
290.632
290.507
290.391
290.288
290.196
290.106
289.995
289.848
289.723
289.633
289.572
289.558
289.558
289.558
289.531
289.515
289.504
289.488
289.455
291.261
291.432
291.513
291.529
291.456
291.273
290.982
290.685
290.475
290.337
290.253
290.204
290.203
290.222
290.252
290.299
290.371
290.477
290.612
290.759
290.892
290.968
290.959
290.865
290.74
290.61
290.486
290.372
290.267
290.159
290.022
289.859
289.726
289.631
289.567
289.525
289.521
289.521
289.521
289.503
289.487
289.463
289.422
291.832
291.789
291.724
291.631
291.48
291.254
290.967
290.716
290.522
290.388
290.308
290.267
290.269
290.296
290.342
290.409
290.505
290.635
290.794
290.964
291.103
291.175
291.156
291.056
290.92
290.774
290.63
290.492
290.359
290.214
290.037
289.855
289.717
289.621
289.557
289.515
289.49
289.488
289.488
289.488
289.468
289.439
289.399
291.969
291.885
291.779
291.645
291.466
291.238
291.006
290.795
290.62
290.491
290.416
290.383
290.394
290.439
290.509
290.606
290.735
290.895
291.076
291.257
291.399
291.453
291.408
291.284
291.119
290.938
290.753
290.571
290.389
290.196
289.994
289.816
289.688
289.601
289.541
289.501
289.477
289.461
289.449
289.449
289.449
289.418
289.384
291.999
291.907
291.785
291.639
291.473
291.292
291.11
290.942
290.799
290.691
290.622
290.598
290.622
290.685
290.78
290.906
291.062
291.239
291.419
291.572
291.655
291.624
291.484
291.283
291.061
290.839
290.627
290.424
290.226
290.042
289.878
289.743
289.644
289.571
289.52
289.484
289.461
289.445
289.427
289.401
289.401
289.401
289.373
292.005
291.916
291.803
291.676
291.543
291.409
291.276
291.152
291.046
290.965
290.915
290.907
290.945
291.021
291.13
291.264
291.41
291.547
291.642
291.654
291.553
291.34
291.07
290.823
290.617
290.435
290.269
290.117
289.978
289.854
289.746
289.656
289.586
289.533
289.492
289.463
289.443
289.428
289.411
289.387
289.366
289.366
289.366
292.022
291.95
291.858
291.759
291.665
291.574
291.487
291.406
291.337
291.284
291.253
291.259
291.301
291.369
291.452
291.528
291.568
291.538
291.408
291.173
290.867
290.574
290.359
290.205
290.091
290
289.915
289.832
289.754
289.683
289.621
289.568
289.523
289.488
289.459
289.438
289.423
289.41
289.395
289.375
289.358
292.061
292.011
291.948
291.872
291.808
291.756
291.71
291.669
291.632
291.603
291.582
291.575
291.581
291.58
291.548
291.454
291.272
290.997
290.664
290.343
290.097
289.937
289.834
289.763
289.711
289.669
289.633
289.601
289.569
289.538
289.509
289.482
289.458
289.438
289.421
289.408
289.398
289.389
289.377
289.363
289.352
292.068
292.067
292.058
291.983
291.924
291.89
291.867
291.847
291.825
291.799
291.764
291.717
291.648
291.542
291.38
291.147
290.843
290.5
290.175
289.925
289.768
289.676
289.616
289.573
289.54
289.512
289.488
289.468
289.45
289.435
289.421
289.409
289.398
289.388
289.38
289.373
289.368
289.364
289.357
289.351
289.348
)
;
    }
    procBoundary4to5
    {
        type            processor;
        value           nonuniform List<scalar> 
1399
(
289.15
289.15
289.15
289.15
289.15
289.15
289.15
289.15
289.15
289.15
289.15
289.15
289.15
289.15
289.15
289.15
289.15
289.15
289.15
289.15
289.15
289.15
289.15
289.15
289.15
289.15
289.15
289.15
289.15
289.15
289.15
289.15
289.15
289.15
289.15
289.15
289.15
289.15
289.15
289.15
289.15
289.15
289.15
289.15
289.15
289.15
289.15
289.15
289.15
289.15
289.15
289.15
289.15
289.15
289.15
289.15
289.15
289.15
289.15
289.15
289.15
289.15
289.15
289.15
289.15
289.15
289.15
289.15
289.15
289.15
289.15
289.15
289.15
289.15
289.15
289.15
289.15
289.15
289.15
289.15
289.15
289.15
289.15
289.15
289.15
289.15
289.15
289.15
289.15
289.15
289.15
289.15
289.15
289.15
289.15
289.15
289.15
289.15
289.15
289.15
289.15
289.15
289.15
289.15
289.15
289.15
289.15
289.15
289.15
289.15
289.15
289.15
289.15
289.15
289.15
289.15
289.15
289.15
289.15
289.15
289.15
289.15
289.15
289.15
289.15
289.15
289.15
289.15
289.15
289.15
289.15
289.15
289.15
289.15
289.15
289.15
289.15
289.15
289.15
289.15
289.15
289.15
289.15
289.15
289.15
289.15
289.15
289.15
289.15
289.15
289.15
289.15
289.15
289.15
289.15
289.15
289.15
289.15
289.15
289.15
289.15
289.15
289.15
289.15
289.15
289.15
289.15
289.15
289.15
289.15
289.15
289.15
289.15
289.15
289.15
289.15
289.15
289.15
289.15
289.15
289.15
289.15
289.15
289.15
289.15
289.15
289.15
289.15
289.15
289.15
289.15
289.15
289.15
289.15
289.15
289.15
289.15
289.15
289.15
289.15
289.15
289.15
289.15
289.15
289.15
289.15
289.15
289.15
289.15
289.15
289.15
289.15
289.15
289.15
289.15
289.15
289.15
289.15
289.15
289.15
289.15
289.15
289.15
289.15
289.15
289.15
289.15
289.15
289.15
289.15
289.15
289.15
289.15
289.15
289.15
289.15
289.15
289.15
289.15
289.15
289.15
289.15
289.15
289.15
289.15
289.15
289.15
289.15
289.15
289.15
289.15
289.15
289.15
289.15
289.15
289.15
289.15
289.15
289.15
289.15
289.15
289.15
289.15
289.15
289.15
289.15
289.15
289.15
289.15
289.15
289.15
289.15
289.15
289.15
289.15
289.15
290.204
290.209
290.199
290.004
289.992
289.977
289.963
289.95
289.939
289.928
289.917
289.907
289.896
289.885
289.874
289.863
289.851
289.841
289.831
289.821
289.814
289.807
289.802
289.799
289.795
289.79
289.782
289.771
289.757
289.746
289.742
289.744
289.748
290.213
290.215
290.211
289.994
289.979
289.964
289.948
289.934
289.919
289.906
289.893
289.88
289.867
289.854
289.841
289.828
289.815
289.804
289.795
289.787
289.78
289.775
289.771
289.767
289.762
289.754
289.74
289.722
289.704
289.694
289.698
289.711
289.731
290.218
290.218
290.217
289.983
289.968
289.95
289.932
289.914
289.897
289.881
289.865
289.85
289.835
289.82
289.805
289.791
289.778
289.767
289.757
289.749
289.743
289.738
289.733
289.726
289.716
289.7
289.679
289.653
289.632
289.626
289.641
289.672
289.708
290.221
290.222
290.221
289.975
289.958
289.957
289.936
289.914
289.893
289.873
289.854
289.835
289.818
289.801
289.784
289.768
289.753
289.739
289.727
289.717
289.708
289.7
289.692
289.683
289.671
289.655
289.633
289.606
289.579
289.559
289.559
289.588
289.637
289.689
290.225
290.227
290.225
289.958
289.958
289.947
289.934
289.922
289.896
289.871
289.847
289.825
289.804
289.785
289.766
289.748
289.73
289.714
289.699
289.685
289.672
289.66
289.648
289.637
289.623
289.607
289.588
289.565
289.54
289.519
289.505
289.511
289.548
289.611
289.676
290.229
290.232
290.229
289.955
289.934
289.934
289.908
289.897
289.878
289.849
289.822
289.797
289.774
289.753
289.733
289.713
289.694
289.676
289.658
289.641
289.626
289.611
289.596
289.582
289.567
289.55
289.533
289.515
289.498
289.483
289.477
289.486
289.525
289.598
289.669
290.234
290.238
290.234
289.953
289.929
289.897
289.897
289.861
289.853
289.828
289.798
289.772
289.748
289.725
289.703
289.682
289.661
289.641
289.622
289.604
289.587
289.571
289.555
289.541
289.527
289.514
289.501
289.489
289.477
289.469
289.466
289.477
289.515
289.593
289.667
290.239
290.244
290.239
289.953
289.925
289.889
289.853
289.853
289.812
289.81
289.78
289.752
289.727
289.704
289.681
289.659
289.638
289.618
289.598
289.58
289.563
289.547
289.533
289.52
289.508
289.498
289.488
289.479
289.471
289.465
289.466
289.48
289.515
289.585
289.662
290.244
290.25
290.244
289.956
289.926
289.887
289.847
289.81
289.81
289.771
289.78
289.743
289.751
289.718
289.694
289.671
289.649
289.628
289.609
289.59
289.572
289.556
289.541
289.528
289.516
289.505
289.495
289.486
289.479
289.472
289.468
289.47
289.483
289.515
289.575
289.652
290.249
290.256
290.248
289.963
289.931
289.89
289.849
289.812
289.78
289.751
289.751
289.721
289.741
289.697
289.675
289.654
289.634
289.614
289.596
289.579
289.563
289.548
289.534
289.521
289.51
289.5
289.491
289.483
289.476
289.473
289.475
289.486
289.513
289.563
289.634
290.253
290.261
290.251
289.974
289.942
289.902
289.861
289.825
289.793
289.765
289.741
289.741
289.714
289.744
289.692
289.671
289.651
289.632
289.613
289.596
289.578
289.562
289.547
289.533
289.52
289.508
289.498
289.489
289.483
289.479
289.479
289.486
289.504
289.542
289.601
290.256
290.265
290.251
289.991
289.961
289.922
289.884
289.848
289.818
289.791
289.766
289.744
289.744
289.72
289.759
289.7
289.679
289.659
289.639
289.619
289.6
289.582
289.564
289.548
289.533
289.519
289.507
289.497
289.49
289.486
289.485
289.487
289.494
289.514
289.552
290.257
290.268
290.244
290.016
289.988
289.952
289.915
289.881
289.851
289.825
289.801
289.779
289.759
289.759
289.736
289.777
289.714
289.692
289.67
289.648
289.626
289.604
289.584
289.565
289.546
289.53
289.516
289.505
289.497
289.494
289.493
289.494
289.495
289.5
289.515
290.256
290.269
290.233
290.048
290.023
289.989
289.954
289.922
289.893
289.867
289.843
289.821
289.799
289.777
289.777
289.754
289.796
289.73
289.705
289.68
289.654
289.629
289.605
289.582
289.561
289.541
289.525
289.511
289.503
289.501
289.502
289.505
289.506
289.506
289.509
290.25
290.267
290.22
290.088
290.065
290.032
290
289.968
289.939
289.913
289.888
289.865
289.843
289.819
289.796
289.796
289.771
289.809
289.743
289.715
289.685
289.656
289.627
289.6
289.574
289.551
289.531
289.516
289.508
289.507
289.512
289.518
289.523
289.527
289.529
290.239
290.255
290.207
290.136
290.114
290.082
290.05
290.018
289.988
289.961
289.935
289.911
289.887
289.863
289.836
289.809
289.809
289.784
289.816
289.752
289.718
289.684
289.651
289.618
289.588
289.561
289.537
289.521
289.513
289.514
289.523
289.535
289.546
289.556
289.563
290.222
290.234
290.193
290.195
290.169
290.136
290.102
290.069
290.038
290.009
289.982
289.956
289.931
289.904
289.877
289.847
289.816
289.816
289.791
289.819
289.754
289.715
289.677
289.639
289.603
289.571
289.544
289.526
289.519
289.522
289.534
289.55
289.562
289.569
289.567
290.202
290.211
290.181
290.264
290.229
290.192
290.155
290.12
290.087
290.056
290.027
289.999
289.971
289.943
289.915
289.884
289.853
289.819
289.819
289.793
289.822
289.75
289.707
289.663
289.622
289.584
289.553
289.533
289.526
289.531
289.544
289.557
289.563
289.557
289.542
290.181
290.188
290.17
290.332
290.288
290.246
290.206
290.168
290.133
290.099
290.067
290.037
290.008
289.98
289.952
289.923
289.892
289.858
289.822
289.822
289.791
289.828
289.742
289.693
289.646
289.602
289.565
289.541
289.533
289.538
289.548
289.552
289.545
289.527
289.504
290.161
290.167
290.161
290.4
290.344
290.297
290.254
290.212
290.173
290.137
290.103
290.071
290.043
290.016
289.991
289.965
289.938
289.907
289.87
289.828
289.828
289.785
289.836
289.73
289.676
289.624
289.581
289.551
289.539
289.539
289.541
289.535
289.518
289.493
289.469
290.143
290.147
290.146
290.16
290.254
290.454
290.685
290.807
290.762
290.656
290.552
290.466
290.402
290.347
290.296
290.25
290.208
290.17
290.136
290.106
290.081
290.06
290.042
290.023
289.999
289.97
289.932
289.887
289.836
289.836
289.773
289.837
289.711
289.652
289.599
289.56
289.541
289.535
289.528
289.513
289.49
289.463
289.44
290.124
290.125
290.128
290.156
290.275
290.506
290.766
290.898
290.839
290.723
290.615
290.528
290.458
290.395
290.34
290.29
290.245
290.208
290.179
290.156
290.139
290.127
290.117
290.104
290.082
290.051
290.01
289.96
289.901
289.837
289.837
289.75
289.817
289.681
289.619
289.571
289.542
289.527
289.512
289.492
289.466
289.439
289.418
290.105
290.104
290.112
290.165
290.324
290.592
290.869
290.993
290.917
290.795
290.683
290.592
290.516
290.449
290.392
290.344
290.305
290.273
290.252
290.241
290.236
290.234
290.228
290.213
290.186
290.148
290.099
290.039
289.971
289.896
289.817
289.817
289.707
289.758
289.637
289.581
289.544
289.52
289.499
289.475
289.448
289.421
289.403
290.089
290.087
290.108
290.207
290.426
290.729
290.995
291.076
290.981
290.859
290.75
290.659
290.583
290.518
290.465
290.423
290.393
290.375
290.367
290.367
290.369
290.367
290.355
290.329
290.289
290.237
290.174
290.102
290.023
289.937
289.848
289.758
289.758
289.647
289.668
289.587
289.544
289.515
289.489
289.463
289.435
289.409
289.392
290.08
290.085
290.15
290.329
290.615
290.925
291.135
291.144
291.035
290.919
290.817
290.731
290.66
290.603
290.559
290.529
290.511
290.502
290.5
290.498
290.489
290.469
290.433
290.383
290.323
290.255
290.181
290.101
290.016
289.927
289.836
289.747
289.668
289.668
289.585
289.588
289.543
289.51
289.482
289.454
289.426
289.401
289.385
290.118
290.162
290.326
290.592
290.901
291.153
291.258
291.197
291.087
290.981
290.889
290.811
290.747
290.697
290.66
290.633
290.613
290.595
290.573
290.542
290.496
290.438
290.371
290.299
290.226
290.153
290.08
290.006
289.93
289.853
289.778
289.706
289.642
289.588
289.588
289.536
289.529
289.504
289.475
289.447
289.42
289.395
289.381
290.397
290.59
290.819
291.044
291.23
291.346
291.343
291.251
291.146
291.05
290.965
290.89
290.826
290.771
290.722
290.675
290.625
290.566
290.497
290.416
290.329
290.243
290.161
290.088
290.023
289.963
289.907
289.852
289.798
289.746
289.696
289.648
289.603
289.563
289.529
289.529
289.494
289.481
289.467
289.441
289.414
289.391
289.377
291.197
291.271
291.365
291.435
291.478
291.483
291.417
291.315
291.212
291.118
291.032
290.949
290.867
290.783
290.694
290.596
290.49
290.376
290.26
290.149
290.051
289.969
289.901
289.846
289.801
289.761
289.725
289.692
289.661
289.632
289.605
289.578
289.553
289.528
289.504
289.481
289.481
289.456
289.434
289.431
289.407
289.386
289.375
291.592
291.615
291.642
291.662
291.654
291.607
291.513
291.4
291.283
291.176
291.077
290.972
290.854
290.722
290.575
290.418
290.26
290.111
289.983
289.879
289.799
289.739
289.692
289.656
289.626
289.6
289.579
289.56
289.543
289.528
289.514
289.502
289.491
289.479
289.467
289.453
289.434
289.434
289.415
289.397
289.397
289.382
289.374
291.741
291.775
291.792
291.796
291.785
291.752
291.684
291.566
291.385
291.226
291.105
290.979
290.835
290.671
290.492
290.307
290.129
289.973
289.848
289.754
289.686
289.637
289.599
289.57
289.546
289.525
289.508
289.493
289.48
289.468
289.458
289.45
289.442
289.435
289.428
289.42
289.408
289.397
289.397
289.389
289.379
289.375
)
;
    }
}


// ************************************************************************* //
