/*--------------------------------*- C++ -*----------------------------------*\
| =========                 |                                                 |
| \\      /  F ield         | OpenFOAM: The Open Source CFD Toolbox           |
|  \\    /   O peration     | Version:  2.3.1                                 |
|   \\  /    A nd           | Web:      www.OpenFOAM.org                      |
|    \\/     M anipulation  |                                                 |
\*---------------------------------------------------------------------------*/
FoamFile
{
    version     2.0;
    format      ascii;
    class       cellSet;
    location    "constant/polyMesh/sets";
    object      inside;
}
// * * * * * * * * * * * * * * * * * * * * * * * * * * * * * * * * * * * * * //


4475
(
35 
36 
37 
38 
39 
40 
41 
42 
43 
44 
45 
46 
47 
48 
49 
55 
56 
57 
58 
59 
60 
61 
62 
63 
64 
65 
66 
67 
68 
69 
70 
71 
72 
73 
74 
80 
81 
82 
83 
84 
85 
86 
87 
88 
89 
90 
91 
92 
93 
94 
95 
96 
97 
98 
99 
105 
106 
107 
108 
109 
110 
111 
112 
113 
114 
115 
116 
117 
118 
119 
121 
122 
123 
124 
125 
130 
131 
132 
133 
134 
135 
136 
137 
138 
139 
140 
141 
142 
143 
144 
147 
148 
149 
150 
151 
155 
156 
157 
158 
159 
160 
161 
162 
163 
164 
165 
166 
167 
168 
169 
173 
174 
175 
176 
177 
180 
181 
182 
183 
184 
185 
186 
187 
188 
189 
190 
191 
192 
193 
194 
199 
200 
201 
202 
203 
205 
206 
207 
208 
209 
210 
211 
212 
213 
214 
215 
216 
217 
218 
219 
225 
226 
227 
228 
229 
230 
231 
232 
233 
234 
235 
236 
237 
238 
239 
240 
241 
242 
243 
244 
250 
251 
252 
253 
254 
255 
256 
257 
258 
259 
260 
261 
262 
263 
264 
265 
266 
267 
268 
269 
275 
276 
277 
278 
279 
280 
281 
282 
283 
284 
285 
286 
287 
288 
289 
350 
351 
352 
353 
354 
355 
356 
357 
358 
359 
360 
361 
362 
363 
364 
367 
368 
369 
370 
371 
375 
376 
377 
378 
379 
380 
381 
382 
383 
384 
385 
386 
387 
388 
389 
393 
394 
395 
396 
397 
400 
401 
402 
403 
404 
405 
406 
407 
408 
409 
410 
411 
412 
413 
414 
419 
420 
421 
422 
423 
425 
426 
427 
428 
429 
430 
431 
432 
433 
434 
435 
436 
437 
438 
439 
445 
446 
447 
448 
449 
450 
451 
452 
453 
454 
455 
456 
457 
458 
459 
460 
461 
462 
463 
464 
470 
471 
472 
473 
474 
475 
476 
477 
478 
479 
480 
481 
482 
483 
484 
485 
486 
487 
488 
489 
495 
496 
497 
498 
499 
500 
501 
502 
503 
504 
505 
506 
507 
508 
509 
510 
511 
512 
513 
514 
520 
521 
522 
523 
524 
525 
526 
527 
528 
529 
530 
531 
532 
533 
534 
535 
536 
537 
538 
539 
545 
546 
547 
548 
549 
550 
551 
552 
553 
554 
555 
556 
557 
558 
559 
561 
562 
563 
564 
565 
570 
571 
572 
573 
574 
575 
576 
577 
578 
579 
580 
581 
582 
583 
584 
587 
588 
589 
590 
591 
595 
596 
597 
598 
599 
600 
601 
602 
603 
604 
665 
666 
667 
668 
669 
670 
671 
672 
673 
674 
675 
676 
677 
678 
679 
680 
681 
682 
683 
684 
690 
691 
692 
693 
694 
695 
696 
697 
698 
699 
700 
701 
702 
703 
704 
705 
706 
707 
708 
709 
715 
716 
717 
718 
719 
720 
721 
722 
723 
724 
725 
726 
727 
728 
729 
730 
731 
732 
733 
734 
740 
741 
742 
743 
744 
745 
746 
747 
748 
749 
750 
751 
752 
753 
754 
755 
756 
757 
758 
759 
765 
766 
767 
768 
769 
770 
771 
772 
773 
774 
775 
776 
777 
778 
779 
781 
782 
783 
784 
785 
790 
791 
792 
793 
794 
795 
796 
797 
798 
799 
800 
801 
802 
803 
804 
807 
808 
809 
810 
811 
815 
816 
817 
818 
819 
820 
821 
822 
823 
824 
825 
826 
827 
828 
829 
833 
834 
835 
836 
837 
840 
841 
842 
843 
844 
845 
846 
847 
848 
849 
850 
851 
852 
853 
854 
859 
860 
861 
862 
863 
865 
866 
867 
868 
869 
870 
871 
872 
873 
874 
875 
876 
877 
878 
879 
885 
886 
887 
888 
889 
890 
891 
892 
893 
894 
895 
896 
897 
898 
899 
900 
901 
902 
903 
904 
910 
911 
912 
913 
914 
915 
916 
917 
918 
919 
975 
976 
977 
978 
979 
985 
986 
987 
988 
989 
990 
991 
992 
993 
994 
995 
996 
997 
998 
999 
1001 
1002 
1003 
1004 
1005 
1010 
1011 
1012 
1013 
1014 
1015 
1016 
1017 
1018 
1019 
1020 
1021 
1022 
1023 
1024 
1027 
1028 
1029 
1030 
1031 
1035 
1036 
1037 
1038 
1039 
1040 
1041 
1042 
1043 
1044 
1045 
1046 
1047 
1048 
1049 
1053 
1054 
1055 
1056 
1057 
1060 
1061 
1062 
1063 
1064 
1065 
1066 
1067 
1068 
1069 
1070 
1071 
1072 
1073 
1074 
1079 
1080 
1081 
1082 
1083 
1085 
1086 
1087 
1088 
1089 
1090 
1091 
1092 
1093 
1094 
1095 
1096 
1097 
1098 
1099 
1105 
1106 
1107 
1108 
1109 
1110 
1111 
1112 
1113 
1114 
1115 
1116 
1117 
1118 
1119 
1120 
1121 
1122 
1123 
1124 
1130 
1131 
1132 
1133 
1134 
1135 
1136 
1137 
1138 
1139 
1140 
1141 
1142 
1143 
1144 
1145 
1146 
1147 
1148 
1149 
1155 
1156 
1157 
1158 
1159 
1160 
1161 
1162 
1163 
1164 
1165 
1166 
1167 
1168 
1169 
1170 
1171 
1172 
1173 
1174 
1180 
1181 
1182 
1183 
1184 
1185 
1186 
1187 
1188 
1189 
1190 
1191 
1192 
1193 
1194 
1195 
1196 
1197 
1198 
1199 
1205 
1206 
1207 
1208 
1209 
1210 
1211 
1212 
1213 
1214 
1215 
1216 
1217 
1218 
1219 
1221 
1222 
1223 
1224 
1225 
1234 
1235 
1236 
1237 
1238 
1239 
1240 
1241 
1247 
1248 
1249 
1250 
1251 
1252 
1253 
1254 
1255 
1256 
1262 
1263 
1264 
1265 
1266 
1267 
1268 
1269 
1270 
1271 
1276 
1277 
1278 
1279 
1280 
1281 
1282 
1283 
1284 
1285 
1286 
1287 
1288 
1289 
1290 
1291 
1292 
1293 
1294 
1295 
1296 
1298 
1299 
1300 
1301 
1302 
1307 
1308 
1309 
1310 
1311 
1312 
1313 
1314 
1315 
1316 
1317 
1318 
1319 
1320 
1321 
1324 
1325 
1326 
1327 
1328 
1332 
1333 
1334 
1335 
1336 
1337 
1338 
1339 
1340 
1341 
1342 
1343 
1344 
1345 
1346 
1352 
1353 
1354 
1355 
1356 
1357 
1358 
1359 
1360 
1361 
1362 
1367 
1368 
1369 
1370 
1371 
1372 
1373 
1374 
1375 
1376 
1377 
1378 
1382 
1383 
1384 
1385 
1386 
1387 
1388 
1389 
1390 
1391 
1392 
1393 
1394 
1395 
1396 
1402 
1403 
1404 
1405 
1406 
1407 
1408 
1409 
1410 
1411 
1412 
1413 
1414 
1415 
1416 
1418 
1419 
1420 
1421 
1422 
1427 
1428 
1429 
1430 
1431 
1432 
1433 
1434 
1435 
1436 
1437 
1438 
1439 
1442 
1443 
1444 
1445 
1448 
1449 
1450 
1451 
1452 
1453 
1454 
1455 
1456 
1457 
1458 
1463 
1464 
1465 
1466 
1467 
1468 
1469 
1470 
1471 
1472 
1478 
1479 
1480 
1481 
1482 
1483 
1484 
1485 
1486 
1487 
1488 
1489 
1490 
1491 
1492 
1493 
1494 
1495 
1496 
1497 
1503 
1504 
1505 
1506 
1507 
1508 
1509 
1510 
1511 
1512 
1513 
1514 
1515 
1516 
1517 
1518 
1519 
1520 
1521 
1522 
1528 
1529 
1530 
1531 
1532 
1533 
1534 
1535 
1536 
1537 
1603 
1604 
1605 
1606 
1607 
1608 
1609 
1610 
1611 
1612 
1613 
1614 
1615 
1616 
1617 
1623 
1624 
1625 
1626 
1627 
1628 
1629 
1630 
1631 
1632 
1633 
1634 
1635 
1636 
1637 
1638 
1639 
1640 
1645 
1646 
1647 
1648 
1650 
1651 
1652 
1653 
1654 
1655 
1656 
1657 
1658 
1659 
1660 
1661 
1662 
1663 
1664 
1665 
1666 
1667 
1668 
1669 
1670 
1671 
1672 
1673 
1674 
1675 
1676 
1677 
1678 
1679 
1680 
1681 
1682 
1683 
1684 
1685 
1686 
1687 
1688 
1689 
1690 
1691 
1692 
1695 
1696 
1697 
1698 
1699 
1703 
1704 
1705 
1706 
1707 
1708 
1709 
1710 
1711 
1712 
1713 
1714 
1715 
1716 
1717 
1721 
1722 
1723 
1724 
1725 
1728 
1729 
1730 
1731 
1732 
1733 
1734 
1735 
1736 
1737 
1738 
1739 
1740 
1741 
1742 
1747 
1748 
1749 
1750 
1751 
1752 
1753 
1754 
1755 
1756 
1757 
1763 
1764 
1765 
1766 
1767 
1768 
1769 
1770 
1771 
1772 
1778 
1779 
1780 
1781 
1782 
1783 
1784 
1785 
1786 
1787 
1789 
1790 
1791 
1792 
1793 
1798 
1799 
1800 
1801 
1802 
1803 
1804 
1805 
1806 
1807 
1808 
1809 
1810 
1811 
1812 
1815 
1816 
1817 
1818 
1819 
1823 
1824 
1825 
1826 
1827 
1828 
1829 
1830 
1831 
1832 
1833 
1834 
1835 
1836 
1840 
1841 
1842 
1843 
1845 
1846 
1847 
1848 
1853 
1854 
1855 
1856 
1857 
1858 
1859 
1860 
1861 
1867 
1868 
1869 
1870 
1871 
1872 
1873 
1874 
1875 
1876 
1881 
1882 
1883 
1884 
1885 
1886 
1887 
1888 
1889 
1890 
1891 
1897 
1898 
1899 
1900 
1901 
1962 
1963 
1964 
1965 
1966 
1967 
1968 
1969 
1970 
1971 
1972 
1973 
1977 
1978 
1979 
1980 
1981 
1982 
1983 
1984 
1985 
1986 
1992 
1993 
1994 
1995 
1996 
1997 
1998 
1999 
2000 
2001 
2002 
2003 
2004 
2005 
2006 
2007 
2008 
2009 
2010 
2011 
2017 
2018 
2019 
2020 
2021 
2022 
2023 
2024 
2025 
2026 
2027 
2028 
2029 
2030 
2031 
2032 
2033 
2034 
2035 
2040 
2041 
2042 
2043 
2044 
2045 
2046 
2047 
2048 
2049 
2052 
2053 
2054 
2055 
2056 
2057 
2058 
2059 
2060 
2065 
2066 
2067 
2068 
2069 
2070 
2071 
2072 
2073 
2074 
2080 
2081 
2082 
2083 
2084 
2088 
2089 
2090 
2091 
2092 
2095 
2096 
2097 
2098 
2099 
2100 
2101 
2102 
2103 
2104 
2105 
2106 
2107 
2108 
2109 
2114 
2115 
2116 
2117 
2118 
2120 
2121 
2122 
2123 
2124 
2125 
2126 
2127 
2128 
2129 
2130 
2131 
2132 
2133 
2134 
2140 
2141 
2142 
2143 
2144 
2145 
2146 
2147 
2148 
2149 
2150 
2151 
2152 
2153 
2154 
2155 
2156 
2157 
2158 
2159 
2160 
2161 
2162 
2163 
2164 
2166 
2167 
2168 
2169 
2170 
2171 
2172 
2173 
2174 
2175 
2176 
2177 
2178 
2179 
2182 
2183 
2184 
2185 
2186 
2190 
2191 
2192 
2193 
2194 
2195 
2196 
2197 
2198 
2199 
2200 
2201 
2202 
2203 
2204 
2208 
2209 
2210 
2211 
2212 
2215 
2216 
2217 
2218 
2219 
2220 
2221 
2222 
2223 
2224 
2225 
2226 
2227 
2228 
2229 
2234 
2235 
2236 
2237 
2238 
2239 
2240 
2241 
2317 
2318 
2319 
2320 
2321 
2322 
2323 
2324 
2325 
2326 
2328 
2329 
2330 
2331 
2332 
2337 
2338 
2339 
2340 
2341 
2342 
2343 
2344 
2345 
2346 
2352 
2353 
2354 
2355 
2356 
2357 
2358 
2359 
2360 
2361 
2367 
2368 
2369 
2370 
2371 
2372 
2373 
2374 
2375 
2376 
2382 
2383 
2384 
2385 
2386 
2387 
2388 
2389 
2390 
2391 
2392 
2393 
2394 
2395 
2396 
2397 
2398 
2399 
2400 
2401 
2407 
2408 
2409 
2410 
2411 
2412 
2413 
2414 
2415 
2416 
2417 
2418 
2419 
2420 
2421 
2422 
2423 
2424 
2425 
2426 
2431 
2432 
2433 
2434 
2435 
2436 
2437 
2438 
2439 
2440 
2441 
2442 
2443 
2444 
2445 
2446 
2451 
2452 
2453 
2454 
2455 
2456 
2457 
2458 
2463 
2464 
2465 
2466 
2467 
2468 
2469 
2470 
2471 
2472 
2477 
2478 
2479 
2480 
2481 
2483 
2484 
2485 
2486 
2487 
2488 
2489 
2490 
2491 
2492 
2493 
2494 
2495 
2496 
2497 
2503 
2504 
2505 
2506 
2507 
2508 
2509 
2510 
2511 
2512 
2513 
2514 
2515 
2516 
2517 
2518 
2519 
2520 
2521 
2522 
2528 
2529 
2530 
2531 
2532 
2533 
2534 
2535 
2536 
2537 
2538 
2539 
2540 
2541 
2542 
2543 
2548 
2549 
2550 
2551 
2552 
2553 
2554 
2555 
2556 
2557 
2558 
2559 
2563 
2564 
2565 
2566 
2567 
2568 
2569 
2570 
2571 
2572 
2573 
2574 
2575 
2578 
2579 
2580 
2581 
2582 
2583 
2584 
2585 
2586 
2587 
2588 
2589 
2590 
2591 
2592 
2597 
2598 
2599 
2600 
2601 
2673 
2674 
2675 
2676 
2677 
2678 
2679 
2680 
2681 
2682 
2683 
2684 
2685 
2686 
2687 
2689 
2690 
2691 
2692 
2693 
2698 
2699 
2700 
2701 
2702 
2703 
2704 
2705 
2706 
2707 
2708 
2709 
2710 
2711 
2712 
2715 
2716 
2717 
2718 
2719 
2723 
2724 
2725 
2726 
2727 
2728 
2729 
2730 
2731 
2732 
2733 
2734 
2735 
2736 
2737 
2738 
2739 
2740 
2741 
2742 
2743 
2744 
2745 
2746 
2747 
2749 
2750 
2751 
2752 
2753 
2754 
2755 
2756 
2757 
2758 
2759 
2760 
2761 
2762 
2765 
2766 
2767 
2768 
2769 
2770 
2771 
2772 
2773 
2774 
2775 
2776 
2777 
2778 
2779 
2780 
2781 
2782 
2783 
2784 
2785 
2786 
2787 
2793 
2794 
2795 
2796 
2797 
2798 
2799 
2800 
2801 
2802 
2803 
2804 
2805 
2806 
2807 
2809 
2810 
2811 
2812 
2813 
2818 
2819 
2820 
2821 
2822 
2823 
2824 
2825 
2826 
2827 
2828 
2829 
2832 
2833 
2834 
2835 
2836 
2837 
2838 
2839 
2840 
2841 
2843 
2844 
2845 
2846 
2847 
2848 
2849 
2850 
2851 
2852 
2853 
2854 
2855 
2856 
2857 
2858 
2859 
2860 
2861 
2862 
2863 
2864 
2865 
2866 
2867 
2868 
2869 
2870 
2871 
2872 
2873 
2874 
2875 
2876 
2877 
2878 
2879 
2880 
2881 
2887 
2888 
2889 
2890 
2891 
2892 
2893 
2894 
2895 
2896 
2897 
2898 
2899 
2900 
2901 
2902 
2903 
2904 
2905 
2906 
2912 
2913 
2914 
2915 
2916 
2917 
2918 
2919 
2920 
2921 
2922 
2923 
2924 
2925 
2926 
2932 
2933 
2934 
2935 
2936 
2937 
2938 
2939 
2940 
2941 
2947 
2948 
2949 
2950 
2951 
3012 
3013 
3014 
3015 
3016 
3017 
3018 
3019 
3020 
3021 
3022 
3023 
3028 
3029 
3030 
3031 
3032 
3033 
3034 
3035 
3040 
3041 
3042 
3043 
3044 
3045 
3046 
3047 
3052 
3053 
3054 
3055 
3056 
3057 
3058 
3059 
3060 
3061 
3062 
3063 
3064 
3065 
3066 
3067 
3068 
3069 
3072 
3073 
3074 
3075 
3076 
3080 
3081 
3082 
3083 
3084 
3085 
3086 
3087 
3088 
3089 
3090 
3091 
3092 
3093 
3094 
3098 
3099 
3100 
3101 
3102 
3105 
3106 
3107 
3108 
3109 
3110 
3111 
3112 
3113 
3114 
3115 
3116 
3117 
3118 
3119 
3120 
3125 
3126 
3127 
3128 
3129 
3130 
3131 
3132 
3133 
3134 
3135 
3136 
3140 
3141 
3142 
3143 
3144 
3145 
3146 
3147 
3148 
3149 
3150 
3151 
3152 
3155 
3156 
3157 
3158 
3159 
3160 
3161 
3162 
3163 
3164 
3166 
3167 
3168 
3169 
3170 
3175 
3176 
3177 
3178 
3179 
3180 
3181 
3182 
3183 
3184 
3185 
3186 
3187 
3188 
3189 
3192 
3193 
3194 
3195 
3196 
3200 
3201 
3202 
3203 
3204 
3205 
3206 
3207 
3208 
3209 
3210 
3211 
3212 
3216 
3217 
3218 
3219 
3221 
3222 
3223 
3224 
3225 
3226 
3227 
3228 
3229 
3230 
3233 
3234 
3235 
3236 
3237 
3238 
3239 
3240 
3241 
3245 
3246 
3247 
3248 
3249 
3250 
3251 
3252 
3253 
3254 
3255 
3256 
3257 
3258 
3259 
3260 
3261 
3267 
3268 
3269 
3270 
3271 
3272 
3273 
3274 
3275 
3276 
3277 
3278 
3279 
3280 
3281 
3282 
3283 
3284 
3285 
3286 
3292 
3293 
3294 
3295 
3296 
3362 
3363 
3364 
3365 
3366 
3367 
3368 
3369 
3370 
3371 
3372 
3373 
3374 
3375 
3376 
3377 
3378 
3379 
3380 
3381 
3387 
3388 
3389 
3390 
3391 
3392 
3393 
3394 
3395 
3396 
3397 
3398 
3399 
3400 
3401 
3402 
3403 
3404 
3409 
3410 
3411 
3412 
3415 
3416 
3417 
3418 
3419 
3420 
3421 
3422 
3423 
3424 
3426 
3427 
3428 
3429 
3430 
3431 
3432 
3433 
3434 
3435 
3436 
3437 
3438 
3439 
3440 
3441 
3442 
3443 
3444 
3445 
3446 
3447 
3448 
3452 
3453 
3454 
3455 
3458 
3459 
3460 
3461 
3462 
3463 
3464 
3465 
3466 
3467 
3468 
3469 
3470 
3471 
3472 
3477 
3478 
3479 
3480 
3481 
3483 
3484 
3485 
3486 
3487 
3488 
3489 
3490 
3491 
3492 
3493 
3494 
3495 
3496 
3497 
3503 
3504 
3505 
3506 
3507 
3508 
3509 
3510 
3511 
3512 
3518 
3519 
3520 
3521 
3522 
3523 
3524 
3525 
3526 
3527 
3533 
3534 
3535 
3536 
3537 
3538 
3539 
3540 
3541 
3542 
3545 
3546 
3547 
3548 
3549 
3553 
3554 
3555 
3556 
3557 
3558 
3559 
3560 
3561 
3562 
3563 
3564 
3565 
3566 
3567 
3571 
3572 
3573 
3574 
3575 
3578 
3579 
3580 
3581 
3582 
3583 
3584 
3585 
3586 
3587 
3588 
3589 
3590 
3591 
3596 
3597 
3598 
3599 
3600 
3601 
3602 
3603 
3608 
3609 
3610 
3611 
3612 
3613 
3614 
3615 
3620 
3621 
3622 
3623 
3624 
3625 
3626 
3627 
3632 
3633 
3634 
3635 
3636 
3637 
3638 
3639 
3698 
3699 
3700 
3701 
3702 
3703 
3704 
3708 
3709 
3710 
3711 
3712 
3713 
3714 
3715 
3716 
3717 
3718 
3719 
3720 
3723 
3724 
3725 
3726 
3727 
3728 
3729 
3730 
3731 
3732 
3738 
3739 
3740 
3741 
3742 
3743 
3744 
3745 
3746 
3747 
3748 
3749 
3750 
3751 
3752 
3753 
3754 
3755 
3756 
3757 
3763 
3764 
3765 
3766 
3767 
3768 
3769 
3770 
3771 
3772 
3773 
3774 
3775 
3776 
3777 
3778 
3779 
3780 
3781 
3786 
3787 
3788 
3789 
3790 
3791 
3792 
3793 
3794 
3795 
3796 
3798 
3799 
3800 
3801 
3802 
3803 
3804 
3805 
3806 
3807 
3810 
3811 
3812 
3813 
3814 
3815 
3816 
3817 
3818 
3822 
3823 
3824 
3825 
3830 
3831 
3832 
3833 
3834 
3835 
3836 
3837 
3838 
3839 
3840 
3841 
3842 
3843 
3844 
3845 
3846 
3852 
3853 
3854 
3855 
3856 
3857 
3858 
3859 
3860 
3861 
3862 
3863 
3864 
3865 
3866 
3867 
3868 
3869 
3870 
3871 
3877 
3878 
3879 
3880 
3881 
3882 
3883 
3884 
3885 
3886 
3888 
3889 
3890 
3891 
3892 
3893 
3894 
3895 
3896 
3897 
3898 
3899 
3900 
3901 
3904 
3905 
3906 
3907 
3908 
3909 
3910 
3911 
3912 
3913 
3914 
3915 
3916 
3920 
3921 
3922 
3923 
3924 
3927 
3928 
3929 
3930 
3931 
3932 
3933 
3934 
3935 
3936 
3937 
3938 
3939 
3940 
3941 
3946 
3947 
3948 
3949 
3950 
3952 
3953 
3954 
3955 
3956 
3957 
3958 
3959 
3960 
3961 
3962 
3963 
3964 
3965 
3966 
3971 
3972 
3973 
3974 
4040 
4041 
4042 
4043 
4044 
4045 
4046 
4047 
4048 
4049 
4050 
4051 
4052 
4053 
4054 
4057 
4058 
4059 
4060 
4061 
4065 
4066 
4067 
4068 
4069 
4070 
4071 
4072 
4073 
4074 
4080 
4081 
4082 
4083 
4084 
4085 
4086 
4087 
4088 
4089 
4095 
4096 
4097 
4098 
4099 
4100 
4101 
4102 
4103 
4104 
4110 
4111 
4112 
4113 
4114 
4115 
4116 
4117 
4118 
4119 
4120 
4121 
4122 
4123 
4124 
4125 
4126 
4127 
4128 
4129 
4135 
4136 
4137 
4138 
4139 
4140 
4141 
4142 
4143 
4144 
4145 
4146 
4147 
4148 
4149 
4151 
4152 
4153 
4154 
4155 
4159 
4160 
4161 
4162 
4163 
4164 
4165 
4166 
4167 
4168 
4169 
4170 
4171 
4172 
4173 
4174 
4179 
4180 
4181 
4182 
4183 
4184 
4185 
4186 
4191 
4192 
4193 
4194 
4195 
4196 
4197 
4198 
4203 
4204 
4205 
4206 
4207 
4208 
4209 
4210 
4211 
4212 
4213 
4214 
4215 
4216 
4217 
4218 
4223 
4224 
4225 
4226 
4227 
4228 
4229 
4230 
4231 
4232 
4233 
4234 
4235 
4236 
4237 
4238 
4239 
4240 
4241 
4247 
4248 
4249 
4250 
4251 
4252 
4253 
4254 
4255 
4256 
4257 
4258 
4259 
4260 
4261 
4262 
4263 
4267 
4268 
4269 
4270 
4271 
4272 
4273 
4274 
4275 
4276 
4277 
4278 
4279 
4282 
4283 
4284 
4285 
4286 
4287 
4288 
4289 
4290 
4291 
4292 
4293 
4294 
4295 
4297 
4298 
4299 
4300 
4301 
4302 
4303 
4304 
4305 
4306 
4307 
4308 
4309 
4310 
4311 
4378 
4379 
4380 
4381 
4382 
4383 
4384 
4385 
4386 
4390 
4391 
4392 
4393 
4394 
4395 
4396 
4397 
4398 
4399 
4400 
4401 
4404 
4405 
4406 
4407 
4410 
4411 
4412 
4413 
4414 
4415 
4416 
4417 
4418 
4419 
4420 
4421 
4422 
4426 
4427 
4428 
4429 
4430 
4433 
4434 
4435 
4436 
4437 
4438 
4439 
4440 
4441 
4442 
4444 
4445 
4446 
4447 
4448 
4449 
4450 
4451 
4452 
4453 
4454 
4455 
4456 
4457 
4460 
4461 
4462 
4463 
4464 
4465 
4466 
4467 
4468 
4469 
4470 
4471 
4472 
4476 
4477 
4478 
4479 
4480 
4481 
4482 
4483 
4484 
4485 
4486 
4487 
4488 
4489 
4490 
4491 
4492 
4494 
4495 
4496 
4497 
4498 
4503 
4504 
4505 
4506 
4507 
4508 
4509 
4510 
4511 
4512 
4513 
4514 
4515 
4516 
4517 
4520 
4521 
4522 
4523 
4524 
4528 
4529 
4530 
4531 
4532 
4533 
4534 
4535 
4536 
4537 
4538 
4539 
4543 
4544 
4545 
4546 
4547 
4548 
4549 
4550 
4551 
4554 
4555 
4556 
4557 
4558 
4559 
4560 
4561 
4562 
4563 
4565 
4566 
4567 
4568 
4569 
4570 
4571 
4572 
4573 
4574 
4575 
4576 
4577 
4578 
4579 
4580 
4581 
4582 
4583 
4584 
4585 
4586 
4587 
4592 
4593 
4594 
4595 
4596 
4597 
4598 
4599 
4600 
4601 
4602 
4603 
4604 
4605 
4606 
4607 
4613 
4614 
4615 
4616 
4617 
4618 
4619 
4620 
4621 
4622 
4623 
4624 
4625 
4626 
4627 
4633 
4634 
4635 
4636 
4637 
4638 
4639 
4640 
4641 
4642 
4708 
4709 
4710 
4711 
4712 
4713 
4714 
4715 
4716 
4717 
4718 
4719 
4720 
4721 
4722 
4723 
4724 
4729 
4730 
4731 
4732 
4733 
4734 
4735 
4736 
4741 
4742 
4743 
4744 
4745 
4746 
4747 
4748 
4753 
4754 
4755 
4756 
4757 
4758 
4759 
4760 
4761 
4762 
4763 
4764 
4765 
4766 
4767 
4768 
4772 
4773 
4774 
4775 
4777 
4778 
4779 
4780 
4781 
4782 
4783 
4784 
4785 
4786 
4787 
4788 
4793 
4794 
4795 
4796 
4797 
4798 
4799 
4800 
4801 
4802 
4803 
4804 
4805 
4806 
4807 
4808 
4809 
4810 
4811 
4812 
4813 
4817 
4818 
4819 
4820 
4821 
4822 
4823 
4824 
4825 
4826 
4827 
4828 
4829 
4832 
4833 
4834 
4835 
4836 
4837 
4838 
4839 
4840 
4841 
4842 
4843 
4844 
4845 
4847 
4848 
4849 
4850 
4851 
4852 
4853 
4854 
4855 
4856 
4859 
4860 
4861 
4862 
4863 
4867 
4868 
4869 
4870 
4871 
4872 
4873 
4874 
4875 
4876 
4877 
4878 
4879 
4880 
4881 
4885 
4886 
4887 
4888 
4889 
4892 
4893 
4894 
4895 
4896 
4897 
4898 
4899 
4900 
4901 
4902 
4903 
4904 
4909 
4910 
4911 
4912 
4913 
4914 
4915 
4916 
4917 
4918 
4919 
4920 
4921 
4922 
4923 
4925 
4926 
4927 
4928 
4929 
4930 
4931 
4932 
4933 
4934 
4937 
4938 
4939 
4940 
4941 
4942 
4943 
4944 
4945 
4946 
4947 
4948 
4949 
4950 
4951 
4952 
4957 
4958 
4959 
4960 
4961 
4962 
4963 
4964 
4965 
4966 
4967 
4968 
4969 
4970 
4971 
4972 
5035 
5036 
5037 
5038 
5039 
5045 
5046 
5047 
5048 
5049 
5050 
5051 
5052 
5053 
5054 
5055 
5056 
5057 
5058 
5059 
5060 
5061 
5062 
5063 
5064 
5070 
5071 
5072 
5073 
5074 
5075 
5076 
5077 
5078 
5079 
5080 
5081 
5082 
5083 
5084 
5085 
5086 
5087 
5092 
5093 
5094 
5095 
5096 
5097 
5098 
5099 
5100 
5101 
5102 
5103 
5105 
5106 
5107 
5108 
5112 
5113 
5114 
5115 
5116 
5117 
5118 
5119 
5120 
5121 
5122 
5123 
5126 
5127 
5128 
5129 
5132 
5133 
5134 
5135 
5136 
5137 
5138 
5139 
5140 
5141 
5142 
5143 
5147 
5148 
5149 
5150 
5152 
5153 
5154 
5155 
5156 
5157 
5158 
5159 
5160 
5161 
5162 
5163 
5168 
5169 
5170 
5171 
5172 
5173 
5174 
5175 
5176 
5177 
5178 
5179 
5180 
5181 
5182 
5183 
5184 
5185 
5186 
5192 
5193 
5194 
5195 
5196 
5197 
5198 
5199 
5200 
5201 
5202 
5203 
5204 
5205 
5206 
5207 
5208 
5209 
5210 
5211 
5217 
5218 
5219 
5220 
5221 
5222 
5223 
5224 
5225 
5226 
5227 
5228 
5229 
5230 
5231 
5232 
5233 
5234 
5235 
5236 
5242 
5243 
5244 
5245 
5246 
5247 
5248 
5249 
5250 
5251 
5252 
5253 
5254 
5255 
5256 
5257 
5258 
5259 
5260 
5261 
5266 
5267 
5268 
5269 
5314 
5315 
5316 
5317 
5320 
5321 
5322 
5323 
5326 
5327 
5328 
5329 
5330 
5331 
5332 
5333 
5334 
5335 
5336 
5337 
5341 
5342 
5343 
5344 
5346 
5347 
5348 
5349 
5350 
5351 
5352 
5353 
5354 
5355 
5356 
5357 
5362 
5363 
5364 
5365 
5366 
5368 
5369 
5370 
5371 
5372 
5373 
5374 
5375 
5376 
5377 
5378 
5379 
5380 
5381 
5382 
5388 
5389 
5390 
5391 
5392 
5393 
5394 
5395 
5396 
5397 
5398 
5399 
5400 
5401 
5402 
5403 
5404 
5405 
5406 
5407 
5413 
5414 
5415 
5416 
5417 
5418 
5419 
5420 
5421 
5422 
5423 
5424 
5425 
5426 
5427 
5428 
5429 
5430 
5431 
5432 
5438 
5439 
5440 
5441 
5442 
5443 
5444 
5445 
5446 
5447 
5448 
5449 
5450 
5451 
5452 
5453 
5454 
5459 
5460 
5461 
5462 
5463 
5464 
5465 
5466 
5467 
5468 
5469 
5470 
5471 
5472 
5473 
5474 
5479 
5480 
5481 
5482 
5483 
5484 
5485 
5486 
5487 
5488 
5489 
5490 
5492 
5493 
5494 
5495 
5499 
5500 
5501 
5502 
5503 
5504 
5505 
5506 
5507 
5508 
5509 
5510 
5513 
5514 
5515 
5516 
5519 
5520 
5521 
5522 
5523 
5524 
5525 
5526 
5527 
5528 
5529 
5530 
5534 
5535 
5536 
5537 
5593 
5594 
5595 
5596 
5597 
5598 
5599 
5600 
5601 
5602 
5608 
5609 
5610 
5611 
5612 
5613 
5614 
5615 
5616 
5617 
5618 
5619 
5620 
5621 
5622 
5623 
5624 
5625 
5626 
5631 
5632 
5633 
5634 
5635 
5636 
5637 
5638 
5639 
5640 
5641 
5642 
5643 
5644 
5645 
5646 
5651 
5652 
5653 
5654 
5655 
5656 
5657 
5658 
5659 
5660 
5661 
5662 
5663 
5664 
5665 
5666 
5671 
5672 
5673 
5674 
5675 
5676 
5677 
5678 
5679 
5680 
5681 
5682 
5684 
5685 
5686 
5687 
5691 
5692 
5693 
5694 
5695 
5696 
5697 
5698 
5699 
5700 
5701 
5702 
5705 
5706 
5707 
5708 
5711 
5712 
5713 
5714 
5715 
5716 
5717 
5718 
5719 
5720 
5721 
5722 
5726 
5727 
5728 
5729 
5732 
5733 
5734 
5735 
5736 
5737 
5738 
5739 
5740 
5741 
5742 
5743 
5744 
5745 
5746 
5751 
5752 
5753 
5754 
5755 
5757 
5758 
5759 
5760 
5761 
5762 
5763 
5764 
5765 
5766 
5767 
5768 
5769 
5770 
5771 
5777 
5778 
5779 
5780 
5781 
5782 
5783 
5784 
5785 
5786 
5787 
5788 
5789 
5790 
5791 
5792 
5793 
5794 
5795 
5796 
5802 
5803 
5804 
5805 
5806 
5807 
5808 
5809 
5810 
5811 
5812 
5813 
5814 
5815 
5816 
5817 
5866 
5867 
5868 
5869 
5870 
5871 
5872 
5873 
5875 
5876 
5877 
5878 
5882 
5883 
5884 
5885 
5886 
5887 
5888 
5889 
5890 
5891 
5892 
5893 
5896 
5897 
5898 
5899 
5902 
5903 
5904 
5905 
5906 
5907 
5908 
5909 
5910 
5911 
5912 
5913 
5914 
5918 
5919 
5920 
5921 
5922 
5925 
5926 
5927 
5928 
5929 
5930 
5931 
5932 
5933 
5934 
5935 
5936 
5937 
5938 
5939 
5944 
5945 
5946 
5947 
5948 
5950 
5951 
5952 
5953 
5954 
5955 
5956 
5957 
5958 
5959 
5960 
5961 
5962 
5963 
5964 
5970 
5971 
5972 
5973 
5974 
5975 
5976 
5977 
5978 
5979 
5980 
5981 
5982 
5983 
5984 
5985 
5986 
5987 
5992 
5993 
5994 
5995 
5996 
5997 
5998 
5999 
6000 
6001 
6002 
6003 
6004 
6005 
6006 
6007 
6012 
6013 
6014 
6015 
6016 
6017 
6018 
6019 
6020 
6021 
6022 
6023 
6024 
6025 
6026 
6027 
6032 
6033 
6034 
6035 
6036 
6037 
6038 
6039 
6040 
6041 
6042 
6043 
6044 
6045 
6046 
6047 
6052 
6053 
6054 
6055 
6056 
6057 
6058 
6059 
6060 
6061 
6062 
6063 
6065 
6066 
6067 
6068 
6072 
6073 
6074 
6075 
6076 
6077 
6078 
6079 
6080 
6081 
6082 
6083 
6142 
6143 
6144 
6145 
6146 
6147 
6148 
6149 
6150 
6151 
6152 
6153 
6154 
6155 
6156 
6161 
6162 
6163 
6164 
6165 
6166 
6167 
6168 
6169 
6170 
6171 
6172 
6173 
6174 
6175 
6176 
6181 
6182 
6183 
6184 
6185 
6186 
6187 
6188 
6189 
6190 
6191 
6192 
6193 
6194 
6195 
6196 
6201 
6202 
6203 
6204 
6205 
6206 
6207 
6208 
6209 
6210 
6211 
6212 
6213 
6214 
6215 
6216 
6221 
6222 
6223 
6224 
6225 
6226 
6227 
6228 
6229 
6230 
6231 
6232 
6233 
6234 
6235 
6236 
6241 
6242 
6243 
6244 
6245 
6246 
6247 
6248 
6249 
6250 
6251 
6252 
6254 
6255 
6256 
6257 
6261 
6262 
6263 
6264 
6265 
6266 
6267 
6268 
6269 
6270 
6271 
6272 
6275 
6276 
6277 
6278 
6279 
6283 
6284 
6285 
6286 
6287 
6288 
6289 
6290 
6291 
6292 
6293 
6294 
6295 
6296 
6297 
6301 
6302 
6303 
6304 
6305 
6308 
6309 
6310 
6311 
6312 
6313 
6314 
6315 
6316 
6317 
6318 
6319 
6320 
6321 
6322 
6327 
6328 
6329 
6330 
6331 
6333 
6334 
6335 
6336 
6337 
6338 
6339 
6340 
6341 
6342 
6343 
6344 
6349 
6350 
6351 
6352 
6353 
6354 
6355 
6356 
6357 
6358 
6359 
6360 
6409 
6410 
6411 
6412 
6413 
6414 
6415 
6416 
6417 
6418 
6419 
6420 
6421 
6422 
6423 
6424 
6429 
6430 
6431 
6432 
6433 
6434 
6435 
6436 
6437 
6438 
6439 
6440 
6442 
6443 
6444 
6445 
6449 
6450 
6451 
6452 
6453 
6454 
6455 
6456 
6457 
6458 
6459 
6460 
6461 
6464 
6465 
6466 
6467 
6468 
6472 
6473 
6474 
6475 
6476 
6477 
6478 
6479 
6480 
6481 
6482 
6483 
6484 
6485 
6486 
6490 
6491 
6492 
6493 
6494 
6497 
6498 
6499 
6500 
6501 
6502 
6503 
6504 
6505 
6506 
6507 
6508 
6509 
6510 
6515 
6516 
6517 
6518 
6519 
6520 
6521 
6522 
6523 
6524 
6525 
6526 
6527 
6528 
6529 
6530 
6535 
6536 
6537 
6538 
6539 
6540 
6541 
6542 
6543 
6544 
6545 
6546 
6547 
6548 
6549 
6550 
6555 
6556 
6557 
6558 
6559 
6560 
6561 
6562 
6563 
6564 
6565 
6566 
6567 
6568 
6569 
6570 
6575 
6576 
6577 
6578 
6579 
6580 
6581 
6582 
6583 
6584 
6585 
6586 
6587 
6588 
6589 
6590 
6595 
6596 
6597 
6598 
6599 
6600 
6601 
6602 
6603 
6604 
6605 
6606 
6607 
6608 
6609 
6610 
6615 
6616 
6617 
6618 
6619 
6620 
6621 
6622 
6678 
6679 
6680 
6681 
6682 
6684 
6685 
6686 
6687 
6688 
6689 
6690 
6691 
6692 
6693 
6694 
6695 
6700 
6701 
6702 
6703 
6704 
6705 
6706 
6707 
6708 
6709 
6710 
6711 
6712 
6713 
6714 
6715 
6720 
6721 
6722 
6723 
6724 
6725 
6726 
6727 
6728 
6729 
6730 
6731 
6732 
6733 
6734 
6735 
6740 
6741 
6742 
6743 
6744 
6745 
6746 
6747 
6748 
6749 
6750 
6751 
6752 
6753 
6754 
6755 
6760 
6761 
6762 
6763 
6764 
6765 
6766 
6767 
6768 
6769 
6770 
6771 
6772 
6773 
6774 
6775 
6780 
6781 
6782 
6783 
6784 
6785 
6786 
6787 
6788 
6789 
6790 
6791 
6792 
6793 
6794 
6795 
6800 
6801 
6802 
6803 
6804 
6805 
6806 
6807 
6808 
6809 
6810 
6811 
6813 
6814 
6815 
6816 
6817 
6822 
6823 
6824 
6825 
6826 
6827 
6828 
6829 
6830 
6831 
6832 
6833 
6834 
6835 
6836 
6839 
6840 
6841 
6842 
6843 
6847 
6848 
6849 
6850 
6851 
)

// ************************************************************************* //
