/*--------------------------------*- C++ -*----------------------------------*\
| =========                 |                                                 |
| \\      /  F ield         | OpenFOAM: The Open Source CFD Toolbox           |
|  \\    /   O peration     | Version:  2.3.1                                 |
|   \\  /    A nd           | Web:      www.OpenFOAM.org                      |
|    \\/     M anipulation  |                                                 |
\*---------------------------------------------------------------------------*/
FoamFile
{
    version     2.0;
    format      ascii;
    class       volScalarField;
    location    "600";
    object      nut;
}
// * * * * * * * * * * * * * * * * * * * * * * * * * * * * * * * * * * * * * //

dimensions      [0 2 -1 0 0 0 0];

internalField   nonuniform List<scalar> 
6852
(
0.00413905
0.00347332
0.00269866
0.00204972
0.00280016
0.00224028
0.0020194
0.00170537
0.00130846
0.00212927
0.00236632
0.00222716
0.00196642
0.00158787
0.00257465
0.00235933
0.0022971
0.00208902
0.00173347
0.00290834
0.00230486
0.00231185
0.00216163
0.00184788
0.00322166
0.00241288
0.00242418
0.00228357
0.0019846
0.00355324
0.00255444
0.00256018
0.00241901
0.00212691
0.00388748
0.00270229
0.0025549
0.00226553
0.00420973
0.00284371
0.00268511
0.00239512
0.00450823
0.00297697
0.00280315
0.00251027
0.00477112
0.00309441
0.00290269
0.00260579
0.00498702
0.00318639
0.0029766
0.00267643
0.00514557
0.00324434
0.00301937
0.0027183
0.00523948
0.00326217
0.00302809
0.00272951
0.00526589
0.003238
0.00300293
0.00271032
0.00522671
0.00317433
0.00294687
0.0026628
0.00512818
0.00307715
0.0028648
0.00259024
0.00497981
0.0029544
0.00276241
0.00249548
0.00479546
0.00281445
0.00264481
0.00238267
0.00458571
0.00266461
0.00251266
0.00226117
0.00435764
0.00250844
0.0023739
0.00213286
0.00411916
0.00235359
0.00223098
0.00199977
0.00387019
0.00220147
0.00208491
0.00186341
0.00361033
0.00205154
0.00193656
0.0017247
0.00334019
0.00190303
0.00178656
0.00158413
0.003061
0.00175519
0.0016355
0.00144272
0.0027743
0.00160775
0.00148469
0.00130391
0.00248146
0.00146152
0.00133621
0.00116982
0.00218446
0.00131972
0.00119526
0.0010431
0.00189372
0.00118915
0.00107145
0.000929438
0.0016398
0.00108192
0.000972818
0.000840436
0.00149362
0.0010051
0.000901329
0.000777488
0.00140543
0.000952566
0.000851874
0.000738794
0.00137423
0.000911518
0.000814439
0.00072015
0.00138044
0.00086962
0.000779605
0.000705492
0.00138811
0.000821347
0.000744731
0.000684687
0.00137577
0.000774912
0.000710033
0.00065544
0.00134064
0.00073614
0.000682063
0.000626065
0.0012883
0.000718763
0.000667576
0.0006082
0.00122994
0.000729492
0.000677467
0.000611603
0.00118484
0.00157389
0.00148529
0.00132907
0.00180048
0.00193304
0.00162788
0.00125279
0.000916131
0.00180489
0.00170281
0.00170277
0.00162032
0.00147177
0.00103015
0.0014129
0.00149095
0.00152236
0.00148233
0.00117117
0.00131648
0.00135641
0.00143489
0.00146739
0.00125784
0.00137684
0.00131727
0.00138645
0.00146124
0.00135964
0.00153782
0.00137264
0.00139795
0.00148117
0.00148128
0.00165131
0.00144032
0.00143872
0.00152116
0.00161485
0.00171811
0.00149984
0.00149052
0.001573
0.00175242
0.00154984
0.00154556
0.0016305
0.00188816
0.00159254
0.00160049
0.00168946
0.00201712
0.0016311
0.00165394
0.0017471
0.00213471
0.00167002
0.00170527
0.00180136
0.00223658
0.0017116
0.00175318
0.00185048
0.00231895
0.00175472
0.00179562
0.00189304
0.00237919
0.00179569
0.00183036
0.00192809
0.00241604
0.00183035
0.00185575
0.00195544
0.00242957
0.00185562
0.00187121
0.00197572
0.00242086
0.00187024
0.00187736
0.0019903
0.00239177
0.00187453
0.00187575
0.0020011
0.00234416
0.00187002
0.00186877
0.00201023
0.00227956
0.00185899
0.00185911
0.00202003
0.00219725
0.00184406
0.00184976
0.00202784
0.00209665
0.00182801
0.00184373
0.00203365
0.00198285
0.00181365
0.00184609
0.00203549
0.00186019
0.00180447
0.00185919
0.00203337
0.00173269
0.00180508
0.00188292
0.0020275
0.00160287
0.00181916
0.00191654
0.00201503
0.00147044
0.00184987
0.00195882
0.00199612
0.00133462
0.00189911
0.00200493
0.00197024
0.00119457
0.00196702
0.00204745
0.00193585
0.00104981
0.00204343
0.00208227
0.00189009
0.000901271
0.00211789
0.00210404
0.00183131
0.000754483
0.0021824
0.00211087
0.00177693
0.000666727
0.00223054
0.00211086
0.00173904
0.000652539
0.00226551
0.00211289
0.00172152
0.000661843
0.00228901
0.00211183
0.00169572
0.000660142
0.00229373
0.00208761
0.00161215
0.00063952
0.00226703
0.00202007
0.0014654
0.000608695
0.0021936
0.00187262
0.00119823
0.000579815
0.00190867
0.00139095
0.000933435
0.000567699
0.000803524
0.000747243
0.00066223
0.00121549
0.00193361
0.00163245
0.00126247
0.000905893
0.00181555
0.00156331
0.00159217
0.00154951
0.00146232
0.00102652
0.00135007
0.00140331
0.00145068
0.00146201
0.00113315
0.00133737
0.00132729
0.00137156
0.00142768
0.00121061
0.00134713
0.00132323
0.00133257
0.00139977
0.00130765
0.00139645
0.00136586
0.00132605
0.00138594
0.00142515
0.00149329
0.0014229
0.00133397
0.00138591
0.00155688
0.00161558
0.00147592
0.00134691
0.00139843
0.00169585
0.00172592
0.00151058
0.00136002
0.00142103
0.00183628
0.00151957
0.00137121
0.00145084
0.00197349
0.00150473
0.00138077
0.00148552
0.00210311
0.00147646
0.00139088
0.00152343
0.00222075
0.00144878
0.00140409
0.00156323
0.00232221
0.00143068
0.00142133
0.00160345
0.00240407
0.0014249
0.00144186
0.00164259
0.00246404
0.00142958
0.00146405
0.0016793
0.002501
0.00144112
0.00148617
0.00171269
0.00251488
0.0014559
0.00150696
0.00174248
0.00250641
0.0014712
0.00152578
0.00176899
0.0024768
0.00148534
0.00154273
0.00179158
0.00242675
0.00149764
0.00155831
0.00180783
0.00235693
0.00150807
0.00157343
0.00182019
0.00227153
0.00151721
0.00159031
0.00182902
0.00217413
0.00152631
0.00161052
0.00183437
0.00206748
0.00153772
0.00163338
0.0018376
0.00195249
0.00155312
0.00165906
0.00183975
0.00182951
0.00157424
0.00168783
0.00184138
0.00169971
0.00160267
0.00172021
0.00184285
0.0015637
0.00163974
0.00175678
0.00184425
0.00142179
0.00168657
0.00179816
0.00184562
0.00127409
0.00174384
0.00184503
0.00184671
0.0011204
0.00181195
0.00189766
0.00184521
0.000960365
0.0018914
0.00195648
0.00183855
0.000796532
0.00198339
0.00202015
0.00183157
0.000644151
0.00208702
0.00209232
0.00185228
0.000623642
0.00219752
0.00217072
0.00188921
0.000643799
0.00230178
0.00223717
0.0019015
0.00064235
0.00237787
0.00225614
0.00184577
0.000619642
0.00240502
0.00219684
0.00159925
0.000592525
0.00223418
0.00186899
0.00117867
0.000582344
0.000852842
0.000785042
0.000693229
0.00125983
0.00188784
0.00158241
0.00121816
0.000867742
0.00175667
0.00155873
0.00155804
0.00148839
0.0013947
0.000997195
0.00144046
0.00147938
0.00149035
0.00146902
0.00110466
0.00142242
0.00144874
0.00146799
0.00147124
0.00119799
0.00141276
0.00144537
0.00145085
0.00145179
0.00131198
0.00140947
0.00145969
0.0014409
0.00142676
0.00144711
0.00142358
0.00148483
0.00143188
0.00140332
0.00159724
0.00145588
0.00151533
0.00141915
0.00138682
0.00175378
0.00150187
0.00154374
0.00140148
0.00137346
0.00190507
0.00155889
0.00156037
0.00138022
0.0013733
0.00204854
0.00155403
0.00136045
0.00138593
0.00218051
0.00152587
0.0013472
0.00140825
0.002297
0.00148715
0.00134205
0.00143695
0.0023943
0.00144927
0.00134517
0.00146897
0.00246961
0.00141966
0.00135544
0.00150173
0.00252124
0.00140103
0.00137101
0.0015333
0.00254867
0.0013928
0.00138985
0.00156249
0.0025524
0.00139287
0.00141023
0.00158877
0.00253376
0.00139884
0.00143088
0.00161218
0.00249459
0.00140861
0.00145107
0.00163309
0.00243699
0.00142065
0.00147049
0.00165196
0.00236326
0.00143396
0.00148923
0.00166935
0.002276
0.00144803
0.00150782
0.00168565
0.0021776
0.00146281
0.001527
0.0017011
0.00207003
0.00147869
0.00154749
0.00171605
0.00195469
0.00149625
0.00157011
0.00173087
0.00183245
0.00151634
0.00159577
0.00174586
0.00170353
0.00154
0.00162543
0.00176121
0.00156715
0.00156848
0.00165997
0.00177677
0.00142425
0.00160315
0.00170005
0.0017919
0.00127581
0.00164544
0.0017459
0.00180537
0.0011232
0.00169653
0.00179712
0.00181512
0.000967964
0.00175729
0.00185276
0.00181939
0.000811244
0.00182825
0.00191192
0.00181858
0.000663444
0.00191104
0.0019801
0.00184156
0.000597299
0.00200815
0.00206195
0.00188883
0.000626786
0.00211721
0.00214844
0.00192874
0.000635166
0.00222329
0.00220521
0.00190026
0.000619789
0.00230649
0.00218994
0.00169041
0.000597549
0.00222491
0.00193147
0.00128451
0.000586697
0.000863713
0.000797646
0.000703634
0.00127062
0.00172544
0.00141198
0.00105083
0.000781764
0.00160173
0.00165256
0.00156285
0.0014116
0.00128979
0.00091863
0.00162743
0.00159214
0.00151455
0.00143527
0.00104488
0.00161468
0.00159647
0.00154752
0.00148557
0.0011683
0.0015981
0.00158965
0.00155079
0.00147394
0.00130847
0.00158736
0.00157484
0.00153244
0.00142045
0.00145795
0.0015746
0.00155017
0.00149556
0.00136716
0.00161326
0.00154674
0.00151675
0.00144736
0.00133754
0.00176907
0.00150841
0.00147831
0.00140104
0.00133566
0.00191863
0.00146644
0.00144106
0.00136735
0.00135724
0.00205703
0.00142851
0.00141075
0.00135067
0.00139485
0.00218003
0.00139087
0.00135023
0.00144162
0.00228378
0.00138186
0.00136261
0.00149207
0.00236522
0.00138236
0.00138381
0.00154218
0.0024224
0.00139007
0.00141025
0.00158928
0.00245462
0.00140265
0.00143917
0.00163188
0.00246232
0.00141808
0.00146862
0.00166938
0.00244689
0.00143489
0.00149741
0.00170188
0.00241035
0.00145204
0.00152494
0.00172991
0.0023551
0.00146897
0.00155108
0.00175424
0.00228362
0.0014855
0.00157604
0.0017757
0.00219831
0.00150181
0.00160029
0.00179506
0.00210138
0.00151841
0.00162447
0.0018129
0.00199478
0.00153606
0.00164938
0.00182957
0.0018801
0.00155572
0.00167582
0.00184523
0.00175851
0.00157853
0.00170456
0.00185973
0.00163081
0.00160564
0.00173626
0.00187275
0.00149731
0.0016382
0.00177136
0.00188353
0.00135968
0.0016772
0.00180984
0.00189076
0.00121753
0.00172319
0.00185098
0.00189231
0.00107127
0.00177602
0.00189309
0.00188574
0.000924008
0.00183439
0.00193322
0.00186748
0.000780085
0.00189566
0.00196795
0.0018381
0.000638073
0.0019568
0.00199756
0.00181742
0.000609798
0.00201611
0.00202622
0.00181483
0.000627685
0.00207258
0.00205643
0.00182307
0.000641079
0.00212218
0.00208026
0.00181586
0.00063629
0.00215409
0.00206746
0.00169226
0.000616644
0.00215768
0.00198445
0.00137468
0.000589268
0.00198813
0.00167238
0.00108814
0.000580806
0.000826546
0.000770173
0.000686619
0.00124911
0.00313056
0.00247118
0.00188623
0.00152244
0.0022548
0.00151906
0.00125542
0.000996265
0.000844668
0.00171461
0.00160377
0.00132299
0.00109724
0.000970082
0.0020369
0.00168725
0.00141246
0.00120468
0.00109485
0.00236942
0.0017858
0.00151665
0.00132017
0.00122689
0.00271759
0.00189008
0.00162926
0.00144338
0.00136653
0.00306818
0.00199797
0.00174835
0.00157207
0.00150895
0.00341043
0.00210976
0.00187077
0.00170178
0.00164839
0.00373459
0.00222372
0.0019924
0.00182748
0.00177978
0.00403141
0.00233516
0.00210794
0.00194426
0.00189898
0.00429298
0.00243692
0.00221165
0.00204783
0.00200268
0.00451255
0.0025194
0.00229792
0.00213473
0.00208831
0.00468459
0.00236307
0.0022029
0.00215432
0.00480555
0.00240736
0.0022525
0.00220058
0.00487467
0.00243317
0.00228509
0.00222811
0.00489363
0.00244378
0.00230288
0.0022386
0.00486595
0.0024425
0.00230814
0.00223393
0.00479631
0.00243196
0.00230282
0.00221597
0.00468995
0.00241397
0.00228831
0.00218626
0.00455202
0.00238944
0.00226538
0.00214598
0.00438721
0.00235857
0.00223428
0.00209588
0.00419949
0.002321
0.00219481
0.00203637
0.00399208
0.00227604
0.00214645
0.00196754
0.00376737
0.0022228
0.00208847
0.00188921
0.00352692
0.00216037
0.00202009
0.00180106
0.00327151
0.00208786
0.00194053
0.00170273
0.00300128
0.0020045
0.00184912
0.00159397
0.0027174
0.00190976
0.00174545
0.00147455
0.00241777
0.00180342
0.00162943
0.00134448
0.00209893
0.0016857
0.00150167
0.00120469
0.00176299
0.00155764
0.00136424
0.0010602
0.00148585
0.00142152
0.00122137
0.000920555
0.00135143
0.00128121
0.00107905
0.000793396
0.00127734
0.00114262
0.000945761
0.000687628
0.00126222
0.00101371
0.000834823
0.000636178
0.00127913
0.000899668
0.000748362
0.00063527
0.00129455
0.000797223
0.000662839
0.000626686
0.00128649
0.000710713
0.000626246
0.000606713
0.00125723
0.000668412
0.000646309
0.000604358
0.0012239
0.000729095
0.000690674
0.000627414
0.00120585
0.0016118
0.00153841
0.0013827
0.00185713
0.000385786
0.000338872
0.000286558
0.000238146
0.000331888
0.000228919
0.000205204
0.000175545
0.000143552
0.000266219
0.000279609
0.0002574
0.000225716
0.000187357
0.000340741
0.000319283
0.00030081
0.000270003
0.000228059
0.000412841
0.000350297
0.00033643
0.000308134
0.000264528
0.000477216
0.000379412
0.000368064
0.000341766
0.000296971
0.000532656
0.000407068
0.000398851
0.000373494
0.000327217
0.000584241
0.000433706
0.000429378
0.000407318
0.000362234
0.000649277
0.000463502
0.000461654
0.000440857
0.000395861
0.000720681
0.000490682
0.00049093
0.000472555
0.000429577
0.00079718
0.000519268
0.000520941
0.00050507
0.000464422
0.000877529
0.000546672
0.000550199
0.000537604
0.000499576
0.000958996
0.000573153
0.000579161
0.000570341
0.000534696
0.00103948
0.00059913
0.000608071
0.000602625
0.000569093
0.00111686
0.000624737
0.000636935
0.000634123
0.000602127
0.00118927
0.000665604
0.000664433
0.000633183
0.00125519
0.00069391
0.000693161
0.000661725
0.00131357
0.000721179
0.000719814
0.000687303
0.0013638
0.00074599
0.000743776
0.000709579
0.00140575
0.000768608
0.000764891
0.000728443
0.00143967
0.000789033
0.000783129
0.00074393
0.00146603
0.000807154
0.000798464
0.000756113
0.00148528
0.000822731
0.000810802
0.000765028
0.00149773
0.000835304
0.000819928
0.000770618
0.00150343
0.000844487
0.000825558
0.000772737
0.00150224
0.000849784
0.000827331
0.000771174
0.00149384
0.000850585
0.000824835
0.000765696
0.00147799
0.000846259
0.000817683
0.000756139
0.00145461
0.000836277
0.000805636
0.000742515
0.0014241
0.000820406
0.000788776
0.00072513
0.00138746
0.000798903
0.000767595
0.000704636
0.0013463
0.000772787
0.000743112
0.000682045
0.00130271
0.000744386
0.000716925
0.000658619
0.00125878
0.00071641
0.000691232
0.000635674
0.00121586
0.000695935
0.000668799
0.000614126
0.00117343
0.000687351
0.000651197
0.000593616
0.00112771
0.000686469
0.000635589
0.000570909
0.00107026
0.000677893
0.000611866
0.00053823
0.000987572
0.000642945
0.000566845
0.000486899
0.000873312
0.000564776
0.000485254
0.00041075
0.000748753
0.000979992
0.000852699
0.000764634
0.00108738
0.000185495
0.000159268
0.000130258
0.000105876
0.000196134
0.000357954
0.000310405
0.000254164
0.000193885
0.000110012
0.00045178
0.000399741
0.000329508
0.000254892
0.000142494
0.000642363
0.000568293
0.000456774
0.000343777
0.00017842
0.000893054
0.000827731
0.000653845
0.000471005
0.000213674
0.00115467
0.00108828
0.000903043
0.00064025
0.000247971
0.0013857
0.00132163
0.00113741
0.000805092
0.000284541
0.00155875
0.00148774
0.00128682
0.000915198
0.000318623
0.00167584
0.00160338
0.00139013
0.000984758
0.000352945
0.00175606
0.00167909
0.00145494
0.0010205
0.000387298
0.00180378
0.00171738
0.00148384
0.00102778
0.000421481
0.0018296
0.00172364
0.00148016
0.00101168
0.000455083
0.00182998
0.00170193
0.00144217
0.000978604
0.000487806
0.00180596
0.00165619
0.00135936
0.000933321
0.000519241
0.00176208
0.00159319
0.00126439
0.00088535
0.000548939
0.00170415
0.00151964
0.00116977
0.000840733
0.000576441
0.00144155
0.00108262
0.000802465
0.000601347
0.00135551
0.00100581
0.000771348
0.000623384
0.00125351
0.000938961
0.000746777
0.00064244
0.00116085
0.000883645
0.000727886
0.000658566
0.00108641
0.000839982
0.000713767
0.000671913
0.00102867
0.000806594
0.00070352
0.000682652
0.000984918
0.00078166
0.000696298
0.000690907
0.000951614
0.000763276
0.000691312
0.000696705
0.000926785
0.000749811
0.000687845
0.000699965
0.000908754
0.000739906
0.000685251
0.00070051
0.000896152
0.000732457
0.000682953
0.00069812
0.000888323
0.000726655
0.000680451
0.000692605
0.00088543
0.000722094
0.000677382
0.000683905
0.000889416
0.000718947
0.000673602
0.000672201
0.000905082
0.000718278
0.000669296
0.000657973
0.000943339
0.000722743
0.000665155
0.000642006
0.0010308
0.000738836
0.000662842
0.000625258
0.00116604
0.000774611
0.000664894
0.000608586
0.00130731
0.000841615
0.000674107
0.000592235
0.00140938
0.000943767
0.00069145
0.000574961
0.00145174
0.00103908
0.000710376
0.000553045
0.00143942
0.00107469
0.000720492
0.000519723
0.00137432
0.00104646
0.000723171
0.000469483
0.00120863
0.000973406
0.000697785
0.000407882
0.000549851
0.000487718
0.000417754
0.000802294
0.000210068
0.000174116
0.000134915
0.000103837
0.000186734
0.000418728
0.000374789
0.000318489
0.000246281
0.000101845
0.000492491
0.000471069
0.00040785
0.000308491
0.000119656
0.000783109
0.000738886
0.000613221
0.000437872
0.000154614
0.00114022
0.00111171
0.000936339
0.000652984
0.000199319
0.00149275
0.00145039
0.00126364
0.000889867
0.000244192
0.00176937
0.00173234
0.00153039
0.00109566
0.000287406
0.00197227
0.00194729
0.00173754
0.0012515
0.000327847
0.00211402
0.0021012
0.00189009
0.00135937
0.000366629
0.0022101
0.00220336
0.00199334
0.00142337
0.000403809
0.00227023
0.00226202
0.00205335
0.00144866
0.000439478
0.0023104
0.00228658
0.00207611
0.00143978
0.000473555
0.00232665
0.00228367
0.00206813
0.00140393
0.000506063
0.00232169
0.00225965
0.00203333
0.00134783
0.00053693
0.00230088
0.00222043
0.001966
0.00127858
0.000565974
0.00227072
0.00217194
0.00187748
0.00120419
0.000592959
0.00223722
0.00211913
0.00177853
0.00113139
0.000617641
0.00206522
0.00167643
0.00106457
0.000639827
0.00200956
0.0015762
0.00100579
0.000659434
0.00194889
0.00148147
0.000955594
0.000676491
0.00188046
0.00139453
0.000913531
0.000691117
0.00181279
0.00131726
0.000878686
0.000703459
0.00175161
0.00125039
0.000849973
0.000713625
0.00169763
0.0011934
0.000826306
0.000721627
0.0016509
0.00114523
0.000806699
0.000727357
0.00161176
0.00110487
0.000790335
0.000730595
0.00158103
0.00107167
0.000776578
0.00073106
0.00156048
0.00104559
0.000764961
0.000728483
0.00155269
0.0010281
0.000755368
0.00072273
0.00157192
0.00102265
0.000748126
0.000713962
0.00162647
0.00103358
0.000744051
0.000702693
0.00169488
0.00106441
0.000744718
0.000689785
0.00173766
0.00113214
0.000754163
0.000676496
0.00175925
0.00123548
0.000776482
0.000664238
0.00176932
0.00133476
0.000808026
0.000653598
0.00176351
0.00140923
0.000849577
0.000643477
0.00173088
0.00143585
0.000899875
0.000629757
0.00167121
0.00141133
0.000938408
0.00060347
0.00159539
0.00134321
0.000940464
0.000556221
0.00144465
0.00122873
0.000909413
0.000489263
0.000625949
0.000565912
0.000487074
0.000968139
0.000251271
0.000206596
0.000159867
0.000113418
0.000215325
0.000444209
0.000404974
0.000357064
0.000292939
0.000134482
0.000458629
0.000474754
0.000448293
0.000367001
0.000137481
0.000784066
0.000783344
0.000697056
0.000522419
0.000154641
0.00127141
0.00121876
0.00105441
0.00075875
0.000194171
0.00168895
0.00162058
0.00140579
0.00100712
0.000243144
0.00199186
0.00193662
0.00169977
0.00122117
0.000291875
0.0021973
0.00216244
0.00192475
0.00138525
0.000337708
0.00232768
0.00231095
0.00208378
0.00149895
0.000380924
0.0024042
0.00239736
0.0021849
0.00156592
0.000421758
0.00243868
0.00243429
0.00223768
0.00159196
0.000460495
0.00244736
0.00243399
0.002251
0.00158224
0.000497175
0.00243179
0.00240758
0.0022353
0.00154494
0.000531899
0.0023986
0.00236501
0.00219953
0.0014879
0.000564668
0.00235613
0.00231495
0.00215068
0.00141881
0.00059536
0.00231297
0.0022643
0.00209216
0.00134448
0.000623777
0.00227539
0.00221767
0.00202589
0.00127027
0.000649721
0.00224732
0.00217753
0.00195583
0.00120005
0.000673057
0.00214483
0.00188518
0.00113618
0.000693734
0.00211786
0.00181602
0.00107964
0.000711803
0.00209545
0.00174981
0.00103041
0.000727385
0.00207618
0.00168754
0.000987934
0.000740611
0.00205795
0.00162981
0.000951357
0.000751552
0.00204122
0.00157706
0.000919794
0.000760185
0.00202685
0.00152977
0.000892516
0.000766358
0.00201678
0.00148887
0.000869036
0.000769824
0.00201087
0.00145537
0.000849098
0.000770273
0.00200842
0.00143132
0.00083285
0.00076742
0.00199896
0.00142818
0.000821549
0.000761215
0.00198149
0.00144657
0.000816841
0.000751986
0.0019644
0.00148618
0.000821338
0.000740617
0.00195354
0.00152976
0.000837224
0.000728707
0.00195001
0.00158233
0.000870756
0.000718401
0.00194676
0.0016333
0.000932238
0.000712179
0.00193334
0.00167417
0.00101984
0.000711861
0.00189949
0.00168717
0.00111899
0.000715853
0.00184229
0.00166063
0.00119574
0.000714758
0.0017708
0.00159246
0.00119036
0.000696318
0.00167813
0.00147994
0.00111267
0.0006537
0.00150747
0.0013152
0.00101034
0.000586316
0.000703776
0.0006438
0.000571589
0.00116311
0.000294077
0.000245256
0.000194012
0.000140919
0.000278255
0.000457311
0.00042339
0.00038479
0.000335848
0.000171965
0.000458283
0.00047739
0.000467905
0.000410404
0.00017847
0.000846561
0.000836698
0.000753382
0.000586711
0.000194705
0.0014533
0.00136219
0.00115857
0.000840447
0.000225911
0.00191403
0.0018131
0.00154433
0.00109583
0.00026804
0.00221424
0.00213562
0.00185021
0.00130844
0.000313737
0.00239499
0.00234219
0.00206774
0.00146525
0.000358974
0.00249138
0.00245817
0.00220705
0.0015683
0.000402708
0.00252986
0.00250592
0.00228171
0.00162292
0.000444628
0.00252343
0.00250199
0.00230534
0.00163627
0.000484808
0.00248755
0.00246094
0.00228939
0.00161409
0.000523161
0.00243145
0.00239751
0.00224665
0.00156547
0.000559675
0.00236342
0.00232413
0.00218799
0.00149862
0.00059427
0.00229404
0.00225097
0.00212357
0.00142178
0.000626725
0.0022335
0.00218576
0.0020605
0.00134234
0.000656751
0.00218841
0.00213327
0.00200417
0.00126595
0.00068405
0.00216096
0.0020951
0.00195613
0.00119614
0.000708425
0.00215054
0.00207052
0.00191083
0.00113415
0.000729835
0.0020579
0.0018685
0.00108019
0.000748356
0.00205424
0.00183059
0.00103379
0.000764113
0.00205697
0.00179787
0.000994166
0.00077721
0.00206302
0.00177069
0.000960483
0.000787679
0.00206975
0.0017494
0.000932005
0.000795446
0.00207504
0.00173445
0.000908248
0.000800318
0.00207816
0.00172664
0.00088908
0.00080203
0.00207938
0.00172604
0.000875632
0.000800306
0.00207896
0.00173015
0.000872791
0.000795034
0.0020769
0.00173445
0.000882211
0.000786596
0.00207336
0.00174004
0.0009075
0.000776074
0.0020691
0.00176203
0.000954151
0.000765363
0.00206127
0.00179168
0.0010276
0.000757198
0.00204752
0.00182388
0.00113494
0.000755396
0.00202483
0.00184825
0.00127496
0.000764149
0.0019895
0.0018531
0.0014237
0.000780192
0.00194018
0.00183119
0.00151945
0.000793412
0.00188142
0.00178189
0.00152407
0.000797316
0.00183051
0.00171432
0.00145573
0.000783148
0.00176647
0.00160089
0.0012884
0.000744396
0.00155621
0.00137072
0.00107944
0.000680984
0.000785911
0.000725044
0.000662296
0.00136262
0.000328933
0.000280465
0.000228319
0.000172542
0.00034222
0.000469398
0.000440848
0.00041085
0.000376908
0.000203381
0.000505354
0.000521058
0.000511824
0.000465222
0.000215189
0.00105101
0.000994618
0.000868952
0.000677753
0.00023975
0.00172098
0.00159517
0.00133046
0.000953818
0.000275004
0.00217225
0.00205282
0.00173469
0.00121016
0.000315287
0.00243254
0.00234431
0.00202639
0.00140913
0.000356881
0.00256489
0.002504
0.00221187
0.00154705
0.000398221
0.00261381
0.00256933
0.00231153
0.00162956
0.000438907
0.00260765
0.00256786
0.00234504
0.00166444
0.000478586
0.00256049
0.00251783
0.00232933
0.00166048
0.000517225
0.00249032
0.00243469
0.00227683
0.00162417
0.000554621
0.00240291
0.00233591
0.00219879
0.00156481
0.000590671
0.00230788
0.00223529
0.00210661
0.00148477
0.000625056
0.00222023
0.00214426
0.00201421
0.00139088
0.000657192
0.00215202
0.00207023
0.00193061
0.00129729
0.000686773
0.00210901
0.00201675
0.00186137
0.00121226
0.000713575
0.00209085
0.00198423
0.00180909
0.00113929
0.000737447
0.00209411
0.00197128
0.00177639
0.00107905
0.000758313
0.00211436
0.00197511
0.00176066
0.00103063
0.000776164
0.00199212
0.00175834
0.000992567
0.000791016
0.00201792
0.00176571
0.000963574
0.000802864
0.00204869
0.00177902
0.000942949
0.000811669
0.00208042
0.00179462
0.000930927
0.000817363
0.00210913
0.00180984
0.000928862
0.000819887
0.00213258
0.00182477
0.000939542
0.000819253
0.00214936
0.00184234
0.000964136
0.00081541
0.00215833
0.00186605
0.00100381
0.000808467
0.002157
0.00189232
0.0010647
0.000799901
0.0021449
0.00191671
0.00115285
0.000792089
0.00212496
0.0019387
0.00127473
0.000788578
0.00209753
0.0019527
0.00142172
0.000793978
0.00206299
0.00195307
0.0015738
0.000807798
0.00202203
0.00193412
0.00166817
0.000822923
0.00197644
0.00189759
0.00168248
0.000836881
0.00192975
0.00185409
0.00165667
0.000845433
0.00188686
0.00180969
0.00161195
0.000846843
0.00186766
0.00177204
0.00154899
0.000836328
0.0018698
0.00171887
0.00143204
0.00080782
0.00164508
0.00145458
0.00115855
0.000757086
0.000871394
0.000807267
0.000749003
0.00154137
0.000353187
0.000308377
0.000258523
0.000202685
0.000401945
0.00048676
0.000464386
0.000441844
0.000419248
0.000230887
0.000614749
0.000629012
0.000606365
0.000547795
0.000249398
0.00137218
0.00126123
0.00106975
0.000816157
0.000282161
0.00203629
0.00189016
0.00157208
0.00111197
0.000322577
0.002429
0.00230716
0.00196053
0.00135618
0.000364421
0.00262019
0.0025343
0.00220926
0.00152896
0.00040538
0.00269177
0.00262905
0.00234262
0.00163767
0.000445124
0.00269195
0.00263685
0.00239123
0.00169328
0.000483716
0.00265047
0.00258614
0.00237954
0.00170596
0.000521108
0.00257785
0.00249401
0.00232384
0.00168549
0.000557453
0.00248509
0.00237873
0.00222903
0.00164226
0.000592562
0.00237556
0.00225785
0.00211591
0.00156039
0.000626091
0.00226373
0.002145
0.00200113
0.00146046
0.000657502
0.00217054
0.00205191
0.00189794
0.00136001
0.000686487
0.00210781
0.00198487
0.00181381
0.00126663
0.000712941
0.00207803
0.00194551
0.00175241
0.00118579
0.000736808
0.00207651
0.00193195
0.00171438
0.00111948
0.000758018
0.00209646
0.00194051
0.00169855
0.00106791
0.000776506
0.00213083
0.00196667
0.00170257
0.00103081
0.000792226
0.00217263
0.00200524
0.00172346
0.00100751
0.000805112
0.0020509
0.00175775
0.000997785
0.000815074
0.00209805
0.00180155
0.00100241
0.000822034
0.00214122
0.00185037
0.0010235
0.000825988
0.00217457
0.00189951
0.00106453
0.000827086
0.0021953
0.00194494
0.0011302
0.000825682
0.00220264
0.0019836
0.00121563
0.000821943
0.00219717
0.002014
0.00132481
0.000817632
0.00217797
0.00203154
0.00145822
0.000815773
0.00214742
0.00203327
0.00159607
0.000819567
0.00211094
0.00202151
0.00171838
0.0008279
0.00206936
0.00198957
0.00176247
0.000836854
0.00202686
0.0019463
0.00174471
0.000844621
0.00198908
0.00190698
0.00170995
0.000848946
0.00195736
0.00187778
0.00168139
0.000851732
0.00192956
0.00185665
0.00166477
0.000857397
0.0019063
0.001839
0.00165062
0.000874685
0.0019094
0.00183308
0.0016264
0.000879743
0.00197471
0.00184993
0.00156645
0.000854867
0.00183865
0.00164659
0.00129767
0.00081499
0.000965535
0.000895934
0.000831863
0.00169209
0.00036826
0.000329671
0.000285094
0.00023236
0.000463253
0.000520089
0.00050628
0.000489061
0.00047075
0.000257662
0.000824368
0.000834297
0.000776452
0.000671614
0.000284655
0.00174341
0.00160481
0.00134176
0.000994812
0.00032364
0.00235106
0.00220211
0.00184875
0.00129482
0.000366863
0.00265016
0.00253795
0.00218716
0.00151412
0.000409471
0.00275934
0.0026806
0.00237046
0.00165534
0.00045044
0.00277263
0.00270602
0.00244133
0.00173197
0.000489782
0.00273977
0.00265985
0.00243834
0.00176182
0.000527776
0.0026796
0.00256764
0.00238408
0.00175528
0.000564294
0.00259531
0.00244892
0.00228516
0.00172659
0.000599274
0.00248972
0.0023173
0.00215992
0.00166283
0.000632138
0.00236648
0.00218986
0.00203076
0.00156517
0.000662436
0.00224808
0.00208027
0.00191333
0.00146102
0.000689763
0.00216074
0.00199973
0.00181957
0.00136763
0.000714121
0.00211184
0.00195184
0.00175475
0.00129195
0.000735742
0.00209812
0.00193463
0.00171981
0.00123412
0.00075491
0.00210997
0.00194306
0.00171227
0.00119292
0.000771885
0.00213829
0.00197111
0.00172816
0.00116693
0.000786832
0.00217519
0.0020119
0.00176219
0.00115828
0.000799779
0.00221309
0.0020587
0.00180903
0.00116677
0.000810565
0.00224649
0.00210527
0.00186342
0.00119374
0.000819012
0.0021467
0.0019205
0.0012421
0.00082507
0.00217823
0.00197495
0.00131553
0.000828963
0.00219528
0.00202127
0.00141617
0.000831265
0.00219788
0.00205501
0.0015374
0.000832906
0.00218838
0.00207384
0.0016596
0.000835233
0.00216879
0.00207628
0.00176818
0.000838837
0.00213845
0.00205404
0.0018224
0.000843147
0.00210142
0.00201111
0.00180633
0.000846249
0.00206614
0.00196772
0.00176463
0.000846524
0.00203593
0.00193304
0.00172319
0.000842941
0.00201182
0.00191084
0.00169621
0.000838107
0.00199326
0.00190094
0.00169103
0.000842264
0.00197753
0.00189853
0.00170451
0.000890868
0.00196132
0.00189766
0.00172823
0.000985418
0.00194617
0.00189525
0.00174603
0.00107652
0.00195462
0.00190409
0.00174599
0.00110838
0.00203448
0.00196203
0.00172643
0.00100794
0.00205616
0.00191828
0.00156904
0.000884569
0.00105693
0.000986812
0.000916918
0.00182072
0.000379744
0.000348845
0.000311378
0.000263891
0.000529113
0.000590555
0.000590036
0.000571081
0.000541764
0.000286252
0.00118589
0.00116421
0.00103542
0.000840338
0.000322293
0.00213417
0.0019821
0.00165519
0.00119671
0.000364869
0.00262865
0.00248947
0.00212109
0.00148007
0.000408542
0.00281456
0.00271704
0.00238329
0.00166523
0.000450441
0.00284668
0.00277177
0.00249001
0.00177232
0.000490618
0.00282285
0.00273531
0.00250055
0.00182139
0.000529431
0.00277602
0.00264682
0.00245174
0.00182976
0.000567166
0.00271181
0.00253266
0.00235311
0.0018112
0.000603277
0.00262831
0.00240452
0.00222393
0.0017669
0.000636856
0.00251784
0.00227134
0.00208377
0.00167524
0.000667224
0.00238778
0.00215057
0.00195573
0.001565
0.000693854
0.00227135
0.00205567
0.00185277
0.00146448
0.000716559
0.00219639
0.00199532
0.00178293
0.00138871
0.000735667
0.00216154
0.00196845
0.00174606
0.00134116
0.000751859
0.00215747
0.00196832
0.00173879
0.00132114
0.000765901
0.00217145
0.00198758
0.00175586
0.00132587
0.000778496
0.00219503
0.00201989
0.00179153
0.00135174
0.000790074
0.00222109
0.0020569
0.00183832
0.00139094
0.000800694
0.00224456
0.00209315
0.00188978
0.00144375
0.000810277
0.00226241
0.00212451
0.00194061
0.00150998
0.000818705
0.00227315
0.00214796
0.00198637
0.00158813
0.000825994
0.00216104
0.00202187
0.00167201
0.000832349
0.00216228
0.00204011
0.0017468
0.000837931
0.00215321
0.00203916
0.00179088
0.000842356
0.00213737
0.0020227
0.00179688
0.000844763
0.0021184
0.00199778
0.00177942
0.000844539
0.00209903
0.00197063
0.00174922
0.000840634
0.0020817
0.00194736
0.00171573
0.000832178
0.00206848
0.00193494
0.00169748
0.000821987
0.00205861
0.00193314
0.00170051
0.000823182
0.00205053
0.00193876
0.00172496
0.000883794
0.00204264
0.00194792
0.00176684
0.00101517
0.00203245
0.00195563
0.00181002
0.00116514
0.00201687
0.00195861
0.00184131
0.00130119
0.00199706
0.00195794
0.00185757
0.00140033
0.00199328
0.001969
0.00186225
0.00142615
0.00204751
0.00203059
0.00186866
0.00130128
0.00210752
0.00208134
0.00179708
0.000973016
0.00111279
0.00104629
0.000981925
0.00192685
0.000393461
0.000370771
0.000340708
0.000298937
0.000601258
0.000744543
0.000753212
0.000708992
0.00063821
0.000318219
0.00167326
0.00158245
0.00135537
0.0010357
0.00036153
0.00249812
0.00233848
0.00196891
0.00139812
0.00040532
0.00283922
0.00271696
0.00235707
0.0016496
0.000447721
0.00291501
0.00282968
0.00252768
0.00179816
0.000487716
0.00289666
0.00280813
0.00256089
0.00187488
0.000526344
0.00285966
0.00272491
0.00252128
0.00190018
0.000564206
0.00281591
0.00261849
0.00242693
0.00189159
0.000601276
0.00276014
0.00250149
0.0022964
0.00185555
0.000635763
0.00268779
0.00237967
0.00215382
0.00178105
0.000666308
0.00257821
0.00225671
0.00201615
0.00166035
0.000693092
0.00244665
0.00215154
0.00190562
0.00154792
0.00071529
0.00233786
0.00207658
0.0018284
0.0014636
0.00073301
0.00227588
0.0020358
0.00178643
0.00141435
0.000746841
0.00224943
0.00202336
0.00177346
0.001396
0.000757774
0.00224505
0.00202924
0.00178215
0.0014029
0.000766908
0.00225233
0.0020459
0.00180563
0.00142911
0.000775258
0.00226459
0.00206765
0.00183824
0.00146978
0.000783505
0.00227721
0.00208973
0.00187337
0.00151946
0.000791906
0.00228741
0.002109
0.00190692
0.00157248
0.000800357
0.00229394
0.0021235
0.00193535
0.00162295
0.000808417
0.00229654
0.00213213
0.00195592
0.00166582
0.00081552
0.00229582
0.00213485
0.00196692
0.00169665
0.000821025
0.00213275
0.00196834
0.00171205
0.000824115
0.00212822
0.00196288
0.00171115
0.00082363
0.00212409
0.00195602
0.00170224
0.000818472
0.00212193
0.00195161
0.00169303
0.000809227
0.00212236
0.00195263
0.00169233
0.000799508
0.0021249
0.00196001
0.00170592
0.000805052
0.0021283
0.00197291
0.00173908
0.000874119
0.00213099
0.00198865
0.00178986
0.0010247
0.00213139
0.0020029
0.00184109
0.00119897
0.00212822
0.00201404
0.00188096
0.00136923
0.00211855
0.00202238
0.00190869
0.00152363
0.00209682
0.00202696
0.0019267
0.00165165
0.00206126
0.00202618
0.00193748
0.00173993
0.00203022
0.00203121
0.00194696
0.00175694
0.00204075
0.00207757
0.00197079
0.00162642
0.00204897
0.00214461
0.00197594
0.00119387
0.00113477
0.00106177
0.00101383
0.00204625
0.000414203
0.000398408
0.000374611
0.000337862
0.000680707
0.00103094
0.00101796
0.000904426
0.000752172
0.000353782
0.00216503
0.00200296
0.00168049
0.00122639
0.000400853
0.00278264
0.00263024
0.0022431
0.00157593
0.000444139
0.00296588
0.00286276
0.00253197
0.00179045
0.000484167
0.0029662
0.00287445
0.0026112
0.00190707
0.000521499
0.00292894
0.00279692
0.00258536
0.0019576
0.000558089
0.00289756
0.00269666
0.00249879
0.00196184
0.000594466
0.00287071
0.00259424
0.00237056
0.00193531
0.000629186
0.00283319
0.0024909
0.00223005
0.00186657
0.000659082
0.00277931
0.00238733
0.00209309
0.00174918
0.000684777
0.00267482
0.00228243
0.00197609
0.0016221
0.00070635
0.00254803
0.00219708
0.00189455
0.00152847
0.000723353
0.00245066
0.00214135
0.00184563
0.0014721
0.000736053
0.00239572
0.00211467
0.00182581
0.00145004
0.000744969
0.00237016
0.00210698
0.00182551
0.00145143
0.000751003
0.00236157
0.00211038
0.00183661
0.00146816
0.000755269
0.0023613
0.00211912
0.00185367
0.00149368
0.000758893
0.00236443
0.00212955
0.00187308
0.0015239
0.000762726
0.00236809
0.00213933
0.00189231
0.00155577
0.000767133
0.0023709
0.00214711
0.00190939
0.00158616
0.000771869
0.00237253
0.00215241
0.0019231
0.00161132
0.000776114
0.00237339
0.00215547
0.00193317
0.00163088
0.000778965
0.0023745
0.00215732
0.00194026
0.00164486
0.00077948
0.00237713
0.00215957
0.00194617
0.00165518
0.000777049
0.00216408
0.00195354
0.0016661
0.000772298
0.00217207
0.00196466
0.00168344
0.000770192
0.00218365
0.00197988
0.00171085
0.000797512
0.00219819
0.00199893
0.00175327
0.000885021
0.00221436
0.00202008
0.0018085
0.00104114
0.00223028
0.00203995
0.00186194
0.00121555
0.00224446
0.0020577
0.0019054
0.00139846
0.00225508
0.00207473
0.00193714
0.00157388
0.00225835
0.00209282
0.00195937
0.00173351
0.00224637
0.00211115
0.00197529
0.00187279
0.00220877
0.00212398
0.00198762
0.00198538
0.00214353
0.00212223
0.00199807
0.00206161
0.00207313
0.00211068
0.00201235
0.00207374
0.00203805
0.00212585
0.00204861
0.00194593
0.0020064
0.00216676
0.00211595
0.00150533
0.00128109
0.00118567
0.00107971
0.0022413
0.000445503
0.000433006
0.000412964
0.000379993
0.000768748
0.0014322
0.00134753
0.00112573
0.000864376
0.000391636
0.00254052
0.00235517
0.00196508
0.00138822
0.000439314
0.00295851
0.002823
0.00244961
0.00171602
0.000480902
0.00302746
0.00291894
0.00263244
0.00189672
0.000517885
0.00299246
0.00286077
0.00263575
0.00199033
0.000552198
0.00296082
0.00276221
0.00256107
0.00201496
0.000586361
0.00294994
0.00267021
0.00243734
0.00200133
0.000619408
0.00294846
0.00258941
0.00230314
0.00194129
0.000647654
0.00293564
0.00251173
0.00217422
0.00182845
0.000669732
0.00290468
0.00243456
0.00206273
0.00169559
0.000689162
0.00281359
0.00235346
0.00197825
0.00159043
0.000705311
0.00269459
0.00228714
0.00192734
0.00153017
0.000718579
0.00260454
0.00224499
0.00190114
0.00150228
0.000728629
0.00255293
0.00222501
0.00189425
0.0014985
0.000734279
0.00252694
0.00221796
0.0018972
0.00150703
0.000735167
0.00251533
0.0022179
0.0019052
0.00152206
0.000732422
0.00251077
0.00222077
0.00191529
0.00153913
0.000728173
0.00250937
0.00222433
0.00192598
0.00155776
0.000724885
0.0025091
0.00222739
0.00193658
0.00157757
0.000723974
0.00250916
0.00222946
0.00194657
0.00159777
0.000725721
0.0025096
0.00223066
0.00195585
0.00161799
0.000730055
0.00251116
0.00223174
0.00196481
0.00163851
0.000737561
0.00251513
0.00223398
0.00197436
0.0016607
0.000751488
0.00252298
0.0022391
0.00198599
0.00168784
0.00078089
0.00253593
0.0022488
0.00200117
0.00172447
0.000843572
0.00226417
0.00202019
0.00177255
0.00095736
0.00228534
0.00204129
0.00182524
0.00109883
0.00231198
0.00206293
0.00187467
0.00125302
0.00234327
0.00208517
0.00191782
0.00141982
0.0023774
0.00210907
0.00195274
0.00159095
0.00241092
0.00213669
0.00197937
0.00176053
0.00243727
0.00216999
0.00199908
0.00192115
0.00244533
0.00220892
0.0020144
0.00206673
0.00241967
0.00224809
0.0020281
0.00219181
0.00234789
0.00227388
0.00204194
0.00229096
0.00223692
0.00226693
0.00205567
0.00235642
0.0021205
0.00222501
0.00207279
0.00236639
0.00204475
0.00219
0.00211333
0.00224708
0.0020098
0.00221035
0.00222304
0.00182186
0.00159382
0.0014987
0.00135634
0.00271628
0.000486098
0.00047384
0.000454385
0.000423995
0.000863055
0.00182053
0.00166406
0.00133274
0.000958597
0.000431038
0.00278326
0.00260055
0.0021858
0.00151157
0.000476843
0.00304655
0.00290657
0.00257809
0.00181584
0.000515952
0.00304896
0.00291139
0.00265817
0.00196928
0.000549531
0.00301124
0.00281705
0.00260318
0.00204339
0.000580695
0.00300303
0.0027276
0.00248738
0.00204707
0.000610365
0.00302329
0.00266363
0.00236103
0.00199816
0.000634653
0.00305377
0.0026164
0.00224608
0.00189746
0.000650712
0.00307062
0.00257164
0.00214976
0.00175915
0.00066532
0.00306582
0.00252392
0.00207707
0.00165507
0.000681296
0.0029913
0.00246555
0.00202601
0.0015907
0.000702659
0.00288146
0.00241441
0.00199842
0.00156485
0.000727233
0.00279805
0.00238154
0.0019863
0.00155983
0.000750009
0.00274983
0.00236557
0.00198568
0.00156803
0.000766944
0.0027254
0.00235937
0.00199011
0.00158084
0.00077751
0.00271426
0.00235823
0.00199683
0.00159584
0.000784551
0.00270968
0.00235888
0.00200411
0.00161216
0.000791876
0.00270811
0.00235956
0.00201128
0.00163043
0.000804866
0.0027078
0.00235939
0.00201811
0.00165127
0.00082581
0.00270811
0.00235811
0.00202449
0.00167495
0.000857319
0.00270932
0.00235612
0.00203065
0.00170185
0.000901679
0.00271249
0.0023545
0.00203706
0.00173187
0.000957407
0.00271936
0.00235499
0.00204443
0.00176497
0.00102441
0.00273209
0.00235987
0.00205368
0.00180121
0.00110627
0.00275265
0.00237171
0.00206569
0.00184002
0.0012063
0.00278186
0.00239291
0.00208116
0.0018798
0.00132569
0.00242524
0.00210073
0.00191832
0.00146096
0.0024694
0.00212539
0.0019536
0.00160924
0.00252427
0.0021567
0.00198412
0.00176682
0.00258571
0.00219697
0.00200929
0.00192737
0.00264476
0.00224863
0.00202965
0.00208487
0.00268561
0.0023127
0.00204707
0.00223259
0.00268563
0.00238541
0.00206432
0.00236456
0.00262242
0.00245347
0.00208395
0.0024758
0.00249182
0.00249179
0.00210624
0.002562
0.00232424
0.00247019
0.00212708
0.00261758
0.00216566
0.00238269
0.00214479
0.00262579
0.0020576
0.00227624
0.00217683
0.00252054
0.00202225
0.00225098
0.00231253
0.00212137
0.00188503
0.00180964
0.00167353
0.00340252
0.000531288
0.00051766
0.000496606
0.000468381
0.000960802
0.00211868
0.00191901
0.00151181
0.00103214
0.000471447
0.00292274
0.00273371
0.00233994
0.00159825
0.000513878
0.00307494
0.00291583
0.0026169
0.0018768
0.000549952
0.00305107
0.00285894
0.00262071
0.00201331
0.0005797
0.00303378
0.00276701
0.00252276
0.00206433
0.000606182
0.00306115
0.00270891
0.00240089
0.00203189
0.000625242
0.0031188
0.0026854
0.00229823
0.00193959
0.000633168
0.00318453
0.00267824
0.00222192
0.00180837
0.000639248
0.00323371
0.00266921
0.00216979
0.00170968
0.000652722
0.00325753
0.00265028
0.0021336
0.00165518
0.00068628
0.00320313
0.00261238
0.00210807
0.00162996
0.000734962
0.00310546
0.00257404
0.00209567
0.00162907
0.000786786
0.00303115
0.00254915
0.00209202
0.00163917
0.000834601
0.0029895
0.00253763
0.002095
0.00165602
0.00087715
0.00297075
0.00253429
0.00210087
0.00167555
0.000916825
0.00296474
0.00253499
0.00210762
0.00169653
0.000958598
0.00296491
0.00253669
0.00211376
0.00171821
0.00100328
0.00296766
0.00253751
0.00211839
0.00174027
0.00105489
0.00297117
0.00253646
0.00212112
0.0017625
0.00110855
0.00297481
0.00253328
0.00212195
0.00178492
0.00116484
0.00297897
0.00252861
0.00212137
0.00180796
0.0012249
0.00298506
0.00252402
0.00212037
0.00183206
0.00129034
0.00299541
0.00252211
0.00212038
0.00185769
0.00136364
0.0030131
0.00252646
0.0021232
0.00188512
0.00144797
0.00304112
0.00254128
0.00213087
0.00191419
0.00154623
0.00308102
0.00257085
0.00214553
0.0019442
0.0016598
0.00313067
0.00261858
0.00216943
0.00197409
0.00178758
0.00268589
0.00220499
0.00200249
0.00192736
0.00277046
0.00225513
0.00202827
0.00207516
0.00286355
0.00232321
0.00205132
0.00222506
0.00294668
0.00241189
0.0020729
0.00237056
0.0029894
0.0025199
0.00209578
0.00250503
0.00295506
0.00263618
0.00212343
0.00262271
0.0028222
0.00273335
0.00215815
0.00271921
0.00261346
0.00277138
0.00219767
0.00279148
0.0023935
0.00271709
0.00223107
0.00283643
0.00220804
0.00257398
0.00224754
0.00284313
0.00208125
0.00238818
0.00225447
0.0027553
0.00204415
0.00228942
0.00238347
0.0023902
0.00213954
0.00208656
0.00196449
0.00404705
0.000576611
0.000560872
0.000537688
0.00051192
0.00105923
0.00231441
0.00209439
0.00167867
0.00109061
0.000512401
0.00298435
0.00278292
0.00241272
0.00165036
0.000550684
0.00306749
0.00286946
0.00259043
0.00190818
0.000583382
0.0030473
0.00278971
0.00253889
0.00203654
0.000608981
0.00306581
0.00272522
0.00242073
0.00203837
0.000624686
0.00313557
0.00271274
0.00232288
0.00195315
0.000623473
0.00323273
0.00273632
0.00226524
0.0018333
0.000615388
0.00333398
0.00277158
0.00224027
0.00174817
0.000618893
0.00341599
0.00279794
0.00223006
0.00170936
0.000663868
0.00347029
0.0028069
0.00222237
0.00169596
0.000739843
0.00344087
0.00278939
0.00221481
0.00169642
0.000825284
0.0033612
0.00276484
0.00221219
0.00170913
0.000906662
0.00330177
0.0027499
0.00221376
0.00172699
0.000982895
0.00327273
0.00274601
0.00221919
0.00174843
0.00105589
0.00326573
0.00274935
0.0022261
0.00177083
0.00112645
0.00327083
0.00275613
0.00223276
0.00179285
0.00119812
0.00328144
0.00276324
0.00223773
0.00181367
0.00126612
0.00329368
0.0027685
0.00224001
0.00183289
0.0013329
0.00330549
0.00277055
0.00223911
0.00185061
0.00139845
0.00331606
0.00276894
0.00223507
0.00186727
0.00146334
0.00332576
0.00276427
0.00222858
0.00188355
0.00152905
0.00333614
0.00275851
0.00222109
0.00190032
0.00159765
0.00335005
0.00275517
0.00221481
0.00191847
0.00167178
0.00337135
0.0027593
0.00221269
0.00193869
0.00175448
0.00340404
0.00277712
0.00221816
0.00196129
0.00184856
0.00345031
0.00281515
0.00223501
0.00198598
0.00195573
0.00350732
0.00287876
0.00226724
0.00201201
0.00207583
0.00356275
0.00297004
0.00231915
0.00203836
0.00220679
0.00359041
0.00308438
0.00239549
0.00206444
0.00234448
0.00320566
0.00250092
0.00209091
0.00248297
0.00330105
0.00263764
0.00212023
0.00261553
0.00332141
0.00279917
0.00215658
0.00273552
0.00321965
0.00295992
0.00220459
0.00283734
0.0029926
0.00306848
0.00226615
0.00291709
0.00270664
0.0030713
0.00233432
0.00297299
0.00245548
0.0029577
0.00238685
0.00300477
0.00226094
0.00276436
0.00240097
0.00300872
0.00212472
0.00252062
0.00236549
0.00294234
0.00208309
0.00233733
0.00244582
0.00261985
0.00235053
0.00232036
0.00221739
0.00461792
0.000621472
0.000602268
0.000577756
0.000554179
0.00115613
0.00242492
0.00219661
0.00179322
0.00113001
0.000553323
0.00298932
0.0027686
0.00241601
0.00167449
0.000587557
0.00304129
0.00278729
0.00251374
0.00191392
0.000617053
0.00304556
0.00271763
0.00242073
0.00201032
0.000634177
0.00310879
0.00269881
0.00232032
0.00194728
0.000628363
0.00322246
0.00273961
0.00227194
0.00183404
0.000604925
0.0033572
0.00281192
0.00227243
0.0017604
0.000586952
0.00349109
0.00288833
0.00229588
0.00174114
0.000633061
0.00360396
0.00294903
0.00231932
0.00174767
0.00073595
0.00368904
0.00298685
0.00233413
0.0017591
0.000851761
0.00368989
0.00299309
0.00234122
0.00177266
0.000966014
0.00363624
0.0029874
0.00234768
0.00179152
0.00107132
0.00360004
0.00298834
0.00235536
0.0018124
0.00117156
0.0035915
0.00299852
0.00236519
0.00183461
0.00126754
0.00360333
0.0030152
0.00237569
0.0018563
0.0013559
0.00362582
0.00303476
0.00238534
0.00187628
0.00143976
0.00365231
0.0030538
0.00239251
0.00189385
0.00151905
0.00367865
0.00306958
0.00239592
0.00190887
0.00159408
0.00370247
0.00308009
0.0023947
0.00192156
0.00166551
0.00372278
0.00308433
0.00238862
0.00193253
0.00173436
0.00373978
0.00308266
0.00237835
0.00194268
0.00180225
0.00375504
0.00307724
0.0023657
0.00195316
0.00187132
0.00377156
0.0030724
0.00235373
0.00196518
0.0019442
0.00379368
0.00307471
0.00234668
0.00197984
0.00202382
0.00382605
0.00309261
0.00234975
0.00199784
0.00211294
0.00387135
0.00313523
0.00236888
0.00201935
0.00221337
0.00392597
0.00321022
0.00241051
0.00204404
0.00232525
0.00397385
0.00332013
0.00248144
0.00207144
0.00244663
0.00398073
0.0034568
0.0025887
0.00210174
0.00257331
0.00389489
0.00359391
0.00273813
0.00213676
0.00269927
0.00368108
0.0029296
0.00218066
0.00281756
0.00365141
0.0031456
0.00223976
0.00292138
0.00345887
0.00333492
0.00232042
0.00300516
0.0031369
0.00341185
0.00242328
0.00306531
0.00281796
0.00332678
0.00253151
0.00310113
0.00256232
0.00314278
0.00260365
0.0031155
0.0023611
0.00292159
0.00261205
0.00311407
0.0022005
0.00265916
0.00252897
0.0030739
0.00214265
0.00240351
0.00251106
0.00280411
0.00251793
0.00250865
0.00242776
0.0051048
0.000665553
0.00064093
0.000615788
0.000594537
0.00124921
0.00246773
0.0022412
0.00184893
0.00115123
0.000593551
0.00296053
0.00269885
0.00237209
0.00168014
0.000624814
0.00300566
0.00268764
0.0023841
0.00189179
0.000648402
0.00304693
0.00265082
0.00229167
0.00191568
0.000647477
0.00315799
0.00268805
0.00223903
0.00180644
0.000617305
0.00331276
0.00278379
0.0022562
0.0017409
0.000572958
0.00347984
0.00290245
0.00231318
0.00173906
0.000589345
0.00364045
0.00301758
0.00237703
0.00177292
0.00072082
0.00377898
0.00311247
0.002429
0.00180456
0.000865736
0.00389176
0.00318194
0.00246573
0.00182866
0.00100268
0.00392604
0.00321805
0.00248986
0.00184939
0.00113569
0.003906
0.0032393
0.00250954
0.00187159
0.00125621
0.00390102
0.00326459
0.00252841
0.0018939
0.00136835
0.00391971
0.00329708
0.00254827
0.00191599
0.00147347
0.00395537
0.00333484
0.00256827
0.00193654
0.00157156
0.00399883
0.00337435
0.00258695
0.00195469
0.00166287
0.00404372
0.00341187
0.00260229
0.00196977
0.0017477
0.00408592
0.00344391
0.00261229
0.00198158
0.00182662
0.00412312
0.00346772
0.00261534
0.00199032
0.0019005
0.00415436
0.00348165
0.00261065
0.00199661
0.0019706
0.00417977
0.00348563
0.00259861
0.00200147
0.00203861
0.00420069
0.00348181
0.00258134
0.00200629
0.00210664
0.00421979
0.00347502
0.00256284
0.00201265
0.00217721
0.00424112
0.00347308
0.00254893
0.00202212
0.00225309
0.00426937
0.0034865
0.00254702
0.00203598
0.00233685
0.00430732
0.00352702
0.00256581
0.00205504
0.00243028
0.00435084
0.00360459
0.00261486
0.0020797
0.00253356
0.00438135
0.00372207
0.00270418
0.00211034
0.00264475
0.00435878
0.00386698
0.00284327
0.00214828
0.00275958
0.00422397
0.00400175
0.00303822
0.00219697
0.0028719
0.00392259
0.00405941
0.00328297
0.00226296
0.0029745
0.00396262
0.00354075
0.00235559
0.00306038
0.00367866
0.00372399
0.00248319
0.00312381
0.00330907
0.00371493
0.00264148
0.00316119
0.00298229
0.00355173
0.00278643
0.00317247
0.00272493
0.00334144
0.00284591
0.00316365
0.00251631
0.00309687
0.00283377
0.00315259
0.00233154
0.00280625
0.00274973
0.00314396
0.00222671
0.00249521
0.0025926
0.00293828
0.0026432
0.0026502
0.0025916
0.00549999
0.000712428
0.000676925
0.000651615
0.000632814
0.00133625
0.00246215
0.00222604
0.00186355
0.0011724
0.000632689
0.00290675
0.00259608
0.00226668
0.00167302
0.000661179
0.0029664
0.00258259
0.00223621
0.00181603
0.000672499
0.0030531
0.00259308
0.00217164
0.00174669
0.000649503
0.00320937
0.00268966
0.00218962
0.0016885
0.000592966
0.00339714
0.00283598
0.0022712
0.00169995
0.000548998
0.00358666
0.00299586
0.00237578
0.00176149
0.000686596
0.00376375
0.00314661
0.00247403
0.00182127
0.000868615
0.00391823
0.00327549
0.00255549
0.00186551
0.00102536
0.00405041
0.00337917
0.00261911
0.00189917
0.00116934
0.00411608
0.00345111
0.00266733
0.00192724
0.00130467
0.00413365
0.00350696
0.00270816
0.0019536
0.00143122
0.00416396
0.00356401
0.00274646
0.00197843
0.00154956
0.00421217
0.00362517
0.0027847
0.00200206
0.00165968
0.00427186
0.00368911
0.00282248
0.00202365
0.00176162
0.00433512
0.00375252
0.00285809
0.00204233
0.00185557
0.0043966
0.00381158
0.00288887
0.00205729
0.00194198
0.00445293
0.00386244
0.00291185
0.00206807
0.00202158
0.00450241
0.00390192
0.00292438
0.00207463
0.00209543
0.00454448
0.00392787
0.00292481
0.00207744
0.00216492
0.00457939
0.00393993
0.00291306
0.00207757
0.00223175
0.00460808
0.00393996
0.00289145
0.00207665
0.00229798
0.00463228
0.00393261
0.00286498
0.00207676
0.00236591
0.00465491
0.0039261
0.00284127
0.00208016
0.00243803
0.00467974
0.00393218
0.00283022
0.00208898
0.00251662
0.00470918
0.0039645
0.00284371
0.00210501
0.00260322
0.00473921
0.00403494
0.00289506
0.00212976
0.00269788
0.00475094
0.00414679
0.00299805
0.00216492
0.00279856
0.00470218
0.00428401
0.00316444
0.0022134
0.00290095
0.00453087
0.00439996
0.00339863
0.00228086
0.00299874
0.00418363
0.00441675
0.00368375
0.00237704
0.00308454
0.0036676
0.00425641
0.00395611
0.00251499
0.00315106
0.00391461
0.00409107
0.0027033
0.00319228
0.00353591
0.00399112
0.0029183
0.00320419
0.00320809
0.00380439
0.00304943
0.00318619
0.00294764
0.0035758
0.00309436
0.00315759
0.00272782
0.00330897
0.00307408
0.00313867
0.00251485
0.00298807
0.00297982
0.00314864
0.00234804
0.0026165
0.00270622
0.00301959
0.00272839
0.00274464
0.00270624
0.00579596
0.000755115
0.000711038
0.000683469
0.000667762
0.00141372
0.00241678
0.00216488
0.00183722
0.00119934
0.000669645
0.00282781
0.00247355
0.00212907
0.00162901
0.000693503
0.00291014
0.00247442
0.00208732
0.0016625
0.000688321
0.00304228
0.00254063
0.00208352
0.00161159
0.00063965
0.00323728
0.00269149
0.00217062
0.00162611
0.000571972
0.00344945
0.00288095
0.00230493
0.00170589
0.000667982
0.00365231
0.00307647
0.00244818
0.00179838
0.000853398
0.00383633
0.00325963
0.00258153
0.00187123
0.0010243
0.00399658
0.00342067
0.00269818
0.00192818
0.00117966
0.00413703
0.00355782
0.0027963
0.00197403
0.00132385
0.00422686
0.00366704
0.00287742
0.00201237
0.00145948
0.00428191
0.00376009
0.00294886
0.00204656
0.00158663
0.00434688
0.00385051
0.00301603
0.0020778
0.0017054
0.00442239
0.00394041
0.00308157
0.00210706
0.00181548
0.00450262
0.00402901
0.00314516
0.00213398
0.0019168
0.00458181
0.00411369
0.00320477
0.00215748
0.0020096
0.00465621
0.00419126
0.00325721
0.00217633
0.00209443
0.00472373
0.00425836
0.00329851
0.00218953
0.00217218
0.00478355
0.00431211
0.00332503
0.0021965
0.00224407
0.00483572
0.00435028
0.00333429
0.00219737
0.00231158
0.0048808
0.00437255
0.00332562
0.00219313
0.00237641
0.00491935
0.00438025
0.00330136
0.00218574
0.00244049
0.00495203
0.00437704
0.00326733
0.00217797
0.00250585
0.00498019
0.00437012
0.00323269
0.00217309
0.00257459
0.0050061
0.00437114
0.00320944
0.00217449
0.00264855
0.00503138
0.00439426
0.00321251
0.0021854
0.00272883
0.00505294
0.00445244
0.00325904
0.00220897
0.00281519
0.0050543
0.00454979
0.00336691
0.00224873
0.0029054
0.00499526
0.00466921
0.00354952
0.00230988
0.00299511
0.00481453
0.00476036
0.00380712
0.00240088
0.00307792
0.00446012
0.00474221
0.00410792
0.00253529
0.00314632
0.00394535
0.00454087
0.00435962
0.00272956
0.00319285
0.00341254
0.0041953
0.00440839
0.00298689
0.00321114
0.0038258
0.00429041
0.00322192
0.00319623
0.00350135
0.00409506
0.00333528
0.00315536
0.00323509
0.00385327
0.00339005
0.0031145
0.00299729
0.00356213
0.00335681
0.00308828
0.00274953
0.0032077
0.003222
0.00310276
0.00251181
0.00277575
0.00286597
0.00304767
0.00277517
0.00279167
0.00276996
0.00598464
0.00079675
0.00074356
0.00071088
0.000697184
0.00147758
0.00233942
0.00207362
0.00176224
0.0012186
0.000702858
0.00273188
0.00233896
0.00197856
0.00151761
0.000718818
0.00286456
0.00237412
0.00196339
0.00152559
0.000690924
0.0030402
0.00249411
0.00202782
0.00153334
0.000621693
0.00325782
0.0026874
0.00217028
0.00161397
0.000631823
0.00347639
0.00291014
0.00234476
0.00173034
0.000825971
0.00367522
0.003134
0.00252434
0.00183393
0.00100656
0.0038511
0.00334286
0.00269695
0.00192156
0.00116934
0.00400384
0.00352887
0.00285422
0.0019962
0.00131895
0.00413987
0.00369213
0.00299261
0.00205972
0.00145851
0.0042443
0.00383223
0.00311306
0.00211426
0.0015898
0.00433486
0.00395691
0.0032215
0.00216249
0.0017129
0.00443176
0.00407438
0.00332322
0.00220636
0.00182767
0.00453162
0.00418597
0.00342048
0.00224759
0.00193367
0.00462992
0.00429164
0.00351252
0.00228636
0.00203083
0.00472315
0.00438996
0.0035972
0.00232112
0.00211941
0.00480906
0.00447903
0.0036716
0.00234981
0.00220012
0.00488664
0.00455672
0.00373147
0.00237052
0.00227399
0.00495563
0.00462111
0.00377301
0.0023818
0.00234238
0.00501661
0.00466976
0.00379362
0.00238311
0.00240685
0.00507056
0.00470288
0.00379207
0.00237524
0.00246908
0.00511805
0.00472144
0.00377042
0.00236054
0.00253084
0.00515923
0.00472757
0.00373474
0.00234273
0.00259384
0.00519436
0.00472633
0.00369476
0.00232645
0.00265969
0.00522449
0.00472834
0.0036629
0.00231683
0.00272968
0.00525051
0.00474695
0.00365546
0.00231908
0.00280433
0.0052711
0.00479513
0.00369196
0.00233863
0.00288292
0.0052751
0.00487818
0.00379441
0.00238158
0.00296299
0.00522828
0.00498139
0.00397708
0.00245627
0.00304015
0.00507254
0.00505742
0.00423434
0.00257444
0.00310807
0.00475277
0.00502915
0.00452008
0.0027532
0.00315927
0.00428909
0.00483515
0.00472473
0.00300896
0.00318632
0.00379248
0.00452563
0.00472735
0.00331904
0.00318272
0.00338795
0.00418249
0.00461576
0.00352586
0.00314396
0.00386749
0.0044265
0.00366414
0.00309194
0.00359243
0.00417514
0.00372777
0.00304356
0.00332662
0.00385699
0.00367729
0.00301172
0.00303203
0.0034646
0.00349859
0.00302364
0.00271343
0.00297927
0.00307761
0.00302325
0.0027858
0.00279151
0.00278226
0.00605765
0.000831072
0.000770965
0.000733363
0.000719452
0.00152358
0.00220696
0.00195762
0.00166774
0.00120524
0.000728624
0.00257187
0.00219135
0.00183948
0.00140477
0.000732608
0.00270568
0.00225582
0.00186898
0.00143165
0.000678787
0.00289733
0.00241667
0.0019894
0.00149673
0.000646869
0.00312966
0.00264415
0.00217222
0.00162035
0.000785939
0.00335946
0.00289696
0.00238188
0.00175027
0.000970557
0.00356507
0.00314564
0.00260061
0.00186844
0.00113934
0.00374508
0.0033737
0.00281468
0.00197707
0.00129225
0.0039031
0.00357615
0.0030124
0.00207559
0.00143328
0.00404549
0.00375585
0.00318921
0.00216359
0.00156483
0.00417413
0.00391649
0.00334628
0.00224202
0.00168827
0.00430434
0.00406285
0.00348831
0.00231244
0.00180381
0.00443336
0.00419808
0.00362011
0.00237675
0.00191121
0.00455755
0.00432315
0.00374323
0.0024375
0.00201004
0.004675
0.00443891
0.0038556
0.00249588
0.00210025
0.00478395
0.00454507
0.00395552
0.0025497
0.00218224
0.00488293
0.00464082
0.00404238
0.0025955
0.00225682
0.00497153
0.00472516
0.00411302
0.00263021
0.0023252
0.0050493
0.00479751
0.00416474
0.00265118
0.00238886
0.00511736
0.00485405
0.00419621
0.00265699
0.00244941
0.00517706
0.004896
0.00420576
0.00264807
0.00250852
0.00522935
0.0049246
0.0041948
0.00262707
0.00256774
0.00527461
0.00494073
0.00416898
0.00259872
0.00262846
0.00531313
0.00494672
0.00413782
0.00256925
0.0026918
0.00534577
0.00495257
0.00411143
0.00254574
0.00275839
0.00537318
0.00497081
0.00410409
0.0025358
0.00282809
0.00539641
0.00501422
0.00413322
0.00254776
0.00289952
0.00541245
0.00508947
0.00422434
0.00259085
0.00296995
0.00539707
0.00518755
0.00439215
0.00267795
0.00303513
0.00529899
0.00527002
0.00462564
0.00282386
0.00308887
0.00506511
0.00526715
0.00487113
0.00304668
0.00312392
0.00469424
0.00513899
0.00501705
0.00335386
0.00313322
0.00426436
0.00490032
0.0050437
0.00365136
0.00310959
0.00389335
0.0046057
0.00496446
0.00386403
0.0030598
0.00364187
0.00430999
0.0047946
0.00402672
0.00300333
0.00402425
0.0045393
0.00409598
0.00295218
0.00371818
0.00419138
0.0040233
0.00291753
0.00335959
0.00375276
0.00379617
0.00292249
0.00294982
0.00321804
0.00332292
0.00294858
0.00276427
0.00274621
0.00274443
0.00600969
0.000853862
0.000790694
0.000749326
0.000733467
0.00154899
0.00202899
0.00182818
0.00157304
0.00117257
0.0007436
0.00233842
0.00203392
0.00172358
0.0013238
0.000729383
0.00244201
0.00212293
0.00179514
0.00137742
0.000671013
0.00264187
0.00231749
0.0019555
0.00148441
0.000720188
0.0028937
0.0025764
0.00217087
0.00162592
0.000908982
0.00314028
0.0028541
0.00241676
0.00176726
0.00108442
0.00335859
0.00311717
0.00267467
0.00190657
0.0012414
0.00355241
0.00335139
0.00292401
0.00204244
0.00138376
0.00373079
0.00355833
0.00315057
0.00217087
0.00151475
0.0039
0.00374461
0.00335088
0.0022894
0.00163642
0.00406407
0.00391518
0.00352742
0.00239838
0.00174998
0.00422805
0.0040735
0.00368595
0.00249816
0.00185577
0.00438512
0.00422006
0.00383137
0.00258845
0.00195353
0.00453224
0.00435473
0.00396528
0.00267247
0.00204294
0.00466994
0.00447888
0.00408225
0.00275426
0.00212415
0.00479642
0.00459237
0.00418106
0.00283127
0.00219773
0.00491009
0.00469455
0.00426632
0.00289806
0.00226467
0.00501076
0.00478435
0.00433659
0.00295077
0.00232631
0.00509879
0.00486069
0.00439048
0.0029861
0.00238426
0.005175
0.00492268
0.00442725
0.00300207
0.00244015
0.00524006
0.00496989
0.00444724
0.00299885
0.00249559
0.00529433
0.00500265
0.00445245
0.00297911
0.00255194
0.00533812
0.00502268
0.00444701
0.00294783
0.00261028
0.00537227
0.00503397
0.00443746
0.00291191
0.00267122
0.00539902
0.00504372
0.00443266
0.00287952
0.00273481
0.00542248
0.00506232
0.00444267
0.00285995
0.00280016
0.00544797
0.00510211
0.00447485
0.00286447
0.0028651
0.00547798
0.00517394
0.00455751
0.00290436
0.00292649
0.00550253
0.00527691
0.0047059
0.00299979
0.0029806
0.00548774
0.00538729
0.00490647
0.00316689
0.00302152
0.00537985
0.00545686
0.00510351
0.00341756
0.00304235
0.00514531
0.00543541
0.00526469
0.00372696
0.00303726
0.00482333
0.00530282
0.00534311
0.00398072
0.00300164
0.00451157
0.00508578
0.00532002
0.00422133
0.00295084
0.00427229
0.00482564
0.00518657
0.00440501
0.00289582
0.00407555
0.00453057
0.0049366
0.00447637
0.00284667
0.00417205
0.00455828
0.00437763
0.00281275
0.00372896
0.00406436
0.0040972
0.00280889
0.00321543
0.00348082
0.00354023
0.00282793
0.00271663
0.0026603
0.00266143
0.00584418
0.00086522
0.000801425
0.00075776
0.000738782
0.00155391
0.00182508
0.00168531
0.00147515
0.00113362
0.000746146
0.00207731
0.00186658
0.00161218
0.0012545
0.000714244
0.00217802
0.00198334
0.00171587
0.00132975
0.000687807
0.00239448
0.00220666
0.00190634
0.00146167
0.000818687
0.00266099
0.00248803
0.00215206
0.00161444
0.000999435
0.00291651
0.00277573
0.0024312
0.00177431
0.00116233
0.00314246
0.00303621
0.00271781
0.00194114
0.00130782
0.00334769
0.00326357
0.00298484
0.00210928
0.0014395
0.00354549
0.0034678
0.00321884
0.00227098
0.00155994
0.0037407
0.00365751
0.00342142
0.00242086
0.0016708
0.00393249
0.00383537
0.00359599
0.00256046
0.0017733
0.00412226
0.00400381
0.00375093
0.00268992
0.00186807
0.00430296
0.00416171
0.00389264
0.00280132
0.00195458
0.00447215
0.00430888
0.00402193
0.00289637
0.00203274
0.00462854
0.00444503
0.004139
0.00298324
0.00210335
0.00477135
0.00456958
0.00424317
0.00306068
0.00216715
0.00490026
0.00468169
0.00433355
0.00312697
0.00222529
0.00501529
0.00478032
0.00440889
0.00318058
0.00227927
0.0051165
0.00486432
0.00446818
0.00322049
0.00233076
0.00520389
0.00493265
0.00451094
0.00324659
0.00238141
0.00527714
0.00498456
0.00453763
0.0032599
0.00243268
0.00533574
0.0050201
0.0045501
0.00326273
0.00248576
0.00537954
0.00504074
0.00455204
0.00325859
0.00254142
0.00540966
0.00505031
0.00454938
0.00325213
0.00259991
0.00542945
0.00505572
0.00455047
0.0032488
0.00266075
0.00544528
0.00506751
0.00456603
0.00325414
0.00272243
0.00546665
0.00509953
0.00460862
0.0032711
0.00278175
0.00550444
0.00516669
0.00469219
0.00331028
0.00283476
0.00556412
0.00527865
0.00482803
0.00340782
0.00287907
0.00563236
0.00542889
0.00501483
0.0035748
0.00290923
0.00566554
0.0055845
0.00523203
0.00379041
0.00291814
0.00560733
0.00569036
0.00544194
0.00403663
0.00290344
0.00544458
0.00569733
0.00559643
0.00430858
0.00286954
0.00523187
0.00559333
0.0056507
0.00457124
0.00282375
0.00502129
0.00539362
0.00557389
0.00477056
0.00277508
0.00478899
0.00509768
0.00534322
0.00484132
0.00273206
0.00446128
0.00467876
0.00493908
0.00471596
0.0027025
0.00413285
0.00438553
0.00438278
0.00269042
0.00350379
0.00375117
0.00374638
0.00268315
0.00265167
0.00254031
0.00254154
0.00557732
0.000864208
0.000801467
0.000756965
0.000735078
0.00153957
0.00161468
0.0015313
0.0013687
0.0010838
0.000736083
0.00181615
0.00169144
0.0014943
0.00118368
0.000695329
0.00193003
0.00183089
0.00162244
0.00127635
0.000720765
0.00215827
0.00207464
0.00183683
0.00142176
0.000883681
0.00243411
0.00236661
0.00210726
0.00158769
0.00105089
0.00269769
0.00265021
0.00240715
0.0017696
0.00120161
0.00292989
0.0028968
0.00270217
0.00196467
0.00133658
0.00314117
0.00311182
0.00296273
0.00216252
0.00145826
0.0033508
0.00331259
0.00318024
0.00235002
0.0015682
0.00356423
0.00350839
0.00336755
0.00251334
0.00166759
0.00377627
0.00369758
0.00354059
0.00264961
0.00175801
0.00398226
0.00387742
0.00370091
0.00277706
0.00184128
0.00417776
0.00404628
0.00384881
0.00289588
0.00191755
0.00436103
0.00420371
0.00398433
0.00300583
0.0019869
0.00453104
0.00434925
0.00410714
0.00310639
0.00204966
0.00468732
0.00448232
0.00421656
0.00319633
0.00210654
0.00482976
0.00460215
0.00431169
0.00327432
0.00215862
0.00495828
0.00470781
0.00439162
0.00333924
0.00220722
0.00507259
0.00479826
0.00445562
0.0033905
0.00225379
0.00517198
0.00487245
0.00450352
0.00342835
0.00229969
0.00525543
0.00492966
0.00453594
0.00345397
0.00234611
0.00532184
0.00496989
0.00455467
0.00346962
0.00239397
0.00537074
0.00499453
0.00456304
0.00347854
0.00244375
0.00540327
0.00500706
0.00456621
0.003485
0.00249549
0.00542322
0.00501375
0.00457147
0.00349435
0.00254862
0.00543794
0.0050243
0.00458848
0.00351319
0.00260185
0.00545907
0.00505226
0.00462924
0.00354952
0.0026529
0.00550252
0.00511451
0.00470747
0.00361302
0.00269857
0.00558552
0.00522819
0.00483623
0.00371456
0.00273481
0.00571676
0.00540266
0.00502279
0.00386356
0.00275726
0.00587793
0.00562599
0.00526078
0.00406504
0.00276259
0.00601301
0.00585378
0.0055224
0.00431565
0.00275008
0.00605889
0.00601822
0.00575707
0.00459756
0.00272241
0.00599956
0.00606144
0.00590261
0.00487234
0.00268527
0.00585093
0.00595478
0.0059017
0.00508087
0.00264616
0.00558955
0.00567703
0.00570821
0.00514939
0.00261207
0.00514941
0.00520169
0.00529149
0.00500111
0.00258973
0.00451315
0.00454853
0.00468749
0.00462247
0.00257137
0.00380661
0.00400575
0.00392999
0.00252913
0.00257332
0.00239456
0.00239504
0.00523077
0.000850014
0.000789938
0.000745648
0.000721819
0.00150558
0.00140081
0.0013625
0.00124483
0.00101443
0.00071425
0.00156269
0.00150218
0.00135854
0.00109818
0.000674858
0.00167279
0.00165259
0.00150508
0.00120389
0.000743569
0.00190704
0.00190907
0.00173874
0.00136104
0.000903439
0.00219336
0.00220232
0.0020225
0.00154166
0.00105891
0.00247138
0.002475
0.00232457
0.00174278
0.00119989
0.0027106
0.00270452
0.00260739
0.00195827
0.00132666
0.00292079
0.00290652
0.00284412
0.00217191
0.0014401
0.00313129
0.00310631
0.00304389
0.00235399
0.00154024
0.00335062
0.00330739
0.00323184
0.00251162
0.00163035
0.00357063
0.00350335
0.00340838
0.00265986
0.00171333
0.00378357
0.00368937
0.00357226
0.00279891
0.00178985
0.00398541
0.00386353
0.00372316
0.00292863
0.00185996
0.00417492
0.00402538
0.00386102
0.0030487
0.00192375
0.00435136
0.00417455
0.00398554
0.00315849
0.00198155
0.00451434
0.00431052
0.00409622
0.00325712
0.00203403
0.0046638
0.00443279
0.00419252
0.00334374
0.00208214
0.00479971
0.00454081
0.00427405
0.0034178
0.00212698
0.00492175
0.004634
0.0043407
0.00347927
0.00216975
0.00502925
0.00471188
0.0043928
0.00352875
0.00221152
0.00512131
0.00477423
0.00443137
0.0035676
0.00225325
0.00519712
0.00482148
0.00445823
0.00359787
0.00229558
0.00525647
0.0048551
0.00447628
0.00362234
0.00233881
0.00530058
0.00487807
0.00448965
0.00364451
0.00238288
0.00533296
0.0048955
0.00450407
0.00366883
0.00242726
0.00536033
0.00491521
0.00452722
0.00370088
0.00247087
0.00539371
0.00494859
0.00456915
0.00374775
0.002512
0.00544948
0.00501117
0.00464246
0.00381813
0.00254826
0.00554945
0.00512216
0.0047614
0.00392194
0.0025767
0.00571666
0.00530048
0.00493878
0.00406897
0.00259434
0.00596114
0.00555426
0.00517923
0.00426602
0.00259896
0.00625465
0.00586296
0.00546867
0.00451202
0.00259012
0.00651883
0.00616388
0.00576437
0.00479113
0.00256979
0.00666236
0.00636491
0.00599541
0.00506599
0.00254233
0.00662614
0.00638054
0.00607851
0.00527536
0.00251362
0.00636294
0.00615022
0.005939
0.00533965
0.00248919
0.00581815
0.00564381
0.00553362
0.00517621
0.00247527
0.00501264
0.00491501
0.00491355
0.00476742
0.00245257
0.00412693
0.00410427
0.00420497
0.00406016
0.00237384
0.00247571
0.00223352
0.00223151
0.00482919
0.000821326
0.000766429
0.000723051
0.000697925
0.00144718
0.00118182
0.00117819
0.00110042
0.000922384
0.000679766
0.00130208
0.00129144
0.00120164
0.000993092
0.000641397
0.00139937
0.00144449
0.00136156
0.00110939
0.000725881
0.00163416
0.00170775
0.00160863
0.00128027
0.000872747
0.00193421
0.00199802
0.0018911
0.00147291
0.0010192
0.00223509
0.00226034
0.00217776
0.00168375
0.0011544
0.00248018
0.00247268
0.00243659
0.00190473
0.00127706
0.002673
0.0026582
0.00264675
0.00211539
0.00138634
0.00286796
0.00284893
0.00283946
0.00228539
0.00148226
0.00308125
0.00304788
0.00302465
0.00244746
0.00156954
0.00329973
0.00324379
0.00319909
0.00260066
0.00164984
0.00351064
0.0034289
0.00336039
0.00274397
0.00172366
0.00370925
0.00360073
0.00350798
0.00287717
0.00179121
0.00389511
0.00375923
0.00364198
0.00300014
0.00185266
0.00406778
0.0039042
0.00376229
0.0031126
0.00190834
0.00422679
0.00403533
0.00386875
0.00321418
0.00195886
0.00437211
0.00415251
0.00396135
0.00330465
0.00200502
0.00450403
0.0042559
0.00404045
0.00338412
0.00204775
0.00462292
0.00434592
0.00410675
0.00345309
0.00208797
0.00472914
0.00442317
0.00416135
0.00351248
0.00212658
0.00482297
0.00448848
0.00420574
0.00356361
0.0021643
0.00490483
0.00454301
0.00424181
0.00360816
0.00220167
0.00497542
0.00458838
0.0042719
0.00364825
0.00223887
0.0050362
0.00462696
0.004299
0.00368647
0.00227576
0.00508998
0.00466233
0.00432705
0.00372611
0.00231188
0.00514174
0.00469986
0.00436139
0.00377148
0.0023464
0.00519979
0.0047476
0.00440938
0.00382826
0.00237809
0.00527714
0.00481733
0.00448092
0.00390372
0.00240531
0.00539278
0.0049252
0.00458854
0.00400659
0.00242618
0.00557157
0.00509098
0.00474613
0.00414607
0.00243888
0.00583804
0.00533275
0.00496462
0.00432948
0.00244213
0.00619656
0.00565271
0.0052428
0.00455774
0.00243578
0.00659851
0.00601421
0.0055534
0.00481833
0.0024213
0.00692706
0.0063257
0.00583181
0.00507735
0.00240179
0.00703901
0.00645975
0.00598121
0.00527496
0.00238152
0.00682118
0.00630398
0.00590156
0.00533026
0.00236498
0.00622687
0.00581968
0.00554021
0.00516273
0.00235812
0.00534915
0.00510858
0.00497187
0.00475878
0.00233196
0.00443243
0.00434708
0.00431041
0.00408943
0.00221985
0.00285481
0.00234635
0.00206789
0.0020574
0.00439781
0.000768732
0.00072978
0.00068834
0.000660912
0.00135376
0.000926405
0.000981824
0.000934924
0.000806385
0.000628528
0.00101921
0.00105658
0.0010162
0.000861827
0.000573094
0.00111091
0.00120195
0.00118655
0.000991034
0.0006437
0.00133471
0.00146527
0.00144071
0.00117724
0.000782389
0.00164276
0.0017518
0.00170848
0.00137593
0.000924153
0.00197777
0.00201049
0.00196662
0.00158383
0.00105863
0.00222435
0.00220472
0.00219636
0.00179465
0.00118328
0.00238433
0.00236281
0.00238665
0.00199068
0.00129582
0.00254692
0.00253264
0.00256809
0.00215501
0.00139581
0.00274278
0.00272159
0.00274404
0.00231174
0.00148644
0.00295249
0.00291074
0.00290925
0.00245952
0.00156912
0.00315405
0.0030878
0.00306057
0.00259717
0.00164463
0.00334045
0.00324955
0.00319753
0.00272455
0.00171354
0.00351271
0.00339679
0.00332074
0.00284192
0.00177612
0.00367101
0.00352984
0.00343052
0.00294946
0.00183272
0.00381486
0.0036487
0.00352712
0.00304734
0.00188388
0.00394434
0.00375379
0.00361117
0.00313595
0.00193028
0.00406035
0.00384618
0.00368377
0.00321592
0.00197269
0.00416449
0.00392745
0.00374645
0.00328809
0.00201185
0.00425868
0.00399945
0.00380097
0.00335343
0.00204849
0.00434484
0.00406402
0.00384914
0.00341299
0.00208328
0.00442467
0.00412283
0.00389275
0.0034679
0.00211681
0.00449966
0.00417747
0.00393353
0.00351956
0.00214923
0.00457125
0.00422954
0.00397334
0.00356973
0.00218039
0.00464138
0.00428113
0.00401446
0.0036206
0.00220989
0.00471309
0.00433524
0.00406001
0.00367512
0.00223707
0.0047914
0.00439655
0.00411452
0.00373741
0.002261
0.00488439
0.00447226
0.00418444
0.00381288
0.00228058
0.00500445
0.0045729
0.00427858
0.00390832
0.00229466
0.00516917
0.00471272
0.0044078
0.00403131
0.00230223
0.00540009
0.00490798
0.00458306
0.00418852
0.00230278
0.00571389
0.00516979
0.00480961
0.00438213
0.00229653
0.00609843
0.00548692
0.00507546
0.00460347
0.00228467
0.00647454
0.00579949
0.00533547
0.00482481
0.00226931
0.00668251
0.00598687
0.00550299
0.00499277
0.00225341
0.00654539
0.00590864
0.0054716
0.00503211
0.00224096
0.00601559
0.00551975
0.00518962
0.00487484
0.00223721
0.00528404
0.00497294
0.00475886
0.00452367
0.00220581
0.00460863
0.00443607
0.00424945
0.0039527
0.002064
0.0027027
0.00216824
0.00189875
0.00187408
0.00395837
0.000682472
0.000663874
0.000635549
0.000606547
0.00121073
0.000717887
0.000752249
0.000754438
0.000676012
0.000562505
0.000751111
0.000791757
0.000796686
0.000696044
0.000460199
0.000833922
0.000914153
0.000963143
0.000840007
0.000495015
0.000999414
0.00115887
0.00121674
0.00103999
0.000624748
0.00127165
0.00143491
0.00146012
0.00123667
0.000761271
0.00165401
0.00170273
0.00168037
0.00143204
0.000895805
0.00191735
0.00188285
0.00187502
0.00162522
0.00102597
0.00203911
0.00200125
0.00204873
0.00180818
0.00114905
0.00214778
0.00213699
0.00221718
0.00196299
0.00126121
0.00231204
0.00230994
0.00238014
0.00210585
0.0013626
0.00250905
0.00248773
0.00253065
0.00223873
0.00145381
0.0026987
0.00265169
0.0026658
0.00236145
0.00153527
0.00286808
0.00279776
0.00278594
0.00247419
0.00160965
0.00302098
0.00292849
0.00289278
0.00257772
0.00167765
0.00315931
0.00304536
0.00298736
0.00267265
0.0017395
0.00328322
0.00314902
0.00307044
0.00275946
0.00179555
0.00339321
0.00324047
0.00314317
0.00283921
0.00184627
0.00349086
0.00332142
0.00320712
0.00291284
0.00189223
0.0035787
0.00339416
0.00326419
0.00298116
0.00193392
0.00365959
0.00346103
0.00331633
0.00304492
0.00197167
0.00373601
0.00352405
0.00336532
0.00310478
0.00200551
0.00380976
0.00358473
0.00341258
0.00316114
0.00203724
0.00388201
0.00364411
0.00345924
0.00321483
0.00206712
0.0039535
0.00370299
0.00350619
0.00326732
0.00209506
0.00402499
0.00376214
0.00355437
0.00331984
0.00212066
0.00409769
0.00382269
0.00360509
0.00337414
0.0021433
0.00417375
0.0038865
0.0036604
0.00343271
0.00216218
0.0042568
0.00395676
0.00372344
0.00349889
0.00217641
0.00435264
0.00403849
0.0037988
0.00357696
0.00218522
0.00446994
0.00413888
0.00389259
0.00367194
0.00218811
0.00462014
0.00426698
0.00401174
0.00378857
0.00218513
0.0048148
0.00443126
0.00416141
0.00392903
0.00217697
0.00505613
0.00463184
0.0043387
0.00408853
0.00216499
0.0053139
0.004844
0.00452133
0.00424864
0.00215094
0.00549339
0.00499697
0.0046544
0.00436997
0.00213677
0.00544386
0.00498059
0.00465551
0.00439327
0.00212513
0.00512276
0.00475577
0.00448467
0.00426965
0.00211818
0.00474729
0.00447573
0.00423983
0.00401213
0.00207395
0.00450443
0.00422532
0.00391287
0.00357023
0.00190148
0.00245724
0.00193632
0.00171649
0.00167791
0.00353057
0.000541808
0.000548968
0.000537211
0.000512364
0.000998769
0.000596974
0.000594563
0.0005901
0.000550849
0.000468225
0.000606506
0.000574176
0.000554421
0.000502931
0.000379122
0.000623659
0.000607753
0.000638832
0.000616957
0.000327932
0.000696953
0.00074882
0.000877395
0.000815505
0.000413979
0.0008372
0.00096297
0.00108772
0.000989009
0.000523318
0.00111629
0.00124189
0.00126094
0.00116128
0.000636931
0.00144996
0.00142729
0.00140623
0.00133546
0.000750712
0.00158534
0.00150423
0.00155426
0.00150325
0.000861805
0.00161663
0.00159045
0.00171381
0.00165632
0.000966468
0.00172205
0.00174576
0.00186641
0.00179327
0.00106517
0.00190277
0.00191016
0.0020014
0.00191584
0.00116119
0.00208248
0.0020582
0.00211836
0.00202563
0.00125477
0.0022356
0.002186
0.00221984
0.00212389
0.00134229
0.00237001
0.00229905
0.00230947
0.00221302
0.00142324
0.00249109
0.00240085
0.00238937
0.00229452
0.00149783
0.00260121
0.00249338
0.00246093
0.00236489
0.00156598
0.00270223
0.00257833
0.00252564
0.00242899
0.00162831
0.00279631
0.00265746
0.002585
0.00249015
0.00168577
0.00288587
0.00273263
0.00264047
0.0025485
0.00173922
0.00297311
0.00280544
0.0026935
0.00260378
0.00178953
0.00305949
0.00287715
0.00274538
0.00265539
0.00183763
0.00314552
0.00294862
0.00279718
0.00270228
0.00188189
0.00323117
0.00302027
0.00284955
0.00274281
0.00192229
0.00331596
0.00309211
0.00290265
0.00278349
0.00195861
0.00339917
0.00316389
0.00295641
0.00282472
0.00199037
0.0034801
0.00323503
0.00301088
0.00286727
0.00201685
0.00355815
0.00330501
0.00306623
0.00291207
0.00203714
0.00363309
0.0033738
0.00312288
0.00296035
0.00205015
0.00370542
0.00344199
0.0031818
0.00301379
0.00205489
0.00377678
0.00351113
0.00324474
0.00307463
0.00205066
0.00385037
0.00358397
0.00331429
0.00314531
0.00203739
0.00393089
0.00366421
0.00339308
0.00322759
0.00201589
0.00402295
0.00375471
0.00348182
0.00332036
0.00198804
0.00412549
0.00385247
0.00357504
0.00341573
0.00195661
0.00421849
0.00393787
0.00365251
0.00349302
0.00192513
0.00424557
0.00396413
0.0036735
0.00351507
0.00190006
0.00417301
0.0038995
0.00360705
0.00344199
0.00187387
0.00408497
0.00379509
0.00347221
0.00326137
0.00179772
0.00397649
0.00356872
0.0031768
0.00289303
0.00161859
0.00211288
0.00165335
0.00151612
0.00147001
0.00305687
0.00088635
0.000876033
0.000886347
0.000858113
0.00124694
0.000453162
0.000398881
0.000383332
0.000378158
0.000801391
0.000511785
0.000433306
0.000376654
0.000350039
0.000739787
0.0005596
0.000474298
0.000392855
0.000336995
0.000677969
0.000586914
0.000503332
0.000415524
0.000340577
0.000658608
0.000594338
0.000517164
0.00043288
0.000359975
0.000716935
0.000590451
0.000521086
0.000444523
0.000422939
0.000862514
0.000587842
0.000518102
0.000471296
0.000510346
0.00104613
0.000582752
0.00050941
0.000569362
0.000613453
0.00125843
0.000571104
0.000588268
0.000696089
0.000716963
0.0014915
0.000632539
0.000746252
0.000813429
0.000819186
0.00172923
0.000812236
0.000883509
0.000921163
0.000916967
0.0019527
0.000964039
0.00100305
0.00102075
0.00101008
0.0021619
0.00109464
0.00110911
0.00111294
0.00109824
0.00235671
0.00121025
0.00120477
0.00119812
0.00118038
0.00253766
0.00131582
0.0012924
0.00127698
0.0012559
0.00270517
0.00141541
0.001374
0.00135054
0.00132541
0.00285978
0.00151312
0.00145153
0.00141998
0.00138981
0.00300267
0.00161291
0.00152708
0.00148648
0.00145008
0.00313544
0.00171818
0.00160307
0.00155115
0.00150724
0.00325962
0.00183109
0.00168278
0.00161482
0.0015622
0.00337649
0.00195298
0.00176958
0.00167804
0.00161566
0.003487
0.00208617
0.00186424
0.00174115
0.00166798
0.0035911
0.00223095
0.00196771
0.00180464
0.00171902
0.00368876
0.00238635
0.00207941
0.00186944
0.00176751
0.00377961
0.0025502
0.0021961
0.00193806
0.00181217
0.00386268
0.00271935
0.00231585
0.0020095
0.00185099
0.00393601
0.00288975
0.00243708
0.00208001
0.00188167
0.0039966
0.00305632
0.00255575
0.00214668
0.00190179
0.00404032
0.00321327
0.00266718
0.00220593
0.00190903
0.00406202
0.00335457
0.00276642
0.00225358
0.00190178
0.00405621
0.00347459
0.00284887
0.00228493
0.00188025
0.00401818
0.00356887
0.00291109
0.00229772
0.00184403
0.00394554
0.00363499
0.00295162
0.0022931
0.0017921
0.00384031
0.0036728
0.00297118
0.00227285
0.00172762
0.00371026
0.00368295
0.00297125
0.00224102
0.00165615
0.00356873
0.00366677
0.00295306
0.0022042
0.00158724
0.00343734
0.00358738
0.00288135
0.00213884
0.00152154
0.00332705
0.00334721
0.00264555
0.00190006
0.00144975
0.00321744
0.00262414
0.00190128
0.00146288
0.00138037
0.00301023
0.00384444
0.00317228
0.00287068
0.00278062
0.00427956
)
;

boundaryField
{
    floor
    {
        type            zeroGradient;
    }
    ceiling
    {
        type            zeroGradient;
    }
    fixedWalls
    {
        type            zeroGradient;
    }
    rack2796428BA49E0232CAC645AEBC8DA5C1_fixedWall
    {
        type            zeroGradient;
    }
    rack2796428BA49E0232CAC645AEBC8DA5C1_inlet
    {
        type            calculated;
        value           nonuniform 0();
    }
    rack2796428BA49E0232CAC645AEBC8DA5C1_outlet
    {
        type            calculated;
        value           nonuniform 0();
    }
    acu380F56D59CF2B3DF6EFF9D0E6E8D39CB_inlet
    {
        type            calculated;
        value           nonuniform 0();
    }
    acu380F56D59CF2B3DF6EFF9D0E6E8D39CB_outlet
    {
        type            calculated;
        value           nonuniform 0();
    }
    acu380F56D59CF2B3DF6EFF9D0E6E8D39CB_fixedWall
    {
        type            zeroGradient;
    }
    baffleFaces_master
    {
        type            nutkWallFunction;
        Cmu             0.09;
        kappa           0.41;
        E               9.8;
        value           nonuniform 0();
    }
    baffleFaces_slave
    {
        type            nutkWallFunction;
        Cmu             0.09;
        kappa           0.41;
        E               9.8;
        value           nonuniform 0();
    }
    procBoundary6to5
    {
        type            processor;
        value           nonuniform List<scalar> 
1538
(
0.00459437
0.00234928
0.00238693
0.00228902
0.0021634
0.0022703
0.00242106
0.00270792
0.00270792
0.00270792
0.00286659
0.0030233
0.00316977
0.00329504
0.00338734
0.00343525
0.0034327
0.00337989
0.00328248
0.0031497
0.00299221
0.00282025
0.00264243
0.00246345
0.00229298
0.00213145
0.0019779
0.00183062
0.00168792
0.00154883
0.0014142
0.0012878
0.0011782
0.00109643
0.00104252
0.00100197
0.000959693
0.000905775
0.000852577
0.000807992
0.000781546
0.000776843
0.00163774
0.0021302
0.00163923
0.00134605
0.00142522
0.0014839
0.00168144
0.00189258
0.00205528
0.00174979
0.00174979
0.00174979
0.00175596
0.00174198
0.001725
0.00172204
0.00173747
0.00176646
0.00180038
0.00183144
0.00185464
0.00186787
0.00187129
0.00186639
0.00185543
0.00184094
0.00182549
0.00181154
0.00180176
0.00180021
0.00181122
0.00183969
0.00189076
0.00196743
0.00206052
0.00215568
0.0022424
0.00231001
0.00235963
0.00238904
0.00239188
0.00235411
0.00211697
0.000852278
0.00213622
0.00149317
0.00135346
0.00137387
0.00130947
0.00134888
0.00147763
0.0016374
0.00178379
0.00179143
0.00179143
0.00179143
0.00179751
0.00175039
0.00167153
0.00159029
0.00152769
0.00148928
0.00147163
0.00146832
0.00147335
0.00148228
0.00149228
0.0015019
0.00151056
0.00151837
0.00152613
0.00153514
0.001547
0.00156379
0.00158797
0.00162223
0.00166924
0.00173101
0.00180875
0.00190354
0.00201673
0.00214362
0.00227265
0.00239092
0.00248458
0.00238449
0.000906933
0.00210453
0.00150844
0.0014118
0.00140776
0.00135529
0.0013148
0.00131257
0.00134166
0.001383
0.00142517
0.00162241
0.00162241
0.00162241
0.00167503
0.00169108
0.00167081
0.00162814
0.00157982
0.00153736
0.00150548
0.00148439
0.00147226
0.00146683
0.00146611
0.00146858
0.00147329
0.00147979
0.00148811
0.00149865
0.00151217
0.00152983
0.00155307
0.00158361
0.00162332
0.00167403
0.00173753
0.00181588
0.00191153
0.0020275
0.00216156
0.00231091
0.00232278
0.000911374
0.0019648
0.001673
0.00162404
0.00159202
0.00153908
0.00150845
0.00150421
0.0015158
0.00151163
0.0014855
0.00144777
0.00140163
0.00140163
0.00140163
0.00138705
0.00138314
0.00138681
0.00139508
0.00140568
0.00141717
0.00142874
0.00143997
0.00145077
0.00146131
0.00147196
0.00148336
0.00149633
0.00151191
0.00153132
0.00155591
0.0015871
0.00162625
0.0016744
0.00173188
0.00179787
0.00187028
0.00194638
0.00202323
0.00209678
0.00216119
0.00221082
0.00212361
0.000870981
0.00367818
0.00174704
0.00185535
0.00197825
0.00207615
0.00216233
0.00224851
0.00234066
0.00243855
0.00254274
0.00264573
0.00273061
0.002576
0.002576
0.00260771
0.00261817
0.00261217
0.00259445
0.00256876
0.00253756
0.00250214
0.0024628
0.00241918
0.00237049
0.00231578
0.00225402
0.00218425
0.0021056
0.00201739
0.00191913
0.00181066
0.00169226
0.00156499
0.00143106
0.00129425
0.00115979
0.00103276
0.000915116
0.000810688
0.000741113
0.000757021
0.00165185
0.00041871
0.000243375
0.000290473
0.000325018
0.000350869
0.000375751
0.000398665
0.000421022
0.000445988
0.000472525
0.000501518
0.000529332
0.000555087
0.000579791
0.000603538
0.000650121
0.000650121
0.000650121
0.000675511
0.000700643
0.000725283
0.000749128
0.000771837
0.000793045
0.00081229
0.000828517
0.000841632
0.000851131
0.000856242
0.000856072
0.000849797
0.000836913
0.000817322
0.000790734
0.000761595
0.000736313
0.00072308
0.000724595
0.000731743
0.00072927
0.000699088
0.000624096
0.00112312
0.000206799
0.000391427
0.000460809
0.000630043
0.00084207
0.00107478
0.00127657
0.00143551
0.00154224
0.00162195
0.00168418
0.00175656
0.00180803
0.00183175
0.00182824
0.00180247
0.0016385
0.0016385
0.0016385
0.00156971
0.00150255
0.00144127
0.0013888
0.00134653
0.00131255
0.00127872
0.00125185
0.00123277
0.00122096
0.00121846
0.00122888
0.00125711
0.00131108
0.00138685
0.00148346
0.00157249
0.00164072
0.00167908
0.00167879
0.00163788
0.00155748
0.00134606
0.000604511
0.000245599
0.000455404
0.00045525
0.000714737
0.00102955
0.0013371
0.00157645
0.00174556
0.00186465
0.0019566
0.0020323
0.00213251
0.00221322
0.00226715
0.00229411
0.00230056
0.00229524
0.00220522
0.00220522
0.00220522
0.00217463
0.00214875
0.00212771
0.00211183
0.00210092
0.00209367
0.00208942
0.00208697
0.00208563
0.00208947
0.00209699
0.00209902
0.00208883
0.00207411
0.00205619
0.00203401
0.00200575
0.00196474
0.0019052
0.00183412
0.00176166
0.0015895
0.000680151
0.000296751
0.000480135
0.000418725
0.000692444
0.00117104
0.00153491
0.00178261
0.00195183
0.00206483
0.00214849
0.00220947
0.00228689
0.00233869
0.00236354
0.00236332
0.00234826
0.00233031
0.00231746
0.00223046
0.00223046
0.00223046
0.00222018
0.00221769
0.00222137
0.00222991
0.00224148
0.00225367
0.00226068
0.00226153
0.00225677
0.00224522
0.00222581
0.00220009
0.00217145
0.00214211
0.00210955
0.00206742
0.00200952
0.00193822
0.00187152
0.00180495
0.00163863
0.000759189
0.00034279
0.000490128
0.000428873
0.000759249
0.00135805
0.00175546
0.00200019
0.00215459
0.00224939
0.00231224
0.00234236
0.0023831
0.00240307
0.00238954
0.00235028
0.0023045
0.00226857
0.0022501
0.00224989
0.00215534
0.00215534
0.00215534
0.00216842
0.00218906
0.00221325
0.0022371
0.00225659
0.002269
0.00227321
0.00226895
0.00225648
0.00223687
0.00221224
0.00218263
0.00214692
0.00210349
0.00205091
0.00198957
0.00192697
0.00188869
0.00186249
0.00167649
0.000844294
0.00037629
0.000498197
0.000473179
0.000982255
0.00161473
0.00200051
0.00221705
0.00234223
0.00241094
0.00244381
0.00244763
0.00246792
0.00245584
0.00240231
0.00232805
0.00226187
0.00222102
0.00220818
0.00221885
0.00224574
0.00214665
0.00214665
0.00214665
0.00218312
0.0022206
0.00225376
0.00227788
0.00229087
0.00229259
0.00228349
0.0022637
0.00223409
0.0021976
0.00215519
0.00210803
0.00205793
0.00200663
0.00195572
0.00191171
0.00190379
0.0019423
0.0017545
0.000934423
0.00039654
0.000509465
0.00055783
0.00129113
0.00190729
0.0022432
0.00241123
0.00249916
0.00254062
0.00255667
0.00254929
0.00255448
0.00251093
0.0024207
0.00232211
0.00225026
0.00221684
0.00221582
0.00223706
0.00227032
0.00230688
0.00221594
0.00221594
0.00221594
0.00225365
0.00228246
0.00229821
0.00230051
0.00229052
0.00226943
0.00223828
0.00219906
0.00215569
0.00210954
0.00206327
0.00202017
0.00198097
0.00194437
0.00191499
0.00192312
0.00201293
0.00191393
0.00103212
0.000405918
0.000530906
0.00071969
0.00164287
0.00219841
0.00245726
0.00256813
0.00262538
0.00265577
0.00266743
0.00265888
0.00265287
0.00257902
0.00245812
0.00234747
0.00228091
0.00225816
0.00226466
0.00228724
0.00231569
0.00234259
0.00236337
0.00227174
0.00227174
0.00227174
0.00228556
0.00228694
0.00227752
0.00225957
0.00223476
0.00220338
0.00216743
0.00213044
0.0020938
0.00205846
0.00202498
0.00199227
0.00195877
0.00193012
0.00193591
0.00202226
0.00207057
0.0011249
0.000409992
0.00057342
0.00103447
0.00201134
0.0024584
0.00262591
0.00269292
0.00273785
0.00276899
0.00278548
0.00278507
0.0027712
0.00266884
0.00252502
0.00241253
0.00235496
0.00233738
0.00234135
0.00235547
0.00237192
0.0023858
0.00239459
0.00239736
0.00227573
0.00227573
0.00227573
0.00227044
0.00225927
0.00224432
0.00222693
0.00220753
0.00218608
0.00216239
0.00213555
0.00210513
0.00207106
0.00203215
0.00198718
0.00194316
0.00192743
0.00197325
0.00200355
0.00118432
0.000414846
0.000687568
0.00152788
0.00235717
0.00266073
0.0027527
0.00280026
0.00284531
0.00288749
0.00291728
0.00293369
0.00291494
0.00278681
0.0026285
0.00252297
0.00246951
0.00244899
0.00244529
0.00244914
0.00245498
0.00245984
0.00246251
0.0024628
0.00246115
0.00229275
0.00229275
0.00229275
0.00228887
0.0022853
0.00228179
0.00227701
0.00226866
0.002254
0.0022306
0.00219681
0.00215148
0.00209268
0.00202042
0.00194697
0.00190091
0.00190259
0.00187972
0.00121063
0.000426549
0.000944737
0.00204828
0.00262752
0.00280338
0.00285779
0.00290172
0.00295615
0.00301583
0.00306648
0.00310714
0.00308703
0.00293882
0.00278087
0.00267732
0.00262279
0.00259769
0.00258753
0.00258465
0.00258496
0.00258653
0.00258869
0.00259149
0.00259533
0.00260043
0.00238224
0.00238224
0.00238224
0.00239003
0.00239924
0.00240723
0.0024099
0.00240201
0.00237813
0.0023332
0.00226296
0.00216527
0.00204726
0.0019351
0.00186239
0.00184048
0.00180577
0.00133162
0.000450406
0.00133128
0.00244006
0.00281878
0.00291139
0.00295073
0.00300385
0.00307628
0.0031587
0.00323405
0.0033044
0.00328925
0.00313598
0.00297855
0.00287553
0.00281999
0.00279251
0.00277967
0.00277471
0.00277425
0.00277679
0.00278185
0.00278955
0.00280025
0.00281405
0.00283007
0.00255414
0.00255414
0.00255414
0.0025761
0.00259792
0.00261293
0.00261141
0.00258151
0.00251144
0.00239362
0.00223191
0.00205238
0.00190235
0.0018155
0.00179248
0.00179427
0.00161349
0.000487477
0.00174542
0.00270088
0.00293859
0.00299512
0.00303873
0.00311098
0.00320736
0.00331658
0.00342043
0.00352236
0.00352345
0.00337414
0.00322075
0.00312027
0.00306668
0.00304084
0.00302979
0.00302712
0.00302973
0.00303631
0.00304648
0.00306045
0.00307864
0.00310114
0.00312681
0.00315182
0.00281809
0.00281809
0.00281809
0.00285567
0.00288321
0.00288317
0.00283359
0.0027145
0.00251984
0.00227247
0.00202967
0.00185569
0.00176962
0.00175751
0.00180248
0.00186194
0.000533734
0.00208791
0.00286041
0.00301973
0.00306593
0.00312712
0.00322493
0.00334814
0.00348556
0.00361979
0.00375592
0.00378299
0.00364729
0.00350422
0.00341127
0.00336465
0.00334548
0.00334095
0.00334466
0.00335364
0.00336669
0.00338351
0.00340439
0.00342975
0.00345961
0.00349234
0.00352274
0.00353939
0.00318151
0.00318151
0.00318151
0.00321543
0.00321543
0.003204
0.00311295
0.00291656
0.00262133
0.00228518
0.00199787
0.00182077
0.00174378
0.00174307
0.0018235
0.00207522
0.00058352
0.00231463
0.00296378
0.00307719
0.0031312
0.00321872
0.00334485
0.0034945
0.00365846
0.00382199
0.0039928
0.00405413
0.00394211
0.00381761
0.00373939
0.00370602
0.00369891
0.00370526
0.00371866
0.00373626
0.00375703
0.00378081
0.00380789
0.00383856
0.0038725
0.0039073
0.00393609
0.00394398
0.0039045
0.00377924
0.00354957
0.00354957
0.00354957
0.00339442
0.00310063
0.00270092
0.00229735
0.00199572
0.00183206
0.00176163
0.00176061
0.00186162
0.00224798
0.000637712
0.00244964
0.00302552
0.00312255
0.00319746
0.00331542
0.00346853
0.00364061
0.00382583
0.00401324
0.00421463
0.00431443
0.00423376
0.00413566
0.00407962
0.00406526
0.00407418
0.00409382
0.00411804
0.00414442
0.00417238
0.00420211
0.00423391
0.00426777
0.00430262
0.00433498
0.0043562
0.00434833
0.00427971
0.00410475
0.00377566
0.00366369
0.00366369
0.00366369
0.00327189
0.00278621
0.00234836
0.00206499
0.00191376
0.00184634
0.0018337
0.00192025
0.00238386
0.000693197
0.00253019
0.00306434
0.00316373
0.00326599
0.00341463
0.0035909
0.00377946
0.0039777
0.00417848
0.00439919
0.00453341
0.0044852
0.00441788
0.00438913
0.00439665
0.0044224
0.00445472
0.00448835
0.00452184
0.0045556
0.00459043
0.00462675
0.00466397
0.00469994
0.00472971
0.004743
0.00471979
0.00462515
0.00440878
0.00401896
0.00343957
0.00345303
0.00345303
0.00345303
0.00291331
0.00247901
0.00220517
0.00206307
0.00199708
0.00196928
0.00201548
0.00248993
0.000751872
0.00256983
0.00308076
0.00320371
0.00334631
0.00352467
0.00371705
0.0039116
0.00410974
0.00430704
0.00452596
0.00467761
0.00465526
0.0046199
0.00462085
0.00465037
0.00469155
0.00473446
0.0047754
0.00481441
0.00485319
0.00489345
0.00493589
0.00497937
0.00502048
0.00505268
0.00506439
0.00503475
0.00492795
0.00469142
0.0042703
0.00364935
0.0029151
0.00312137
0.00312137
0.00312137
0.00269015
0.00242309
0.00228588
0.00221641
0.00216868
0.00216495
0.00257497
0.000807345
0.00256731
0.00307151
0.00322926
0.00341065
0.00361362
0.00382087
0.00402187
0.00421489
0.0043943
0.00458432
0.00472034
0.00471625
0.00471627
0.00474976
0.00480202
0.00485863
0.00491201
0.00496018
0.00500468
0.00504854
0.0050945
0.00514398
0.00519588
0.005246
0.00528673
0.00530578
0.00528285
0.00518361
0.00495568
0.00454094
0.00391845
0.00318896
0.00255244
0.00299005
0.00299005
0.00299005
0.00272791
0.0025895
0.00250678
0.00242743
0.00235991
0.00264632
0.000863611
0.00253111
0.00304467
0.00329988
0.00355211
0.00378943
0.00400159
0.00418595
0.00434299
0.00447007
0.00459107
0.00466055
0.00467636
0.0047197
0.00479003
0.00486803
0.00494323
0.00501015
0.00506806
0.00511951
0.00516849
0.0052188
0.00527309
0.00533118
0.00538939
0.00544025
0.00547199
0.00546632
0.00539282
0.00520244
0.00483466
0.00425947
0.0035676
0.00294676
0.00256106
0.00313042
0.00313042
0.00313042
0.00298255
0.00287154
0.00274158
0.00259354
0.00271522
0.000908521
0.00241054
0.00294441
0.00321073
0.00344642
0.0036891
0.00391675
0.00410703
0.00425652
0.00436582
0.00444402
0.00448166
0.00455804
0.00466247
0.00477611
0.00488417
0.00498286
0.00506794
0.00513931
0.00519995
0.00525439
0.00530715
0.00536211
0.0054206
0.00548065
0.00553673
0.00557942
0.00559419
0.00555689
0.00542606
0.00514347
0.00466885
0.00405549
0.00347723
0.00310907
0.00297265
0.00347473
0.00347473
0.00347473
0.00331526
0.0031085
0.00285825
0.00278911
0.000935405
0.00219041
0.00266409
0.00281955
0.00302922
0.00327818
0.00351558
0.00371737
0.0038855
0.00402848
0.00415454
0.00427477
0.00442593
0.00458502
0.0047381
0.00487528
0.00500018
0.00510682
0.00519618
0.00527159
0.00533751
0.0053981
0.0054562
0.00551294
0.00556764
0.00561791
0.00565944
0.0056852
0.00568207
0.0056229
0.00545791
0.00513062
0.00465029
0.00415539
0.00382008
0.00368197
0.0036369
0.00384401
0.00384401
0.00384401
0.003528
0.00314821
0.00286167
0.000946534
0.00191847
0.00229298
0.00237046
0.00256875
0.00283219
0.00309666
0.00332874
0.00352915
0.00371805
0.00390543
0.0040959
0.00429457
0.00449248
0.00467825
0.00484599
0.00499426
0.00512337
0.00523534
0.00533299
0.00541914
0.00549584
0.00556395
0.00562342
0.00567399
0.00571582
0.00574969
0.00577659
0.00579582
0.00579893
0.00575682
0.00561357
0.00533155
0.00498075
0.00470808
0.0045669
0.00446556
0.00427282
0.00400008
0.00400008
0.00400008
0.00345996
0.00291912
0.000941702
0.00164551
0.00192266
0.00198453
0.00218165
0.0024686
0.00277498
0.00304072
0.00326006
0.00347172
0.00369188
0.00391911
0.00414751
0.0043672
0.00457242
0.00476018
0.00492981
0.00508231
0.00521945
0.00534295
0.00545389
0.00555236
0.00563745
0.00570778
0.00576276
0.00580369
0.00583459
0.00586251
0.00589716
0.00594795
0.00601369
0.00606319
0.00603542
0.00590923
0.00575571
0.00562709
0.00545534
0.00511001
0.00452887
0.00378995
0.00378995
0.00378995
0.0029465
0.000916519
0.00134633
0.00157521
0.00163742
0.00183478
0.00215116
0.00250613
0.00279995
0.00301976
0.00323536
0.00346598
0.00370412
0.00394091
0.0041687
0.00438353
0.00458326
0.00476744
0.00493698
0.0050932
0.005237
0.00536847
0.00548687
0.00559078
0.00567862
0.00574976
0.00580571
0.00585127
0.00589565
0.00595338
0.00604447
0.00618985
0.00639454
0.00661854
0.0067809
0.0068323
0.0067673
0.00653254
0.00601197
0.0051637
0.00421204
0.00293037
0.00293037
0.00293037
0.000869731
0.00107861
0.00124423
0.00131889
0.00151241
0.00186135
0.00225403
0.0025653
0.00276701
0.00296561
0.0031878
0.00342137
0.00365308
0.00387603
0.00408784
0.00428675
0.00447186
0.0046435
0.00480258
0.00495001
0.0050863
0.00521154
0.00532558
0.0054282
0.00551976
0.00560199
0.00567907
0.00575899
0.00585507
0.00598748
0.00618327
0.00646929
0.00684657
0.00725166
0.0075565
0.00763508
0.00738455
0.00671533
0.00566402
0.00456335
0.00336754
0.000795349
0.000849026
0.000934008
0.00103518
0.00123146
0.00157017
0.00198674
0.00230001
0.0024722
0.00263835
0.00283937
0.00305884
0.00327573
0.00348154
0.00367637
0.00385905
0.00402798
0.00418269
0.00432394
0.00445336
0.00457301
0.00468499
0.00479117
0.00489314
0.00499236
0.00509073
0.00519139
0.00529979
0.00542487
0.00558058
0.00578717
0.00606994
0.00644868
0.0069066
0.00734291
0.00756373
0.00736227
0.00666809
0.00568304
0.00480249
0.00326921
0.000683395
0.000692402
0.00074076
0.000841813
0.0010066
0.00128533
0.00165545
0.0019585
0.00211352
0.00223205
0.00239832
0.00260018
0.00280085
0.0029833
0.00315196
0.00330794
0.00344998
0.00357741
0.00369119
0.00379386
0.00388867
0.00397875
0.00406652
0.00415356
0.00424092
0.00432958
0.00442106
0.00451795
0.00462463
0.00474806
0.00489864
0.00509027
0.00533732
0.00564263
0.00596644
0.00617972
0.00607569
0.00560172
0.00505436
0.00475727
0.00306271
0.000508049
0.000627106
0.000716246
0.000789768
0.000859313
0.000967827
0.00117382
0.00144503
0.0016345
0.00170203
0.00180108
0.00197871
0.00217564
0.00234212
0.00248842
0.0026213
0.00274304
0.00285512
0.00295953
0.00305881
0.00315539
0.00325099
0.00334638
0.00344142
0.00353539
0.00362728
0.00371607
0.00380091
0.00388149
0.00395834
0.00403345
0.00411067
0.00419586
0.00429515
0.00440831
0.00451182
0.00453179
0.00443201
0.00433999
0.00431553
0.00274455
0.00100283
0.000527231
0.000585481
0.000628354
0.000650564
0.000653668
0.000646813
0.000645894
0.00064986
0.000643926
0.000645002
0.000801129
0.00102156
0.00119842
0.00134476
0.00147096
0.00158565
0.00169685
0.00181149
0.001935
0.00207113
0.00222203
0.00238857
0.00257022
0.00276506
0.0029699
0.00318042
0.00339121
0.00359591
0.00378746
0.00395866
0.00410286
0.00421486
0.00429204
0.00433475
0.00434612
0.00433071
0.00425003
0.00401592
0.00332441
0.00514422
)
;
    }
}


// ************************************************************************* //
