/*--------------------------------*- C++ -*----------------------------------*\
| =========                 |                                                 |
| \\      /  F ield         | OpenFOAM: The Open Source CFD Toolbox           |
|  \\    /   O peration     | Version:  2.3.1                                 |
|   \\  /    A nd           | Web:      www.OpenFOAM.org                      |
|    \\/     M anipulation  |                                                 |
\*---------------------------------------------------------------------------*/
FoamFile
{
    version     2.0;
    format      ascii;
    class       volScalarField;
    location    "600";
    object      p;
}
// * * * * * * * * * * * * * * * * * * * * * * * * * * * * * * * * * * * * * //

dimensions      [0 2 -2 0 0 0 0];

internalField   nonuniform List<scalar> 
6852
(
77.8257
77.8275
77.8308
77.8337
77.8361
77.8209
77.8251
77.8307
77.8355
77.8396
77.8125
77.8196
77.8283
77.8358
77.8418
77.8028
77.8114
77.823
77.8332
77.8408
77.7936
77.8023
77.8152
77.8271
77.8358
77.7847
77.792
77.8051
77.8179
77.8273
77.771
77.778
77.7916
77.8051
77.815
77.7612
77.7754
77.7893
77.7993
77.7423
77.7571
77.771
77.7809
77.7221
77.7374
77.7511
77.7606
77.7018
77.7172
77.7304
77.7393
77.6822
77.6974
77.7098
77.7179
77.6643
77.6788
77.69
77.6974
77.6484
77.6618
77.6718
77.6783
77.6346
77.6467
77.6555
77.6612
77.6228
77.6336
77.6413
77.6462
77.613
77.6224
77.6291
77.6332
77.6047
77.613
77.6189
77.6223
77.598
77.6053
77.6105
77.6135
77.5926
77.5991
77.6035
77.6063
77.5884
77.5942
77.5982
77.6007
77.5853
77.5907
77.5943
77.5965
77.5833
77.5883
77.5916
77.5936
77.5823
77.587
77.5901
77.5919
77.5821
77.5866
77.5895
77.5911
77.5827
77.5871
77.5897
77.5913
77.584
77.5883
77.5908
77.5923
77.5859
77.5901
77.5926
77.594
77.5883
77.5924
77.595
77.5962
77.5909
77.5951
77.5978
77.5988
77.5939
77.5982
77.6008
77.6015
77.5973
77.6015
77.6039
77.6044
77.601
77.6048
77.6068
77.6071
77.6047
77.6079
77.6095
77.6095
77.6083
77.6108
77.6121
77.6118
77.6116
77.6133
77.6143
77.6139
77.6147
77.6157
77.6163
77.6162
77.6178
77.6181
77.6184
77.6184
77.621
77.6206
77.6206
77.6207
77.6244
77.6231
77.6227
77.6228
77.6279
77.6255
77.6243
77.6242
76.8092
76.813
76.8175
76.8206
76.8239
76.8047
76.8108
76.8173
76.8232
76.8299
76.7909
76.8025
76.8138
76.8234
76.8328
76.7748
76.7902
76.806
76.8194
76.8313
76.7622
76.778
76.796
76.8118
76.8249
76.7516
76.7658
76.7844
76.8015
76.8155
76.7375
76.7513
76.7703
76.7884
76.803
76.7204
76.7348
76.7542
76.7729
76.7879
76.7165
76.7364
76.7553
76.7702
76.6972
76.7176
76.7363
76.7507
76.6781
76.6985
76.7167
76.7301
76.6602
76.68
76.6971
76.7094
76.6441
76.6627
76.6784
76.6893
76.6301
76.647
76.6609
76.6705
76.6179
76.6329
76.6451
76.6534
76.6075
76.6206
76.6311
76.6383
76.5986
76.61
76.6189
76.6251
76.5911
76.6009
76.6085
76.6139
76.5849
76.5934
76.5998
76.6046
76.5798
76.5872
76.5928
76.5969
76.5758
76.5823
76.5873
76.5907
76.5728
76.5787
76.5832
76.5859
76.5708
76.5763
76.5803
76.5824
76.5698
76.5749
76.5785
76.5802
76.5695
76.5744
76.5777
76.5792
76.57
76.5748
76.5779
76.5791
76.5713
76.576
76.579
76.58
76.5732
76.5779
76.5808
76.5816
76.5756
76.5805
76.5832
76.5838
76.5787
76.5835
76.586
76.5864
76.5821
76.5868
76.589
76.5893
76.5858
76.59
76.5921
76.5923
76.5894
76.5931
76.5948
76.5949
76.5929
76.596
76.5973
76.5971
76.5962
76.5986
76.5996
76.5991
76.5992
76.6009
76.6016
76.601
76.602
76.6029
76.6034
76.603
76.6047
76.6048
76.6052
76.6051
76.6075
76.607
76.6071
76.6074
76.6106
76.6092
76.609
76.6096
76.615
76.612
76.611
76.6114
75.7912
75.7974
75.803
75.8062
75.8092
75.7851
75.7942
75.8019
75.8082
75.8151
75.7666
75.7823
75.7961
75.8069
75.8163
75.7445
75.7646
75.7839
75.7993
75.8113
75.7305
75.7492
75.7699
75.7876
75.8005
75.7169
75.734
75.7547
75.7737
75.7872
75.7005
75.717
75.7382
75.758
75.772
75.6817
75.6986
75.7206
75.7413
75.7555
75.6608
75.6792
75.7024
75.7238
75.738
75.6599
75.6843
75.706
75.7198
75.6419
75.6669
75.6884
75.7014
75.6263
75.651
75.6716
75.6833
75.6137
75.6368
75.6558
75.6661
75.6033
75.6244
75.6413
75.6501
75.5949
75.6135
75.6282
75.6355
75.5878
75.6039
75.6164
75.6224
75.5817
75.5955
75.606
75.6108
75.5764
75.5881
75.5968
75.6007
75.5719
75.5818
75.5889
75.592
75.568
75.5764
75.5824
75.5846
75.5647
75.572
75.577
75.5786
75.5622
75.5685
75.5728
75.574
75.5604
75.5661
75.5696
75.5707
75.5593
75.5645
75.5676
75.5686
75.5589
75.5639
75.5666
75.5676
75.5593
75.564
75.5665
75.5674
75.5603
75.565
75.5673
75.5681
75.562
75.5666
75.5688
75.5696
75.5643
75.5688
75.5709
75.5715
75.567
75.5715
75.5735
75.574
75.5702
75.5745
75.5764
75.5767
75.5736
75.5777
75.5795
75.5796
75.5772
75.581
75.5825
75.5825
75.581
75.5841
75.5852
75.585
75.5845
75.5868
75.5873
75.5869
75.5877
75.5892
75.5892
75.5884
75.5907
75.5912
75.5911
75.5903
75.5934
75.5928
75.5929
75.5922
75.5961
75.5945
75.5943
75.5943
75.5993
75.5965
75.5956
75.5964
75.6053
75.5999
75.5981
75.5986
74.7763
74.7832
74.7887
74.7916
74.7941
74.7703
74.7799
74.7873
74.7925
74.798
74.7509
74.7673
74.7805
74.7901
74.7974
74.7262
74.7479
74.7668
74.7809
74.7906
74.7074
74.729
74.7504
74.7672
74.7779
74.6898
74.7101
74.7325
74.7513
74.7628
74.6708
74.6907
74.7139
74.7342
74.7463
74.6508
74.6707
74.695
74.7166
74.7291
74.6301
74.6507
74.6764
74.6989
74.7116
74.6094
74.6316
74.6586
74.6816
74.6942
74.6146
74.6424
74.6652
74.6772
74.6006
74.6281
74.65
74.661
74.5902
74.6159
74.6361
74.6458
74.5823
74.6055
74.6235
74.6317
74.5761
74.5965
74.6121
74.6188
74.571
74.5885
74.6018
74.6072
74.5665
74.5815
74.5925
74.5967
74.5626
74.5753
74.5843
74.5875
74.559
74.5698
74.5771
74.5795
74.5559
74.565
74.5709
74.5728
74.5532
74.561
74.5658
74.5672
74.551
74.5578
74.5617
74.5628
74.5494
74.5554
74.5586
74.5595
74.5485
74.5539
74.5566
74.5573
74.5481
74.5532
74.5555
74.5561
74.5485
74.5533
74.5554
74.5559
74.5495
74.5541
74.556
74.5564
74.5512
74.5556
74.5574
74.5577
74.5533
74.5577
74.5593
74.5596
74.556
74.5602
74.5617
74.5618
74.559
74.563
74.5644
74.5644
74.5623
74.566
74.5672
74.5671
74.5658
74.569
74.57
74.5697
74.5692
74.5719
74.5726
74.5723
74.5725
74.5744
74.5747
74.5742
74.5756
74.5767
74.5765
74.5757
74.5786
74.5788
74.5784
74.5775
74.5814
74.5805
74.5803
74.5793
74.5843
74.5823
74.5816
74.5814
74.5878
74.5841
74.5828
74.5835
74.5949
74.588
74.5853
74.5858
73.7648
73.7711
73.7756
73.778
73.7799
73.7606
73.7689
73.7748
73.7789
73.7826
73.7429
73.7571
73.7682
73.7761
73.781
73.7169
73.7376
73.7544
73.7668
73.7737
73.6938
73.7169
73.7373
73.7529
73.761
73.6734
73.6961
73.7187
73.7367
73.7458
73.6534
73.6753
73.6999
73.7199
73.7295
73.633
73.6553
73.6816
73.7029
73.7126
73.6126
73.6365
73.6638
73.6861
73.6956
73.593
73.6189
73.6471
73.6696
73.6787
73.5759
73.6036
73.6317
73.6539
73.6623
73.5907
73.6181
73.6391
73.6466
73.5811
73.6064
73.6256
73.6319
73.5736
73.5964
73.6133
73.6184
73.5676
73.5876
73.6021
73.606
73.5627
73.5799
73.5918
73.5947
73.5583
73.573
73.5826
73.5846
73.5544
73.5667
73.5744
73.5756
73.5507
73.5612
73.5671
73.5678
73.5475
73.5562
73.5608
73.5611
73.5446
73.552
73.5556
73.5556
73.5422
73.5486
73.5513
73.5512
73.5404
73.546
73.5481
73.5478
73.5391
73.5441
73.5459
73.5456
73.5385
73.5431
73.5446
73.5443
73.5386
73.5429
73.5442
73.5439
73.5393
73.5434
73.5446
73.5444
73.5407
73.5446
73.5458
73.5455
73.5426
73.5464
73.5475
73.5473
73.5449
73.5486
73.5497
73.5494
73.5477
73.5511
73.5522
73.5519
73.5507
73.5539
73.5549
73.5545
73.5538
73.5566
73.5574
73.557
73.557
73.5592
73.5597
73.5591
73.56
73.5615
73.5616
73.5609
73.563
73.5637
73.5636
73.5626
73.5658
73.5658
73.5656
73.5646
73.5685
73.5675
73.5674
73.5666
73.5713
73.5694
73.5687
73.5689
73.5744
73.5714
73.5702
73.571
73.5794
73.5744
73.5725
73.573
72.7542
72.7594
72.7633
72.7658
72.767
72.7506
72.7581
72.7636
72.7677
72.7698
72.7342
72.7471
72.7573
72.7649
72.7679
72.7076
72.7274
72.7439
72.7563
72.7608
72.6822
72.7057
72.7271
72.7432
72.7489
72.661
72.6854
72.7095
72.728
72.7345
72.6419
72.6661
72.6919
72.7119
72.7188
72.6234
72.6478
72.6745
72.6955
72.7024
72.6053
72.6303
72.6577
72.679
72.6858
72.5875
72.6138
72.6416
72.6629
72.6692
72.5712
72.599
72.6266
72.6473
72.6529
72.557
72.5861
72.613
72.6325
72.6372
72.5764
72.6013
72.6188
72.6224
72.5688
72.5911
72.6063
72.6087
72.5625
72.582
72.5947
72.5961
72.5571
72.5737
72.5841
72.5846
72.5523
72.5663
72.5745
72.5743
72.5477
72.5594
72.5659
72.5651
72.5435
72.5533
72.5582
72.5571
72.5397
72.5478
72.5515
72.5502
72.5363
72.543
72.5459
72.5445
72.5333
72.5391
72.5412
72.5399
72.531
72.536
72.5376
72.5364
72.5293
72.5337
72.5351
72.534
72.5283
72.5323
72.5334
72.5326
72.528
72.5317
72.5327
72.532
72.5283
72.5318
72.5329
72.5323
72.5293
72.5327
72.5337
72.5333
72.5309
72.5342
72.5352
72.535
72.533
72.5361
72.5371
72.537
72.5354
72.5384
72.5394
72.5392
72.5381
72.5408
72.5417
72.5414
72.5409
72.5433
72.5441
72.5438
72.5438
72.5457
72.5465
72.546
72.5466
72.5479
72.5485
72.548
72.5495
72.5501
72.5503
72.5499
72.5522
72.5524
72.5522
72.552
72.5549
72.5544
72.5542
72.5541
72.5578
72.5566
72.5561
72.5563
72.5608
72.5587
72.558
72.5583
72.5644
72.5612
72.5598
72.5598
-7.944
-7.94396
-7.94393
-7.94391
-7.94391
-7.94404
-7.94399
-7.94394
-7.94392
-7.9439
-7.94409
-7.94403
-7.94396
-7.94391
-7.94387
-7.94406
-7.94402
-7.94396
-7.94389
-7.94382
-7.94382
-7.94391
-7.9439
-7.94384
-7.94373
-7.94332
-7.94365
-7.94378
-7.94374
-7.9436
-7.94268
-7.94329
-7.94364
-7.94364
-7.94346
-7.94213
-7.94298
-7.94354
-7.94359
-7.94336
-7.94168
-7.94277
-7.9435
-7.94361
-7.94335
-7.94147
-7.94277
-7.94366
-7.94382
-7.94353
-7.9416
-7.94308
-7.94406
-7.94424
-7.94391
-7.94209
-7.94368
-7.9447
-7.94486
-7.94451
-7.94286
-7.94453
-7.94555
-7.94568
-7.9453
-7.94391
-7.94559
-7.94656
-7.94665
-7.94625
-7.94516
-7.94679
-7.94768
-7.94773
-7.94732
-7.94809
-7.94889
-7.94889
-7.94848
-7.94944
-7.95013
-7.9501
-7.9497
-7.95081
-7.9514
-7.95134
-7.95094
-7.95218
-7.95267
-7.95259
-7.9522
-7.95354
-7.95394
-7.95384
-7.95347
-7.95488
-7.95521
-7.95508
-7.95473
-7.9562
-7.95646
-7.95632
-7.95597
-7.9575
-7.95769
-7.95753
-7.9572
-7.95877
-7.95889
-7.95871
-7.95839
-7.95998
-7.96004
-7.95985
-7.95954
-7.96112
-7.96113
-7.96094
-7.96064
-7.96216
-7.96213
-7.96195
-7.96167
-7.9631
-7.96305
-7.96288
-7.96263
-7.96391
-7.96385
-7.96371
-7.9635
-7.96458
-7.96456
-7.96446
-7.96428
-7.96513
-7.96516
-7.96512
-7.96498
-7.96558
-7.96569
-7.9657
-7.9656
-7.96597
-7.96614
-7.96623
-7.96616
-7.96627
-7.96656
-7.9667
-7.96667
-7.9665
-7.96694
-7.96714
-7.96712
-7.96671
-7.96727
-7.9675
-7.9675
-7.96697
-7.96754
-7.96774
-7.96774
-7.96726
-7.96766
-7.96776
-7.9678
-7.96717
-7.96733
-7.9674
-7.96756
-7.9664
-7.96662
-7.96684
-7.96718
-7.96518
-7.96563
-7.96613
-7.96673
-8.95417
-8.95412
-8.95408
-8.95405
-8.95404
-8.95419
-8.95415
-8.95409
-8.95406
-8.95403
-8.95435
-8.95425
-8.95415
-8.95408
-8.95403
-8.95442
-8.95433
-8.9542
-8.9541
-8.95402
-8.95434
-8.95434
-8.95424
-8.95411
-8.95398
-8.95406
-8.95426
-8.95427
-8.95411
-8.95392
-8.95371
-8.95411
-8.95428
-8.95413
-8.95386
-8.9534
-8.954
-8.95432
-8.95419
-8.95384
-8.95322
-8.95401
-8.95446
-8.95435
-8.95393
-8.95325
-8.95421
-8.95478
-8.95468
-8.95419
-8.95353
-8.95465
-8.9553
-8.95519
-8.95465
-8.95413
-8.95534
-8.95602
-8.95589
-8.9553
-8.95492
-8.95622
-8.95691
-8.95674
-8.95613
-8.95595
-8.95729
-8.95794
-8.95772
-8.9571
-8.95713
-8.95846
-8.95906
-8.9588
-8.95817
-8.95842
-8.95971
-8.96024
-8.95994
-8.95932
-8.96099
-8.96144
-8.96111
-8.96051
-8.96228
-8.96265
-8.96231
-8.96172
-8.96359
-8.96388
-8.96352
-8.96294
-8.9649
-8.9651
-8.96473
-8.96417
-8.96622
-8.96633
-8.96594
-8.96539
-8.96753
-8.96756
-8.96714
-8.9666
-8.96882
-8.96877
-8.96833
-8.9678
-8.97008
-8.96995
-8.96949
-8.96897
-8.97129
-8.97108
-8.97061
-8.97011
-8.97242
-8.97215
-8.97168
-8.9712
-8.97344
-8.97314
-8.97267
-8.97223
-8.97435
-8.97403
-8.97359
-8.97318
-8.97513
-8.97481
-8.97442
-8.97406
-8.97576
-8.97548
-8.97515
-8.97485
-8.97622
-8.97605
-8.97581
-8.97557
-8.9766
-8.97656
-8.9764
-8.97622
-8.97693
-8.97703
-8.97696
-8.97682
-8.97723
-8.97749
-8.97748
-8.97738
-8.97762
-8.97796
-8.97799
-8.97791
-8.97817
-8.97845
-8.97848
-8.97838
-8.97884
-8.9789
-8.97882
-8.97873
-8.97941
-8.97916
-8.9789
-8.97884
-8.97926
-8.97885
-8.9785
-8.9786
-8.97786
-8.9777
-8.97768
-8.97813
-8.97529
-8.97555
-8.97628
-8.97739
-9.96431
-9.96426
-9.96421
-9.96418
-9.96416
-9.96431
-9.96426
-9.9642
-9.96417
-9.96414
-9.96458
-9.96445
-9.96431
-9.96422
-9.96417
-9.96471
-9.96457
-9.96441
-9.96428
-9.96419
-9.96469
-9.96464
-9.96452
-9.96436
-9.96423
-9.96457
-9.96467
-9.96464
-9.96447
-9.96428
-9.96442
-9.96471
-9.96479
-9.96463
-9.96437
-9.96435
-9.96481
-9.96502
-9.96487
-9.96454
-9.96439
-9.96503
-9.96537
-9.96523
-9.96484
-9.96465
-9.96545
-9.9659
-9.96576
-9.96531
-9.96511
-9.96606
-9.9666
-9.96647
-9.96595
-9.96588
-9.96692
-9.96749
-9.96734
-9.96678
-9.96678
-9.96791
-9.96852
-9.96833
-9.96774
-9.96787
-9.96905
-9.96965
-9.96943
-9.9688
-9.96907
-9.97027
-9.97084
-9.97057
-9.96993
-9.97034
-9.97155
-9.97208
-9.97175
-9.9711
-9.97165
-9.97283
-9.97331
-9.97293
-9.97228
-9.97413
-9.97454
-9.97412
-9.97347
-9.97543
-9.97576
-9.9753
-9.97466
-9.97674
-9.97697
-9.97648
-9.97583
-9.97806
-9.97817
-9.97764
-9.977
-9.97937
-9.97937
-9.9788
-9.97816
-9.98068
-9.98054
-9.97993
-9.9793
-9.98194
-9.98168
-9.98103
-9.9804
-9.98313
-9.98275
-9.98208
-9.98147
-9.98419
-9.98374
-9.98306
-9.98249
-9.98509
-9.98463
-9.98397
-9.98343
-9.98583
-9.98539
-9.98478
-9.98431
-9.98642
-9.98601
-9.9855
-9.98511
-9.98682
-9.98652
-9.98614
-9.98584
-9.98705
-9.98697
-9.98672
-9.98651
-9.98724
-9.98733
-9.98725
-9.98714
-9.98748
-9.9876
-9.98779
-9.98776
-9.98783
-9.98791
-9.98839
-9.9884
-9.98841
-9.98845
-9.98908
-9.98906
-9.98936
-9.98936
-9.98977
-9.98973
-9.99069
-9.99056
-9.9904
-9.99032
-9.99213
-9.99164
-9.99085
-9.99068
-9.99281
-9.99184
-9.99063
-9.99051
-9.99146
-9.99049
-9.98959
-9.99003
-9.98795
-9.98738
-9.98739
-9.98908
-10.9744
-10.9744
-10.9743
-10.9743
-10.9742
-10.9744
-10.9743
-10.9743
-10.9742
-10.9741
-10.9747
-10.9746
-10.9744
-10.9743
-10.9742
-10.9749
-10.9747
-10.9746
-10.9744
-10.9743
-10.9749
-10.9749
-10.9747
-10.9745
-10.9744
-10.975
-10.975
-10.9749
-10.9748
-10.9746
-10.975
-10.9752
-10.9752
-10.9751
-10.9748
-10.9751
-10.9755
-10.9756
-10.9755
-10.9752
-10.9754
-10.9759
-10.9762
-10.9761
-10.9757
-10.9758
-10.9765
-10.9769
-10.9768
-10.9764
-10.9765
-10.9773
-10.9778
-10.9777
-10.9773
-10.9775
-10.9784
-10.9789
-10.9788
-10.9783
-10.9785
-10.9795
-10.9801
-10.9799
-10.9794
-10.9797
-10.9807
-10.9813
-10.9811
-10.9806
-10.9809
-10.982
-10.9826
-10.9824
-10.9818
-10.9822
-10.9833
-10.9838
-10.9836
-10.9831
-10.9835
-10.9846
-10.9851
-10.9848
-10.9843
-10.9848
-10.9859
-10.9864
-10.986
-10.9854
-10.9871
-10.9876
-10.9872
-10.9866
-10.9884
-10.9888
-10.9884
-10.9878
-10.9897
-10.99
-10.9895
-10.9889
-10.991
-10.9912
-10.9906
-10.99
-10.9923
-10.9923
-10.9917
-10.9911
-10.9935
-10.9934
-10.9927
-10.9921
-10.9946
-10.9943
-10.9937
-10.9931
-10.9955
-10.9952
-10.9945
-10.994
-10.9962
-10.9959
-10.9953
-10.9948
-10.9968
-10.9965
-10.996
-10.9956
-10.9972
-10.997
-10.9966
-10.9963
-10.9975
-10.9972
-10.9971
-10.9969
-10.9976
-10.9973
-10.9975
-10.9975
-10.9978
-10.9974
-10.998
-10.9982
-10.9979
-10.9976
-10.9986
-10.9988
-10.9984
-10.9983
-10.9991
-10.9996
-10.9993
-10.9995
-10.9997
-11.0005
-11.0009
-11.0011
-11.0006
-11.0016
-11.0032
-11.0031
-11.0019
-11.0027
-11.0058
-11.0051
-11.0032
-11.0035
-11.0076
-11.0061
-11.004
-11.0036
-11.007
-11.0052
-11.0032
-11.0032
-11.0032
-11.0016
-11.0004
-11.0021
-11.9845
-11.9844
-11.9843
-11.9843
-11.9842
-11.9844
-11.9844
-11.9843
-11.9842
-11.984
-11.9847
-11.9846
-11.9845
-11.9843
-11.9841
-11.9849
-11.9848
-11.9846
-11.9845
-11.9843
-11.9851
-11.985
-11.9849
-11.9847
-11.9845
-11.9852
-11.9853
-11.9852
-11.985
-11.9848
-11.9855
-11.9856
-11.9856
-11.9855
-11.9852
-11.9858
-11.9861
-11.9862
-11.9861
-11.9858
-11.9862
-11.9867
-11.987
-11.9868
-11.9866
-11.9869
-11.9875
-11.9879
-11.9878
-11.9875
-11.9877
-11.9885
-11.9889
-11.9888
-11.9885
-11.9889
-11.9897
-11.9901
-11.99
-11.9897
-11.9901
-11.9909
-11.9914
-11.9913
-11.991
-11.9913
-11.9922
-11.9927
-11.9926
-11.9923
-11.9926
-11.9936
-11.994
-11.994
-11.9936
-11.9939
-11.9949
-11.9954
-11.9953
-11.9949
-11.9951
-11.9961
-11.9966
-11.9965
-11.9961
-11.9963
-11.9974
-11.9979
-11.9977
-11.9973
-11.9976
-11.9987
-11.9991
-11.9989
-11.9985
-12
-12.0003
-12.0001
-11.9996
-12.0012
-12.0015
-12.0012
-12.0007
-12.0024
-12.0026
-12.0022
-12.0018
-12.0036
-12.0037
-12.0032
-12.0028
-12.0047
-12.0047
-12.0042
-12.0037
-12.0056
-12.0055
-12.005
-12.0046
-12.0064
-12.0062
-12.0058
-12.0054
-12.0071
-12.0067
-12.0064
-12.0062
-12.0076
-12.007
-12.0069
-12.0068
-12.0078
-12.0071
-12.0074
-12.0074
-12.0079
-12.0071
-12.0077
-12.008
-12.008
-12.0073
-12.0081
-12.0086
-12.0082
-12.0077
-12.0084
-12.0093
-12.0087
-12.0085
-12.0085
-12.0101
-12.0097
-12.0095
-12.0089
-12.0113
-12.0114
-12.011
-12.0101
-12.0128
-12.0138
-12.013
-12.012
-12.0144
-12.017
-12.0155
-12.0143
-12.016
-12.0206
-12.0184
-12.0168
-12.0173
-12.0234
-12.0207
-12.0184
-12.0177
-12.024
-12.0211
-12.0183
-12.0175
-12.0206
-12.0178
-12.0156
-12.0164
-12.9945
-12.9944
-12.9943
-12.9942
-12.9941
-12.9944
-12.9944
-12.9942
-12.9941
-12.9937
-12.9947
-12.9946
-12.9945
-12.9942
-12.9939
-12.9948
-12.9948
-12.9947
-12.9945
-12.9942
-12.9952
-12.9952
-12.995
-12.9948
-12.9945
-12.9955
-12.9956
-12.9955
-12.9953
-12.995
-12.9959
-12.9961
-12.9961
-12.9959
-12.9956
-12.9964
-12.9967
-12.9968
-12.9967
-12.9964
-12.9969
-12.9974
-12.9977
-12.9976
-12.9973
-12.9978
-12.9984
-12.9987
-12.9986
-12.9984
-12.9988
-12.9995
-12.9998
-12.9998
-12.9996
-13.0003
-13.0009
-13.0012
-13.0011
-13.0009
-13.0015
-13.0022
-13.0026
-13.0025
-13.0023
-13.0028
-13.0036
-13.004
-13.0038
-13.0037
-13.0041
-13.005
-13.0053
-13.0052
-13.005
-13.0053
-13.0062
-13.0066
-13.0066
-13.0064
-13.0065
-13.0075
-13.0079
-13.0078
-13.0076
-13.0077
-13.0087
-13.0091
-13.0091
-13.0089
-13.0089
-13.0099
-13.0103
-13.0103
-13.01
-13.0102
-13.0111
-13.0114
-13.0114
-13.0112
-13.0123
-13.0125
-13.0125
-13.0123
-13.0135
-13.0136
-13.0135
-13.0133
-13.0146
-13.0145
-13.0144
-13.0142
-13.0155
-13.0153
-13.0152
-13.0151
-13.0163
-13.0159
-13.016
-13.0159
-13.017
-13.0164
-13.0166
-13.0167
-13.0174
-13.0167
-13.0171
-13.0173
-13.0178
-13.017
-13.0175
-13.018
-13.018
-13.0173
-13.0178
-13.0186
-13.0184
-13.0177
-13.0179
-13.0192
-13.0189
-13.0183
-13.0179
-13.02
-13.0197
-13.019
-13.0181
-13.021
-13.021
-13.02
-13.0189
-13.0223
-13.023
-13.0214
-13.0206
-13.024
-13.0256
-13.0234
-13.023
-13.0258
-13.0288
-13.026
-13.0258
-13.0276
-13.0326
-13.0292
-13.0285
-13.0293
-13.0366
-13.0325
-13.0311
-13.0309
-13.04
-13.0355
-13.0329
-13.0319
-13.0412
-13.0369
-13.0339
-13.0323
-13.0386
-13.0347
-13.0317
-13.0314
-14.0045
-14.0044
-14.0042
-14.0041
-14.0039
-14.0044
-14.0043
-14.0042
-14.0039
-14.0034
-14.0046
-14.0046
-14.0044
-14.0041
-14.0036
-14.0048
-14.0049
-14.0048
-14.0045
-14.004
-14.0053
-14.0054
-14.0053
-14.005
-14.0046
-14.0057
-14.0059
-14.0059
-14.0056
-14.0053
-14.0062
-14.0065
-14.0066
-14.0064
-14.0061
-14.0068
-14.0072
-14.0074
-14.0073
-14.007
-14.0075
-14.008
-14.0084
-14.0083
-14.0081
-14.0086
-14.0092
-14.0095
-14.0095
-14.0093
-14.0097
-14.0104
-14.0107
-14.0107
-14.0106
-14.0114
-14.012
-14.0122
-14.0121
-14.0121
-14.0127
-14.0134
-14.0137
-14.0135
-14.0135
-14.0141
-14.0148
-14.0151
-14.0149
-14.0149
-14.0154
-14.0161
-14.0165
-14.0163
-14.0163
-14.0166
-14.0174
-14.0178
-14.0176
-14.0177
-14.0178
-14.0186
-14.019
-14.0189
-14.019
-14.0189
-14.0197
-14.0202
-14.0201
-14.0202
-14.0201
-14.0208
-14.0213
-14.0213
-14.0214
-14.0212
-14.022
-14.0224
-14.0225
-14.0225
-14.0224
-14.0231
-14.0234
-14.0235
-14.0236
-14.0241
-14.0243
-14.0245
-14.0246
-14.025
-14.0251
-14.0253
-14.0255
-14.0259
-14.0258
-14.0261
-14.0264
-14.0266
-14.0264
-14.0267
-14.0272
-14.0273
-14.0269
-14.0272
-14.0279
-14.0279
-14.0274
-14.0275
-14.0286
-14.0285
-14.0279
-14.0277
-14.0293
-14.0292
-14.0284
-14.0277
-14.0301
-14.0302
-14.029
-14.0279
-14.031
-14.0315
-14.0298
-14.0287
-14.0323
-14.0333
-14.031
-14.0302
-14.0338
-14.0357
-14.0327
-14.0324
-14.0354
-14.0386
-14.035
-14.0349
-14.0369
-14.042
-14.0377
-14.0375
-14.0384
-14.0458
-14.0408
-14.04
-14.0399
-14.0499
-14.0443
-14.0425
-14.0418
-14.0539
-14.0477
-14.0449
-14.0438
-14.0573
-14.0509
-14.0472
-14.0457
-14.0573
-14.0519
-14.0483
-14.047
-14.0567
-14.0515
-14.0476
-14.0465
-15.0144
-15.0143
-15.0142
-15.0141
-15.0138
-15.0143
-15.0143
-15.0141
-15.0138
-15.0131
-15.0145
-15.0146
-15.0144
-15.0141
-15.0134
-15.0149
-15.015
-15.0149
-15.0145
-15.0139
-15.0154
-15.0156
-15.0156
-15.0152
-15.0147
-15.0159
-15.0162
-15.0163
-15.016
-15.0156
-15.0165
-15.0169
-15.0171
-15.0169
-15.0166
-15.0172
-15.0176
-15.018
-15.0179
-15.0177
-15.018
-15.0186
-15.0189
-15.019
-15.0189
-15.0193
-15.0199
-15.0202
-15.0203
-15.0202
-15.0205
-15.0212
-15.0216
-15.0216
-15.0217
-15.0223
-15.0229
-15.0232
-15.0231
-15.0232
-15.0237
-15.0243
-15.0247
-15.0246
-15.0247
-15.0252
-15.0258
-15.0262
-15.026
-15.0262
-15.0265
-15.0272
-15.0275
-15.0274
-15.0277
-15.0278
-15.0284
-15.0288
-15.0288
-15.029
-15.029
-15.0296
-15.03
-15.03
-15.0303
-15.0301
-15.0307
-15.0312
-15.0312
-15.0316
-15.0313
-15.0318
-15.0323
-15.0324
-15.0328
-15.0325
-15.0329
-15.0333
-15.0334
-15.0339
-15.0337
-15.034
-15.0343
-15.0344
-15.035
-15.0349
-15.035
-15.0353
-15.0353
-15.036
-15.0359
-15.0361
-15.0361
-15.037
-15.0368
-15.0368
-15.0367
-15.0378
-15.0377
-15.0375
-15.0372
-15.0387
-15.0386
-15.0381
-15.0375
-15.0395
-15.0395
-15.0387
-15.0378
-15.0404
-15.0407
-15.0393
-15.0383
-15.0414
-15.0421
-15.0402
-15.0393
-15.0426
-15.044
-15.0413
-15.0408
-15.044
-15.0464
-15.0429
-15.0427
-15.0453
-15.0493
-15.0449
-15.0448
-15.0466
-15.0527
-15.0474
-15.047
-15.0478
-15.0564
-15.0503
-15.0492
-15.0489
-15.0604
-15.0536
-15.0514
-15.0506
-15.0645
-15.0571
-15.0538
-15.0528
-15.0687
-15.0608
-15.0566
-15.0555
-15.0723
-15.0642
-15.0594
-15.0584
-15.0754
-15.0672
-15.0621
-15.0609
-15.0739
-15.0671
-15.0631
-15.0629
-15.0753
-15.0689
-15.0642
-15.0628
-16.0243
-16.0243
-16.0242
-16.0241
-16.0238
-16.0242
-16.0243
-16.0241
-16.0238
-16.0231
-16.0245
-16.0247
-16.0246
-16.0242
-16.0234
-16.025
-16.0252
-16.0252
-16.0248
-16.024
-16.0255
-16.0258
-16.0259
-16.0256
-16.025
-16.026
-16.0264
-16.0267
-16.0265
-16.026
-16.0267
-16.0271
-16.0275
-16.0275
-16.0271
-16.0275
-16.028
-16.0284
-16.0285
-16.0283
-16.0284
-16.0291
-16.0294
-16.0297
-16.0296
-16.0298
-16.0304
-16.0309
-16.031
-16.0311
-16.0311
-16.0319
-16.0324
-16.0324
-16.0327
-16.0331
-16.0337
-16.0342
-16.0341
-16.0344
-16.0346
-16.0353
-16.0357
-16.0357
-16.036
-16.0363
-16.0369
-16.0373
-16.0372
-16.0376
-16.0377
-16.0382
-16.0386
-16.0386
-16.039
-16.0391
-16.0396
-16.0399
-16.04
-16.0404
-16.0404
-16.0408
-16.0411
-16.0412
-16.0418
-16.0417
-16.042
-16.0423
-16.0424
-16.0431
-16.043
-16.0431
-16.0434
-16.0436
-16.0444
-16.0443
-16.0442
-16.0445
-16.0447
-16.0456
-16.0457
-16.0454
-16.0456
-16.0456
-16.0467
-16.0471
-16.0465
-16.0465
-16.0465
-16.0478
-16.0487
-16.0476
-16.0474
-16.0472
-16.0489
-16.0487
-16.0482
-16.0479
-16.0499
-16.0499
-16.049
-16.0486
-16.0509
-16.0512
-16.0499
-16.0495
-16.0521
-16.0529
-16.0509
-16.0506
-16.0532
-16.0548
-16.052
-16.0519
-16.0544
-16.0572
-16.0535
-16.0535
-16.0556
-16.06
-16.0554
-16.0553
-16.0567
-16.0634
-16.0578
-16.0572
-16.0576
-16.0673
-16.0605
-16.059
-16.0586
-16.0716
-16.0637
-16.061
-16.0601
-16.076
-16.0673
-16.0633
-16.0623
-16.0804
-16.0712
-16.0663
-16.0652
-16.0847
-16.0752
-16.0697
-16.0685
-16.0887
-16.0791
-16.0732
-16.0719
-16.0919
-16.0823
-16.0762
-16.0749
-16.0941
-16.0848
-16.0787
-16.0775
-16.0928
-16.0841
-16.079
-16.0787
-16.0935
-16.0868
-16.0816
-16.0797
-17.0343
-17.0344
-17.0344
-17.0343
-17.034
-17.0341
-17.0343
-17.0343
-17.034
-17.0333
-17.0345
-17.0349
-17.0349
-17.0345
-17.0337
-17.035
-17.0354
-17.0355
-17.0351
-17.0344
-17.0356
-17.036
-17.0363
-17.036
-17.0354
-17.0362
-17.0366
-17.037
-17.037
-17.0366
-17.0369
-17.0374
-17.0378
-17.038
-17.0377
-17.0378
-17.0383
-17.0387
-17.039
-17.039
-17.0387
-17.0395
-17.04
-17.0402
-17.0405
-17.0402
-17.041
-17.0416
-17.0417
-17.0421
-17.0416
-17.0426
-17.0433
-17.0433
-17.0438
-17.0439
-17.0446
-17.0451
-17.0452
-17.0456
-17.0455
-17.0462
-17.0468
-17.0469
-17.0473
-17.0475
-17.048
-17.0484
-17.0485
-17.0489
-17.0491
-17.0495
-17.0498
-17.05
-17.0505
-17.0508
-17.051
-17.0512
-17.0514
-17.052
-17.0523
-17.0523
-17.0525
-17.0528
-17.0534
-17.0539
-17.0537
-17.0537
-17.0541
-17.0549
-17.0555
-17.055
-17.055
-17.0553
-17.0563
-17.0572
-17.0563
-17.0562
-17.0564
-17.0576
-17.0589
-17.0577
-17.0573
-17.0575
-17.0589
-17.0608
-17.059
-17.0584
-17.0586
-17.0602
-17.0628
-17.0605
-17.0595
-17.0596
-17.0614
-17.065
-17.062
-17.0605
-17.0607
-17.0626
-17.0637
-17.0617
-17.0619
-17.0637
-17.0657
-17.063
-17.0632
-17.0649
-17.068
-17.0645
-17.0646
-17.066
-17.0707
-17.0662
-17.0661
-17.0669
-17.0739
-17.0684
-17.0676
-17.0678
-17.0777
-17.071
-17.0692
-17.0687
-17.0821
-17.074
-17.071
-17.0701
-17.0869
-17.0776
-17.0733
-17.0722
-17.092
-17.0817
-17.0763
-17.0751
-17.097
-17.0861
-17.0799
-17.0786
-17.1017
-17.0906
-17.0838
-17.0822
-17.1059
-17.0948
-17.0877
-17.0859
-17.1095
-17.0986
-17.0913
-17.0894
-17.112
-17.1014
-17.0942
-17.0923
-17.1129
-17.103
-17.0962
-17.0946
-17.112
-17.1024
-17.0959
-17.0949
-17.1092
-17.1027
-17.0983
-17.0967
-18.0443
-18.0446
-18.0446
-18.0446
-18.0443
-18.0441
-18.0446
-18.0447
-18.0444
-18.0437
-18.0447
-18.0452
-18.0453
-18.045
-18.0442
-18.0452
-18.0457
-18.046
-18.0457
-18.045
-18.0457
-18.0462
-18.0467
-18.0466
-18.046
-18.0463
-18.0468
-18.0473
-18.0475
-18.0472
-18.047
-18.0476
-18.048
-18.0484
-18.0484
-18.048
-18.0486
-18.0492
-18.0495
-18.0498
-18.0491
-18.0499
-18.0506
-18.0508
-18.0514
-18.0508
-18.0516
-18.0523
-18.0525
-18.0532
-18.0522
-18.0533
-18.0541
-18.0544
-18.055
-18.0548
-18.0555
-18.0561
-18.0564
-18.0568
-18.0567
-18.0574
-18.0579
-18.0582
-18.0586
-18.0591
-18.0593
-18.0596
-18.0599
-18.0603
-18.0611
-18.0611
-18.0612
-18.0615
-18.0619
-18.0632
-18.0628
-18.0627
-18.063
-18.0635
-18.0652
-18.0645
-18.0642
-18.0645
-18.0652
-18.0673
-18.0661
-18.0656
-18.066
-18.0668
-18.0693
-18.0678
-18.067
-18.0674
-18.0683
-18.0715
-18.0695
-18.0684
-18.0688
-18.0698
-18.0737
-18.0712
-18.0698
-18.0701
-18.0713
-18.0761
-18.073
-18.0712
-18.0715
-18.0726
-18.0786
-18.0749
-18.0726
-18.0728
-18.0739
-18.0814
-18.0769
-18.074
-18.0741
-18.075
-18.0845
-18.0792
-18.0755
-18.0754
-18.0761
-18.0817
-18.0773
-18.0768
-18.077
-18.0847
-18.0793
-18.0781
-18.0779
-18.0881
-18.0816
-18.0796
-18.079
-18.0921
-18.0844
-18.0813
-18.0805
-18.0968
-18.0878
-18.0836
-18.0826
-18.102
-18.0919
-18.0866
-18.0855
-18.1076
-18.0965
-18.0902
-18.0888
-18.1133
-18.1014
-18.0942
-18.0925
-18.1187
-18.1063
-18.0984
-18.0964
-18.1235
-18.1111
-18.1027
-18.1004
-18.1275
-18.1153
-18.1067
-18.1041
-18.1305
-18.1188
-18.1102
-18.1075
-18.1322
-18.121
-18.1127
-18.1102
-18.1318
-18.1215
-18.1141
-18.112
-18.1292
-18.1199
-18.1136
-18.1124
-18.1251
-18.1182
-18.1143
-18.113
-19.0545
-19.0549
-19.0551
-19.0551
-19.0549
-19.0544
-19.055
-19.0552
-19.0551
-19.0543
-19.0551
-19.0556
-19.056
-19.0557
-19.055
-19.0554
-19.056
-19.0565
-19.0564
-19.0558
-19.056
-19.0565
-19.0571
-19.0572
-19.0568
-19.0565
-19.0571
-19.0576
-19.058
-19.0579
-19.0573
-19.0579
-19.0585
-19.0589
-19.0592
-19.0583
-19.059
-19.0597
-19.0599
-19.0607
-19.0595
-19.0604
-19.0612
-19.0615
-19.0624
-19.0614
-19.0623
-19.0631
-19.0635
-19.0642
-19.0629
-19.0641
-19.065
-19.0656
-19.0661
-19.066
-19.0666
-19.0672
-19.0677
-19.068
-19.0684
-19.0687
-19.0691
-19.0695
-19.0698
-19.0713
-19.0711
-19.071
-19.0714
-19.0717
-19.0739
-19.0732
-19.0728
-19.0731
-19.0735
-19.0767
-19.0754
-19.0747
-19.0748
-19.0753
-19.0793
-19.0775
-19.0764
-19.0765
-19.0771
-19.0819
-19.0796
-19.0782
-19.0782
-19.0789
-19.0846
-19.0818
-19.0799
-19.0798
-19.0805
-19.0874
-19.0839
-19.0816
-19.0814
-19.082
-19.0902
-19.0861
-19.0833
-19.083
-19.0834
-19.0931
-19.0884
-19.085
-19.0844
-19.0847
-19.0962
-19.0907
-19.0867
-19.0858
-19.0859
-19.0995
-19.0932
-19.0885
-19.0872
-19.0871
-19.1031
-19.096
-19.0905
-19.0887
-19.0884
-19.1071
-19.0991
-19.0927
-19.0902
-19.0898
-19.1027
-19.0953
-19.0921
-19.0915
-19.1068
-19.0984
-19.0945
-19.0937
-19.1115
-19.1021
-19.0973
-19.0963
-19.1169
-19.1063
-19.1007
-19.0995
-19.1227
-19.1111
-19.1045
-19.103
-19.1288
-19.1164
-19.1087
-19.1068
-19.1347
-19.1217
-19.1132
-19.1109
-19.1402
-19.127
-19.1176
-19.1149
-19.1447
-19.1317
-19.1219
-19.1188
-19.1483
-19.1357
-19.1257
-19.1223
-19.1509
-19.1388
-19.1289
-19.1254
-19.1521
-19.1406
-19.1312
-19.1278
-19.151
-19.1404
-19.1321
-19.1293
-19.1474
-19.1378
-19.1312
-19.1297
-19.1431
-19.1355
-19.1308
-19.1293
-20.0648
-20.0654
-20.0658
-20.0658
-20.0656
-20.0649
-20.0657
-20.0661
-20.0659
-20.0653
-20.0656
-20.0662
-20.0667
-20.0666
-20.066
-20.0659
-20.0665
-20.0671
-20.0673
-20.0668
-20.0664
-20.067
-20.0675
-20.068
-20.0677
-20.0669
-20.0675
-20.0681
-20.0686
-20.0688
-20.0677
-20.0683
-20.069
-20.0693
-20.0701
-20.0689
-20.0696
-20.0703
-20.0706
-20.0717
-20.0702
-20.0711
-20.0719
-20.0725
-20.0735
-20.0723
-20.0732
-20.0739
-20.0747
-20.0752
-20.074
-20.0752
-20.076
-20.0768
-20.0771
-20.0778
-20.0781
-20.0784
-20.0789
-20.0792
-20.0807
-20.0806
-20.0806
-20.081
-20.0812
-20.0844
-20.0835
-20.0829
-20.083
-20.0834
-20.0878
-20.0862
-20.0851
-20.085
-20.0855
-20.0913
-20.089
-20.0873
-20.0871
-20.0875
-20.0947
-20.0917
-20.0895
-20.0891
-20.0895
-20.0981
-20.0944
-20.0916
-20.091
-20.0914
-20.1015
-20.0971
-20.0938
-20.0929
-20.0932
-20.105
-20.0998
-20.0959
-20.0947
-20.0949
-20.1084
-20.1025
-20.098
-20.0965
-20.0966
-20.1118
-20.1053
-20.1001
-20.0982
-20.0982
-20.1154
-20.1081
-20.1023
-20.1
-20.0998
-20.1191
-20.1111
-20.1046
-20.1018
-20.1014
-20.123
-20.1143
-20.107
-20.1038
-20.1033
-20.1272
-20.1178
-20.1098
-20.1061
-20.1054
-20.1319
-20.1218
-20.113
-20.1087
-20.1079
-20.1264
-20.1167
-20.1118
-20.1107
-20.1315
-20.1209
-20.1152
-20.1139
-20.1372
-20.1257
-20.1191
-20.1174
-20.1433
-20.1309
-20.1233
-20.1212
-20.1494
-20.1364
-20.1277
-20.1252
-20.1552
-20.1418
-20.1322
-20.1292
-20.1603
-20.1469
-20.1365
-20.133
-20.1645
-20.1513
-20.1404
-20.1365
-20.1676
-20.1549
-20.1439
-20.1396
-20.1698
-20.1577
-20.1467
-20.1422
-20.1708
-20.1592
-20.1488
-20.1445
-20.1697
-20.159
-20.1496
-20.1459
-20.1661
-20.156
-20.1487
-20.1464
-20.1619
-20.1537
-20.1479
-20.1457
-21.0754
-21.0762
-21.0767
-21.0768
-21.0766
-21.0758
-21.0766
-21.0771
-21.0771
-21.0765
-21.0764
-21.0771
-21.0777
-21.0777
-21.0772
-21.0766
-21.0773
-21.0779
-21.0783
-21.078
-21.077
-21.0776
-21.0782
-21.0788
-21.0789
-21.0776
-21.0781
-21.0788
-21.0791
-21.0799
-21.0784
-21.079
-21.0798
-21.0801
-21.0813
-21.0797
-21.0804
-21.0811
-21.0817
-21.0828
-21.0812
-21.0821
-21.0828
-21.0837
-21.0844
-21.0835
-21.0844
-21.085
-21.0858
-21.0861
-21.0856
-21.0866
-21.0873
-21.088
-21.0882
-21.0901
-21.09
-21.09
-21.0904
-21.0905
-21.0939
-21.0931
-21.0926
-21.0927
-21.093
-21.0986
-21.0967
-21.0954
-21.0952
-21.0955
-21.1029
-21.1001
-21.0981
-21.0976
-21.0979
-21.1073
-21.1037
-21.1009
-21.1001
-21.1004
-21.1116
-21.1071
-21.1036
-21.1025
-21.1028
-21.1159
-21.1106
-21.1064
-21.1049
-21.1051
-21.12
-21.1139
-21.1091
-21.1073
-21.1073
-21.1241
-21.1172
-21.1117
-21.1095
-21.1094
-21.128
-21.1205
-21.1143
-21.1117
-21.1115
-21.1319
-21.1237
-21.1169
-21.1139
-21.1135
-21.1357
-21.1269
-21.1195
-21.1161
-21.1156
-21.1396
-21.1302
-21.1221
-21.1184
-21.1177
-21.1436
-21.1336
-21.125
-21.1208
-21.12
-21.1478
-21.1374
-21.1281
-21.1235
-21.1225
-21.1524
-21.1415
-21.1316
-21.1265
-21.1253
-21.1575
-21.1462
-21.1356
-21.1299
-21.1283
-21.1514
-21.1401
-21.1336
-21.1317
-21.157
-21.145
-21.1376
-21.1354
-21.1628
-21.1503
-21.1419
-21.1392
-21.1686
-21.1556
-21.1462
-21.1429
-21.1739
-21.1607
-21.1503
-21.1466
-21.1784
-21.1653
-21.1541
-21.1498
-21.182
-21.1691
-21.1574
-21.1526
-21.1848
-21.1722
-21.1603
-21.1551
-21.1866
-21.1747
-21.1628
-21.1572
-21.1875
-21.1762
-21.1648
-21.1593
-21.1867
-21.1761
-21.1657
-21.1608
-21.1833
-21.1731
-21.1648
-21.1617
-21.179
-21.1704
-21.1637
-21.1608
-22.0863
-22.0872
-22.0878
-22.0881
-22.0879
-22.087
-22.0878
-22.0884
-22.0884
-22.088
-22.0877
-22.0882
-22.0888
-22.089
-22.0887
-22.0877
-22.0883
-22.0889
-22.0894
-22.0894
-22.088
-22.0885
-22.0892
-22.0896
-22.0902
-22.0886
-22.0891
-22.0898
-22.09
-22.0913
-22.0896
-22.0901
-22.0907
-22.0912
-22.0926
-22.091
-22.0916
-22.0921
-22.093
-22.0938
-22.0926
-22.0934
-22.094
-22.0949
-22.0953
-22.0953
-22.0959
-22.0963
-22.097
-22.0972
-22.0977
-22.0985
-22.0988
-22.0994
-22.0996
-22.1033
-22.1025
-22.102
-22.1021
-22.1023
-22.108
-22.1064
-22.1051
-22.1049
-22.1051
-22.1138
-22.1108
-22.1086
-22.1079
-22.108
-22.1192
-22.1151
-22.112
-22.1109
-22.1109
-22.1246
-22.1195
-22.1154
-22.1139
-22.1138
-22.1299
-22.1238
-22.1189
-22.1168
-22.1167
-22.1349
-22.128
-22.1222
-22.1197
-22.1195
-22.1398
-22.132
-22.1255
-22.1226
-22.1221
-22.1443
-22.1358
-22.1287
-22.1253
-22.1247
-22.1487
-22.1395
-22.1317
-22.1279
-22.1272
-22.1527
-22.1431
-22.1347
-22.1305
-22.1296
-22.1566
-22.1465
-22.1376
-22.1331
-22.132
-22.1604
-22.1499
-22.1405
-22.1357
-22.1345
-22.1642
-22.1534
-22.1436
-22.1384
-22.1371
-22.1681
-22.157
-22.1469
-22.1413
-22.1398
-22.1723
-22.161
-22.1505
-22.1445
-22.1427
-22.1768
-22.1654
-22.1544
-22.1479
-22.1459
-22.1817
-22.1703
-22.1588
-22.1516
-22.1492
-22.1869
-22.1754
-22.1635
-22.1555
-22.1527
-22.1807
-22.1684
-22.1594
-22.1561
-22.1858
-22.1732
-22.1632
-22.1594
-22.1903
-22.1776
-22.1667
-22.1623
-22.1941
-22.1814
-22.1697
-22.1647
-22.197
-22.1845
-22.1722
-22.1665
-22.199
-22.187
-22.1743
-22.168
-22.2004
-22.1889
-22.1764
-22.1694
-22.2013
-22.1904
-22.1783
-22.1715
-22.201
-22.191
-22.1796
-22.1733
-22.1983
-22.188
-22.1788
-22.1747
-22.1939
-22.185
-22.1775
-22.1738
-23.0976
-23.0984
-23.0992
-23.0996
-23.0995
-23.0986
-23.0992
-23.0999
-23.1001
-23.0997
-23.0992
-23.0997
-23.1001
-23.1005
-23.1004
-23.0991
-23.0997
-23.1002
-23.1005
-23.101
-23.0994
-23.0998
-23.1005
-23.1006
-23.1018
-23.1
-23.1004
-23.1009
-23.1014
-23.1028
-23.1011
-23.1015
-23.1019
-23.1028
-23.1037
-23.1027
-23.1031
-23.1034
-23.1044
-23.1047
-23.1045
-23.1052
-23.1054
-23.1061
-23.1063
-23.1076
-23.108
-23.108
-23.1085
-23.1086
-23.1106
-23.111
-23.1109
-23.1112
-23.1113
-23.1172
-23.1158
-23.1146
-23.1144
-23.1144
-23.1231
-23.1205
-23.1184
-23.1177
-23.1176
-23.13
-23.1258
-23.1225
-23.1212
-23.121
-23.1365
-23.131
-23.1266
-23.1247
-23.1244
-23.1429
-23.1363
-23.1308
-23.1283
-23.1278
-23.149
-23.1413
-23.1349
-23.1318
-23.1312
-23.1548
-23.1462
-23.1389
-23.1352
-23.1344
-23.1602
-23.1508
-23.1427
-23.1384
-23.1375
-23.1651
-23.1551
-23.1464
-23.1416
-23.1404
-23.1696
-23.1591
-23.1498
-23.1446
-23.1433
-23.1737
-23.1627
-23.153
-23.1475
-23.146
-23.1774
-23.1662
-23.1561
-23.1503
-23.1487
-23.1809
-23.1695
-23.1591
-23.1531
-23.1513
-23.1842
-23.1727
-23.1621
-23.1559
-23.154
-23.1875
-23.176
-23.1653
-23.1588
-23.1567
-23.191
-23.1796
-23.1686
-23.1619
-23.1596
-23.1947
-23.1834
-23.1723
-23.1651
-23.1625
-23.1988
-23.1876
-23.1762
-23.1685
-23.1656
-23.2031
-23.192
-23.1804
-23.1719
-23.1686
-23.2074
-23.1964
-23.1846
-23.1752
-23.1714
-23.2006
-23.1886
-23.1783
-23.1739
-23.2043
-23.192
-23.1808
-23.1758
-23.2072
-23.1949
-23.1827
-23.1769
-23.2091
-23.1971
-23.1842
-23.1775
-23.2101
-23.1985
-23.1854
-23.1777
-23.2109
-23.1996
-23.1868
-23.178
-23.2117
-23.2009
-23.1888
-23.1799
-23.212
-23.2024
-23.1907
-23.1824
-23.2101
-23.1999
-23.1899
-23.1846
-23.2056
-23.1968
-23.1883
-23.1837
-24.1093
-24.11
-24.1109
-24.1113
-24.1113
-24.1106
-24.1111
-24.1116
-24.1119
-24.1116
-24.1114
-24.1116
-24.1119
-24.112
-24.1123
-24.1113
-24.1115
-24.112
-24.1119
-24.1129
-24.1116
-24.1117
-24.112
-24.1123
-24.1135
-24.1122
-24.1123
-24.1125
-24.1132
-24.1141
-24.1133
-24.1135
-24.1136
-24.1144
-24.1148
-24.115
-24.1152
-24.1152
-24.1157
-24.1159
-24.1171
-24.1174
-24.1173
-24.1177
-24.1178
-24.1206
-24.1206
-24.1202
-24.1203
-24.1203
-24.1242
-24.1241
-24.1235
-24.1234
-24.1234
-24.1318
-24.1296
-24.1277
-24.127
-24.1268
-24.1389
-24.1352
-24.1322
-24.1308
-24.1305
-24.1469
-24.1414
-24.137
-24.1348
-24.1343
-24.1544
-24.1475
-24.1418
-24.1388
-24.1381
-24.1617
-24.1535
-24.1467
-24.1429
-24.142
-24.1685
-24.1592
-24.1513
-24.1468
-24.1457
-24.1748
-24.1646
-24.1558
-24.1507
-24.1493
-24.1805
-24.1696
-24.1601
-24.1543
-24.1527
-24.1856
-24.1741
-24.164
-24.1578
-24.1559
-24.1901
-24.1782
-24.1676
-24.161
-24.159
-24.1939
-24.1819
-24.171
-24.164
-24.1619
-24.1973
-24.1851
-24.174
-24.1669
-24.1646
-24.2002
-24.1881
-24.1769
-24.1697
-24.1673
-24.2028
-24.1909
-24.1797
-24.1724
-24.1699
-24.2054
-24.1937
-24.1825
-24.1751
-24.1724
-24.208
-24.1966
-24.1854
-24.1779
-24.175
-24.2108
-24.1996
-24.1885
-24.1807
-24.1776
-24.2138
-24.203
-24.1918
-24.1835
-24.1801
-24.2171
-24.2065
-24.1952
-24.1863
-24.1825
-24.2204
-24.2099
-24.1985
-24.1888
-24.1845
-24.2235
-24.2131
-24.2014
-24.1908
-24.1859
-24.2158
-24.2038
-24.1922
-24.1865
-24.2176
-24.2056
-24.1929
-24.1862
-24.2183
-24.2063
-24.193
-24.185
-24.2186
-24.2063
-24.193
-24.1835
-24.2188
-24.2067
-24.1935
-24.1825
-24.2193
-24.2079
-24.1951
-24.1842
-24.2196
-24.2099
-24.1981
-24.1873
-24.2186
-24.2084
-24.1976
-24.1908
-24.2141
-24.2052
-24.1957
-24.19
-25.1214
-25.122
-25.1228
-25.1233
-25.1233
-25.1231
-25.1233
-25.1236
-25.1238
-25.1238
-25.1239
-25.1237
-25.1239
-25.1237
-25.1243
-25.1237
-25.1236
-25.1238
-25.1238
-25.1248
-25.124
-25.1239
-25.1239
-25.1242
-25.1252
-25.1246
-25.1246
-25.1244
-25.125
-25.1254
-25.1259
-25.1259
-25.1256
-25.1259
-25.126
-25.1277
-25.1278
-25.1274
-25.1274
-25.1274
-25.1302
-25.1303
-25.1298
-25.1297
-25.1297
-25.1342
-25.1338
-25.133
-25.1326
-25.1325
-25.1385
-25.1378
-25.1366
-25.136
-25.1358
-25.1472
-25.1441
-25.1413
-25.1399
-25.1395
-25.1553
-25.1504
-25.1463
-25.1441
-25.1434
-25.1642
-25.1573
-25.1517
-25.1484
-25.1475
-25.1725
-25.164
-25.157
-25.1528
-25.1516
-25.1804
-25.1705
-25.1623
-25.1572
-25.1557
-25.1876
-25.1767
-25.1674
-25.1615
-25.1597
-25.1942
-25.1824
-25.1723
-25.1656
-25.1635
-25.1999
-25.1875
-25.1767
-25.1694
-25.1671
-25.2049
-25.1921
-25.1808
-25.173
-25.1704
-25.2091
-25.1961
-25.1844
-25.1763
-25.1735
-25.2125
-25.1995
-25.1876
-25.1793
-25.1764
-25.2153
-25.2024
-25.1905
-25.1821
-25.1791
-25.2176
-25.2049
-25.1931
-25.1847
-25.1816
-25.2195
-25.2072
-25.1955
-25.1871
-25.184
-25.2212
-25.2093
-25.1978
-25.1895
-25.1863
-25.2229
-25.2114
-25.2002
-25.1918
-25.1884
-25.2248
-25.2137
-25.2026
-25.194
-25.1905
-25.2268
-25.2161
-25.205
-25.1962
-25.1924
-25.2291
-25.2186
-25.2075
-25.1981
-25.1939
-25.2314
-25.2211
-25.2098
-25.1997
-25.1949
-25.2335
-25.2233
-25.2117
-25.2006
-25.1951
-25.2351
-25.225
-25.213
-25.2007
-25.1942
-25.2255
-25.2133
-25.2
-25.1922
-25.2252
-25.2123
-25.1986
-25.1889
-25.2246
-25.2111
-25.197
-25.1853
-25.224
-25.2105
-25.1961
-25.183
-25.2241
-25.2113
-25.1972
-25.1843
-25.2243
-25.2137
-25.2013
-25.1877
-25.2237
-25.2132
-25.2011
-25.1927
-25.2192
-25.2102
-25.1994
-25.1923
-26.1344
-26.1345
-26.135
-26.1354
-26.1355
-26.1364
-26.136
-26.136
-26.1359
-26.136
-26.1376
-26.1365
-26.1362
-26.1358
-26.1365
-26.1379
-26.1367
-26.1361
-26.136
-26.1367
-26.1386
-26.1373
-26.1363
-26.1363
-26.1368
-26.1396
-26.1383
-26.1371
-26.1369
-26.1369
-26.1409
-26.1398
-26.1384
-26.1378
-26.1378
-26.1427
-26.1418
-26.1404
-26.1397
-26.1396
-26.1451
-26.1443
-26.143
-26.1422
-26.1421
-26.1492
-26.1479
-26.1463
-26.1453
-26.145
-26.1539
-26.1523
-26.1502
-26.1488
-26.1484
-26.1632
-26.1589
-26.1552
-26.1528
-26.1521
-26.172
-26.1656
-26.1604
-26.1571
-26.1561
-26.1813
-26.1729
-26.1661
-26.1617
-26.1602
-26.19
-26.1799
-26.1717
-26.1662
-26.1644
-26.1981
-26.1867
-26.1772
-26.1707
-26.1686
-26.2054
-26.1929
-26.1824
-26.175
-26.1726
-26.2119
-26.1986
-26.1873
-26.1791
-26.1763
-26.2174
-26.2037
-26.1917
-26.1829
-26.1799
-26.222
-26.208
-26.1956
-26.1864
-26.1831
-26.2258
-26.2117
-26.1991
-26.1896
-26.1861
-26.2287
-26.2147
-26.202
-26.1924
-26.1888
-26.2309
-26.2172
-26.2046
-26.195
-26.1913
-26.2325
-26.2192
-26.2068
-26.1973
-26.1935
-26.2337
-26.2209
-26.2088
-26.1994
-26.1956
-26.2347
-26.2224
-26.2106
-26.2013
-26.1975
-26.2356
-26.2238
-26.2123
-26.2031
-26.1992
-26.2365
-26.2253
-26.2139
-26.2047
-26.2006
-26.2377
-26.2268
-26.2156
-26.2061
-26.2017
-26.2391
-26.2284
-26.2172
-26.2071
-26.2024
-26.2405
-26.23
-26.2184
-26.2077
-26.2023
-26.2418
-26.2313
-26.2192
-26.2074
-26.2011
-26.2423
-26.2318
-26.2193
-26.2062
-26.1987
-26.2421
-26.2312
-26.2178
-26.204
-26.1946
-26.2298
-26.2154
-26.2007
-26.189
-26.2281
-26.2128
-26.197
-26.1834
-26.2265
-26.211
-26.1946
-26.1792
-26.226
-26.2111
-26.1949
-26.1797
-26.2259
-26.2136
-26.1999
-26.1836
-26.2257
-26.214
-26.2003
-26.19
-26.2209
-26.2117
-26.1992
-26.1903
-27.1478
-27.1472
-27.1474
-27.1476
-27.1478
-27.1498
-27.1487
-27.1483
-27.1479
-27.1483
-27.1509
-27.1492
-27.1484
-27.1479
-27.1486
-27.1512
-27.1495
-27.1484
-27.1481
-27.1485
-27.1518
-27.1503
-27.1489
-27.1483
-27.1484
-27.1527
-27.1516
-27.1499
-27.1489
-27.1488
-27.1541
-27.1533
-27.1516
-27.1503
-27.1502
-27.1561
-27.1555
-27.1538
-27.1524
-27.1523
-27.1589
-27.1583
-27.1566
-27.155
-27.1547
-27.1635
-27.1621
-27.1599
-27.158
-27.1575
-27.1692
-27.1668
-27.1639
-27.1615
-27.1607
-27.1789
-27.1734
-27.1688
-27.1654
-27.1643
-27.1882
-27.1803
-27.174
-27.1696
-27.1681
-27.1974
-27.1875
-27.1796
-27.174
-27.172
-27.2061
-27.1944
-27.1851
-27.1784
-27.176
-27.214
-27.201
-27.1904
-27.1827
-27.1799
-27.221
-27.2071
-27.1954
-27.1868
-27.1836
-27.2271
-27.2125
-27.2
-27.1906
-27.1871
-27.2322
-27.2171
-27.2041
-27.1941
-27.1903
-27.2363
-27.2211
-27.2077
-27.1973
-27.1932
-27.2394
-27.2244
-27.2108
-27.2001
-27.1959
-27.2418
-27.227
-27.2134
-27.2026
-27.1982
-27.2434
-27.229
-27.2155
-27.2048
-27.2004
-27.2444
-27.2305
-27.2173
-27.2067
-27.2023
-27.2451
-27.2316
-27.2189
-27.2084
-27.204
-27.2454
-27.2326
-27.2202
-27.2099
-27.2054
-27.2457
-27.2334
-27.2213
-27.2111
-27.2066
-27.246
-27.2342
-27.2224
-27.2121
-27.2074
-27.2465
-27.2351
-27.2233
-27.2128
-27.2078
-27.2471
-27.236
-27.224
-27.213
-27.2075
-27.2479
-27.2367
-27.2243
-27.2125
-27.2063
-27.2482
-27.2371
-27.2241
-27.2111
-27.2038
-27.2479
-27.2364
-27.2227
-27.2086
-27.1996
-27.2471
-27.2347
-27.2197
-27.2046
-27.1933
-27.2455
-27.232
-27.2156
-27.1991
-27.1853
-27.229
-27.2113
-27.1932
-27.1772
-27.2262
-27.2079
-27.1888
-27.1706
-27.2248
-27.2071
-27.1882
-27.1699
-27.2244
-27.2097
-27.1936
-27.1744
-27.2245
-27.2108
-27.195
-27.1821
-27.2191
-27.2092
-27.1951
-27.1836
-28.1622
-28.1604
-28.1599
-28.1598
-28.1601
-28.1645
-28.162
-28.1608
-28.16
-28.1606
-28.1665
-28.163
-28.161
-28.1601
-28.1606
-28.1691
-28.1644
-28.1615
-28.1603
-28.1604
-28.1719
-28.1664
-28.1626
-28.1607
-28.1605
-28.1747
-28.1686
-28.1643
-28.1618
-28.1614
-28.1771
-28.1709
-28.1665
-28.1636
-28.1631
-28.1794
-28.1733
-28.1688
-28.1658
-28.1652
-28.1822
-28.1759
-28.1715
-28.1682
-28.1674
-28.186
-28.1793
-28.1745
-28.171
-28.17
-28.1909
-28.1834
-28.1781
-28.1741
-28.1728
-28.1974
-28.1887
-28.1822
-28.1775
-28.1758
-28.2049
-28.1946
-28.1868
-28.1811
-28.1791
-28.2126
-28.2008
-28.1917
-28.185
-28.1825
-28.2202
-28.2071
-28.1966
-28.1888
-28.1858
-28.2273
-28.213
-28.2014
-28.1926
-28.1891
-28.2336
-28.2185
-28.2059
-28.1961
-28.1922
-28.2391
-28.2233
-28.2099
-28.1994
-28.1951
-28.2435
-28.2274
-28.2135
-28.2023
-28.1977
-28.2469
-28.2308
-28.2165
-28.205
-28.2001
-28.2494
-28.2334
-28.2191
-28.2073
-28.2022
-28.251
-28.2354
-28.2212
-28.2093
-28.2041
-28.252
-28.2369
-28.2229
-28.2111
-28.2058
-28.2526
-28.238
-28.2243
-28.2126
-28.2073
-28.2528
-28.2388
-28.2254
-28.2139
-28.2086
-28.2529
-28.2395
-28.2264
-28.2149
-28.2096
-28.2528
-28.24
-28.2271
-28.2157
-28.2103
-28.2528
-28.2405
-28.2277
-28.2161
-28.2106
-28.253
-28.2409
-28.228
-28.2162
-28.2103
-28.2532
-28.2412
-28.228
-28.2156
-28.2091
-28.2532
-28.2412
-28.2275
-28.2142
-28.2068
-28.2529
-28.2405
-28.2261
-28.2116
-28.2028
-28.252
-28.2388
-28.2231
-28.2076
-28.1967
-28.2503
-28.2359
-28.2186
-28.2016
-28.1881
-28.2477
-28.2318
-28.2128
-28.1938
-28.1777
-28.2444
-28.2271
-28.2064
-28.1855
-28.1666
-28.2228
-28.2012
-28.1788
-28.157
-28.2202
-28.1992
-28.1769
-28.1546
-28.2193
-28.2018
-28.1825
-28.1595
-28.22
-28.2039
-28.1851
-28.1687
-28.214
-28.203
-28.1869
-28.1723
-29.1758
-29.1732
-29.1721
-29.1718
-29.1723
-29.178
-29.1747
-29.1729
-29.172
-29.1727
-29.1803
-29.176
-29.1733
-29.1721
-29.1725
-29.1839
-29.1782
-29.1743
-29.1724
-29.1724
-29.1874
-29.1808
-29.176
-29.1732
-29.1728
-29.1907
-29.1835
-29.1781
-29.1747
-29.1742
-29.1932
-29.1859
-29.1804
-29.1767
-29.176
-29.1953
-29.1881
-29.1827
-29.1787
-29.1778
-29.1977
-29.1904
-29.185
-29.1809
-29.1798
-29.2011
-29.1932
-29.1875
-29.1832
-29.1818
-29.2055
-29.1967
-29.1905
-29.1856
-29.1839
-29.2109
-29.2011
-29.1939
-29.1883
-29.1862
-29.2174
-29.2061
-29.1976
-29.1912
-29.1887
-29.2241
-29.2115
-29.2017
-29.1942
-29.1911
-29.2308
-29.2168
-29.2058
-29.1972
-29.1936
-29.2371
-29.222
-29.2097
-29.2001
-29.1959
-29.2427
-29.2266
-29.2133
-29.2028
-29.1981
-29.2473
-29.2306
-29.2166
-29.2053
-29.2
-29.2508
-29.2339
-29.2193
-29.2074
-29.2017
-29.2533
-29.2364
-29.2216
-29.2093
-29.2032
-29.255
-29.2383
-29.2234
-29.2109
-29.2046
-29.256
-29.2397
-29.2248
-29.2123
-29.2058
-29.2565
-29.2407
-29.226
-29.2135
-29.2069
-29.2567
-29.2415
-29.2271
-29.2145
-29.208
-29.2568
-29.2422
-29.2279
-29.2154
-29.2089
-29.2569
-29.2428
-29.2286
-29.216
-29.2095
-29.2569
-29.2432
-29.2291
-29.2164
-29.2099
-29.257
-29.2436
-29.2294
-29.2164
-29.2097
-29.257
-29.2437
-29.2293
-29.2159
-29.2087
-29.2569
-29.2436
-29.2288
-29.2146
-29.2067
-29.2566
-29.243
-29.2274
-29.2124
-29.2032
-29.2559
-29.2415
-29.2248
-29.2087
-29.1978
-29.2544
-29.2389
-29.2206
-29.203
-29.1898
-29.2518
-29.2348
-29.2146
-29.195
-29.1791
-29.2479
-29.2291
-29.2068
-29.1848
-29.1659
-29.2431
-29.2225
-29.1983
-29.1739
-29.1515
-29.238
-29.2164
-29.1909
-29.1647
-29.1384
-29.2124
-29.1875
-29.1611
-29.1339
-29.2109
-29.1899
-29.1669
-29.1391
-29.2119
-29.1931
-29.1708
-29.1505
-29.2057
-29.1933
-29.1749
-29.1569
-30.189
-30.1859
-30.1843
-30.1838
-30.1844
-30.1912
-30.1874
-30.1852
-30.1841
-30.1848
-30.1941
-30.1893
-30.1859
-30.1844
-30.1845
-30.1982
-30.1921
-30.1874
-30.1849
-30.1846
-30.2022
-30.1951
-30.1895
-30.1861
-30.1855
-30.2056
-30.1979
-30.1919
-30.1878
-30.1871
-30.2077
-30.2001
-30.1941
-30.1897
-30.1887
-30.2091
-30.2017
-30.1959
-30.1914
-30.1902
-30.2108
-30.2033
-30.1976
-30.193
-30.1916
-30.2134
-30.2053
-30.1994
-30.1946
-30.1929
-30.217
-30.208
-30.2015
-30.1962
-30.1941
-30.2213
-30.2113
-30.2039
-30.1979
-30.1954
-30.2267
-30.2153
-30.2066
-30.1998
-30.1967
-30.2324
-30.2195
-30.2096
-30.2018
-30.198
-30.2381
-30.2238
-30.2126
-30.2038
-30.1992
-30.2433
-30.2279
-30.2154
-30.2056
-30.2004
-30.2478
-30.2314
-30.2179
-30.2072
-30.2014
-30.2513
-30.2343
-30.22
-30.2086
-30.2022
-30.2538
-30.2365
-30.2216
-30.2097
-30.2028
-30.2555
-30.2381
-30.2229
-30.2105
-30.2033
-30.2564
-30.2393
-30.2239
-30.2112
-30.2037
-30.2569
-30.2401
-30.2247
-30.2118
-30.2041
-30.2572
-30.2407
-30.2254
-30.2123
-30.2045
-30.2573
-30.2413
-30.226
-30.2127
-30.2049
-30.2576
-30.2419
-30.2265
-30.2131
-30.2052
-30.2578
-30.2425
-30.227
-30.2133
-30.2053
-30.2581
-30.243
-30.2274
-30.2134
-30.2051
-30.2585
-30.2434
-30.2275
-30.213
-30.2043
-30.2587
-30.2435
-30.2271
-30.2119
-30.2026
-30.2587
-30.2432
-30.2261
-30.21
-30.1998
-30.2583
-30.2422
-30.224
-30.2069
-30.1952
-30.2572
-30.2401
-30.2205
-30.2019
-30.1884
-30.255
-30.2365
-30.2151
-30.1947
-30.1788
-30.2513
-30.2311
-30.2074
-30.1847
-30.1659
-30.246
-30.2238
-30.1977
-30.1722
-30.1498
-30.2396
-30.2153
-30.187
-30.1587
-30.1319
-30.2328
-30.2072
-30.1774
-30.1469
-30.1151
-30.2268
-30.2017
-30.1724
-30.1416
-30.1085
-30.1994
-30.1744
-30.1474
-30.1138
-30.2007
-30.1788
-30.1528
-30.1283
-30.1946
-30.1805
-30.16
-30.1384
-31.2016
-31.1984
-31.1965
-31.1958
-31.1966
-31.2037
-31.2
-31.1975
-31.1963
-31.1969
-31.2068
-31.2022
-31.1986
-31.1967
-31.1966
-31.2107
-31.2051
-31.2004
-31.1975
-31.1971
-31.2144
-31.208
-31.2026
-31.1989
-31.1983
-31.2172
-31.2106
-31.2048
-31.2006
-31.1997
-31.2186
-31.2122
-31.2066
-31.2021
-31.201
-31.2193
-31.2131
-31.2078
-31.2034
-31.202
-31.2203
-31.214
-31.2088
-31.2043
-31.2027
-31.2221
-31.2151
-31.2098
-31.2051
-31.2031
-31.2249
-31.2169
-31.2109
-31.2059
-31.2033
-31.2285
-31.2193
-31.2123
-31.2067
-31.2036
-31.2329
-31.2222
-31.214
-31.2075
-31.2038
-31.2375
-31.2252
-31.2158
-31.2083
-31.204
-31.242
-31.2283
-31.2175
-31.2091
-31.204
-31.2461
-31.2311
-31.2191
-31.2096
-31.204
-31.2493
-31.2334
-31.2204
-31.21
-31.2037
-31.2518
-31.2352
-31.2213
-31.2101
-31.2032
-31.2533
-31.2364
-31.2218
-31.21
-31.2026
-31.2542
-31.2371
-31.2221
-31.2097
-31.2019
-31.2546
-31.2375
-31.2222
-31.2093
-31.2012
-31.2548
-31.2378
-31.2222
-31.2089
-31.2005
-31.2549
-31.238
-31.2222
-31.2085
-31.1998
-31.2551
-31.2384
-31.2222
-31.2082
-31.1992
-31.2556
-31.2388
-31.2223
-31.2079
-31.1986
-31.2562
-31.2394
-31.2225
-31.2075
-31.1978
-31.2569
-31.24
-31.2225
-31.2069
-31.1968
-31.2576
-31.2404
-31.2223
-31.2059
-31.1951
-31.2581
-31.2405
-31.2215
-31.2042
-31.1926
-31.2583
-31.2401
-31.22
-31.2016
-31.1888
-31.2578
-31.2387
-31.2173
-31.1974
-31.1831
-31.2563
-31.2359
-31.2128
-31.1913
-31.175
-31.2534
-31.2314
-31.2063
-31.1826
-31.1637
-31.2486
-31.2247
-31.1972
-31.1709
-31.1486
-31.2419
-31.2158
-31.1858
-31.1564
-31.1298
-31.2339
-31.2056
-31.1731
-31.1406
-31.1087
-31.2255
-31.1957
-31.1614
-31.1264
-31.0886
-31.2178
-31.1886
-31.155
-31.1198
-31.0801
-31.2108
-31.1854
-31.1566
-31.1254
-31.0857
-31.1868
-31.162
-31.1328
-31.1042
-31.1814
-31.1655
-31.1433
-31.1186
-32.2136
-32.2108
-32.2088
-32.2079
-32.2086
-32.2157
-32.2125
-32.2099
-32.2087
-32.209
-32.2187
-32.2148
-32.2113
-32.2092
-32.2089
-32.2221
-32.2174
-32.2131
-32.2101
-32.2096
-32.2251
-32.2199
-32.2151
-32.2115
-32.2108
-32.2271
-32.2219
-32.2169
-32.2129
-32.2119
-32.2277
-32.2229
-32.2181
-32.214
-32.2128
-32.2276
-32.2231
-32.2188
-32.2147
-32.2133
-32.228
-32.2233
-32.2191
-32.2151
-32.2133
-32.229
-32.2237
-32.2193
-32.2152
-32.2129
-32.2311
-32.2246
-32.2196
-32.2152
-32.2125
-32.2338
-32.226
-32.22
-32.2151
-32.2119
-32.2371
-32.2278
-32.2207
-32.2149
-32.2112
-32.2405
-32.2297
-32.2214
-32.2147
-32.2103
-32.2438
-32.2316
-32.222
-32.2143
-32.2093
-32.2467
-32.2332
-32.2224
-32.2138
-32.2081
-32.2488
-32.2344
-32.2225
-32.2129
-32.2066
-32.2502
-32.235
-32.2223
-32.2119
-32.2048
-32.251
-32.2353
-32.2218
-32.2106
-32.203
-32.2512
-32.2352
-32.221
-32.2091
-32.201
-32.2512
-32.2348
-32.2201
-32.2076
-32.1989
-32.2511
-32.2345
-32.2192
-32.206
-32.1969
-32.2511
-32.2342
-32.2184
-32.2045
-32.1949
-32.2514
-32.2342
-32.2176
-32.2031
-32.193
-32.2519
-32.2343
-32.2169
-32.2016
-32.191
-32.2527
-32.2345
-32.2163
-32.2002
-32.1889
-32.2536
-32.2348
-32.2156
-32.1985
-32.1866
-32.2545
-32.235
-32.2147
-32.1964
-32.1837
-32.2552
-32.2348
-32.2132
-32.1937
-32.1799
-32.2553
-32.2339
-32.2109
-32.19
-32.1748
-32.2546
-32.232
-32.2074
-32.1847
-32.1677
-32.2526
-32.2286
-32.202
-32.1774
-32.1581
-32.2489
-32.2232
-32.1944
-32.1674
-32.1452
-32.2432
-32.2154
-32.1841
-32.1544
-32.1282
-32.2354
-32.2054
-32.1714
-32.1384
-32.1073
-32.2262
-32.194
-32.1574
-32.1211
-32.0839
-32.2164
-32.1827
-32.1445
-32.1055
-32.0617
-32.2073
-32.1745
-32.1371
-32.0982
-32.0521
-32.1989
-32.1704
-32.1384
-32.1036
-32.0587
-32.1928
-32.1712
-32.1448
-32.1138
-32.0814
-32.1677
-32.1503
-32.1271
-32.1003
-33.2249
-33.2228
-33.2211
-33.2202
-33.2206
-33.2267
-33.2245
-33.2223
-33.221
-33.221
-33.2295
-33.2266
-33.2236
-33.2216
-33.2212
-33.2321
-33.2287
-33.2251
-33.2225
-33.2219
-33.2343
-33.2305
-33.2266
-33.2235
-33.2228
-33.2355
-33.2319
-33.2279
-33.2245
-33.2236
-33.2355
-33.2323
-33.2286
-33.2251
-33.224
-33.2349
-33.2321
-33.2288
-33.2255
-33.2241
-33.2348
-33.2317
-33.2287
-33.2255
-33.2237
-33.2353
-33.2316
-33.2284
-33.2252
-33.223
-33.2366
-33.2319
-33.2282
-33.2247
-33.2222
-33.2384
-33.2326
-33.228
-33.224
-33.2211
-33.2406
-33.2335
-33.228
-33.2233
-33.2199
-33.243
-33.2345
-33.2279
-33.2224
-33.2184
-33.2452
-33.2353
-33.2276
-33.2213
-33.2166
-33.2469
-33.2359
-33.2271
-33.2199
-33.2145
-33.2481
-33.2361
-33.2263
-33.2182
-33.2121
-33.2487
-33.2359
-33.2252
-33.2162
-33.2094
-33.2488
-33.2353
-33.2237
-33.2139
-33.2065
-33.2486
-33.2345
-33.2221
-33.2114
-33.2033
-33.2481
-33.2335
-33.2202
-33.2088
-33.1999
-33.2477
-33.2324
-33.2183
-33.206
-33.1965
-33.2474
-33.2314
-33.2164
-33.2031
-33.193
-33.2474
-33.2306
-33.2145
-33.2002
-33.1893
-33.2477
-33.2298
-33.2126
-33.1973
-33.1856
-33.2481
-33.2292
-33.2107
-33.1942
-33.1817
-33.2487
-33.2286
-33.2087
-33.1909
-33.1774
-33.2492
-33.2279
-33.2064
-33.1873
-33.1727
-33.2495
-33.2269
-33.2037
-33.1829
-33.167
-33.2493
-33.2252
-33.2001
-33.1776
-33.1601
-33.2481
-33.2224
-33.1954
-33.1709
-33.1514
-33.2454
-33.2181
-33.1889
-33.1623
-33.1401
-33.241
-33.2119
-33.1803
-33.1512
-33.1257
-33.2345
-33.2034
-33.1694
-33.1373
-33.1074
-33.226
-33.1928
-33.1562
-33.1208
-33.0855
-33.2161
-33.181
-33.1419
-33.1032
-33.0613
-33.2057
-33.1694
-33.129
-33.0876
-33.0391
-33.1958
-33.1607
-33.1215
-33.0808
-33.0299
-33.1861
-33.156
-33.1228
-33.0867
-33.0385
-33.1792
-33.1562
-33.13
-33.0998
-33.0655
-33.1741
-33.1556
-33.1379
-33.1146
-33.0876
-34.2353
-34.2341
-34.233
-34.2322
-34.2323
-34.2368
-34.2357
-34.2342
-34.2331
-34.2328
-34.2393
-34.2375
-34.2353
-34.2337
-34.2333
-34.2411
-34.2389
-34.2363
-34.2343
-34.2338
-34.2424
-34.2401
-34.2373
-34.2348
-34.2343
-34.2431
-34.2409
-34.2381
-34.2354
-34.2347
-34.2427
-34.241
-34.2384
-34.2357
-34.2348
-34.242
-34.2405
-34.2383
-34.2358
-34.2347
-34.2417
-34.24
-34.238
-34.2358
-34.2343
-34.2419
-34.2397
-34.2376
-34.2354
-34.2337
-34.2426
-34.2397
-34.2373
-34.2349
-34.2329
-34.2437
-34.24
-34.237
-34.2342
-34.2318
-34.2452
-34.2404
-34.2366
-34.2334
-34.2306
-34.2467
-34.2408
-34.2362
-34.2323
-34.229
-34.248
-34.2411
-34.2356
-34.2309
-34.2271
-34.249
-34.2411
-34.2347
-34.2292
-34.2247
-34.2496
-34.2407
-34.2334
-34.2272
-34.2219
-34.2497
-34.2399
-34.2318
-34.2247
-34.2187
-34.2493
-34.2388
-34.2298
-34.2218
-34.2151
-34.2487
-34.2374
-34.2274
-34.2186
-34.2111
-34.2479
-34.2358
-34.2248
-34.2151
-34.2067
-34.2471
-34.234
-34.222
-34.2113
-34.202
-34.2463
-34.2321
-34.219
-34.2073
-34.1971
-34.2456
-34.2302
-34.2158
-34.203
-34.1918
-34.245
-34.2282
-34.2124
-34.1984
-34.1862
-34.2444
-34.2262
-34.2089
-34.1935
-34.1803
-34.2439
-34.2241
-34.2051
-34.1883
-34.1738
-34.2433
-34.2218
-34.2009
-34.1826
-34.1667
-34.2424
-34.2191
-34.1963
-34.1762
-34.1588
-34.2409
-34.2158
-34.1909
-34.169
-34.1497
-34.2386
-34.2117
-34.1845
-34.1605
-34.1389
-34.2351
-34.2062
-34.1767
-34.1504
-34.126
-34.2299
-34.1991
-34.1673
-34.1384
-34.1103
-34.2229
-34.1903
-34.156
-34.1243
-34.0917
-34.2143
-34.1799
-34.1432
-34.1084
-34.0702
-34.2047
-34.1688
-34.1301
-34.0921
-34.0477
-34.1946
-34.1582
-34.1188
-34.0786
-34.0286
-34.1845
-34.15
-34.1126
-34.0738
-34.0219
-34.1742
-34.1455
-34.1143
-34.0806
-34.0333
-34.1672
-34.1453
-34.122
-34.0959
-34.0629
-34.1637
-34.1475
-34.1313
-34.1099
-34.0848
-35.245
-35.2445
-35.2439
-35.2435
-35.2435
-35.246
-35.2456
-35.245
-35.2444
-35.244
-35.248
-35.2472
-35.2461
-35.245
-35.2447
-35.2492
-35.2481
-35.2466
-35.2453
-35.245
-35.2501
-35.2487
-35.247
-35.2454
-35.2452
-35.2504
-35.2493
-35.2475
-35.2457
-35.2453
-35.25
-35.2493
-35.2476
-35.2458
-35.2453
-35.2496
-35.2489
-35.2474
-35.2459
-35.2452
-35.2494
-35.2484
-35.2472
-35.246
-35.2451
-35.2495
-35.2482
-35.2472
-35.246
-35.2448
-35.2499
-35.2484
-35.2472
-35.246
-35.2445
-35.2506
-35.2487
-35.2472
-35.2458
-35.244
-35.2517
-35.2491
-35.2471
-35.2454
-35.2433
-35.2528
-35.2494
-35.2469
-35.2448
-35.2422
-35.2537
-35.2496
-35.2464
-35.2438
-35.2407
-35.2543
-35.2494
-35.2456
-35.2424
-35.2389
-35.2545
-35.2489
-35.2444
-35.2406
-35.2365
-35.2543
-35.248
-35.2428
-35.2384
-35.2336
-35.2538
-35.2467
-35.2407
-35.2357
-35.2303
-35.2528
-35.245
-35.2382
-35.2324
-35.2265
-35.2516
-35.2429
-35.2353
-35.2288
-35.2222
-35.2503
-35.2405
-35.2319
-35.2245
-35.2173
-35.2487
-35.2378
-35.2281
-35.2198
-35.2119
-35.247
-35.2347
-35.2239
-35.2147
-35.2059
-35.2451
-35.2314
-35.2193
-35.2089
-35.1993
-35.2431
-35.2278
-35.2142
-35.2027
-35.1921
-35.2408
-35.2238
-35.2086
-35.1958
-35.1842
-35.2383
-35.2195
-35.2025
-35.1884
-35.1754
-35.2355
-35.2148
-35.1958
-35.1801
-35.1658
-35.2321
-35.2094
-35.1884
-35.1711
-35.155
-35.228
-35.2033
-35.1802
-35.161
-35.1428
-35.223
-35.1963
-35.1709
-35.1497
-35.1289
-35.2168
-35.1882
-35.1606
-35.1372
-35.1132
-35.2095
-35.1792
-35.1495
-35.1236
-35.0956
-35.2012
-35.1695
-35.1378
-35.1094
-35.0767
-35.1925
-35.1598
-35.1269
-35.0961
-35.0582
-35.1837
-35.1512
-35.1184
-35.0862
-35.0444
-35.1745
-35.1447
-35.1146
-35.0843
-35.0414
-35.1654
-35.1414
-35.1169
-35.0918
-35.0547
-35.1595
-35.1415
-35.1243
-35.1061
-35.081
-35.1592
-35.1462
-35.1329
-35.1156
-35.0957
-36.2542
-36.2541
-36.254
-36.2539
-36.254
-36.2549
-36.2548
-36.2547
-36.2546
-36.2545
-36.2562
-36.2561
-36.2557
-36.2554
-36.2553
-36.2571
-36.2567
-36.256
-36.2554
-36.2555
-36.2576
-36.2571
-36.2562
-36.2556
-36.2556
-36.2577
-36.2574
-36.2566
-36.2558
-36.2558
-36.2577
-36.2575
-36.2567
-36.2558
-36.2558
-36.2576
-36.2575
-36.2566
-36.2559
-36.2559
-36.2581
-36.2574
-36.2566
-36.2561
-36.2561
-36.2587
-36.2576
-36.257
-36.2565
-36.2563
-36.2592
-36.2582
-36.2576
-36.2569
-36.2564
-36.26
-36.259
-36.2581
-36.2571
-36.2564
-36.2614
-36.2599
-36.2585
-36.2572
-36.2561
-36.2626
-36.2606
-36.2587
-36.257
-36.2556
-36.2636
-36.2611
-36.2587
-36.2564
-36.2547
-36.2643
-36.2612
-36.2583
-36.2555
-36.2534
-36.2645
-36.2609
-36.2575
-36.2541
-36.2516
-36.2644
-36.2602
-36.2563
-36.2523
-36.2493
-36.2639
-36.2591
-36.2547
-36.25
-36.2465
-36.263
-36.2576
-36.2526
-36.2472
-36.2432
-36.2617
-36.2555
-36.25
-36.244
-36.2393
-36.2601
-36.2531
-36.2469
-36.2402
-36.2348
-36.2582
-36.2501
-36.2432
-36.2359
-36.2296
-36.256
-36.2467
-36.2389
-36.231
-36.2238
-36.2534
-36.2427
-36.234
-36.2254
-36.2173
-36.2503
-36.2382
-36.2285
-36.2191
-36.21
-36.2467
-36.2331
-36.2222
-36.2121
-36.2019
-36.2425
-36.2274
-36.2151
-36.2043
-36.1928
-36.2377
-36.221
-36.2072
-36.1955
-36.1827
-36.2321
-36.2139
-36.1984
-36.1859
-36.1715
-36.2258
-36.2059
-36.1889
-36.1753
-36.1591
-36.2188
-36.1973
-36.1786
-36.1638
-36.1455
-36.211
-36.188
-36.1677
-36.1516
-36.1306
-36.2028
-36.1785
-36.1568
-36.1389
-36.1151
-36.1946
-36.1693
-36.1464
-36.1268
-36.0996
-36.1872
-36.1613
-36.1378
-36.1164
-36.086
-36.1803
-36.1551
-36.132
-36.11
-36.0777
-36.1739
-36.1509
-36.1302
-36.1095
-36.0776
-36.1677
-36.1486
-36.1316
-36.1146
-36.0885
-36.1628
-36.1482
-36.1361
-36.1225
-36.1049
-36.163
-36.1517
-36.1404
-36.1261
-36.1115
-37.2631
-37.2634
-37.2636
-37.2638
-37.2642
-37.2635
-37.2638
-37.2642
-37.2644
-37.2644
-37.2643
-37.2647
-37.265
-37.2652
-37.2652
-37.265
-37.2652
-37.2654
-37.2656
-37.2657
-37.2653
-37.2654
-37.2656
-37.2657
-37.2659
-37.2655
-37.2657
-37.2658
-37.2658
-37.2661
-37.2656
-37.2659
-37.266
-37.2661
-37.2663
-37.2661
-37.2662
-37.2662
-37.2666
-37.2667
-37.267
-37.2665
-37.2668
-37.2672
-37.2671
-37.2679
-37.2675
-37.2678
-37.2679
-37.2675
-37.2691
-37.2689
-37.2689
-37.2686
-37.2679
-37.2708
-37.2703
-37.2698
-37.2691
-37.2681
-37.2727
-37.2717
-37.2706
-37.2694
-37.2681
-37.2743
-37.2727
-37.2712
-37.2695
-37.2678
-37.2755
-37.2734
-37.2714
-37.2693
-37.2672
-37.2763
-37.2738
-37.2713
-37.2688
-37.2663
-37.2767
-37.2736
-37.2708
-37.2679
-37.2649
-37.2766
-37.273
-37.2698
-37.2666
-37.2631
-37.2761
-37.272
-37.2684
-37.2648
-37.2609
-37.2753
-37.2705
-37.2665
-37.2626
-37.2582
-37.274
-37.2686
-37.2641
-37.2599
-37.255
-37.2724
-37.2662
-37.2611
-37.2566
-37.2514
-37.2704
-37.2633
-37.2574
-37.2527
-37.2472
-37.268
-37.2598
-37.2532
-37.2483
-37.2424
-37.2652
-37.2558
-37.2484
-37.2432
-37.237
-37.2617
-37.2511
-37.2429
-37.2373
-37.2308
-37.2577
-37.2458
-37.2366
-37.2307
-37.2238
-37.2529
-37.2397
-37.2295
-37.2231
-37.216
-37.2473
-37.2329
-37.2214
-37.2145
-37.2071
-37.2409
-37.2252
-37.2123
-37.205
-37.1971
-37.2336
-37.2166
-37.2022
-37.1944
-37.1859
-37.2255
-37.2072
-37.1913
-37.183
-37.1737
-37.2167
-37.1973
-37.1799
-37.171
-37.1605
-37.2078
-37.1872
-37.1684
-37.159
-37.147
-37.1991
-37.1777
-37.1578
-37.1477
-37.1342
-37.1918
-37.1699
-37.1493
-37.1384
-37.1235
-37.1858
-37.1642
-37.144
-37.1331
-37.1174
-37.1812
-37.1612
-37.1427
-37.1321
-37.1165
-37.1772
-37.1597
-37.1443
-37.1343
-37.1206
-37.1739
-37.1596
-37.1484
-37.1391
-37.1257
-37.1743
-37.1626
-37.1505
-37.1394
-37.1282
)
;

boundaryField
{
    floor
    {
        type            calculated;
        value           nonuniform List<scalar> 
171
(
78.3322
78.3274
78.319
78.3092
78.3001
78.2912
78.2775
78.334
78.3315
78.3261
78.3179
78.3088
78.2984
78.2844
78.2677
78.2488
78.2286
78.2083
78.1887
78.1707
78.1548
78.1411
78.1293
78.1194
78.1112
78.1045
78.0991
78.0949
78.0918
78.0898
78.0887
78.0886
78.0892
78.0905
78.0924
78.0947
78.0974
78.1004
78.1038
78.1075
78.1112
78.1148
78.1181
78.1212
78.1243
78.1275
78.1309
78.1344
78.3373
78.3371
78.3348
78.3295
78.3217
78.3116
78.2981
78.2819
78.2636
78.2439
78.2237
78.2039
78.1853
78.1683
78.1532
78.14
78.1288
78.1194
78.1118
78.1056
78.1007
78.0972
78.0948
78.0935
78.0931
78.0936
78.0948
78.0966
78.0989
78.1016
78.1047
78.108
78.1112
78.1144
78.1172
78.1198
78.1222
78.1246
78.1271
78.1296
78.132
78.3402
78.342
78.3423
78.3397
78.3336
78.3243
78.3115
78.2957
78.2775
78.2576
78.2369
78.2162
78.1965
78.1783
78.162
78.1477
78.1356
78.1254
78.1169
78.11
78.1047
78.1008
78.0981
78.0965
78.0959
78.0962
78.0972
78.0991
78.1015
78.1042
78.1072
78.1104
78.1133
78.116
78.1185
78.1207
78.1228
78.1249
78.1271
78.1292
78.1308
78.3426
78.3461
78.3482
78.3473
78.3423
78.3337
78.3214
78.3058
78.2874
78.2671
78.2457
78.2244
78.2038
78.1848
78.1676
78.1526
78.1397
78.1288
78.1199
78.1128
78.1071
78.103
78.1001
78.0983
78.0976
78.0977
78.0987
78.1004
78.1027
78.1052
78.108
78.1109
78.1136
78.116
78.1183
78.1204
78.1226
78.1249
78.1272
78.1292
78.1307
)
;
    }
    ceiling
    {
        type            calculated;
        value           nonuniform List<scalar> 
205
(
-37.7677
-37.7677
-37.7682
-37.7686
-37.7688
-37.7689
-37.7691
-37.7696
-37.7706
-37.772
-37.7739
-37.776
-37.7781
-37.7797
-37.781
-37.7819
-37.7823
-37.7823
-37.7819
-37.781
-37.7798
-37.7782
-37.7763
-37.7739
-37.7711
-37.7677
-37.7636
-37.7588
-37.7533
-37.7469
-37.7396
-37.7315
-37.7227
-37.7138
-37.7052
-37.6978
-37.6919
-37.6873
-37.6833
-37.68
-37.6804
-37.7684
-37.7686
-37.7691
-37.7693
-37.7694
-37.7695
-37.7696
-37.77
-37.7708
-37.7725
-37.7743
-37.7759
-37.7773
-37.7784
-37.7792
-37.7795
-37.7794
-37.7789
-37.7778
-37.7764
-37.7745
-37.7721
-37.7692
-37.7657
-37.7617
-37.757
-37.7517
-37.7457
-37.7389
-37.7312
-37.7226
-37.7132
-37.7033
-37.6932
-37.6837
-37.6759
-37.6703
-37.6673
-37.6658
-37.6657
-37.6687
-37.7688
-37.7693
-37.7699
-37.7701
-37.7701
-37.7701
-37.7703
-37.7709
-37.772
-37.7734
-37.7745
-37.7755
-37.7764
-37.7769
-37.7772
-37.7771
-37.7766
-37.7757
-37.7743
-37.7724
-37.77
-37.767
-37.7634
-37.7592
-37.7543
-37.7489
-37.7426
-37.7355
-37.7274
-37.7183
-37.7083
-37.6973
-37.6859
-37.6745
-37.6639
-37.6554
-37.6501
-37.6488
-37.6504
-37.6545
-37.6566
-37.769
-37.7695
-37.7704
-37.7706
-37.7706
-37.7707
-37.7711
-37.7719
-37.7728
-37.7736
-37.7743
-37.7749
-37.7752
-37.7753
-37.7752
-37.7747
-37.7738
-37.7725
-37.7707
-37.7685
-37.7658
-37.7626
-37.7587
-37.7542
-37.7492
-37.7433
-37.7366
-37.7291
-37.7205
-37.711
-37.7004
-37.689
-37.6771
-37.665
-37.6537
-37.6445
-37.6391
-37.6382
-37.6403
-37.6452
-37.6455
-37.7694
-37.7696
-37.7704
-37.7708
-37.771
-37.7712
-37.7716
-37.7722
-37.7728
-37.7732
-37.7736
-37.7739
-37.7739
-37.7737
-37.7731
-37.7721
-37.7708
-37.769
-37.7668
-37.7641
-37.761
-37.7573
-37.7531
-37.7484
-37.7429
-37.7368
-37.7298
-37.722
-37.7131
-37.7031
-37.6919
-37.6797
-37.6665
-37.6531
-37.6402
-37.6295
-37.6234
-37.6226
-37.6267
-37.6317
-37.6343
)
;
    }
    fixedWalls
    {
        type            calculated;
        value           nonuniform List<scalar> 
2160
(
77.8257
77.8275
77.8308
77.8337
77.8361
77.8361
77.8396
77.8418
77.8408
77.8358
77.8273
77.815
77.7993
77.7809
77.7606
77.7393
77.7179
77.6974
77.6783
77.6612
77.6462
77.6332
77.6223
77.6135
77.6063
77.6007
77.5965
77.5936
77.5919
77.5911
77.5913
77.5923
77.594
77.5962
77.5988
77.6015
77.6044
77.6071
77.6095
77.6118
77.6139
77.6162
77.6184
77.6207
77.6228
77.6279
77.6255
77.6243
77.6242
77.6242
76.8092
76.813
76.8175
76.8206
76.8239
76.8239
76.8299
76.8328
76.8313
76.8249
76.8155
76.803
76.7879
76.7702
76.7507
76.7301
76.7094
76.6893
76.6705
76.6534
76.6383
76.6251
76.6139
76.6046
76.5969
76.5907
76.5859
76.5824
76.5802
76.5792
76.5791
76.58
76.5816
76.5838
76.5864
76.5893
76.5923
76.5949
76.5971
76.5991
76.601
76.603
76.6051
76.6074
76.6096
76.615
76.612
76.611
76.6114
76.6114
75.7912
75.7974
75.803
75.8062
75.8092
75.8092
75.8151
75.8163
75.8113
75.8005
75.7872
75.772
75.7555
75.738
75.7198
75.7014
75.6833
75.6661
75.6501
75.6355
75.6224
75.6108
75.6007
75.592
75.5846
75.5786
75.574
75.5707
75.5686
75.5676
75.5674
75.5681
75.5696
75.5715
75.574
75.5767
75.5796
75.5825
75.585
75.5869
75.5884
75.5903
75.5922
75.5943
75.5964
75.6053
75.5999
75.5981
75.5986
75.5986
74.7763
74.7832
74.7887
74.7916
74.7941
74.7941
74.798
74.7974
74.7906
74.7779
74.7628
74.7463
74.7291
74.7116
74.6942
74.6772
74.661
74.6458
74.6317
74.6188
74.6072
74.5967
74.5875
74.5795
74.5728
74.5672
74.5628
74.5595
74.5573
74.5561
74.5559
74.5564
74.5577
74.5596
74.5618
74.5644
74.5671
74.5697
74.5723
74.5742
74.5757
74.5775
74.5793
74.5814
74.5835
74.5949
74.588
74.5853
74.5858
74.5858
73.7648
73.7711
73.7756
73.778
73.7799
73.7799
73.7826
73.781
73.7737
73.761
73.7458
73.7295
73.7126
73.6956
73.6787
73.6623
73.6466
73.6319
73.6184
73.606
73.5947
73.5846
73.5756
73.5678
73.5611
73.5556
73.5512
73.5478
73.5456
73.5443
73.5439
73.5444
73.5455
73.5473
73.5494
73.5519
73.5545
73.557
73.5591
73.5609
73.5626
73.5646
73.5666
73.5689
73.571
73.5794
73.5744
73.5725
73.573
73.573
72.7542
72.7594
72.7633
72.7658
72.767
72.767
72.7698
72.7679
72.7608
72.7489
72.7345
72.7188
72.7024
72.6858
72.6692
72.6529
72.6372
72.6224
72.6087
72.5961
72.5846
72.5743
72.5651
72.5571
72.5502
72.5445
72.5399
72.5364
72.534
72.5326
72.532
72.5323
72.5333
72.535
72.537
72.5392
72.5414
72.5438
72.546
72.548
72.5499
72.552
72.5541
72.5563
72.5583
72.5644
72.5612
72.5598
72.5598
72.5598
-7.944
-7.94396
-7.94393
-7.94391
-7.94391
-7.94391
-7.9439
-7.94387
-7.94382
-7.94373
-7.9436
-7.94346
-7.94336
-7.94335
-7.94353
-7.94391
-7.94451
-7.9453
-7.94625
-7.94732
-7.94848
-7.9497
-7.95094
-7.9522
-7.95347
-7.95473
-7.95597
-7.9572
-7.95839
-7.95954
-7.96064
-7.96167
-7.96263
-7.9635
-7.96428
-7.96498
-7.9656
-7.96616
-7.96667
-7.96712
-7.9675
-7.96774
-7.9678
-7.96756
-7.96718
-7.96518
-7.96563
-7.96613
-7.96673
-7.96673
-8.95417
-8.95412
-8.95408
-8.95405
-8.95404
-8.95404
-8.95403
-8.95403
-8.95402
-8.95398
-8.95392
-8.95386
-8.95384
-8.95393
-8.95419
-8.95465
-8.9553
-8.95613
-8.9571
-8.95817
-8.95932
-8.96051
-8.96172
-8.96294
-8.96417
-8.96539
-8.9666
-8.9678
-8.96897
-8.97011
-8.9712
-8.97223
-8.97318
-8.97406
-8.97485
-8.97557
-8.97622
-8.97682
-8.97738
-8.97791
-8.97838
-8.97873
-8.97884
-8.9786
-8.97813
-8.97529
-8.97555
-8.97628
-8.97739
-8.97739
-9.96431
-9.96426
-9.96421
-9.96418
-9.96416
-9.96416
-9.96414
-9.96417
-9.96419
-9.96423
-9.96428
-9.96437
-9.96454
-9.96484
-9.96531
-9.96595
-9.96678
-9.96774
-9.9688
-9.96993
-9.9711
-9.97228
-9.97347
-9.97466
-9.97583
-9.977
-9.97816
-9.9793
-9.9804
-9.98147
-9.98249
-9.98343
-9.98431
-9.98511
-9.98584
-9.98651
-9.98714
-9.98776
-9.9884
-9.98906
-9.98973
-9.99032
-9.99068
-9.99051
-9.99003
-9.98795
-9.98738
-9.98739
-9.98908
-9.98908
-10.9744
-10.9744
-10.9743
-10.9743
-10.9742
-10.9742
-10.9741
-10.9742
-10.9743
-10.9744
-10.9746
-10.9748
-10.9752
-10.9757
-10.9764
-10.9773
-10.9783
-10.9794
-10.9806
-10.9818
-10.9831
-10.9843
-10.9854
-10.9866
-10.9878
-10.9889
-10.99
-10.9911
-10.9921
-10.9931
-10.994
-10.9948
-10.9956
-10.9963
-10.9969
-10.9975
-10.9982
-10.9988
-10.9996
-11.0005
-11.0016
-11.0027
-11.0035
-11.0036
-11.0032
-11.0032
-11.0016
-11.0004
-11.0021
-11.0021
-11.9845
-11.9844
-11.9843
-11.9843
-11.9842
-11.9842
-11.984
-11.9841
-11.9843
-11.9845
-11.9848
-11.9852
-11.9858
-11.9866
-11.9875
-11.9885
-11.9897
-11.991
-11.9923
-11.9936
-11.9949
-11.9961
-11.9973
-11.9985
-11.9996
-12.0007
-12.0018
-12.0028
-12.0037
-12.0046
-12.0054
-12.0062
-12.0068
-12.0074
-12.008
-12.0086
-12.0093
-12.0101
-12.0113
-12.0128
-12.0144
-12.016
-12.0173
-12.0177
-12.0175
-12.0206
-12.0178
-12.0156
-12.0164
-12.0164
-12.9945
-12.9944
-12.9943
-12.9942
-12.9941
-12.9941
-12.9937
-12.9939
-12.9942
-12.9945
-12.995
-12.9956
-12.9964
-12.9973
-12.9984
-12.9996
-13.0009
-13.0023
-13.0037
-13.005
-13.0064
-13.0076
-13.0089
-13.01
-13.0112
-13.0123
-13.0133
-13.0142
-13.0151
-13.0159
-13.0167
-13.0173
-13.018
-13.0186
-13.0192
-13.02
-13.021
-13.0223
-13.024
-13.0258
-13.0276
-13.0293
-13.0309
-13.0319
-13.0323
-13.0386
-13.0347
-13.0317
-13.0314
-13.0314
-14.0045
-14.0044
-14.0042
-14.0041
-14.0039
-14.0039
-14.0034
-14.0036
-14.004
-14.0046
-14.0053
-14.0061
-14.007
-14.0081
-14.0093
-14.0106
-14.0121
-14.0135
-14.0149
-14.0163
-14.0177
-14.019
-14.0202
-14.0214
-14.0225
-14.0236
-14.0246
-14.0255
-14.0264
-14.0272
-14.0279
-14.0286
-14.0293
-14.0301
-14.031
-14.0323
-14.0338
-14.0354
-14.0369
-14.0384
-14.0399
-14.0418
-14.0438
-14.0457
-14.047
-14.0567
-14.0515
-14.0476
-14.0465
-14.0465
-15.0144
-15.0143
-15.0142
-15.0141
-15.0138
-15.0138
-15.0131
-15.0134
-15.0139
-15.0147
-15.0156
-15.0166
-15.0177
-15.0189
-15.0202
-15.0217
-15.0232
-15.0247
-15.0262
-15.0277
-15.029
-15.0303
-15.0316
-15.0328
-15.0339
-15.035
-15.036
-15.037
-15.0378
-15.0387
-15.0395
-15.0404
-15.0414
-15.0426
-15.044
-15.0453
-15.0466
-15.0478
-15.0489
-15.0506
-15.0528
-15.0555
-15.0584
-15.0609
-15.0629
-15.0753
-15.0689
-15.0642
-15.0628
-15.0628
-16.0243
-16.0243
-16.0242
-16.0241
-16.0238
-16.0238
-16.0231
-16.0234
-16.024
-16.025
-16.026
-16.0271
-16.0283
-16.0296
-16.0311
-16.0327
-16.0344
-16.036
-16.0376
-16.039
-16.0404
-16.0418
-16.0431
-16.0444
-16.0456
-16.0467
-16.0478
-16.0489
-16.0499
-16.0509
-16.0521
-16.0532
-16.0544
-16.0556
-16.0567
-16.0576
-16.0586
-16.0601
-16.0623
-16.0652
-16.0685
-16.0719
-16.0749
-16.0775
-16.0787
-16.0935
-16.0868
-16.0816
-16.0797
-16.0797
-17.0343
-17.0344
-17.0344
-17.0343
-17.034
-17.034
-17.0333
-17.0337
-17.0344
-17.0354
-17.0366
-17.0377
-17.039
-17.0405
-17.0421
-17.0438
-17.0456
-17.0473
-17.0489
-17.0505
-17.052
-17.0534
-17.0549
-17.0563
-17.0576
-17.0589
-17.0602
-17.0614
-17.0626
-17.0637
-17.0649
-17.066
-17.0669
-17.0678
-17.0687
-17.0701
-17.0722
-17.0751
-17.0786
-17.0822
-17.0859
-17.0894
-17.0923
-17.0946
-17.0949
-17.1092
-17.1027
-17.0983
-17.0967
-17.0967
-18.0443
-18.0446
-18.0446
-18.0446
-18.0443
-18.0443
-18.0437
-18.0442
-18.045
-18.046
-18.0472
-18.0484
-18.0498
-18.0514
-18.0532
-18.055
-18.0568
-18.0586
-18.0603
-18.0619
-18.0635
-18.0652
-18.0668
-18.0683
-18.0698
-18.0713
-18.0726
-18.0739
-18.075
-18.0761
-18.077
-18.0779
-18.079
-18.0805
-18.0826
-18.0855
-18.0888
-18.0925
-18.0964
-18.1004
-18.1041
-18.1075
-18.1102
-18.112
-18.1124
-18.1251
-18.1182
-18.1143
-18.113
-18.113
-19.0545
-19.0549
-19.0551
-19.0551
-19.0549
-19.0549
-19.0543
-19.055
-19.0558
-19.0568
-19.0579
-19.0592
-19.0607
-19.0624
-19.0642
-19.0661
-19.068
-19.0698
-19.0717
-19.0735
-19.0753
-19.0771
-19.0789
-19.0805
-19.082
-19.0834
-19.0847
-19.0859
-19.0871
-19.0884
-19.0898
-19.0915
-19.0937
-19.0963
-19.0995
-19.103
-19.1068
-19.1109
-19.1149
-19.1188
-19.1223
-19.1254
-19.1278
-19.1293
-19.1297
-19.1431
-19.1355
-19.1308
-19.1293
-19.1293
-20.0648
-20.0654
-20.0658
-20.0658
-20.0656
-20.0656
-20.0653
-20.066
-20.0668
-20.0677
-20.0688
-20.0701
-20.0717
-20.0735
-20.0752
-20.0771
-20.0792
-20.0812
-20.0834
-20.0855
-20.0875
-20.0895
-20.0914
-20.0932
-20.0949
-20.0966
-20.0982
-20.0998
-20.1014
-20.1033
-20.1054
-20.1079
-20.1107
-20.1139
-20.1174
-20.1212
-20.1252
-20.1292
-20.133
-20.1365
-20.1396
-20.1422
-20.1445
-20.1459
-20.1464
-20.1619
-20.1537
-20.1479
-20.1457
-20.1457
-21.0754
-21.0762
-21.0767
-21.0768
-21.0766
-21.0766
-21.0765
-21.0772
-21.078
-21.0789
-21.0799
-21.0813
-21.0828
-21.0844
-21.0861
-21.0882
-21.0905
-21.093
-21.0955
-21.0979
-21.1004
-21.1028
-21.1051
-21.1073
-21.1094
-21.1115
-21.1135
-21.1156
-21.1177
-21.12
-21.1225
-21.1253
-21.1283
-21.1317
-21.1354
-21.1392
-21.1429
-21.1466
-21.1498
-21.1526
-21.1551
-21.1572
-21.1593
-21.1608
-21.1617
-21.179
-21.1704
-21.1637
-21.1608
-21.1608
-22.0863
-22.0872
-22.0878
-22.0881
-22.0879
-22.0879
-22.088
-22.0887
-22.0894
-22.0902
-22.0913
-22.0926
-22.0938
-22.0953
-22.0972
-22.0996
-22.1023
-22.1051
-22.108
-22.1109
-22.1138
-22.1167
-22.1195
-22.1221
-22.1247
-22.1272
-22.1296
-22.132
-22.1345
-22.1371
-22.1398
-22.1427
-22.1459
-22.1492
-22.1527
-22.1561
-22.1594
-22.1623
-22.1647
-22.1665
-22.168
-22.1694
-22.1715
-22.1733
-22.1747
-22.1939
-22.185
-22.1775
-22.1738
-22.1738
-23.0976
-23.0984
-23.0992
-23.0996
-23.0995
-23.0995
-23.0997
-23.1004
-23.101
-23.1018
-23.1028
-23.1037
-23.1047
-23.1063
-23.1086
-23.1113
-23.1144
-23.1176
-23.121
-23.1244
-23.1278
-23.1312
-23.1344
-23.1375
-23.1404
-23.1433
-23.146
-23.1487
-23.1513
-23.154
-23.1567
-23.1596
-23.1625
-23.1656
-23.1686
-23.1714
-23.1739
-23.1758
-23.1769
-23.1775
-23.1777
-23.178
-23.1799
-23.1824
-23.1846
-23.2056
-23.1968
-23.1883
-23.1837
-23.1837
-24.1093
-24.11
-24.1109
-24.1113
-24.1113
-24.1113
-24.1116
-24.1123
-24.1129
-24.1135
-24.1141
-24.1148
-24.1159
-24.1178
-24.1203
-24.1234
-24.1268
-24.1305
-24.1343
-24.1381
-24.142
-24.1457
-24.1493
-24.1527
-24.1559
-24.159
-24.1619
-24.1646
-24.1673
-24.1699
-24.1724
-24.175
-24.1776
-24.1801
-24.1825
-24.1845
-24.1859
-24.1865
-24.1862
-24.185
-24.1835
-24.1825
-24.1842
-24.1873
-24.1908
-24.2141
-24.2052
-24.1957
-24.19
-24.19
-25.1214
-25.122
-25.1228
-25.1233
-25.1233
-25.1233
-25.1238
-25.1243
-25.1248
-25.1252
-25.1254
-25.126
-25.1274
-25.1297
-25.1325
-25.1358
-25.1395
-25.1434
-25.1475
-25.1516
-25.1557
-25.1597
-25.1635
-25.1671
-25.1704
-25.1735
-25.1764
-25.1791
-25.1816
-25.184
-25.1863
-25.1884
-25.1905
-25.1924
-25.1939
-25.1949
-25.1951
-25.1942
-25.1922
-25.1889
-25.1853
-25.183
-25.1843
-25.1877
-25.1927
-25.2192
-25.2102
-25.1994
-25.1923
-25.1923
-26.1344
-26.1345
-26.135
-26.1354
-26.1355
-26.1355
-26.136
-26.1365
-26.1367
-26.1368
-26.1369
-26.1378
-26.1396
-26.1421
-26.145
-26.1484
-26.1521
-26.1561
-26.1602
-26.1644
-26.1686
-26.1726
-26.1763
-26.1799
-26.1831
-26.1861
-26.1888
-26.1913
-26.1935
-26.1956
-26.1975
-26.1992
-26.2006
-26.2017
-26.2024
-26.2023
-26.2011
-26.1987
-26.1946
-26.189
-26.1834
-26.1792
-26.1797
-26.1836
-26.19
-26.2209
-26.2117
-26.1992
-26.1903
-26.1903
-27.1478
-27.1472
-27.1474
-27.1476
-27.1478
-27.1478
-27.1483
-27.1486
-27.1485
-27.1484
-27.1488
-27.1502
-27.1523
-27.1547
-27.1575
-27.1607
-27.1643
-27.1681
-27.172
-27.176
-27.1799
-27.1836
-27.1871
-27.1903
-27.1932
-27.1959
-27.1982
-27.2004
-27.2023
-27.204
-27.2054
-27.2066
-27.2074
-27.2078
-27.2075
-27.2063
-27.2038
-27.1996
-27.1933
-27.1853
-27.1772
-27.1706
-27.1699
-27.1744
-27.1821
-27.2191
-27.2092
-27.1951
-27.1836
-27.1836
-28.1622
-28.1604
-28.1599
-28.1598
-28.1601
-28.1601
-28.1606
-28.1606
-28.1604
-28.1605
-28.1614
-28.1631
-28.1652
-28.1674
-28.17
-28.1728
-28.1758
-28.1791
-28.1825
-28.1858
-28.1891
-28.1922
-28.1951
-28.1977
-28.2001
-28.2022
-28.2041
-28.2058
-28.2073
-28.2086
-28.2096
-28.2103
-28.2106
-28.2103
-28.2091
-28.2068
-28.2028
-28.1967
-28.1881
-28.1777
-28.1666
-28.157
-28.1546
-28.1595
-28.1687
-28.214
-28.203
-28.1869
-28.1723
-28.1723
-29.1758
-29.1732
-29.1721
-29.1718
-29.1723
-29.1723
-29.1727
-29.1725
-29.1724
-29.1728
-29.1742
-29.176
-29.1778
-29.1798
-29.1818
-29.1839
-29.1862
-29.1887
-29.1911
-29.1936
-29.1959
-29.1981
-29.2
-29.2017
-29.2032
-29.2046
-29.2058
-29.2069
-29.208
-29.2089
-29.2095
-29.2099
-29.2097
-29.2087
-29.2067
-29.2032
-29.1978
-29.1898
-29.1791
-29.1659
-29.1515
-29.1384
-29.1339
-29.1391
-29.1505
-29.2057
-29.1933
-29.1749
-29.1569
-29.1569
-30.189
-30.1859
-30.1843
-30.1838
-30.1844
-30.1844
-30.1848
-30.1845
-30.1846
-30.1855
-30.1871
-30.1887
-30.1902
-30.1916
-30.1929
-30.1941
-30.1954
-30.1967
-30.198
-30.1992
-30.2004
-30.2014
-30.2022
-30.2028
-30.2033
-30.2037
-30.2041
-30.2045
-30.2049
-30.2052
-30.2053
-30.2051
-30.2043
-30.2026
-30.1998
-30.1952
-30.1884
-30.1788
-30.1659
-30.1498
-30.1319
-30.1151
-30.1085
-30.1138
-30.1283
-30.1946
-30.1805
-30.16
-30.1384
-30.1384
-31.2016
-31.1984
-31.1965
-31.1958
-31.1966
-31.1966
-31.1969
-31.1966
-31.1971
-31.1983
-31.1997
-31.201
-31.202
-31.2027
-31.2031
-31.2033
-31.2036
-31.2038
-31.204
-31.204
-31.204
-31.2037
-31.2032
-31.2026
-31.2019
-31.2012
-31.2005
-31.1998
-31.1992
-31.1986
-31.1978
-31.1968
-31.1951
-31.1926
-31.1888
-31.1831
-31.175
-31.1637
-31.1486
-31.1298
-31.1087
-31.0886
-31.0801
-31.0857
-31.1042
-31.1814
-31.1655
-31.1433
-31.1186
-31.1186
-32.2136
-32.2108
-32.2088
-32.2079
-32.2086
-32.2086
-32.209
-32.2089
-32.2096
-32.2108
-32.2119
-32.2128
-32.2133
-32.2133
-32.2129
-32.2125
-32.2119
-32.2112
-32.2103
-32.2093
-32.2081
-32.2066
-32.2048
-32.203
-32.201
-32.1989
-32.1969
-32.1949
-32.193
-32.191
-32.1889
-32.1866
-32.1837
-32.1799
-32.1748
-32.1677
-32.1581
-32.1452
-32.1282
-32.1073
-32.0839
-32.0617
-32.0521
-32.0587
-32.0814
-32.1677
-32.1503
-32.1271
-32.1003
-32.1003
-33.2249
-33.2228
-33.2211
-33.2202
-33.2206
-33.2206
-33.221
-33.2212
-33.2219
-33.2228
-33.2236
-33.224
-33.2241
-33.2237
-33.223
-33.2222
-33.2211
-33.2199
-33.2184
-33.2166
-33.2145
-33.2121
-33.2094
-33.2065
-33.2033
-33.1999
-33.1965
-33.193
-33.1893
-33.1856
-33.1817
-33.1774
-33.1727
-33.167
-33.1601
-33.1514
-33.1401
-33.1257
-33.1074
-33.0855
-33.0613
-33.0391
-33.0299
-33.0385
-33.0655
-33.1741
-33.1556
-33.1379
-33.1146
-33.0876
-33.0876
-34.2353
-34.2341
-34.233
-34.2322
-34.2323
-34.2323
-34.2328
-34.2333
-34.2338
-34.2343
-34.2347
-34.2348
-34.2347
-34.2343
-34.2337
-34.2329
-34.2318
-34.2306
-34.229
-34.2271
-34.2247
-34.2219
-34.2187
-34.2151
-34.2111
-34.2067
-34.202
-34.1971
-34.1918
-34.1862
-34.1803
-34.1738
-34.1667
-34.1588
-34.1497
-34.1389
-34.126
-34.1103
-34.0917
-34.0702
-34.0477
-34.0286
-34.0219
-34.0333
-34.0629
-34.1637
-34.1475
-34.1313
-34.1099
-34.0848
-34.0848
-35.245
-35.2445
-35.2439
-35.2435
-35.2435
-35.2435
-35.244
-35.2447
-35.245
-35.2452
-35.2453
-35.2453
-35.2452
-35.2451
-35.2448
-35.2445
-35.244
-35.2433
-35.2422
-35.2407
-35.2389
-35.2365
-35.2336
-35.2303
-35.2265
-35.2222
-35.2173
-35.2119
-35.2059
-35.1993
-35.1921
-35.1842
-35.1754
-35.1658
-35.155
-35.1428
-35.1289
-35.1132
-35.0956
-35.0767
-35.0582
-35.0444
-35.0414
-35.0547
-35.081
-35.1592
-35.1462
-35.1329
-35.1156
-35.0957
-35.0957
-36.2542
-36.2541
-36.254
-36.2539
-36.254
-36.254
-36.2545
-36.2553
-36.2555
-36.2556
-36.2558
-36.2558
-36.2559
-36.2561
-36.2563
-36.2564
-36.2564
-36.2561
-36.2556
-36.2547
-36.2534
-36.2516
-36.2493
-36.2465
-36.2432
-36.2393
-36.2348
-36.2296
-36.2238
-36.2173
-36.21
-36.2019
-36.1928
-36.1827
-36.1715
-36.1591
-36.1455
-36.1306
-36.1151
-36.0996
-36.086
-36.0777
-36.0776
-36.0885
-36.1049
-36.163
-36.1517
-36.1404
-36.1261
-36.1115
-36.1115
-37.2631
-37.2634
-37.2636
-37.2638
-37.2642
-37.2642
-37.2644
-37.2652
-37.2657
-37.2659
-37.2661
-37.2663
-37.2667
-37.2671
-37.2675
-37.2679
-37.2681
-37.2681
-37.2678
-37.2672
-37.2663
-37.2649
-37.2631
-37.2609
-37.2582
-37.255
-37.2514
-37.2472
-37.2424
-37.237
-37.2308
-37.2238
-37.216
-37.2071
-37.1971
-37.1859
-37.1737
-37.1605
-37.147
-37.1342
-37.1235
-37.1174
-37.1165
-37.1206
-37.1257
-37.1743
-37.1626
-37.1505
-37.1394
-37.1282
-37.1282
72.2478
72.2529
72.2568
72.2593
72.2605
72.2441
72.2516
72.2571
72.2612
72.2634
72.2277
72.2407
72.2508
72.2585
72.2614
72.2011
72.2209
72.2375
72.2499
72.2544
72.1758
72.1993
72.2206
72.2368
72.2425
72.1546
72.179
72.203
72.2215
72.228
72.1354
72.1596
72.1854
72.2054
72.2123
72.1169
72.1413
72.1681
72.189
72.196
72.0988
72.1239
72.1512
72.1726
72.1793
72.081
72.1074
72.1351
72.1564
72.1627
72.0647
72.0925
72.1202
72.1408
72.1464
72.0505
72.0796
72.1066
72.126
72.1307
72.07
72.0948
72.1124
72.116
72.0623
72.0846
72.0998
72.1022
72.0561
72.0755
72.0882
72.0896
72.0507
72.0673
72.0777
72.0781
72.0458
72.0598
72.0681
72.0678
72.0413
72.053
72.0594
72.0586
72.0371
72.0468
72.0517
72.0506
72.0332
72.0413
72.045
72.0437
72.0298
72.0366
72.0394
72.038
72.0269
72.0326
72.0348
72.0334
72.0245
72.0295
72.0312
72.03
72.0228
72.0272
72.0286
72.0275
72.0218
72.0258
72.027
72.0261
72.0215
72.0252
72.0263
72.0256
72.0219
72.0254
72.0264
72.0258
72.0229
72.0263
72.0273
72.0269
72.0244
72.0277
72.0287
72.0285
72.0265
72.0296
72.0307
72.0305
72.0289
72.0319
72.0329
72.0327
72.0316
72.0343
72.0353
72.035
72.0344
72.0368
72.0377
72.0373
72.0373
72.0393
72.04
72.0395
72.0402
72.0414
72.042
72.0415
72.043
72.0436
72.0438
72.0434
72.0457
72.046
72.0458
72.0455
72.0484
72.0479
72.0478
72.0477
72.0513
72.0502
72.0497
72.0499
72.0543
72.0523
72.0515
72.0518
72.0579
72.0548
72.0533
72.0533
-7.43894
-7.4389
-7.43886
-7.43885
-7.43884
-7.43897
-7.43892
-7.43887
-7.43885
-7.43883
-7.43901
-7.43895
-7.43888
-7.43884
-7.4388
-7.43897
-7.43894
-7.43888
-7.43881
-7.43874
-7.43873
-7.43882
-7.43882
-7.43875
-7.43865
-7.43822
-7.43855
-7.43869
-7.43865
-7.43851
-7.43757
-7.43818
-7.43854
-7.43855
-7.43837
-7.437
-7.43787
-7.43843
-7.43848
-7.43826
-7.43655
-7.43764
-7.43838
-7.4385
-7.43825
-7.43632
-7.43763
-7.43853
-7.4387
-7.43841
-7.43643
-7.43792
-7.43892
-7.4391
-7.43879
-7.43691
-7.43852
-7.43955
-7.43972
-7.43938
-7.43767
-7.43935
-7.44038
-7.44053
-7.44016
-7.43871
-7.4404
-7.44139
-7.44149
-7.4411
-7.43995
-7.4416
-7.4425
-7.44256
-7.44217
-7.44288
-7.44369
-7.44372
-7.44332
-7.44422
-7.44493
-7.44492
-7.44453
-7.44558
-7.44618
-7.44615
-7.44577
-7.44694
-7.44745
-7.44739
-7.44702
-7.44828
-7.44871
-7.44863
-7.44828
-7.4496
-7.44996
-7.44987
-7.44953
-7.45091
-7.4512
-7.45109
-7.45076
-7.4522
-7.45242
-7.45229
-7.45198
-7.45346
-7.4536
-7.45346
-7.45316
-7.45465
-7.45474
-7.45459
-7.45431
-7.45578
-7.45582
-7.45567
-7.4554
-7.45681
-7.45682
-7.45667
-7.45642
-7.45773
-7.45772
-7.45759
-7.45736
-7.45853
-7.45852
-7.45842
-7.45822
-7.4592
-7.45921
-7.45915
-7.459
-7.45975
-7.45981
-7.45981
-7.45969
-7.46019
-7.46033
-7.46038
-7.46031
-7.46057
-7.46078
-7.4609
-7.46086
-7.46086
-7.46118
-7.46137
-7.46136
-7.46107
-7.46156
-7.46179
-7.46181
-7.46126
-7.46188
-7.46215
-7.46217
-7.4615
-7.46214
-7.46237
-7.4624
-7.46177
-7.46224
-7.46238
-7.46245
-7.46168
-7.4619
-7.46202
-7.4622
-7.4609
-7.46118
-7.46144
-7.46179
-7.45969
-7.46018
-7.46071
-7.46132
)
;
    }
    rack2796428BA49E0232CAC645AEBC8DA5C1_fixedWall
    {
        type            calculated;
        value           nonuniform 0();
    }
    rack2796428BA49E0232CAC645AEBC8DA5C1_inlet
    {
        type            calculated;
        value           nonuniform 0();
    }
    rack2796428BA49E0232CAC645AEBC8DA5C1_outlet
    {
        type            calculated;
        value           nonuniform 0();
    }
    acu380F56D59CF2B3DF6EFF9D0E6E8D39CB_inlet
    {
        type            calculated;
        value           nonuniform 0();
    }
    acu380F56D59CF2B3DF6EFF9D0E6E8D39CB_outlet
    {
        type            calculated;
        value           nonuniform 0();
    }
    acu380F56D59CF2B3DF6EFF9D0E6E8D39CB_fixedWall
    {
        type            calculated;
        value           nonuniform 0();
    }
    baffleFaces_master
    {
        type            calculated;
        value           nonuniform 0();
    }
    baffleFaces_slave
    {
        type            calculated;
        value           nonuniform 0();
    }
    procBoundary6to5
    {
        type            processor;
        value           nonuniform List<scalar> 
1538
(
77.8271
77.8198
77.8088
77.8011
77.7944
77.7885
77.7758
77.7536
77.7536
77.7536
77.7336
77.7121
77.6906
77.6699
77.6517
77.636
77.6228
77.612
77.6031
77.5958
77.59
77.5854
77.5818
77.5792
77.5775
77.5767
77.5766
77.5773
77.5787
77.5806
77.583
77.5858
77.5887
77.5921
77.5959
77.6001
77.6045
77.6087
77.6128
77.617
77.6213
77.6259
77.6304
76.8079
76.8
76.7811
76.7642
76.7552
76.7481
76.7344
76.7162
76.7009
76.7009
76.7009
76.6804
76.6606
76.6423
76.6268
76.6138
76.603
76.5941
76.5867
76.5807
76.5757
76.5716
76.5685
76.5662
76.5647
76.564
76.564
76.5647
76.566
76.5678
76.5702
76.5731
76.5764
76.5803
76.5844
76.5885
76.5925
76.5963
76.6002
76.604
76.6082
76.6127
76.6185
75.7858
75.776
75.7511
75.7279
75.7178
75.7071
75.6913
75.6715
75.6486
75.6395
75.6395
75.6395
75.6198
75.6032
75.5911
75.5822
75.5756
75.5705
75.5666
75.5633
75.5605
75.5581
75.5561
75.5545
75.5535
75.553
75.553
75.5536
75.5548
75.5566
75.5589
75.5616
75.5648
75.5683
75.5722
75.5764
75.5808
75.5851
75.5893
75.5934
75.5979
75.6029
75.6112
74.7691
74.7594
74.7332
74.7047
74.6878
74.6716
74.652
74.6303
74.6072
74.5843
74.5908
74.5908
74.5908
74.5755
74.5653
74.5589
74.5548
74.552
74.5499
74.5481
74.5465
74.5449
74.5436
74.5425
74.5418
74.5415
74.5417
74.5424
74.5437
74.5455
74.5478
74.5505
74.5537
74.5573
74.5611
74.5651
74.5692
74.5733
74.5776
74.5819
74.5867
74.5922
74.6024
73.758
73.7507
73.7259
73.6924
73.6666
73.6458
73.6253
73.6054
73.5852
73.5638
73.5454
73.5622
73.5622
73.5622
73.5537
73.5484
73.545
73.5426
73.5408
73.5391
73.5375
73.536
73.5346
73.5334
73.5325
73.5319
73.5319
73.5324
73.5334
73.535
73.5371
73.5397
73.5426
73.546
73.5495
73.5533
73.5571
73.5611
73.5651
73.5691
73.5731
73.5779
73.5849
72.7485
72.7414
72.7181
72.6822
72.65
72.626
72.6064
72.5896
72.5728
72.5553
72.5392
72.524
72.5487
72.5487
72.5433
72.5397
72.5369
72.5345
72.5323
72.5301
72.528
72.526
72.5243
72.5229
72.5219
72.5215
72.5216
72.5224
72.5237
72.5255
72.5278
72.5305
72.5336
72.5369
72.5403
72.5439
72.5476
72.5514
72.5551
72.5588
72.563
72.5678
-7.94406
-7.94411
-7.94417
-7.94409
-7.94374
-7.94307
-7.94228
-7.94158
-7.94102
-7.94067
-7.9406
-7.9409
-7.94139
-7.94223
-7.94338
-7.94655
-7.94655
-7.94655
-7.948
-7.94947
-7.95094
-7.95239
-7.95382
-7.95524
-7.95664
-7.958
-7.95931
-7.96054
-7.96168
-7.9627
-7.96356
-7.96428
-7.96487
-7.96528
-7.96557
-7.96576
-7.96584
-7.96597
-7.9663
-7.9669
-7.9672
-7.96654
-7.96528
-8.95423
-8.95422
-8.95443
-8.95448
-8.9543
-8.95385
-8.95334
-8.95291
-8.95258
-8.95247
-8.95258
-8.95303
-8.95361
-8.95448
-8.95556
-8.95681
-8.95977
-8.95977
-8.95977
-8.96115
-8.96255
-8.96396
-8.96537
-8.96677
-8.96816
-8.96953
-8.97085
-8.9721
-8.97323
-8.9742
-8.97499
-8.97565
-8.97615
-8.97647
-8.9767
-8.97692
-8.97719
-8.97769
-8.97848
-8.97939
-8.97966
-8.97839
-8.97569
-9.96436
-9.96434
-9.96467
-9.9648
-9.96468
-9.9644
-9.96408
-9.96387
-9.96375
-9.96386
-9.96415
-9.96481
-9.96551
-9.96648
-9.96759
-9.96881
-9.97011
-9.97299
-9.97299
-9.97299
-9.97435
-9.97574
-9.97715
-9.97857
-9.97996
-9.98131
-9.98259
-9.98381
-9.98488
-9.98575
-9.98643
-9.98692
-9.98718
-9.98728
-9.9874
-9.98767
-9.98826
-9.98935
-9.99098
-9.99284
-9.99393
-9.99285
-9.98935
-10.9745
-10.9744
-10.9748
-10.975
-10.975
-10.9748
-10.9747
-10.9747
-10.9748
-10.9751
-10.9755
-10.9765
-10.9773
-10.9784
-10.9795
-10.9807
-10.982
-10.9833
-10.9861
-10.9861
-10.9861
-10.9874
-10.9888
-10.9902
-10.9915
-10.9929
-10.9941
-10.9953
-10.9962
-10.9969
-10.9974
-10.9977
-10.9979
-10.9981
-10.9984
-10.999
-11.0002
-11.0021
-11.0046
-11.0076
-11.0097
-11.0094
-11.0057
-11.9845
-11.9845
-11.9848
-11.985
-11.9851
-11.9851
-11.9852
-11.9854
-11.9856
-11.9862
-11.9868
-11.988
-11.9889
-11.9901
-11.9913
-11.9925
-11.9937
-11.9949
-11.9962
-11.9989
-11.9989
-11.9989
-12.0002
-12.0015
-12.0028
-12.0041
-12.0053
-12.0063
-12.0071
-12.0077
-12.0082
-12.0086
-12.009
-12.0095
-12.0104
-12.0118
-12.0139
-12.0166
-12.0201
-12.0239
-12.0269
-12.0275
-12.0241
-12.9946
-12.9945
-12.9948
-12.9948
-12.9952
-12.9954
-12.9956
-12.9959
-12.9964
-12.9971
-12.9979
-12.9994
-13.0004
-13.0016
-13.0028
-13.004
-13.0052
-13.0063
-13.0076
-13.0088
-13.0114
-13.0114
-13.0114
-13.0127
-13.0139
-13.015
-13.0161
-13.017
-13.0178
-13.0186
-13.0194
-13.0202
-13.0213
-13.0226
-13.0245
-13.0269
-13.0299
-13.0334
-13.0375
-13.0417
-13.0452
-13.0462
-13.0433
-14.0045
-14.0045
-14.0046
-14.0048
-14.0052
-14.0055
-14.0059
-14.0064
-14.0069
-14.0079
-14.0087
-14.0105
-14.0116
-14.013
-14.0141
-14.0154
-14.0165
-14.0177
-14.0189
-14.0201
-14.0214
-14.0236
-14.0236
-14.0236
-14.0248
-14.0259
-14.027
-14.0281
-14.0292
-14.0305
-14.0318
-14.0335
-14.0355
-14.0381
-14.0411
-14.0445
-14.0483
-14.0523
-14.0567
-14.0608
-14.0644
-14.0634
-14.0625
-15.0145
-15.0143
-15.0144
-15.0147
-15.0152
-15.0156
-15.0161
-15.0167
-15.0173
-15.0185
-15.0194
-15.0214
-15.0226
-15.0241
-15.0254
-15.0268
-15.028
-15.0292
-15.0305
-15.0319
-15.0333
-15.0348
-15.0362
-15.0362
-15.0362
-15.0375
-15.0388
-15.0403
-15.042
-15.044
-15.0463
-15.049
-15.0522
-15.056
-15.06
-15.0643
-15.0686
-15.0728
-15.077
-15.0807
-15.0838
-15.0813
-15.0817
-16.0244
-16.0241
-16.0242
-16.0247
-16.0252
-16.0257
-16.0262
-16.027
-16.0276
-16.0289
-16.0298
-16.0323
-16.0336
-16.0354
-16.0368
-16.0384
-16.0398
-16.0413
-16.0428
-16.0444
-16.0462
-16.0481
-16.0502
-16.0504
-16.0504
-16.0504
-16.0522
-16.0543
-16.0568
-16.0596
-16.0629
-16.0668
-16.0712
-16.0759
-16.0809
-16.0858
-16.0903
-16.0944
-16.0982
-16.1013
-16.1031
-16.1016
-16.1004
-17.0343
-17.0339
-17.0341
-17.0347
-17.0352
-17.0358
-17.0363
-17.0371
-17.0379
-17.0393
-17.0403
-17.0431
-17.0446
-17.0469
-17.0487
-17.0506
-17.0525
-17.0543
-17.0563
-17.0583
-17.0606
-17.063
-17.0657
-17.0687
-17.0675
-17.0675
-17.0675
-17.0703
-17.0735
-17.0772
-17.0815
-17.0863
-17.0917
-17.0973
-17.1029
-17.1082
-17.1128
-17.1166
-17.1198
-17.122
-17.1224
-17.1209
-17.1168
-18.0442
-18.0437
-18.0442
-18.0447
-18.0453
-18.0458
-18.0465
-18.0473
-18.0481
-18.0498
-18.0508
-18.0541
-18.0561
-18.0589
-18.0613
-18.0638
-18.0662
-18.0687
-18.0713
-18.0739
-18.0768
-18.0798
-18.0831
-18.0867
-18.0906
-18.088
-18.088
-18.088
-18.0919
-18.0964
-18.1014
-18.1071
-18.1131
-18.1193
-18.1253
-18.1307
-18.1351
-18.1386
-18.1411
-18.1425
-18.1416
-18.1383
-18.133
-19.0542
-19.0538
-19.0546
-19.0549
-19.0555
-19.056
-19.0567
-19.0576
-19.0585
-19.0605
-19.0615
-19.0656
-19.0682
-19.0719
-19.075
-19.0783
-19.0814
-19.0847
-19.088
-19.0913
-19.0949
-19.0985
-19.1023
-19.1064
-19.1107
-19.1155
-19.1115
-19.1115
-19.1115
-19.1165
-19.1221
-19.1282
-19.1347
-19.1411
-19.1471
-19.1523
-19.1565
-19.1595
-19.1616
-19.1623
-19.1608
-19.1565
-19.1512
-20.0645
-20.0642
-20.0651
-20.0653
-20.0659
-20.0664
-20.0671
-20.0682
-20.0692
-20.0714
-20.0726
-20.0777
-20.0811
-20.0858
-20.0899
-20.0942
-20.0982
-20.1023
-20.1064
-20.1105
-20.1146
-20.1188
-20.123
-20.1274
-20.1319
-20.1367
-20.1419
-20.1372
-20.1372
-20.1372
-20.1429
-20.1491
-20.1555
-20.1617
-20.1675
-20.1723
-20.1759
-20.1785
-20.1802
-20.1807
-20.1792
-20.1752
-20.1705
-21.075
-21.0751
-21.076
-21.0761
-21.0766
-21.0771
-21.0779
-21.079
-21.0802
-21.0827
-21.0843
-21.0906
-21.0951
-21.101
-21.1062
-21.1115
-21.1166
-21.1216
-21.1265
-21.1312
-21.1358
-21.1403
-21.1447
-21.149
-21.1534
-21.158
-21.1628
-21.168
-21.163
-21.163
-21.163
-21.1688
-21.1688
-21.1748
-21.1806
-21.1857
-21.1898
-21.1929
-21.195
-21.1962
-21.1968
-21.1957
-21.1923
-21.1876
-22.0859
-22.0864
-22.0874
-22.0872
-22.0877
-22.0881
-22.089
-22.0903
-22.0916
-22.0946
-22.0966
-22.1043
-22.11
-22.1173
-22.1237
-22.1302
-22.1363
-22.1422
-22.1477
-22.153
-22.1579
-22.1624
-22.1667
-22.1707
-22.1747
-22.1787
-22.1829
-22.1873
-22.1919
-22.1968
-22.1922
-22.1922
-22.1922
-22.1971
-22.2015
-22.2049
-22.2072
-22.2086
-22.2095
-22.2099
-22.2092
-22.2068
-22.2022
-23.0972
-23.0981
-23.0991
-23.0988
-23.0991
-23.0996
-23.1005
-23.1019
-23.1034
-23.1069
-23.1096
-23.1188
-23.126
-23.1347
-23.1424
-23.15
-23.1571
-23.1636
-23.1697
-23.1751
-23.18
-23.1844
-23.1883
-23.1918
-23.1951
-23.1983
-23.2015
-23.2049
-23.2085
-23.2123
-23.2162
-23.2114
-23.2114
-23.2114
-23.2148
-23.2174
-23.2188
-23.2195
-23.22
-23.2203
-23.2196
-23.2179
-23.2135
-24.1091
-24.1105
-24.1118
-24.1113
-24.1116
-24.1119
-24.1127
-24.1141
-24.1158
-24.1197
-24.1231
-24.134
-24.1428
-24.1529
-24.1619
-24.1705
-24.1782
-24.1852
-24.1915
-24.1969
-24.2016
-24.2056
-24.2089
-24.2116
-24.214
-24.2162
-24.2183
-24.2206
-24.2232
-24.2259
-24.2287
-24.2313
-24.226
-24.226
-24.226
-24.2275
-24.2281
-24.2283
-24.2284
-24.2283
-24.2275
-24.2258
-24.2215
-25.1215
-25.1233
-25.1245
-25.1237
-25.1238
-25.1239
-25.1247
-25.1263
-25.1284
-25.1331
-25.1373
-25.15
-25.1603
-25.1716
-25.1816
-25.1908
-25.199
-25.2062
-25.2123
-25.2175
-25.2217
-25.2251
-25.2276
-25.2295
-25.2309
-25.2321
-25.2332
-25.2345
-25.2359
-25.2376
-25.2394
-25.2412
-25.2422
-25.2356
-25.2356
-25.2356
-25.2356
-25.2352
-25.2347
-25.2342
-25.233
-25.231
-25.2266
-26.1353
-26.1376
-26.1395
-26.1392
-26.14
-26.1404
-26.141
-26.142
-26.1438
-26.1482
-26.153
-26.1671
-26.1785
-26.1905
-26.201
-26.2104
-26.2186
-26.2255
-26.2313
-26.236
-26.2395
-26.2421
-26.2438
-26.2449
-26.2455
-26.2458
-26.246
-26.2463
-26.2468
-26.2476
-26.2486
-26.2495
-26.2499
-26.2501
-26.2414
-26.2414
-26.2414
-26.2403
-26.2391
-26.2379
-26.2362
-26.2339
-26.2292
-27.1494
-27.1517
-27.1531
-27.1523
-27.1522
-27.1515
-27.1511
-27.1519
-27.1543
-27.1597
-27.1668
-27.1828
-27.1959
-27.2082
-27.2188
-27.228
-27.2358
-27.2423
-27.2475
-27.2514
-27.2542
-27.256
-27.257
-27.2574
-27.2573
-27.2569
-27.2565
-27.2561
-27.256
-27.2561
-27.2564
-27.2565
-27.2566
-27.2563
-27.2555
-27.2434
-27.2434
-27.2434
-27.2412
-27.2392
-27.2367
-27.234
-27.229
-28.1654
-28.1683
-28.1711
-28.1752
-28.1783
-28.1811
-28.1832
-28.185
-28.1875
-28.192
-28.1983
-28.2068
-28.2166
-28.226
-28.2351
-28.2431
-28.2501
-28.2558
-28.2601
-28.2632
-28.2652
-28.2662
-28.2665
-28.2662
-28.2657
-28.2649
-28.2642
-28.2635
-28.263
-28.2627
-28.2626
-28.2624
-28.2621
-28.2613
-28.2599
-28.2579
-28.2409
-28.2409
-28.2409
-28.2378
-28.2344
-28.2311
-28.2256
-29.1797
-29.1823
-29.1856
-29.1908
-29.1951
-29.1986
-29.2009
-29.2026
-29.2053
-29.2095
-29.2154
-29.2222
-29.2306
-29.2389
-29.247
-29.2542
-29.2603
-29.2651
-29.2686
-29.2708
-29.2718
-29.2721
-29.2718
-29.2712
-29.2704
-29.2697
-29.269
-29.2684
-29.268
-29.2677
-29.2675
-29.2672
-29.2665
-29.2651
-29.2627
-29.2596
-29.2557
-29.2335
-29.2335
-29.2335
-29.2291
-29.2252
-29.2191
-30.193
-30.1956
-30.1995
-30.2052
-30.2102
-30.2139
-30.2158
-30.2169
-30.219
-30.2225
-30.2277
-30.2334
-30.2406
-30.2478
-30.2549
-30.2611
-30.2662
-30.2699
-30.2723
-30.2736
-30.2739
-30.2737
-30.2732
-30.2726
-30.2721
-30.2718
-30.2716
-30.2714
-30.2714
-30.2713
-30.2712
-30.2707
-30.2696
-30.2674
-30.2639
-30.2594
-30.2541
-30.2481
-30.2211
-30.2211
-30.2211
-30.2166
-30.2101
-31.205
-31.2074
-31.2114
-31.2165
-31.2209
-31.2239
-31.225
-31.2255
-31.2272
-31.2301
-31.2346
-31.2399
-31.2462
-31.2525
-31.2585
-31.2636
-31.2675
-31.2702
-31.2717
-31.2723
-31.2722
-31.2718
-31.2714
-31.2712
-31.2712
-31.2715
-31.2719
-31.2725
-31.273
-31.2733
-31.2733
-31.2727
-31.271
-31.2679
-31.2632
-31.2572
-31.2504
-31.2429
-31.234
-31.2056
-31.2056
-31.2056
-31.199
-32.2162
-32.2183
-32.2221
-32.2262
-32.2297
-32.2318
-32.2319
-32.2318
-32.2329
-32.2352
-32.239
-32.2435
-32.2488
-32.254
-32.2587
-32.2627
-32.2655
-32.2673
-32.2682
-32.2683
-32.2681
-32.2678
-32.2677
-32.2679
-32.2684
-32.2693
-32.2704
-32.2716
-32.2727
-32.2733
-32.2734
-32.2725
-32.2701
-32.2661
-32.2602
-32.253
-32.2449
-32.236
-32.2253
-32.2149
-32.1866
-32.1866
-32.1866
-33.2265
-33.2282
-33.2315
-33.2347
-33.237
-33.238
-33.2377
-33.237
-33.2377
-33.2395
-33.2424
-33.2459
-33.2499
-33.2539
-33.2575
-33.2603
-33.2623
-33.2634
-33.2638
-33.2637
-33.2634
-33.2633
-33.2634
-33.2638
-33.2647
-33.2658
-33.2671
-33.2685
-33.2696
-33.2703
-33.2702
-33.2688
-33.2657
-33.2607
-33.254
-33.246
-33.237
-33.227
-33.2143
-33.2021
-33.1953
-34.2361
-34.2374
-34.2401
-34.2423
-34.2437
-34.2441
-34.2433
-34.2427
-34.2432
-34.2444
-34.2463
-34.2488
-34.2516
-34.2545
-34.2571
-34.2591
-34.2604
-34.261
-34.2612
-34.2611
-34.2609
-34.2607
-34.2607
-34.261
-34.2615
-34.2622
-34.2629
-34.2636
-34.2641
-34.2641
-34.2632
-34.261
-34.2572
-34.2516
-34.2444
-34.2363
-34.2272
-34.2163
-34.2019
-34.189
-34.1829
-35.2453
-35.2461
-35.2483
-35.2499
-35.2507
-35.2507
-35.2502
-35.25
-35.2503
-35.2509
-35.252
-35.2535
-35.2555
-35.2576
-35.2594
-35.2609
-35.2618
-35.2622
-35.2622
-35.262
-35.2616
-35.2611
-35.2606
-35.26
-35.2595
-35.2589
-35.2582
-35.2574
-35.2562
-35.2546
-35.2522
-35.2488
-35.244
-35.2381
-35.2309
-35.2231
-35.2144
-35.2034
-35.1898
-35.1786
-35.175
-36.2541
-36.2544
-36.2558
-36.2569
-36.2576
-36.2578
-36.2578
-36.258
-36.2587
-36.2599
-36.2609
-36.2618
-36.2636
-36.2655
-36.2671
-36.2684
-36.2693
-36.2698
-36.27
-36.2698
-36.2694
-36.2688
-36.2679
-36.2668
-36.2654
-36.2637
-36.2615
-36.2589
-36.2555
-36.2515
-36.2466
-36.2409
-36.2343
-36.2272
-36.2197
-36.2127
-36.2056
-36.1975
-36.1878
-36.1797
-36.1763
-37.2627
-37.2631
-37.2638
-37.2644
-37.2649
-37.2652
-37.2655
-37.2663
-37.2676
-37.269
-37.2701
-37.2717
-37.2741
-37.2764
-37.2783
-37.2797
-37.2808
-37.2813
-37.2816
-37.2814
-37.281
-37.2802
-37.2792
-37.2778
-37.276
-37.2737
-37.2708
-37.2673
-37.263
-37.2578
-37.2517
-37.2446
-37.2368
-37.2286
-37.2205
-37.2136
-37.2073
-37.2017
-37.1952
-37.1901
-37.1866
)
;
    }
}


// ************************************************************************* //
