/*--------------------------------*- C++ -*----------------------------------*\
| =========                 |                                                 |
| \\      /  F ield         | OpenFOAM: The Open Source CFD Toolbox           |
|  \\    /   O peration     | Version:  2.3.1                                 |
|   \\  /    A nd           | Web:      www.OpenFOAM.org                      |
|    \\/     M anipulation  |                                                 |
\*---------------------------------------------------------------------------*/
FoamFile
{
    version     2.0;
    format      ascii;
    class       volScalarField;
    location    "600";
    object      T;
}
// * * * * * * * * * * * * * * * * * * * * * * * * * * * * * * * * * * * * * //

dimensions      [0 0 0 1 0 0 0];

internalField   nonuniform List<scalar> 
6852
(
289.15
289.15
289.15
289.15
289.15
289.15
289.15
289.15
289.15
289.15
289.15
289.15
289.15
289.15
289.15
289.15
289.15
289.15
289.15
289.15
289.15
289.15
289.15
289.15
289.15
289.15
289.15
289.15
289.15
289.15
289.15
289.15
289.15
289.15
289.15
289.15
289.15
289.15
289.15
289.15
289.15
289.15
289.15
289.15
289.15
289.15
289.15
289.15
289.15
289.15
289.15
289.15
289.15
289.15
289.15
289.15
289.15
289.15
289.15
289.15
289.15
289.15
289.15
289.15
289.15
289.15
289.15
289.15
289.15
289.15
289.15
289.15
289.15
289.15
289.15
289.15
289.15
289.15
289.15
289.15
289.15
289.15
289.15
289.15
289.15
289.15
289.15
289.15
289.15
289.15
289.15
289.15
289.15
289.15
289.15
289.15
289.15
289.15
289.15
289.15
289.15
289.15
289.15
289.15
289.15
289.15
289.15
289.15
289.15
289.15
289.15
289.15
289.15
289.15
289.15
289.15
289.15
289.15
289.15
289.15
289.15
289.15
289.15
289.15
289.15
289.15
289.15
289.15
289.15
289.15
289.15
289.15
289.15
289.15
289.15
289.15
289.15
289.15
289.15
289.15
289.15
289.15
289.15
289.15
289.15
289.15
289.15
289.15
289.15
289.15
289.15
289.15
289.15
289.15
289.15
289.15
289.15
289.15
289.15
289.15
289.15
289.15
289.15
289.15
289.15
289.15
289.15
289.15
289.15
289.15
289.15
289.15
289.15
289.15
289.15
289.15
289.15
289.15
289.15
289.15
289.15
289.15
289.15
289.15
289.15
289.15
289.15
289.15
289.15
289.15
289.15
289.15
289.15
289.15
289.15
289.15
289.15
289.15
289.15
289.15
289.15
289.15
289.15
289.15
289.15
289.15
289.15
289.15
289.15
289.15
289.15
289.15
289.15
289.15
289.15
289.15
289.15
289.15
289.15
289.15
289.15
289.15
289.15
289.15
289.15
289.15
289.15
289.15
289.15
289.15
289.15
289.15
289.15
289.15
289.15
289.15
289.15
289.15
289.15
289.15
289.15
289.15
289.15
289.15
289.15
289.15
289.15
289.15
289.15
289.15
289.15
289.15
289.15
289.15
289.15
289.15
289.15
289.15
289.15
289.15
289.15
289.15
289.15
289.15
289.15
289.15
289.15
289.15
289.15
289.15
289.15
289.15
289.15
289.15
289.15
289.15
289.15
289.15
289.15
289.15
289.15
289.15
289.15
289.15
289.15
289.15
289.15
289.15
289.15
289.15
289.15
289.15
289.15
289.15
289.15
289.15
289.15
289.15
289.15
289.15
289.15
289.15
289.15
289.15
289.15
289.15
289.15
289.15
289.15
289.15
289.15
289.15
289.15
289.15
289.15
289.15
289.15
289.15
289.15
289.15
289.15
289.15
289.15
289.15
289.15
289.15
289.15
289.15
289.15
289.15
289.15
289.15
289.15
289.15
289.15
289.15
289.15
289.15
289.15
289.15
289.15
289.15
289.15
289.15
289.15
289.15
289.15
289.15
289.15
289.15
289.15
289.15
289.15
289.15
289.15
289.15
289.15
289.15
289.15
289.15
289.15
289.15
289.15
289.15
289.15
289.15
289.15
289.15
289.15
289.15
289.15
289.15
289.15
289.15
289.15
289.15
289.15
289.15
289.15
289.15
289.15
289.15
289.15
289.15
289.15
289.15
289.15
289.15
289.15
289.15
289.15
289.15
289.15
289.15
289.15
289.15
289.15
289.15
289.15
289.15
289.15
289.15
289.15
289.15
289.15
289.15
289.15
289.15
289.15
289.15
289.15
289.15
289.15
289.15
289.15
289.15
289.15
289.15
289.15
289.15
289.15
289.15
289.15
289.15
289.15
289.15
289.15
289.15
289.15
289.15
289.15
289.15
289.15
289.15
289.15
289.15
289.15
289.15
289.15
289.15
289.15
289.15
289.15
289.15
289.15
289.15
289.15
289.15
289.15
289.15
289.15
289.15
289.15
289.15
289.15
289.15
289.15
289.15
289.15
289.15
289.15
289.15
289.15
289.15
289.15
289.15
289.15
289.15
289.15
289.15
289.15
289.15
289.15
289.15
289.15
289.15
289.15
289.15
289.15
289.15
289.15
289.15
289.15
289.15
289.15
289.15
289.15
289.15
289.15
289.15
289.15
289.15
289.15
289.15
289.15
289.15
289.15
289.15
289.15
289.15
289.15
289.15
289.15
289.15
289.15
289.15
289.15
289.15
289.15
289.15
289.15
289.15
289.15
289.15
289.15
289.15
289.15
289.15
289.15
289.15
289.15
289.15
289.15
289.15
289.15
289.15
289.15
289.15
289.15
289.15
289.15
289.15
289.15
289.15
289.15
289.15
289.15
289.15
289.15
289.15
289.15
289.15
289.15
289.15
289.15
289.15
289.15
289.15
289.15
289.15
289.15
289.15
289.15
289.15
289.15
289.15
289.15
289.15
289.15
289.15
289.15
289.15
289.15
289.15
289.15
289.15
289.15
289.15
289.15
289.15
289.15
289.15
289.15
289.15
289.15
289.15
289.15
289.15
289.15
289.15
289.15
289.15
289.15
289.15
289.15
289.15
289.15
289.15
289.15
289.15
289.15
289.15
289.15
289.15
289.15
289.15
289.15
289.15
289.15
289.15
289.15
289.15
289.15
289.15
289.15
289.15
289.15
289.15
289.15
289.15
289.15
289.15
289.15
289.15
289.15
289.15
289.15
289.15
289.15
289.15
289.15
289.15
289.15
289.15
289.15
289.15
289.15
289.15
289.15
289.15
289.15
289.15
289.15
289.15
289.15
289.15
289.15
289.15
289.15
289.15
289.15
289.15
289.15
289.15
289.15
289.15
289.15
289.15
289.15
289.15
289.15
289.15
289.15
289.15
289.15
289.15
289.15
289.15
289.15
289.15
289.15
289.15
289.15
289.15
289.15
289.15
289.15
289.15
289.15
289.15
289.15
289.15
289.15
289.15
289.15
289.15
289.15
289.15
289.15
289.15
289.15
289.15
289.15
289.15
289.15
289.15
289.15
289.15
289.15
289.15
289.15
289.15
289.15
289.15
289.15
289.15
289.15
289.15
289.15
289.15
289.15
289.15
289.15
289.15
289.15
289.15
289.15
289.15
289.15
289.15
289.15
289.15
289.15
289.15
289.15
289.15
289.15
289.15
289.15
289.15
289.15
289.15
289.15
289.15
289.15
289.15
289.15
289.15
289.15
289.15
289.15
289.15
289.15
289.15
289.15
289.15
289.15
289.15
289.15
289.15
289.15
289.15
289.15
289.15
289.15
289.15
289.15
289.15
289.15
289.15
289.15
289.15
289.15
289.15
289.15
289.15
289.15
289.15
289.15
289.15
289.15
289.15
289.15
289.15
289.15
289.15
289.15
289.15
289.15
289.15
289.15
289.15
289.15
289.15
289.15
289.15
289.15
289.15
289.15
289.15
289.15
289.15
289.15
289.15
289.15
289.15
289.15
289.15
289.15
289.15
289.15
289.15
289.15
289.15
289.15
289.15
289.15
289.15
289.15
289.15
289.15
289.15
289.15
289.15
289.15
289.15
289.15
289.15
289.15
289.15
289.15
289.15
289.15
289.15
289.15
289.15
289.15
289.15
289.15
289.15
289.15
289.15
289.15
289.15
289.15
289.15
289.15
289.15
289.15
289.15
289.15
289.15
289.15
289.15
289.15
289.15
289.15
289.15
289.15
289.15
289.15
289.15
289.15
289.15
289.15
289.15
289.15
289.15
289.15
289.15
289.15
289.15
289.15
289.15
289.15
289.15
289.15
289.15
289.15
289.15
289.15
289.15
289.15
289.15
289.15
289.15
289.15
289.15
289.15
289.15
289.15
289.15
289.15
289.15
289.15
289.15
289.15
289.15
289.15
289.15
289.15
289.15
289.15
289.15
289.15
289.15
289.15
289.15
289.15
289.15
289.15
289.15
289.15
289.15
289.15
289.15
289.15
289.15
289.15
289.15
289.15
289.15
289.15
289.15
289.15
289.15
289.15
289.15
289.15
289.15
289.15
289.15
289.15
289.15
289.15
289.15
289.15
289.15
289.15
289.15
289.15
289.15
289.15
289.15
289.15
289.15
289.15
289.15
289.15
289.15
289.15
289.15
289.15
289.15
289.15
289.15
289.15
289.15
289.15
289.15
289.15
289.15
289.15
289.15
289.15
289.15
289.15
289.15
289.15
289.15
289.15
289.15
289.15
289.15
289.15
289.15
289.15
289.15
289.15
289.15
289.15
289.15
289.15
289.15
289.15
289.15
289.15
289.15
289.15
289.15
289.15
289.15
289.15
289.15
289.15
289.15
289.15
289.15
289.15
289.15
289.15
289.15
289.15
289.15
289.15
289.15
289.15
289.15
289.15
289.15
289.15
289.15
289.15
289.15
289.15
289.15
289.15
289.15
289.15
289.15
289.15
289.15
289.15
289.15
289.15
289.15
289.15
289.15
289.15
289.15
289.15
289.15
289.15
289.15
289.15
289.15
289.15
289.15
289.15
289.15
289.15
289.15
289.15
289.15
289.15
289.15
289.15
289.15
289.15
289.15
289.15
289.15
289.15
289.15
289.15
289.15
289.15
289.15
289.15
289.15
289.15
290.107
290.104
290.103
290.103
290.104
290.099
290.099
290.099
290.099
290.1
290.091
290.093
290.094
290.095
290.096
290.086
290.089
290.09
290.092
290.093
290.083
290.085
290.087
290.089
290.09
290.078
290.081
290.083
290.085
290.086
290.071
290.075
290.078
290.081
290.082
290.063
290.068
290.071
290.074
290.077
290.053
290.058
290.064
290.068
290.072
290.044
290.05
290.057
290.062
290.067
290.035
290.042
290.05
290.057
290.062
290.027
290.035
290.043
290.051
290.058
290.018
290.027
290.036
290.045
290.053
290.009
290.019
290.029
290.04
290.048
290
290.011
290.022
290.034
290.043
290.003
290.015
290.028
290.038
289.995
290.008
290.022
290.033
289.987
290.001
290.016
290.027
289.978
289.993
290.01
290.022
289.969
289.986
290.003
290.016
289.96
289.978
289.997
290.01
289.951
289.97
289.99
290.004
289.942
289.962
289.983
289.998
289.933
289.954
289.976
289.991
289.925
289.946
289.97
289.985
289.916
289.938
289.963
289.979
289.908
289.931
289.957
289.973
289.901
289.924
289.95
289.967
289.894
289.918
289.945
289.961
289.888
289.912
289.939
289.956
289.883
289.907
289.934
289.951
289.878
289.902
289.929
289.945
289.873
289.898
289.925
289.94
289.866
289.893
289.92
289.935
289.856
289.886
289.914
289.93
289.842
289.878
289.908
289.924
289.826
289.868
289.901
289.917
289.815
289.86
289.894
289.909
289.811
289.854
289.886
289.899
289.81
289.848
289.874
289.884
289.811
289.84
289.861
289.872
290.122
290.113
290.108
290.107
290.108
290.122
290.114
290.108
290.105
290.104
290.107
290.105
290.103
290.101
290.1
290.099
290.1
290.1
290.098
290.096
290.095
290.097
290.097
290.096
290.094
290.088
290.091
290.093
290.093
290.091
290.077
290.083
290.087
290.088
290.087
290.066
290.073
290.079
290.082
290.082
290.054
290.063
290.071
290.076
290.077
290.043
290.053
290.062
290.069
290.072
290.032
290.043
290.054
290.062
290.067
290.022
290.034
290.046
290.056
290.062
290.011
290.025
290.038
290.049
290.057
290.001
290.016
290.03
290.043
290.052
289.991
290.007
290.023
290.037
290.047
289.981
289.998
290.015
290.03
290.042
289.99
290.008
290.024
290.036
289.981
290
290.018
290.031
289.972
289.992
290.011
290.026
289.963
289.984
290.005
290.02
289.954
289.976
289.998
290.014
289.945
289.968
289.991
290.008
289.936
289.96
289.985
290.002
289.927
289.953
289.978
289.996
289.919
289.945
289.971
289.99
289.911
289.937
289.965
289.984
289.903
289.931
289.958
289.979
289.897
289.924
289.953
289.973
289.891
289.919
289.947
289.967
289.885
289.913
289.942
289.962
289.88
289.909
289.937
289.957
289.874
289.904
289.933
289.952
289.866
289.899
289.928
289.947
289.852
289.892
289.924
289.942
289.83
289.882
289.918
289.937
289.804
289.867
289.911
289.931
289.783
289.85
289.903
289.924
289.774
289.839
289.896
289.917
289.782
289.837
289.888
289.907
289.793
289.836
289.879
289.891
289.803
289.836
289.868
289.876
290.144
290.129
290.119
290.116
290.118
290.154
290.139
290.126
290.118
290.116
290.13
290.123
290.117
290.112
290.11
290.116
290.114
290.112
290.108
290.104
290.107
290.109
290.108
290.106
290.101
290.094
290.1
290.103
290.102
290.098
290.08
290.089
290.095
290.097
290.095
290.066
290.077
290.086
290.09
290.09
290.053
290.065
290.076
290.083
290.084
290.039
290.053
290.066
290.075
290.079
290.026
290.041
290.057
290.068
290.073
290.014
290.03
290.048
290.061
290.068
290.002
290.02
290.039
290.054
290.062
289.99
290.01
290.031
290.047
290.057
289.978
290.001
290.023
290.04
290.052
289.967
289.992
290.015
290.034
290.046
289.957
289.983
290.008
290.027
290.041
289.974
290
290.021
290.036
289.965
289.992
290.015
290.03
289.956
289.984
290.008
290.025
289.947
289.976
290.001
290.019
289.939
289.968
289.995
290.013
289.93
289.961
289.988
290.008
289.921
289.953
289.982
290.002
289.913
289.946
289.975
289.996
289.906
289.939
289.969
289.991
289.899
289.933
289.964
289.985
289.893
289.927
289.958
289.98
289.887
289.922
289.953
289.975
289.88
289.917
289.948
289.97
289.87
289.911
289.944
289.965
289.856
289.905
289.939
289.96
289.836
289.895
289.933
289.954
289.808
289.876
289.926
289.949
289.774
289.847
289.917
289.942
289.738
289.813
289.905
289.935
289.711
289.787
289.891
289.927
289.707
289.779
289.88
289.919
289.731
289.795
289.874
289.909
289.763
289.812
289.87
289.895
289.789
289.824
289.867
289.879
290.166
290.149
290.135
290.13
290.134
290.179
290.163
290.148
290.137
290.134
290.156
290.146
290.136
290.129
290.128
290.135
290.132
290.128
290.123
290.121
290.118
290.121
290.121
290.119
290.115
290.099
290.107
290.112
290.113
290.11
290.081
290.092
290.102
290.107
290.105
290.064
290.077
290.09
290.099
290.099
290.048
290.063
290.079
290.09
290.093
290.032
290.049
290.068
290.082
290.087
290.017
290.035
290.057
290.073
290.081
290.002
290.023
290.047
290.066
290.075
289.988
290.011
290.038
290.058
290.069
289.974
290.001
290.029
290.051
290.063
289.962
289.991
290.022
290.044
290.057
289.95
289.982
290.014
290.038
290.052
289.938
289.973
290.007
290.032
290.046
289.928
289.965
289.999
290.025
290.041
289.956
289.992
290.019
290.036
289.948
289.985
290.013
290.03
289.939
289.977
290.006
290.025
289.931
289.97
290
290.019
289.923
289.962
289.994
290.014
289.915
289.955
289.987
290.008
289.907
289.949
289.981
290.002
289.899
289.942
289.976
289.997
289.89
289.936
289.97
289.992
289.88
289.93
289.965
289.987
289.869
289.923
289.96
289.982
289.855
289.915
289.955
289.976
289.836
289.903
289.949
289.971
289.811
289.884
289.942
289.965
289.777
289.853
289.932
289.958
289.736
289.814
289.917
289.95
289.691
289.769
289.894
289.94
289.65
289.726
289.86
289.928
289.623
289.696
289.827
289.917
289.624
289.694
289.817
289.907
289.664
289.728
289.827
289.9
289.725
289.775
289.842
289.891
289.774
289.809
289.854
289.878
290.184
290.168
290.153
290.147
290.152
290.197
290.183
290.168
290.156
290.152
290.177
290.167
290.156
290.148
290.148
290.151
290.148
290.145
290.141
290.142
290.124
290.13
290.133
290.133
290.135
290.099
290.11
290.12
290.125
290.127
290.077
290.091
290.106
290.116
290.119
290.058
290.073
290.092
290.106
290.112
290.039
290.056
290.078
290.096
290.104
290.021
290.04
290.065
290.086
290.097
290.004
290.024
290.053
290.077
290.089
289.987
290.01
290.042
290.069
290.082
289.97
289.997
290.032
290.061
290.076
289.955
289.985
290.023
290.054
290.07
289.94
289.974
290.015
290.048
290.064
289.926
289.964
290.008
290.042
290.058
289.914
289.955
290.001
290.036
290.053
289.902
289.946
289.995
290.03
290.047
289.89
289.938
289.989
290.024
290.042
289.929
289.982
290.018
290.036
289.92
289.975
290.012
290.031
289.911
289.969
290.006
290.025
289.902
289.961
290
290.02
289.893
289.954
289.994
290.014
289.883
289.946
289.988
290.009
289.872
289.938
289.982
290.004
289.859
289.929
289.976
289.998
289.845
289.918
289.97
289.993
289.826
289.904
289.963
289.987
289.802
289.884
289.955
289.981
289.771
289.855
289.943
289.974
289.733
289.817
289.927
289.965
289.689
289.771
289.902
289.953
289.643
289.719
289.857
289.937
289.6
289.668
289.798
289.918
289.565
289.625
289.742
289.901
289.544
289.599
289.707
289.885
289.549
289.601
289.703
289.874
289.597
289.65
289.747
289.873
289.685
289.731
289.798
289.875
289.757
289.791
289.835
289.87
290.198
290.184
290.171
290.163
290.166
290.208
290.197
290.184
290.173
290.168
290.19
290.182
290.173
290.166
290.163
290.157
290.158
290.157
290.156
290.158
290.123
290.132
290.14
290.145
290.15
290.094
290.108
290.122
290.134
290.142
290.07
290.086
290.105
290.122
290.133
290.048
290.065
290.088
290.11
290.124
290.028
290.045
290.072
290.098
290.115
290.008
290.026
290.057
290.087
290.106
289.988
290.008
290.042
290.077
290.098
289.969
289.992
290.029
290.068
290.09
289.95
289.976
290.017
290.06
290.083
289.932
289.963
290.007
290.053
290.076
289.914
289.95
289.998
290.046
290.07
289.898
289.939
289.99
290.04
290.064
289.884
289.928
289.983
290.034
290.058
289.869
289.918
289.976
290.029
290.052
289.856
289.908
289.97
290.023
290.047
289.843
289.898
289.964
290.018
290.041
289.888
289.958
290.012
290.036
289.877
289.951
290.007
290.03
289.866
289.943
290.001
290.025
289.853
289.934
289.994
290.019
289.839
289.923
289.988
290.014
289.822
289.91
289.98
290.008
289.803
289.893
289.972
290.002
289.779
289.87
289.961
289.995
289.751
289.842
289.948
289.987
289.717
289.806
289.93
289.978
289.679
289.765
289.903
289.965
289.638
289.717
289.858
289.948
289.597
289.665
289.794
289.927
289.56
289.617
289.729
289.906
289.528
289.575
289.674
289.881
289.504
289.544
289.633
289.856
289.49
289.525
289.608
289.833
289.494
289.528
289.608
289.819
289.538
289.574
289.653
289.823
289.647
289.684
289.747
289.844
289.741
289.77
289.811
289.851
290.208
290.197
290.185
290.176
290.176
290.216
290.207
290.196
290.186
290.18
290.195
290.189
290.183
290.178
290.175
290.153
290.158
290.162
290.165
290.168
290.115
290.127
290.14
290.151
290.16
290.085
290.1
290.119
290.136
290.15
290.06
290.076
290.099
290.122
290.14
290.037
290.053
290.08
290.108
290.131
290.015
290.03
290.06
290.095
290.121
289.994
290.009
290.042
290.082
290.111
289.972
289.988
290.024
290.07
290.103
289.95
289.969
290.008
290.058
290.094
289.927
289.951
289.994
290.048
290.086
289.905
289.934
289.981
290.04
290.079
289.885
289.919
289.97
290.033
290.072
289.865
289.904
289.96
290.027
290.066
289.847
289.89
289.951
290.021
290.06
289.83
289.877
289.942
290.016
290.054
289.813
289.864
289.933
290.011
290.048
289.797
289.85
289.924
290.006
290.043
289.78
289.837
289.915
290
290.037
289.823
289.904
289.994
290.031
289.807
289.892
289.987
290.026
289.789
289.878
289.979
290.019
289.769
289.86
289.969
290.013
289.746
289.839
289.956
290.006
289.721
289.813
289.941
289.997
289.692
289.782
289.92
289.987
289.66
289.745
289.89
289.973
289.625
289.703
289.845
289.956
289.591
289.658
289.784
289.936
289.558
289.613
289.723
289.913
289.529
289.573
289.669
289.885
289.505
289.54
289.624
289.855
289.485
289.512
289.585
289.819
289.47
289.49
289.552
289.778
289.46
289.476
289.529
289.729
289.46
289.475
289.524
289.704
289.491
289.509
289.562
289.725
289.595
289.621
289.681
289.78
289.716
289.739
289.775
289.812
290.216
290.206
290.196
290.186
290.184
290.22
290.213
290.204
290.195
290.188
290.192
290.189
290.187
290.184
290.182
290.143
290.151
290.161
290.168
290.174
290.104
290.118
290.135
290.151
290.164
290.074
290.089
290.111
290.134
290.153
290.048
290.062
290.088
290.117
290.142
290.025
290.037
290.066
290.101
290.132
290.003
290.012
290.043
290.085
290.121
289.98
289.989
290.02
290.069
290.111
289.956
289.966
289.999
290.052
290.101
289.931
289.944
289.98
290.037
290.092
289.904
289.922
289.962
290.024
290.083
289.878
289.901
289.946
290.012
290.075
289.854
289.882
289.931
290.002
290.067
289.831
289.863
289.917
289.993
290.06
289.809
289.845
289.903
289.986
290.053
289.788
289.827
289.89
289.981
290.047
289.768
289.809
289.877
289.975
290.041
289.748
289.792
289.864
289.969
290.035
289.728
289.774
289.85
289.962
290.029
289.708
289.756
289.835
289.954
290.022
289.737
289.818
289.943
290.015
289.715
289.798
289.93
290.008
289.691
289.775
289.913
289.999
289.665
289.747
289.89
289.988
289.638
289.716
289.856
289.975
289.61
289.681
289.812
289.958
289.581
289.642
289.759
289.938
289.554
289.605
289.71
289.915
289.53
289.571
289.664
289.888
289.508
289.541
289.622
289.857
289.49
289.514
289.583
289.818
289.475
289.492
289.546
289.763
289.463
289.473
289.512
289.677
289.453
289.459
289.483
289.587
289.446
289.448
289.464
289.528
289.444
289.445
289.457
289.504
289.459
289.461
289.479
289.544
289.529
289.54
289.575
289.669
289.681
289.692
289.716
289.746
290.221
290.213
290.203
290.193
290.19
290.221
290.214
290.207
290.2
290.194
290.18
290.18
290.183
290.185
290.186
290.129
290.139
290.153
290.166
290.175
290.091
290.105
290.125
290.146
290.164
290.061
290.074
290.099
290.127
290.152
290.037
290.046
290.073
290.108
290.14
290.014
290.019
290.047
290.089
290.128
289.992
289.994
290.02
290.068
290.115
289.968
289.969
289.994
290.047
290.103
289.942
289.943
289.97
290.026
290.092
289.913
289.918
289.948
290.007
290.081
289.883
289.893
289.926
289.99
290.071
289.854
289.868
289.906
289.974
290.061
289.826
289.845
289.886
289.959
290.051
289.8
289.822
289.867
289.944
290.042
289.775
289.799
289.847
289.93
290.034
289.751
289.777
289.828
289.916
290.025
289.728
289.756
289.81
289.903
290.017
289.706
289.735
289.792
289.892
290.01
289.684
289.714
289.774
289.88
290.002
289.662
289.693
289.755
289.867
289.994
289.639
289.671
289.734
289.85
289.985
289.647
289.71
289.828
289.975
289.623
289.683
289.799
289.962
289.599
289.654
289.764
289.947
289.575
289.625
289.729
289.93
289.552
289.596
289.693
289.909
289.531
289.568
289.656
289.885
289.513
289.541
289.618
289.854
289.497
289.517
289.582
289.814
289.483
289.496
289.547
289.756
289.472
289.479
289.512
289.661
289.463
289.465
289.482
289.564
289.455
289.454
289.463
289.505
289.448
289.446
289.45
289.472
289.442
289.439
289.441
289.454
289.438
289.435
289.436
289.446
289.443
289.44
289.443
289.459
289.483
289.483
289.501
289.569
289.639
289.638
289.648
289.667
290.223
290.216
290.208
290.199
290.194
290.214
290.208
290.204
290.199
290.196
290.163
290.166
290.174
290.181
290.186
290.113
290.124
290.141
290.159
290.174
290.077
290.089
290.112
290.137
290.161
290.049
290.058
290.083
290.116
290.148
290.026
290.029
290.054
290.094
290.134
290.005
290.002
290.024
290.071
290.119
289.983
289.976
289.995
290.045
290.104
289.959
289.95
289.967
290.018
290.089
289.931
289.923
289.94
289.993
290.076
289.9
289.895
289.915
289.97
290.063
289.868
289.867
289.89
289.949
290.05
289.836
289.84
289.866
289.928
290.037
289.806
289.813
289.842
289.908
290.024
289.779
289.787
289.818
289.887
290.012
289.753
289.762
289.794
289.867
290
289.728
289.738
289.771
289.847
289.989
289.703
289.714
289.749
289.828
289.978
289.68
289.691
289.727
289.809
289.968
289.657
289.669
289.706
289.791
289.958
289.634
289.646
289.685
289.772
289.948
289.612
289.624
289.662
289.751
289.937
289.59
289.601
289.639
289.728
289.924
289.579
289.614
289.701
289.909
289.558
289.59
289.672
289.891
289.539
289.566
289.642
289.869
289.521
289.543
289.611
289.84
289.506
289.521
289.579
289.8
289.493
289.502
289.546
289.738
289.482
289.486
289.513
289.644
289.473
289.472
289.485
289.549
289.466
289.463
289.467
289.498
289.461
289.456
289.456
289.47
289.455
289.45
289.448
289.454
289.449
289.444
289.442
289.445
289.442
289.437
289.436
289.438
289.435
289.432
289.431
289.433
289.435
289.431
289.43
289.435
289.456
289.449
289.453
289.474
289.58
289.576
289.575
289.582
290.219
290.214
290.209
290.201
290.196
290.199
290.195
290.194
290.195
290.195
290.141
290.148
290.16
290.173
290.183
290.096
290.107
290.127
290.149
290.169
290.063
290.072
290.096
290.126
290.155
290.039
290.041
290.065
290.102
290.14
290.018
290.013
290.032
290.076
290.124
289.999
289.987
290
290.047
290.106
289.978
289.961
289.969
290.016
290.088
289.955
289.935
289.94
289.985
290.07
289.926
289.907
289.912
289.956
290.054
289.893
289.878
289.885
289.931
290.037
289.86
289.848
289.858
289.905
290.019
289.829
289.82
289.831
289.88
290.001
289.799
289.792
289.804
289.854
289.983
289.772
289.766
289.777
289.829
289.964
289.746
289.74
289.751
289.803
289.947
289.72
289.715
289.727
289.78
289.931
289.696
289.691
289.703
289.758
289.917
289.672
289.667
289.68
289.737
289.905
289.648
289.644
289.658
289.716
289.893
289.625
289.621
289.636
289.696
289.882
289.603
289.599
289.614
289.675
289.869
289.582
289.578
289.592
289.652
289.853
289.563
289.558
289.57
289.627
289.832
289.539
289.549
289.6
289.804
289.522
289.529
289.572
289.765
289.508
289.511
289.543
289.698
289.496
289.495
289.513
289.61
289.487
289.483
289.49
289.534
289.479
289.473
289.474
289.495
289.473
289.466
289.464
289.472
289.468
289.46
289.456
289.459
289.463
289.455
289.451
289.451
289.457
289.45
289.445
289.445
289.451
289.444
289.44
289.44
289.443
289.438
289.435
289.435
289.435
289.431
289.429
289.43
289.429
289.426
289.425
289.428
289.434
289.43
289.431
289.441
289.478
289.479
289.49
289.505
290.207
290.205
290.204
290.2
290.197
290.174
290.174
290.18
290.186
290.192
290.12
290.128
290.144
290.162
290.178
290.08
290.088
290.11
290.137
290.162
290.052
290.054
290.077
290.111
290.147
290.031
290.025
290.043
290.085
290.129
290.013
289.999
290.008
290.053
290.11
289.997
289.975
289.976
290.018
290.089
289.978
289.951
289.946
289.982
290.067
289.956
289.925
289.917
289.95
290.047
289.928
289.898
289.889
289.92
290.025
289.895
289.869
289.861
289.892
289.999
289.863
289.84
289.833
289.863
289.969
289.833
289.812
289.805
289.832
289.936
289.805
289.785
289.777
289.803
289.903
289.779
289.759
289.751
289.773
289.872
289.753
289.733
289.725
289.745
289.845
289.729
289.709
289.7
289.719
289.823
289.704
289.685
289.676
289.696
289.806
289.681
289.661
289.653
289.674
289.793
289.657
289.638
289.63
289.653
289.782
289.634
289.615
289.608
289.633
289.768
289.611
289.593
289.587
289.611
289.748
289.589
289.572
289.566
289.588
289.718
289.569
289.553
289.546
289.564
289.675
289.551
289.535
289.527
289.538
289.618
289.52
289.511
289.515
289.557
289.507
289.498
289.498
289.52
289.497
289.488
289.485
289.496
289.489
289.479
289.475
289.479
289.482
289.472
289.467
289.468
289.476
289.467
289.461
289.46
289.471
289.461
289.455
289.453
289.466
289.456
289.45
289.448
289.461
289.451
289.445
289.443
289.454
289.445
289.44
289.439
289.446
289.438
289.434
289.434
289.436
289.431
289.428
289.429
289.428
289.424
289.423
289.424
289.423
289.421
289.422
289.426
289.429
289.43
289.436
289.448
290.187
290.188
290.192
290.195
290.195
290.146
290.15
290.162
290.175
290.186
290.1
290.107
290.126
290.149
290.171
290.067
290.07
290.092
290.123
290.154
290.043
290.038
290.056
290.095
290.136
290.026
290.011
290.02
290.063
290.116
290.013
289.988
289.986
290.025
290.092
290
289.967
289.955
289.986
290.068
289.984
289.946
289.927
289.949
290.045
289.963
289.923
289.9
289.917
290.018
289.938
289.897
289.873
289.886
289.984
289.907
289.869
289.845
289.856
289.944
289.877
289.842
289.818
289.825
289.902
289.848
289.816
289.792
289.793
289.86
289.823
289.791
289.766
289.764
289.82
289.798
289.766
289.741
289.735
289.781
289.774
289.742
289.716
289.708
289.746
289.751
289.719
289.692
289.682
289.713
289.727
289.695
289.668
289.657
289.683
289.703
289.671
289.645
289.634
289.656
289.679
289.648
289.622
289.611
289.632
289.654
289.624
289.6
289.589
289.608
289.63
289.601
289.579
289.569
289.586
289.607
289.58
289.559
289.55
289.565
289.585
289.56
289.541
289.532
289.543
289.565
289.542
289.524
289.516
289.523
289.548
289.527
289.511
289.502
289.505
289.514
289.499
289.49
289.491
289.503
289.489
289.481
289.48
289.494
289.481
289.473
289.471
289.486
289.475
289.467
289.464
289.48
289.469
289.461
289.458
289.474
289.463
289.456
289.453
289.47
289.458
289.45
289.448
289.464
289.453
289.445
289.443
289.458
289.447
289.44
289.438
289.449
289.439
289.434
289.433
289.439
289.431
289.428
289.428
289.428
289.423
289.422
289.423
289.42
289.418
289.419
289.421
289.419
289.419
289.421
289.426
290.16
290.166
290.176
290.186
290.19
290.12
290.126
290.142
290.162
290.18
290.083
290.087
290.107
290.135
290.163
290.056
290.053
290.072
290.107
290.145
290.038
290.025
290.034
290.076
290.124
290.026
290.002
289.999
290.037
290.1
290.017
289.983
289.967
289.994
290.073
290.008
289.966
289.94
289.954
290.046
289.996
289.948
289.914
289.92
290.017
289.978
289.927
289.89
289.888
289.976
289.955
289.904
289.865
289.857
289.929
289.926
289.878
289.84
289.827
289.882
289.899
289.854
289.815
289.798
289.838
289.873
289.83
289.791
289.771
289.798
289.85
289.807
289.768
289.745
289.763
289.827
289.785
289.745
289.72
289.73
289.805
289.763
289.723
289.696
289.7
289.783
289.74
289.7
289.672
289.672
289.759
289.717
289.677
289.649
289.645
289.735
289.693
289.654
289.627
289.622
289.71
289.669
289.631
289.605
289.6
289.684
289.644
289.609
289.584
289.579
289.658
289.62
289.587
289.565
289.56
289.632
289.596
289.566
289.546
289.542
289.607
289.575
289.547
289.53
289.526
289.584
289.555
289.531
289.515
289.511
289.563
289.537
289.516
289.502
289.498
289.545
289.522
289.504
289.491
289.487
289.51
289.493
289.482
289.478
289.499
289.485
289.474
289.47
289.491
289.478
289.468
289.464
289.484
289.471
289.462
289.458
289.478
289.466
289.456
289.452
289.473
289.46
289.451
289.447
289.468
289.455
289.446
289.443
289.461
289.448
289.44
289.438
289.452
289.441
289.434
289.433
289.441
289.432
289.428
289.427
289.429
289.423
289.421
289.422
289.42
289.417
289.417
289.419
289.417
289.416
289.417
289.419
290.133
290.141
290.158
290.175
290.183
290.098
290.103
290.123
290.149
290.172
290.069
290.069
290.088
290.121
290.154
290.049
290.039
290.051
290.091
290.134
290.037
290.015
290.014
290.054
290.11
290.03
289.997
289.981
290.007
290.082
290.027
289.983
289.953
289.963
290.053
290.023
289.97
289.93
289.927
290.021
290.015
289.956
289.909
289.895
289.975
290
289.939
289.887
289.865
289.921
289.979
289.918
289.865
289.836
289.871
289.953
289.896
289.843
289.81
289.828
289.929
289.873
289.821
289.786
289.793
289.906
289.852
289.8
289.763
289.762
289.884
289.831
289.779
289.741
289.734
289.864
289.811
289.759
289.719
289.708
289.843
289.79
289.737
289.697
289.683
289.822
289.768
289.716
289.675
289.66
289.799
289.746
289.694
289.654
289.638
289.774
289.721
289.671
289.632
289.617
289.748
289.696
289.647
289.61
289.596
289.72
289.67
289.624
289.589
289.577
289.691
289.644
289.6
289.569
289.558
289.662
289.618
289.578
289.551
289.541
289.634
289.593
289.558
289.534
289.525
289.607
289.57
289.54
289.519
289.511
289.582
289.55
289.524
289.505
289.499
289.56
289.533
289.51
289.494
289.488
289.542
289.518
289.499
289.485
289.479
289.527
289.506
289.489
289.476
289.471
289.496
289.481
289.469
289.464
289.488
289.474
289.463
289.458
289.482
289.468
289.457
289.453
289.476
289.462
289.452
289.447
289.471
289.456
289.447
289.442
289.464
289.45
289.441
289.438
289.455
289.442
289.435
289.432
289.444
289.433
289.428
289.427
289.43
289.423
289.421
289.421
289.419
289.416
289.416
289.417
289.415
289.414
289.415
289.417
290.11
290.119
290.139
290.162
290.174
290.082
290.085
290.105
290.136
290.164
290.06
290.054
290.069
290.107
290.145
290.046
290.029
290.032
290.071
290.122
290.039
290.009
289.997
290.026
290.095
290.04
289.996
289.968
289.978
290.064
290.043
289.988
289.945
289.939
290.031
290.044
289.981
289.927
289.906
289.985
290.039
289.971
289.909
289.875
289.921
290.027
289.957
289.892
289.849
289.867
290.009
289.939
289.873
289.826
289.827
289.986
289.919
289.853
289.804
289.795
289.964
289.899
289.834
289.784
289.769
289.943
289.879
289.815
289.763
289.744
289.924
289.861
289.796
289.743
289.722
289.905
289.842
289.777
289.723
289.7
289.886
289.822
289.757
289.703
289.679
289.865
289.801
289.736
289.682
289.658
289.843
289.778
289.713
289.661
289.638
289.818
289.754
289.69
289.64
289.617
289.79
289.727
289.666
289.618
289.598
289.761
289.7
289.641
289.597
289.578
289.729
289.671
289.617
289.576
289.56
289.696
289.642
289.593
289.557
289.543
289.664
289.614
289.57
289.539
289.527
289.632
289.588
289.55
289.523
289.513
289.603
289.565
289.532
289.509
289.5
289.578
289.544
289.517
289.497
289.489
289.555
289.527
289.504
289.487
289.48
289.537
289.513
289.494
289.479
289.472
289.522
289.502
289.485
289.471
289.465
289.493
289.477
289.465
289.459
289.485
289.47
289.459
289.453
289.479
289.464
289.453
289.448
289.473
289.458
289.447
289.443
289.466
289.451
289.442
289.437
289.457
289.443
289.435
289.432
289.445
289.433
289.428
289.426
289.431
289.422
289.42
289.42
289.418
289.414
289.415
289.416
289.413
289.413
289.414
289.416
290.093
290.1
290.121
290.149
290.165
290.071
290.07
290.088
290.124
290.155
290.054
290.043
290.052
290.091
290.135
290.045
290.021
290.016
290.048
290.11
290.046
290.007
289.983
289.999
290.08
290.054
290.001
289.959
289.955
290.045
290.064
289.999
289.943
289.919
290
290.07
289.997
289.929
289.888
289.926
290.069
289.991
289.916
289.863
289.866
290.06
289.98
289.902
289.843
289.828
290.044
289.964
289.886
289.824
289.802
290.023
289.946
289.868
289.805
289.778
290.003
289.928
289.851
289.786
289.757
289.985
289.91
289.833
289.768
289.737
289.967
289.893
289.815
289.749
289.717
289.95
289.875
289.797
289.731
289.698
289.932
289.856
289.778
289.711
289.678
289.912
289.836
289.757
289.691
289.658
289.89
289.814
289.736
289.67
289.639
289.865
289.789
289.712
289.649
289.619
289.836
289.761
289.687
289.627
289.599
289.805
289.732
289.661
289.606
289.58
289.771
289.701
289.635
289.584
289.562
289.734
289.669
289.609
289.564
289.545
289.697
289.638
289.585
289.546
289.529
289.661
289.608
289.562
289.529
289.515
289.627
289.581
289.542
289.514
289.502
289.597
289.558
289.525
289.501
289.491
289.57
289.538
289.511
289.491
289.481
289.548
289.521
289.499
289.481
289.473
289.53
289.508
289.489
289.474
289.466
289.517
289.497
289.48
289.467
289.459
289.488
289.473
289.46
289.453
289.481
289.466
289.454
289.448
289.474
289.459
289.448
289.443
289.466
289.452
289.442
289.437
289.457
289.443
289.435
289.432
289.445
289.433
289.427
289.426
289.431
289.422
289.419
289.419
289.417
289.413
289.414
289.415
289.411
289.412
289.413
289.415
290.081
290.085
290.106
290.137
290.155
290.063
290.058
290.073
290.112
290.147
290.051
290.034
290.037
290.073
290.126
290.048
290.016
290.002
290.024
290.099
290.056
290.008
289.974
289.976
290.064
290.073
290.01
289.956
289.935
290.018
290.09
290.015
289.945
289.902
289.949
290.102
290.018
289.937
289.877
289.872
290.104
290.015
289.928
289.859
289.833
290.097
290.006
289.916
289.843
289.809
290.083
289.992
289.902
289.826
289.79
290.064
289.976
289.886
289.809
289.771
290.045
289.959
289.87
289.792
289.752
290.028
289.943
289.853
289.775
289.734
290.012
289.926
289.836
289.757
289.715
289.996
289.909
289.819
289.739
289.697
289.978
289.892
289.8
289.72
289.678
289.959
289.872
289.78
289.701
289.659
289.938
289.85
289.759
289.68
289.64
289.913
289.825
289.735
289.659
289.62
289.884
289.797
289.709
289.637
289.601
289.851
289.766
289.682
289.615
289.583
289.814
289.732
289.655
289.593
289.564
289.775
289.698
289.627
289.572
289.547
289.734
289.663
289.6
289.552
289.531
289.693
289.63
289.575
289.535
289.517
289.654
289.599
289.553
289.519
289.504
289.618
289.572
289.534
289.506
289.493
289.587
289.549
289.518
289.494
289.483
289.56
289.53
289.504
289.485
289.474
289.539
289.514
289.493
289.476
289.467
289.522
289.501
289.484
289.469
289.46
289.51
289.491
289.475
289.462
289.454
289.482
289.468
289.456
289.448
289.474
289.46
289.449
289.443
289.466
289.452
289.443
289.438
289.455
289.443
289.435
289.432
289.443
289.432
289.427
289.426
289.429
289.421
289.419
289.419
289.416
289.412
289.412
289.415
289.409
289.41
289.412
289.414
290.072
290.073
290.093
290.128
290.146
290.057
290.05
290.06
290.099
290.139
290.048
290.028
290.024
290.054
290.117
290.052
290.014
289.991
290.004
290.085
290.07
290.014
289.967
289.956
290.041
290.097
290.024
289.956
289.917
289.966
290.123
290.036
289.952
289.889
289.877
290.14
290.044
289.949
289.874
289.84
290.145
290.043
289.943
289.86
289.819
290.138
290.035
289.933
289.846
289.801
290.124
290.022
289.92
289.831
289.784
290.106
290.007
289.905
289.816
289.766
290.088
289.991
289.89
289.799
289.749
290.072
289.975
289.874
289.783
289.731
290.056
289.959
289.858
289.766
289.714
290.04
289.943
289.841
289.748
289.696
290.024
289.926
289.823
289.73
289.678
290.005
289.906
289.803
289.711
289.659
289.984
289.884
289.781
289.69
289.641
289.959
289.86
289.757
289.669
289.622
289.93
289.831
289.731
289.647
289.603
289.896
289.799
289.704
289.624
289.584
289.858
289.764
289.674
289.602
289.566
289.816
289.727
289.645
289.58
289.549
289.771
289.689
289.616
289.56
289.534
289.726
289.652
289.589
289.541
289.519
289.682
289.618
289.565
289.525
289.506
289.64
289.587
289.544
289.511
289.495
289.604
289.561
289.526
289.498
289.485
289.574
289.539
289.511
289.488
289.476
289.548
289.521
289.498
289.479
289.468
289.528
289.506
289.487
289.471
289.461
289.513
289.494
289.478
289.464
289.455
289.501
289.483
289.469
289.457
289.449
289.474
289.461
289.45
289.443
289.464
289.452
289.443
289.438
289.453
289.442
289.435
289.432
289.44
289.431
289.426
289.425
289.426
289.42
289.418
289.418
289.413
289.41
289.411
289.414
289.407
289.409
289.411
289.413
290.065
290.065
290.082
290.119
290.137
290.052
290.042
290.049
290.084
290.131
290.047
290.022
290.013
290.036
290.106
290.059
290.014
289.981
289.983
290.065
290.089
290.024
289.964
289.936
289.997
290.129
290.044
289.961
289.903
289.908
290.164
290.063
289.964
289.886
289.85
290.186
290.074
289.965
289.875
289.828
290.191
290.074
289.96
289.864
289.812
290.182
290.066
289.951
289.852
289.796
290.167
290.053
289.939
289.838
289.78
290.148
290.037
289.924
289.823
289.763
290.13
290.021
289.909
289.807
289.746
290.113
290.005
289.894
289.791
289.729
290.097
289.99
289.878
289.774
289.712
290.081
289.974
289.861
289.757
289.695
290.065
289.956
289.843
289.739
289.677
290.046
289.937
289.824
289.72
289.659
290.026
289.916
289.802
289.7
289.641
290.001
289.891
289.778
289.679
289.623
289.972
289.863
289.752
289.657
289.604
289.938
289.83
289.724
289.634
289.586
289.899
289.794
289.693
289.611
289.568
289.856
289.755
289.663
289.589
289.551
289.808
289.715
289.632
289.568
289.536
289.759
289.675
289.603
289.548
289.521
289.71
289.637
289.577
289.531
289.508
289.664
289.603
289.554
289.516
289.496
289.623
289.573
289.534
289.503
289.486
289.588
289.549
289.517
289.492
289.477
289.559
289.528
289.503
289.482
289.47
289.535
289.511
289.491
289.474
289.462
289.516
289.497
289.481
289.466
289.456
289.501
289.485
289.471
289.459
289.45
289.489
289.474
289.461
289.451
289.444
289.463
289.451
289.443
289.438
289.451
289.441
289.435
289.432
289.437
289.429
289.426
289.425
289.423
289.418
289.417
289.417
289.411
289.409
289.41
289.413
289.405
289.408
289.41
289.412
290.06
290.059
290.073
290.11
290.129
290.047
290.036
290.039
290.069
290.122
290.044
290.017
290.002
290.017
290.091
290.066
290.016
289.974
289.962
290.03
290.113
290.038
289.965
289.918
289.941
290.17
290.069
289.971
289.895
289.863
290.216
290.095
289.979
289.886
289.837
290.241
290.108
289.982
289.879
289.821
290.243
290.108
289.979
289.869
289.806
290.229
290.098
289.97
289.858
289.792
290.209
290.083
289.957
289.844
289.776
290.188
290.066
289.943
289.83
289.76
290.168
290.049
289.927
289.814
289.744
290.149
290.032
289.911
289.799
289.727
290.132
290.016
289.896
289.782
289.711
290.115
289.999
289.879
289.766
289.694
290.098
289.982
289.861
289.748
289.677
290.08
289.963
289.842
289.73
289.659
290.059
289.941
289.82
289.71
289.641
290.034
289.917
289.796
289.689
289.623
290.006
289.889
289.77
289.667
289.605
289.973
289.856
289.741
289.644
289.587
289.934
289.82
289.711
289.62
289.57
289.89
289.78
289.679
289.597
289.553
289.842
289.739
289.647
289.575
289.537
289.79
289.696
289.617
289.555
289.523
289.738
289.656
289.589
289.537
289.51
289.688
289.619
289.564
289.521
289.498
289.642
289.586
289.542
289.507
289.488
289.603
289.559
289.524
289.496
289.479
289.57
289.536
289.509
289.486
289.471
289.542
289.517
289.496
289.477
289.464
289.52
289.501
289.484
289.469
289.457
289.503
289.487
289.473
289.461
289.451
289.488
289.474
289.462
289.453
289.445
289.474
289.461
289.452
289.444
289.438
289.448
289.44
289.435
289.432
289.434
289.428
289.425
289.424
289.42
289.416
289.416
289.416
289.408
289.407
289.409
289.412
289.403
289.407
289.409
289.411
290.055
290.054
290.064
290.098
290.119
290.041
290.029
290.028
290.053
290.111
290.044
290.013
289.99
289.995
290.065
290.082
290.024
289.969
289.938
289.983
290.151
290.061
289.972
289.905
289.892
290.226
290.103
289.986
289.893
289.846
290.283
290.135
289.998
289.889
289.828
290.308
290.148
290.002
289.883
289.815
290.302
290.145
289.998
289.874
289.801
290.279
290.131
289.988
289.863
289.787
290.251
290.112
289.974
289.851
289.773
290.224
290.092
289.959
289.836
289.757
290.2
290.072
289.943
289.821
289.741
290.178
290.053
289.926
289.806
289.725
290.158
290.035
289.91
289.789
289.709
290.139
290.018
289.893
289.773
289.693
290.12
289.999
289.875
289.756
289.676
290.101
289.98
289.855
289.738
289.659
290.079
289.958
289.833
289.718
289.641
290.054
289.933
289.809
289.697
289.624
290.026
289.904
289.783
289.675
289.606
289.993
289.872
289.754
289.652
289.588
289.954
289.836
289.724
289.629
289.571
289.911
289.797
289.692
289.606
289.554
289.864
289.756
289.66
289.583
289.539
289.812
289.714
289.629
289.562
289.525
289.76
289.672
289.6
289.543
289.512
289.708
289.633
289.573
289.527
289.5
289.659
289.599
289.55
289.512
289.49
289.616
289.569
289.531
289.5
289.481
289.58
289.544
289.514
289.489
289.473
289.55
289.523
289.5
289.48
289.465
289.525
289.505
289.487
289.471
289.458
289.505
289.489
289.475
289.463
289.452
289.488
289.475
289.464
289.454
289.445
289.472
289.461
289.452
289.445
289.439
289.456
289.446
289.44
289.435
289.432
289.431
289.427
289.425
289.424
289.417
289.415
289.415
289.415
289.405
289.405
289.408
289.411
289.401
289.405
289.408
289.411
290.05
290.048
290.056
290.084
290.107
290.035
290.022
290.016
290.033
290.093
290.045
290.012
289.979
289.97
290.028
290.103
290.037
289.968
289.919
289.931
290.194
290.089
289.982
289.898
289.859
290.288
290.141
290.002
289.893
289.834
290.356
290.178
290.016
289.891
289.821
290.378
290.191
290.021
289.886
289.808
290.361
290.182
290.016
289.878
289.796
290.325
290.162
290.005
289.868
289.783
290.287
290.137
289.989
289.856
289.769
290.252
290.113
289.972
289.842
289.754
290.223
290.089
289.954
289.827
289.738
290.197
290.067
289.936
289.811
289.723
290.173
290.046
289.917
289.795
289.707
290.152
290.026
289.898
289.778
289.691
290.13
290.005
289.878
289.76
289.674
290.108
289.983
289.858
289.741
289.658
290.085
289.96
289.835
289.721
289.641
290.058
289.934
289.811
289.7
289.623
290.029
289.905
289.785
289.679
289.606
289.996
289.873
289.757
289.656
289.589
289.958
289.838
289.727
289.633
289.572
289.916
289.801
289.697
289.611
289.555
289.87
289.761
289.666
289.589
289.54
289.821
289.721
289.636
289.568
289.526
289.77
289.681
289.607
289.549
289.513
289.719
289.642
289.58
289.532
289.502
289.67
289.607
289.557
289.517
289.491
289.627
289.577
289.537
289.504
289.482
289.589
289.55
289.519
289.493
289.474
289.557
289.528
289.504
289.483
289.467
289.53
289.509
289.49
289.474
289.46
289.508
289.492
289.478
289.464
289.453
289.488
289.476
289.465
289.455
289.446
289.471
289.461
289.453
289.445
289.439
289.453
289.445
289.44
289.435
289.432
289.435
289.43
289.426
289.424
289.424
289.414
289.413
289.414
289.415
289.402
289.404
289.406
289.41
289.399
289.404
289.408
289.41
290.044
290.041
290.045
290.067
290.091
290.029
290.014
290.002
290.011
290.068
290.048
290.012
289.97
289.947
289.984
290.124
290.054
289.972
289.905
289.889
290.237
290.119
289.995
289.894
289.841
290.353
290.182
290.018
289.892
289.824
290.432
290.223
290.033
289.89
289.812
290.45
290.233
290.037
289.886
289.8
290.417
290.217
290.031
289.88
289.789
290.365
290.188
290.018
289.871
289.777
290.316
290.157
289.999
289.859
289.764
290.274
290.126
289.979
289.844
289.75
290.238
290.098
289.957
289.828
289.735
290.206
290.071
289.935
289.81
289.719
290.177
290.045
289.914
289.792
289.703
290.15
290.021
289.892
289.774
289.687
290.124
289.996
289.871
289.755
289.67
290.098
289.972
289.848
289.736
289.654
290.071
289.946
289.825
289.716
289.637
290.042
289.918
289.8
289.695
289.62
290.011
289.889
289.774
289.674
289.603
289.977
289.857
289.747
289.653
289.586
289.94
289.824
289.719
289.631
289.57
289.899
289.789
289.691
289.61
289.555
289.857
289.753
289.662
289.589
289.54
289.811
289.716
289.634
289.57
289.527
289.765
289.679
289.608
289.552
289.514
289.718
289.643
289.583
289.535
289.503
289.672
289.61
289.56
289.52
289.493
289.63
289.58
289.54
289.507
289.484
289.593
289.554
289.522
289.496
289.476
289.561
289.532
289.507
289.485
289.468
289.534
289.512
289.493
289.476
289.461
289.511
289.494
289.48
289.466
289.454
289.49
289.478
289.467
289.456
289.447
289.471
289.462
289.454
289.446
289.44
289.452
289.445
289.44
289.435
289.432
289.433
289.428
289.426
289.424
289.424
289.415
289.413
289.412
289.413
289.414
289.4
289.402
289.405
289.41
289.397
289.403
289.407
289.409
290.037
290.033
290.034
290.049
290.071
290.022
290.006
289.99
289.99
290.038
290.05
290.015
289.966
289.928
289.942
290.143
290.073
289.98
289.899
289.861
290.278
290.152
290.009
289.892
289.83
290.416
290.224
290.034
289.889
289.813
290.509
290.268
290.047
289.886
289.801
290.521
290.274
290.048
289.881
289.79
290.469
290.248
290.04
289.876
289.779
290.4
290.207
290.021
289.867
289.769
290.338
290.166
289.998
289.853
289.756
290.285
290.128
289.974
289.837
289.742
290.24
290.093
289.949
289.819
289.727
290.2
290.06
289.923
289.8
289.711
290.164
290.029
289.899
289.781
289.694
290.13
289.999
289.874
289.761
289.678
290.097
289.97
289.85
289.742
289.661
290.065
289.942
289.825
289.722
289.645
290.033
289.913
289.801
289.702
289.628
290.001
289.884
289.776
289.682
289.612
289.967
289.854
289.751
289.661
289.596
289.932
289.823
289.725
289.641
289.581
289.896
289.792
289.7
289.622
289.566
289.858
289.76
289.674
289.602
289.551
289.82
289.728
289.649
289.584
289.538
289.78
289.696
289.624
289.566
289.525
289.74
289.664
289.601
289.55
289.514
289.7
289.634
289.579
289.534
289.503
289.661
289.604
289.558
289.521
289.493
289.624
289.578
289.539
289.508
289.484
289.59
289.554
289.523
289.497
289.476
289.561
289.532
289.508
289.486
289.469
289.535
289.513
289.494
289.477
289.462
289.512
289.496
289.481
289.467
289.455
289.491
289.479
289.468
289.457
289.447
289.471
289.462
289.454
289.447
289.44
289.451
289.445
289.44
289.436
289.432
289.431
289.428
289.425
289.424
289.423
289.412
289.411
289.411
289.412
289.413
289.397
289.398
289.401
289.404
289.409
289.395
289.403
289.406
289.409
290.031
290.025
290.023
290.032
290.05
290.015
290.001
289.982
289.973
290.008
290.049
290.021
289.97
289.919
289.911
290.159
290.095
289.996
289.902
289.85
290.317
290.188
290.029
289.895
289.824
290.478
290.269
290.05
289.885
289.804
290.587
290.316
290.058
289.876
289.787
290.592
290.317
290.052
289.868
289.775
290.517
290.27
290.036
289.862
289.764
290.427
290.213
290.01
289.851
289.754
290.348
290.161
289.983
289.836
289.742
290.283
290.115
289.955
289.818
289.728
290.227
290.073
289.926
289.799
289.712
290.177
290.034
289.897
289.779
289.696
290.131
289.996
289.869
289.758
289.679
290.087
289.96
289.841
289.738
289.663
290.046
289.925
289.815
289.718
289.647
290.007
289.892
289.788
289.698
289.631
289.969
289.861
289.763
289.678
289.615
289.932
289.83
289.739
289.659
289.6
289.896
289.8
289.715
289.641
289.585
289.861
289.771
289.691
289.623
289.571
289.827
289.743
289.669
289.605
289.558
289.794
289.716
289.647
289.588
289.545
289.761
289.689
289.626
289.572
289.533
289.729
289.663
289.605
289.557
289.521
289.697
289.637
289.586
289.543
289.511
289.665
289.612
289.567
289.53
289.501
289.635
289.589
289.55
289.517
289.492
289.605
289.567
289.534
289.506
289.484
289.578
289.546
289.519
289.495
289.476
289.553
289.528
289.505
289.486
289.469
289.53
289.511
289.493
289.476
289.462
289.509
289.494
289.48
289.467
289.455
289.49
289.478
289.467
289.457
289.448
289.47
289.462
289.454
289.447
289.44
289.45
289.445
289.44
289.435
289.432
289.43
289.427
289.424
289.423
289.423
289.411
289.41
289.41
289.411
289.412
289.395
289.397
289.399
289.403
289.408
289.388
289.394
289.402
289.406
289.408
290.026
290.021
290.017
290.021
290.032
290.013
289.999
289.983
289.969
289.989
290.056
290.03
289.984
289.929
289.903
290.181
290.125
290.026
289.923
289.863
290.365
290.237
290.063
289.91
289.833
290.545
290.326
290.077
289.888
289.8
290.673
290.372
290.07
289.864
289.773
290.667
290.358
290.048
289.845
289.755
290.565
290.284
290.016
289.833
289.742
290.447
290.203
289.98
289.82
289.731
290.344
290.137
289.948
289.804
289.719
290.263
290.083
289.917
289.785
289.704
290.196
290.034
289.886
289.766
289.689
290.134
289.988
289.855
289.745
289.673
290.076
289.944
289.824
289.724
289.657
290.022
289.902
289.794
289.704
289.641
289.972
289.863
289.766
289.684
289.626
289.925
289.827
289.739
289.665
289.611
289.882
289.793
289.714
289.647
289.597
289.842
289.762
289.691
289.629
289.583
289.806
289.734
289.669
289.613
289.57
289.773
289.708
289.649
289.597
289.557
289.743
289.684
289.63
289.582
289.546
289.716
289.661
289.612
289.569
289.535
289.69
289.64
289.595
289.555
289.524
289.665
289.619
289.579
289.543
289.514
289.641
289.6
289.563
289.531
289.505
289.618
289.582
289.549
289.52
289.497
289.596
289.564
289.535
289.51
289.489
289.575
289.547
289.522
289.5
289.481
289.555
289.532
289.51
289.491
289.474
289.537
289.517
289.499
289.482
289.467
289.519
289.503
289.487
289.473
289.461
289.501
289.488
289.476
289.465
289.454
289.484
289.474
289.464
289.455
289.447
289.466
289.459
289.452
289.445
289.439
289.447
289.442
289.438
289.434
289.431
289.428
289.425
289.423
289.422
289.422
289.408
289.408
289.408
289.41
289.412
289.393
289.395
289.398
289.403
289.408
289.388
289.394
289.402
289.406
289.408
290.031
290.021
290.017
290.017
290.022
290.03
290.008
289.991
289.979
289.988
290.106
290.052
290.01
289.961
289.927
290.258
290.171
290.077
289.971
289.91
290.451
290.315
290.131
289.956
289.873
290.637
290.417
290.139
289.914
289.82
290.778
290.46
290.104
289.862
289.77
290.76
290.417
290.044
289.819
289.734
290.627
290.297
289.979
289.791
289.713
290.467
290.174
289.926
289.771
289.698
290.326
290.087
289.888
289.753
289.685
290.221
290.024
289.856
289.735
289.67
290.142
289.971
289.825
289.716
289.655
290.07
289.922
289.794
289.697
289.64
290.002
289.874
289.763
289.678
289.625
289.939
289.829
289.734
289.659
289.611
289.881
289.788
289.707
289.641
289.598
289.83
289.752
289.682
289.624
289.585
289.786
289.719
289.659
289.609
289.573
289.747
289.69
289.639
289.594
289.561
289.714
289.665
289.62
289.58
289.55
289.685
289.643
289.603
289.567
289.54
289.66
289.623
289.588
289.556
289.53
289.638
289.605
289.574
289.544
289.521
289.618
289.589
289.56
289.534
289.512
289.6
289.573
289.548
289.524
289.504
289.583
289.559
289.536
289.515
289.496
289.567
289.546
289.525
289.506
289.489
289.552
289.533
289.515
289.497
289.482
289.538
289.521
289.505
289.49
289.476
289.524
289.51
289.496
289.482
289.47
289.512
289.499
289.487
289.475
289.464
289.499
289.488
289.478
289.467
289.458
289.486
289.477
289.468
289.46
289.451
289.473
289.465
289.458
289.451
289.445
289.458
289.452
289.447
289.442
289.438
289.441
289.438
289.434
289.432
289.43
289.423
289.421
289.42
289.42
289.42
289.405
289.405
289.406
289.408
289.411
289.391
289.394
289.398
289.403
289.408
289.388
289.395
289.403
289.406
289.408
290.108
290.047
290.024
290.018
290.017
290.145
290.057
290.013
289.997
289.997
290.295
290.154
290.053
290
289.977
290.479
290.297
290.146
290.04
289.988
290.681
290.455
290.257
290.051
289.963
290.847
290.58
290.282
290.004
289.898
290.935
290.639
290.221
289.91
289.811
290.915
290.55
290.088
289.812
289.736
290.746
290.352
289.942
289.746
289.69
290.519
290.13
289.848
289.71
289.663
290.296
289.999
289.8
289.687
289.644
290.144
289.926
289.767
289.669
289.627
290.055
289.874
289.739
289.652
289.613
289.98
289.828
289.712
289.635
289.599
289.91
289.784
289.687
289.619
289.585
289.846
289.743
289.662
289.605
289.573
289.79
289.707
289.64
289.591
289.561
289.741
289.675
289.621
289.578
289.551
289.7
289.648
289.603
289.566
289.541
289.666
289.625
289.587
289.555
289.531
289.638
289.605
289.573
289.545
289.523
289.614
289.587
289.56
289.535
289.515
289.594
289.571
289.548
289.526
289.508
289.576
289.557
289.537
289.518
289.501
289.56
289.545
289.527
289.51
289.494
289.546
289.533
289.518
289.502
289.488
289.533
289.522
289.509
289.495
289.482
289.521
289.512
289.5
289.488
289.476
289.51
289.502
289.493
289.482
289.471
289.5
289.494
289.485
289.476
289.466
289.491
289.485
289.478
289.47
289.461
289.483
289.477
289.471
289.464
289.455
289.474
289.469
289.464
289.458
289.45
289.465
289.461
289.456
289.451
289.445
289.456
289.452
289.448
289.444
289.44
289.445
289.442
289.439
289.437
289.434
289.431
289.43
289.428
289.428
289.427
289.415
289.415
289.416
289.417
289.419
289.401
289.402
289.404
289.408
289.412
289.39
289.394
289.399
289.405
289.41
289.389
289.398
289.405
289.408
289.41
290.472
290.18
290.062
290.027
290.019
290.719
290.339
290.078
290.02
290.011
290.908
290.544
290.193
290.039
290.012
291.045
290.72
290.347
290.096
290.03
291.144
290.858
290.497
290.181
290.054
291.206
290.95
290.603
290.235
290.047
291.224
290.982
290.608
290.12
289.943
291.187
290.912
290.379
289.907
289.807
291.064
290.667
290
289.746
289.715
290.775
290.117
289.782
289.681
289.666
290.283
289.862
289.707
289.649
289.638
289.979
289.768
289.67
289.627
289.619
289.88
289.721
289.644
289.61
289.603
289.822
289.686
289.623
289.594
289.589
289.774
289.657
289.604
289.58
289.576
289.731
289.632
289.587
289.568
289.563
289.693
289.611
289.572
289.556
289.552
289.66
289.592
289.559
289.545
289.542
289.632
289.576
289.547
289.535
289.532
289.609
289.563
289.537
289.525
289.523
289.588
289.551
289.527
289.517
289.515
289.57
289.541
289.518
289.508
289.507
289.554
289.532
289.51
289.501
289.5
289.54
289.523
289.503
289.494
289.493
289.527
289.514
289.496
289.487
289.487
289.515
289.506
289.49
289.481
289.481
289.505
289.497
289.485
289.475
289.475
289.495
289.489
289.479
289.47
289.469
289.486
289.482
289.473
289.464
289.464
289.477
289.474
289.468
289.459
289.459
289.469
289.468
289.462
289.454
289.454
289.462
289.461
289.457
289.45
289.45
289.455
289.454
289.451
289.445
289.445
289.448
289.448
289.445
289.44
289.441
289.441
289.44
289.438
289.435
289.436
289.432
289.432
289.431
289.43
289.431
289.421
289.422
289.423
289.425
289.426
289.409
289.411
289.413
289.418
289.42
289.398
289.401
289.405
289.413
289.415
289.39
289.397
289.406
289.411
289.413
289.393
289.401
289.407
289.411
289.412
)
;

boundaryField
{
    floor
    {
        type            zeroGradient;
    }
    ceiling
    {
        type            zeroGradient;
    }
    fixedWalls
    {
        type            zeroGradient;
    }
    rack2796428BA49E0232CAC645AEBC8DA5C1_fixedWall
    {
        type            zeroGradient;
    }
    rack2796428BA49E0232CAC645AEBC8DA5C1_inlet
    {
        type            zeroGradient;
    }
    rack2796428BA49E0232CAC645AEBC8DA5C1_outlet
    {
        type            groovyBC;
        refValue        nonuniform 0();
        refGradient     nonuniform 0();
        valueFraction   nonuniform 0();
        value           nonuniform 0();
        valueExpression "Trackinlet+2.00/(1.015*1.18*0.17)";
        gradientExpression "0";
        fractionExpression "1";
        evaluateDuringConstruction 0;
        variables       "Trackinlet{rack2796428BA49E0232CAC645AEBC8DA5C1_inlet}=sum(T*mag(Sf()))/sum(mag(Sf()));";
        timelines       (
);
        lookuptables    (
);
    }
    acu380F56D59CF2B3DF6EFF9D0E6E8D39CB_inlet
    {
        type            zeroGradient;
    }
    acu380F56D59CF2B3DF6EFF9D0E6E8D39CB_outlet
    {
        type            fixedValue;
        value           nonuniform 0();
    }
    acu380F56D59CF2B3DF6EFF9D0E6E8D39CB_fixedWall
    {
        type            zeroGradient;
    }
    baffleFaces_master
    {
        type            zeroGradient;
    }
    baffleFaces_slave
    {
        type            zeroGradient;
    }
    procBoundary6to5
    {
        type            processor;
        value           nonuniform List<scalar> 
1538
(
289.15
289.15
289.15
289.15
289.15
289.15
289.15
289.15
289.15
289.15
289.15
289.15
289.15
289.15
289.15
289.15
289.15
289.15
289.15
289.15
289.15
289.15
289.15
289.15
289.15
289.15
289.15
289.15
289.15
289.15
289.15
289.15
289.15
289.15
289.15
289.15
289.15
289.15
289.15
289.15
289.15
289.15
289.15
289.15
289.15
289.15
289.15
289.15
289.15
289.15
289.15
289.15
289.15
289.15
289.15
289.15
289.15
289.15
289.15
289.15
289.15
289.15
289.15
289.15
289.15
289.15
289.15
289.15
289.15
289.15
289.15
289.15
289.15
289.15
289.15
289.15
289.15
289.15
289.15
289.15
289.15
289.15
289.15
289.15
289.15
289.15
289.15
289.15
289.15
289.15
289.15
289.15
289.15
289.15
289.15
289.15
289.15
289.15
289.15
289.15
289.15
289.15
289.15
289.15
289.15
289.15
289.15
289.15
289.15
289.15
289.15
289.15
289.15
289.15
289.15
289.15
289.15
289.15
289.15
289.15
289.15
289.15
289.15
289.15
289.15
289.15
289.15
289.15
289.15
289.15
289.15
289.15
289.15
289.15
289.15
289.15
289.15
289.15
289.15
289.15
289.15
289.15
289.15
289.15
289.15
289.15
289.15
289.15
289.15
289.15
289.15
289.15
289.15
289.15
289.15
289.15
289.15
289.15
289.15
289.15
289.15
289.15
289.15
289.15
289.15
289.15
289.15
289.15
289.15
289.15
289.15
289.15
289.15
289.15
289.15
289.15
289.15
289.15
289.15
289.15
289.15
289.15
289.15
289.15
289.15
289.15
289.15
289.15
289.15
289.15
289.15
289.15
289.15
289.15
289.15
289.15
289.15
289.15
289.15
289.15
289.15
289.15
289.15
289.15
289.15
289.15
289.15
289.15
289.15
289.15
289.15
289.15
289.15
289.15
289.15
289.15
289.15
289.15
289.15
289.15
289.15
289.15
289.15
289.15
289.15
289.15
289.15
289.15
289.15
289.15
289.15
289.15
289.15
289.15
289.15
289.15
289.15
289.15
289.15
289.15
289.15
289.15
289.15
289.15
289.15
289.15
289.15
289.15
289.15
289.15
289.15
289.15
289.15
289.15
289.15
289.15
289.15
290.112
290.1
290.089
290.083
290.079
290.074
290.067
290.058
290.048
290.038
290.029
290.02
290.01
290
289.99
289.991
289.991
289.991
289.982
289.972
289.963
289.953
289.944
289.934
289.924
289.915
289.905
289.896
289.888
289.88
289.873
289.867
289.861
289.856
289.85
289.84
289.825
289.805
289.788
289.778
289.779
289.784
289.79
290.135
290.136
290.109
290.097
290.091
290.082
290.071
290.059
290.047
290.036
290.024
290.013
290
289.988
289.976
289.964
289.971
289.971
289.971
289.961
289.95
289.94
289.93
289.92
289.91
289.901
289.891
289.883
289.875
289.868
289.862
289.856
289.85
289.841
289.829
289.812
289.788
289.762
289.739
289.732
289.743
289.761
289.778
290.163
290.172
290.139
290.115
290.103
290.088
290.073
290.058
290.044
290.03
290.017
290.002
289.988
289.974
289.96
289.946
289.933
289.947
289.947
289.947
289.936
289.925
289.915
289.905
289.895
289.885
289.876
289.868
289.861
289.853
289.844
289.835
289.824
289.81
289.79
289.761
289.726
289.691
289.665
289.661
289.688
289.728
289.763
290.184
290.194
290.168
290.136
290.113
290.091
290.072
290.055
290.039
290.023
290.006
289.99
289.973
289.956
289.94
289.924
289.909
289.895
289.917
289.917
289.917
289.907
289.896
289.886
289.875
289.865
289.855
289.845
289.835
289.826
289.814
289.8
289.782
289.757
289.724
289.685
289.643
289.606
289.583
289.585
289.626
289.69
289.747
290.199
290.208
290.188
290.152
290.118
290.09
290.068
290.049
290.031
290.014
289.995
289.976
289.957
289.937
289.918
289.9
289.883
289.868
289.853
289.879
289.879
289.879
289.867
289.856
289.844
289.833
289.821
289.809
289.796
289.78
289.762
289.739
289.711
289.677
289.639
289.6
289.563
289.534
289.517
289.523
289.569
289.656
289.732
290.21
290.217
290.199
290.157
290.115
290.085
290.061
290.042
290.023
290.004
289.984
289.962
289.939
289.916
289.893
289.872
289.853
289.836
289.819
289.802
289.829
289.829
289.829
289.816
289.802
289.787
289.771
289.753
289.734
289.712
289.687
289.658
289.627
289.594
289.561
289.531
289.506
289.487
289.476
289.481
289.524
289.627
289.719
290.217
290.223
290.202
290.151
290.107
290.077
290.054
290.035
290.016
289.995
289.973
289.948
289.921
289.893
289.867
289.843
289.821
289.8
289.781
289.762
289.743
289.764
289.764
289.764
289.746
289.727
289.706
289.684
289.661
289.636
289.609
289.582
289.556
289.531
289.509
289.49
289.475
289.463
289.456
289.458
289.488
289.589
289.702
290.223
290.227
290.198
290.139
290.097
290.068
290.047
290.028
290.009
289.988
289.963
289.935
289.904
289.872
289.842
289.815
289.79
289.767
289.744
289.723
289.702
289.68
289.687
289.687
289.687
289.665
289.642
289.619
289.596
289.573
289.551
289.53
289.512
289.496
289.483
289.472
289.462
289.454
289.448
289.448
289.466
289.531
289.677
290.227
290.228
290.186
290.124
290.085
290.06
290.041
290.023
290.005
289.983
289.956
289.925
289.89
289.855
289.822
289.793
289.766
289.741
289.717
289.694
289.671
289.649
289.626
289.617
289.617
289.617
289.595
289.573
289.553
289.535
289.518
289.504
289.492
289.482
289.473
289.466
289.46
289.453
289.447
289.443
289.452
289.495
289.642
290.229
290.223
290.166
290.109
290.075
290.053
290.037
290.021
290.004
289.981
289.954
289.919
289.882
289.845
289.812
289.782
289.755
289.729
289.704
289.68
289.657
289.634
289.612
289.591
289.57
289.57
289.57
289.551
289.533
289.518
289.505
289.495
289.486
289.479
289.473
289.468
289.462
289.456
289.448
289.442
289.443
289.469
289.588
290.225
290.208
290.143
290.096
290.067
290.049
290.035
290.022
290.006
289.985
289.956
289.92
289.882
289.846
289.814
289.785
289.758
289.733
289.708
289.684
289.661
289.638
289.616
289.595
289.575
289.545
289.545
289.545
289.529
289.516
289.504
289.495
289.488
289.482
289.477
289.472
289.467
289.461
289.452
289.443
289.437
289.442
289.489
290.213
290.183
290.122
290.084
290.061
290.047
290.037
290.027
290.013
289.993
289.966
289.929
289.893
289.859
289.828
289.801
289.775
289.75
289.726
289.702
289.679
289.655
289.633
289.611
289.59
289.571
289.536
289.536
289.536
289.522
289.51
289.501
289.493
289.487
289.482
289.478
289.473
289.467
289.458
289.446
289.435
289.429
289.432
290.192
290.154
290.104
290.075
290.058
290.049
290.043
290.037
290.026
290.008
289.982
289.947
289.913
289.882
289.854
289.828
289.804
289.78
289.757
289.733
289.709
289.684
289.66
289.636
289.613
289.591
289.571
289.533
289.533
289.533
289.519
289.509
289.5
289.493
289.488
289.484
289.479
289.473
289.464
289.452
289.438
289.427
289.423
290.165
290.127
290.09
290.069
290.059
290.056
290.055
290.052
290.045
290.029
290.006
289.973
289.942
289.914
289.888
289.865
289.843
289.82
289.797
289.773
289.748
289.722
289.695
289.668
289.641
289.616
289.592
289.571
289.53
289.53
289.53
289.518
289.518
289.507
289.499
289.493
289.489
289.485
289.48
289.471
289.458
289.443
289.429
289.421
290.138
290.106
290.08
290.067
290.064
290.066
290.071
290.073
290.07
290.057
290.036
290.007
289.979
289.953
289.93
289.909
289.888
289.866
289.844
289.819
289.793
289.765
289.736
289.705
289.675
289.645
289.616
289.591
289.569
289.55
289.515
289.515
289.515
289.505
289.498
289.494
289.49
289.485
289.477
289.464
289.448
289.43
289.42
290.116
290.092
290.075
290.069
290.073
290.082
290.093
290.1
290.101
290.091
290.073
290.046
290.021
289.998
289.977
289.958
289.938
289.918
289.896
289.871
289.844
289.814
289.782
289.748
289.713
289.678
289.644
289.614
289.587
289.564
289.545
289.511
289.511
289.511
289.503
289.497
289.492
289.487
289.479
289.467
289.45
289.432
289.419
290.101
290.083
290.073
290.075
290.085
290.102
290.12
290.133
290.138
290.131
290.115
290.091
290.068
290.047
290.029
290.011
289.992
289.973
289.951
289.927
289.899
289.867
289.833
289.795
289.755
289.715
289.676
289.639
289.607
289.579
289.556
289.538
289.507
289.507
289.507
289.499
289.493
289.487
289.478
289.466
289.45
289.432
289.416
290.09
290.077
290.074
290.083
290.102
290.128
290.154
290.173
290.181
290.177
290.162
290.14
290.118
290.099
290.082
290.065
290.048
290.029
290.008
289.984
289.956
289.923
289.886
289.845
289.801
289.756
289.711
289.668
289.629
289.596
289.568
289.545
289.529
289.5
289.5
289.5
289.492
289.485
289.475
289.462
289.446
289.428
289.413
290.081
290.073
290.076
290.092
290.122
290.159
290.195
290.221
290.232
290.227
290.212
290.191
290.171
290.152
290.135
290.119
290.102
290.084
290.063
290.039
290.011
289.978
289.94
289.897
289.849
289.799
289.748
289.699
289.654
289.614
289.58
289.554
289.533
289.519
289.491
289.491
289.491
289.481
289.47
289.456
289.44
289.423
289.409
290.075
290.069
290.078
290.104
290.148
290.2
290.249
290.282
290.292
290.284
290.266
290.244
290.222
290.203
290.185
290.169
290.152
290.134
290.113
290.09
290.062
290.029
289.991
289.947
289.897
289.843
289.787
289.732
289.68
289.634
289.594
289.562
289.537
289.519
289.506
289.478
289.478
289.478
289.465
289.45
289.433
289.417
289.405
290.068
290.063
290.073
290.11
290.176
290.255
290.324
290.361
290.365
290.347
290.321
290.295
290.27
290.249
290.229
290.211
290.193
290.175
290.154
290.13
290.103
290.071
290.033
289.989
289.938
289.883
289.824
289.764
289.707
289.654
289.609
289.572
289.542
289.52
289.503
289.489
289.46
289.46
289.46
289.444
289.427
289.412
289.401
290.062
290.056
290.071
290.127
290.224
290.333
290.42
290.458
290.447
290.414
290.376
290.342
290.311
290.286
290.264
290.242
290.223
290.203
290.181
290.157
290.13
290.098
290.061
290.017
289.968
289.912
289.852
289.79
289.729
289.673
289.623
289.582
289.548
289.522
289.502
289.484
289.467
289.439
289.439
289.439
289.422
289.407
289.397
290.056
290.048
290.069
290.145
290.272
290.414
290.521
290.555
290.526
290.474
290.423
290.38
290.342
290.312
290.286
290.262
290.24
290.218
290.195
290.17
290.141
290.109
290.071
290.028
289.979
289.925
289.866
289.805
289.744
289.686
289.634
289.59
289.554
289.525
289.502
289.482
289.462
289.442
289.418
289.418
289.418
289.403
289.394
290.05
290.041
290.068
290.161
290.315
290.49
290.619
290.647
290.597
290.526
290.461
290.409
290.365
290.329
290.297
290.269
290.243
290.217
290.19
290.161
290.13
290.095
290.056
290.013
289.966
289.915
289.86
289.803
289.745
289.69
289.639
289.595
289.558
289.528
289.503
289.48
289.459
289.438
289.418
289.4
289.4
289.4
289.392
290.043
290.033
290.063
290.17
290.348
290.556
290.71
290.732
290.66
290.571
290.493
290.43
290.377
290.332
290.293
290.257
290.223
290.19
290.157
290.122
290.086
290.047
290.007
289.964
289.92
289.874
289.826
289.776
289.727
289.678
289.633
289.593
289.558
289.529
289.503
289.48
289.458
289.436
289.415
289.397
289.39
289.39
289.39
290.036
290.027
290.064
290.184
290.376
290.614
290.794
290.811
290.72
290.611
290.516
290.439
290.374
290.318
290.266
290.218
290.173
290.129
290.087
290.044
290.002
289.961
289.92
289.881
289.842
289.803
289.765
289.726
289.687
289.649
289.614
289.581
289.551
289.525
289.501
289.478
289.456
289.434
289.412
289.394
289.385
290.033
290.028
290.086
290.232
290.443
290.676
290.875
290.891
290.782
290.649
290.531
290.434
290.353
290.281
290.213
290.15
290.09
290.033
289.981
289.932
289.887
289.847
289.81
289.776
289.745
289.715
289.687
289.659
289.632
289.606
289.581
289.558
289.536
289.514
289.494
289.474
289.452
289.431
289.409
289.392
289.384
290.055
290.072
290.195
290.381
290.595
290.808
290.968
290.987
290.862
290.698
290.544
290.414
290.314
290.223
290.137
290.057
289.983
289.916
289.858
289.809
289.766
289.73
289.7
289.673
289.649
289.628
289.608
289.589
289.572
289.555
289.54
289.525
289.51
289.495
289.48
289.464
289.445
289.425
289.405
289.389
289.383
290.255
290.341
290.56
290.786
290.957
291.077
291.143
291.132
291.002
290.794
290.58
290.383
290.256
290.15
290.05
289.959
289.878
289.809
289.752
289.706
289.669
289.639
289.613
289.592
289.573
289.557
289.542
289.529
289.517
289.506
289.496
289.487
289.478
289.468
289.458
289.447
289.432
289.415
289.4
289.387
289.383
290.836
291.04
291.184
291.281
291.345
291.379
291.38
291.345
291.266
291.099
290.78
290.346
290.169
290.059
289.961
289.873
289.798
289.736
289.686
289.647
289.616
289.59
289.569
289.551
289.535
289.521
289.508
289.497
289.487
289.477
289.469
289.461
289.454
289.447
289.439
289.431
289.419
289.407
289.396
289.387
289.386
)
;
    }
}


// ************************************************************************* //
