/*--------------------------------*- C++ -*----------------------------------*\
| =========                 |                                                 |
| \\      /  F ield         | OpenFOAM: The Open Source CFD Toolbox           |
|  \\    /   O peration     | Version:  2.3.1                                 |
|   \\  /    A nd           | Web:      www.OpenFOAM.org                      |
|    \\/     M anipulation  |                                                 |
\*---------------------------------------------------------------------------*/
FoamFile
{
    version     2.0;
    format      ascii;
    class       labelList;
    location    "constant/polyMesh";
    object      cellProcAddressing;
}
// * * * * * * * * * * * * * * * * * * * * * * * * * * * * * * * * * * * * * //


6852
(
5
6
7
8
40
41
42
43
75
76
77
78
79
110
111
112
113
114
145
146
147
148
149
180
181
182
183
184
215
216
217
218
219
250
251
252
253
254
285
286
287
288
289
320
321
322
323
324
355
356
357
358
359
390
391
392
393
394
425
426
427
428
429
460
461
462
463
464
495
496
497
498
499
530
531
532
533
534
565
566
567
568
569
600
601
602
603
604
635
636
637
638
639
670
671
672
673
674
705
706
707
708
709
740
741
742
743
744
775
776
777
778
779
810
811
812
813
814
845
846
847
848
849
880
881
882
883
884
915
916
917
918
919
950
951
952
953
954
985
986
987
988
989
1020
1021
1022
1023
1024
1055
1056
1057
1058
1059
1090
1091
1092
1093
1094
1125
1126
1127
1128
1129
1160
1161
1162
1163
1164
1195
1196
1197
1198
1199
1230
1231
1232
1233
1234
1265
1266
1267
1268
1269
1300
1301
1302
1303
1304
1335
1336
1337
1338
1339
1370
1371
1372
1373
1374
1405
1406
1407
1408
1409
1440
1441
1442
1443
1475
1476
1477
1478
1510
1511
1512
1513
1545
1546
1547
1548
1549
1580
1581
1582
1583
1584
1615
1616
1617
1618
1619
1650
1651
1652
1653
1654
1685
1686
1687
1688
1689
1720
1721
1722
1723
1724
1755
1756
1757
1758
1759
1790
1791
1792
1793
1794
1825
1826
1827
1828
1829
1860
1861
1862
1863
1864
1895
1896
1897
1898
1899
1930
1931
1932
1933
1934
1965
1966
1967
1968
1969
2000
2001
2002
2003
2004
2035
2036
2037
2038
2039
2070
2071
2072
2073
2074
2105
2106
2107
2108
2109
2140
2141
2142
2143
2144
2175
2176
2177
2178
2179
2210
2211
2212
2213
2214
2245
2246
2247
2248
2249
2280
2281
2282
2283
2284
2315
2316
2317
2318
2319
2350
2351
2352
2353
2354
2385
2386
2387
2388
2389
2420
2421
2422
2423
2424
2455
2456
2457
2458
2459
2490
2491
2492
2493
2494
2525
2526
2527
2528
2529
2560
2561
2562
2563
2564
2595
2596
2597
2598
2599
2630
2631
2632
2633
2634
2665
2666
2667
2668
2669
2700
2701
2702
2703
2704
2735
2736
2737
2738
2739
2770
2771
2772
2773
2774
2805
2806
2807
2808
2809
2840
2841
2842
2843
2844
2875
2876
2877
2878
2910
2911
2912
2913
2945
2946
2947
2948
2980
2981
2982
2983
3015
3016
3017
3018
3019
3050
3051
3052
3053
3054
3085
3086
3087
3088
3089
3120
3121
3122
3123
3124
3155
3156
3157
3158
3159
3190
3191
3192
3193
3194
3225
3226
3227
3228
3229
3260
3261
3262
3263
3264
3295
3296
3297
3298
3299
3330
3331
3332
3333
3334
3365
3366
3367
3368
3369
3400
3401
3402
3403
3404
3435
3436
3437
3438
3439
3470
3471
3472
3473
3474
3505
3506
3507
3508
3509
3540
3541
3542
3543
3544
3575
3576
3577
3578
3579
3610
3611
3612
3613
3614
3645
3646
3647
3648
3649
3680
3681
3682
3683
3684
3715
3716
3717
3718
3719
3750
3751
3752
3753
3754
3785
3786
3787
3788
3789
3820
3821
3822
3823
3824
3855
3856
3857
3858
3859
3890
3891
3892
3893
3894
3925
3926
3927
3928
3929
3960
3961
3962
3963
3964
3995
3996
3997
3998
3999
4030
4031
4032
4033
4034
4065
4066
4067
4068
4069
4100
4101
4102
4103
4104
4135
4136
4137
4138
4139
4170
4171
4172
4173
4174
4205
4206
4207
4208
4209
4240
4241
4242
4243
4244
4275
4276
4277
4278
4279
4310
4311
4312
4313
4345
4346
4347
4348
4380
4381
4382
4383
4415
4416
4417
4418
4450
4451
4452
4453
4485
4486
4487
4488
4489
4520
4521
4522
4523
4524
4555
4556
4557
4558
4559
4590
4591
4592
4593
4594
4625
4626
4627
4628
4629
4660
4661
4662
4663
4664
4695
4696
4697
4698
4699
4730
4731
4732
4733
4734
4765
4766
4767
4768
4769
4800
4801
4802
4803
4804
4835
4836
4837
4838
4839
4870
4871
4872
4873
4874
4905
4906
4907
4908
4909
4940
4941
4942
4943
4944
4975
4976
4977
4978
4979
5010
5011
5012
5013
5014
5045
5046
5047
5048
5049
5080
5081
5082
5083
5084
5115
5116
5117
5118
5119
5150
5151
5152
5153
5154
5185
5186
5187
5188
5189
5220
5221
5222
5223
5224
5255
5256
5257
5258
5259
5290
5291
5292
5293
5294
5325
5326
5327
5328
5329
5360
5361
5362
5363
5364
5395
5396
5397
5398
5399
5430
5431
5432
5433
5434
5465
5466
5467
5468
5469
5500
5501
5502
5503
5504
5535
5536
5537
5538
5539
5570
5571
5572
5573
5574
5605
5606
5607
5608
5609
5640
5641
5642
5643
5644
5675
5676
5677
5678
5679
5710
5711
5712
5713
5714
5745
5746
5747
5748
5780
5781
5782
5783
5815
5816
5817
5818
5850
5851
5852
5853
5885
5886
5887
5888
5920
5921
5922
5923
5955
5956
5957
5958
5959
5990
5991
5992
5993
5994
6025
6026
6027
6028
6029
6060
6061
6062
6063
6064
6095
6096
6097
6098
6099
6130
6131
6132
6133
6134
6165
6166
6167
6168
6169
6200
6201
6202
6203
6204
6235
6236
6237
6238
6239
6270
6271
6272
6273
6274
6305
6306
6307
6308
6309
6340
6341
6342
6343
6344
6375
6376
6377
6378
6379
6410
6411
6412
6413
6414
6445
6446
6447
6448
6449
6480
6481
6482
6483
6484
6515
6516
6517
6518
6519
6550
6551
6552
6553
6554
6585
6586
6587
6588
6589
6620
6621
6622
6623
6624
6655
6656
6657
6658
6659
6690
6691
6692
6693
6694
6725
6726
6727
6728
6729
6760
6761
6762
6763
6764
6795
6796
6797
6798
6799
6830
6831
6832
6833
6834
6865
6866
6867
6868
6869
6900
6901
6902
6903
6904
6935
6936
6937
6938
6939
6970
6971
6972
6973
6974
7005
7006
7007
7008
7009
7040
7041
7042
7043
7044
7075
7076
7077
7078
7079
7110
7111
7112
7113
7114
7145
7146
7147
7148
7149
7180
7181
7182
7183
7215
7216
7217
7218
7250
7251
7252
7253
7285
7286
7287
7288
7320
7321
7322
7323
7355
7356
7357
7358
7390
7391
7392
7393
7425
7426
7427
7428
7429
7460
7461
7462
7463
7464
7495
7496
7497
7498
7499
7530
7531
7532
7533
7534
7565
7566
7567
7568
7569
7600
7601
7602
7603
7604
7635
7636
7637
7638
7639
7670
7671
7672
7673
7674
7705
7706
7707
7708
7709
7740
7741
7742
7743
7744
7775
7776
7777
7778
7779
7810
7811
7812
7813
7814
7845
7846
7847
7848
7849
7880
7881
7882
7883
7884
7915
7916
7917
7918
7919
7950
7951
7952
7953
7954
7985
7986
7987
7988
7989
8020
8021
8022
8023
8024
8055
8056
8057
8058
8059
8090
8091
8092
8093
8094
8125
8126
8127
8128
8129
8160
8161
8162
8163
8164
8195
8196
8197
8198
8199
8230
8231
8232
8233
8234
8265
8266
8267
8268
8269
8300
8301
8302
8303
8304
8335
8336
8337
8338
8339
8370
8371
8372
8373
8374
8405
8406
8407
8408
8409
8440
8441
8442
8443
8444
8475
8476
8477
8478
8479
8510
8511
8512
8513
8514
8545
8546
8547
8548
8549
8580
8581
8582
8583
8584
8610
8611
8630
8631
8650
8651
8670
8671
8690
8691
8710
8711
8712
8730
8731
8732
8750
8751
8752
8806
8807
8826
8827
8846
8847
8866
8867
8886
8887
8906
8907
8926
8927
8928
8946
8947
8948
9006
9007
9008
9009
9010
9041
9042
9043
9044
9045
9076
9077
9078
9079
9080
9112
9113
9127
9128
9142
9143
9157
9158
9172
9173
9187
9188
9202
9203
9217
9218
9232
9233
9234
9235
9236
9267
9268
9269
9270
9271
9302
9303
9304
9305
9306
9337
9338
9339
9340
9341
9372
9373
9374
9375
9376
9407
9408
9409
9410
9411
9442
9443
9444
9445
9446
9477
9478
9479
9480
9481
9512
9513
9514
9515
9516
9547
9548
9549
9550
9551
9582
9583
9584
9585
9586
9617
9618
9619
9620
9621
9652
9653
9654
9655
9656
9681
9682
9683
9684
9685
9710
9711
9712
9713
9714
9739
9740
9741
9742
9743
9768
9769
9770
9771
9772
9797
9798
9799
9800
9801
9826
9827
9828
9829
9830
9855
9856
9857
9858
9859
9884
9885
9886
9887
9888
9919
9920
9921
9922
9923
9954
9955
9956
9957
9958
9989
9990
9991
9992
9993
10024
10025
10026
10027
10028
10059
10060
10061
10062
10063
10094
10095
10096
10097
10098
10129
10130
10131
10132
10133
10164
10165
10166
10167
10168
10199
10200
10201
10202
10203
10233
10234
10235
10236
10237
10268
10269
10270
10271
10272
10303
10304
10305
10306
10307
10338
10339
10340
10354
10355
10369
10370
10384
10385
10399
10400
10414
10415
10429
10430
10444
10445
10459
10460
10461
10462
10463
10494
10495
10496
10497
10498
10529
10530
10531
10532
10533
10564
10565
10566
10567
10568
10599
10600
10601
10602
10603
10634
10635
10636
10637
10638
10669
10670
10671
10672
10673
10704
10705
10706
10707
10708
10739
10740
10741
10742
10743
10774
10775
10776
10777
10778
10809
10810
10811
10812
10813
10844
10845
10846
10847
10848
10879
10880
10881
10882
10883
10908
10909
10910
10911
10912
10937
10938
10939
10940
10941
10966
10967
10968
10969
10970
10995
10996
10997
10998
10999
11024
11025
11026
11027
11028
11053
11054
11055
11056
11057
11082
11083
11084
11085
11086
11111
11112
11113
11114
11115
11146
11147
11148
11149
11150
11181
11182
11183
11184
11185
11216
11217
11218
11219
11220
11251
11252
11253
11254
11255
11286
11287
11288
11289
11290
11321
11322
11323
11324
11325
11356
11357
11358
11359
11360
11391
11392
11393
11394
11395
11426
11427
11428
11429
11430
11460
11461
11462
11463
11464
11495
11496
11497
11498
11499
11530
11531
11532
11533
11534
11565
11566
11567
11580
11581
11582
11596
11597
11611
11612
11626
11627
11641
11642
11656
11657
11671
11672
11686
11687
11688
11689
11721
11722
11723
11724
11725
11756
11757
11758
11759
11760
11791
11792
11793
11794
11795
11826
11827
11828
11829
11830
11861
11862
11863
11864
11865
11896
11897
11898
11899
11900
11931
11932
11933
11934
11935
11966
11967
11968
11969
11970
12001
12002
12003
12004
12005
12036
12037
12038
12039
12040
12071
12072
12073
12074
12075
12106
12107
12108
12109
12110
12135
12136
12137
12138
12139
12164
12165
12166
12167
12168
12193
12194
12195
12196
12197
12222
12223
12224
12225
12226
12251
12252
12253
12254
12255
12280
12281
12282
12283
12284
12309
12310
12311
12312
12313
12338
12339
12340
12341
12342
12373
12374
12375
12376
12377
12408
12409
12410
12411
12412
12443
12444
12445
12446
12447
12478
12479
12480
12481
12482
12513
12514
12515
12516
12517
12548
12549
12550
12551
12552
12583
12584
12585
12586
12587
12618
12619
12620
12621
12622
12653
12654
12655
12656
12657
12687
12688
12689
12690
12691
12722
12723
12724
12725
12726
12757
12758
12759
12760
12761
12792
12793
12794
12807
12808
12809
12822
12823
12824
12838
12839
12853
12854
12868
12869
12883
12884
12898
12899
12913
12914
12915
12916
12948
12949
12950
12951
12983
12984
12985
12986
12987
13018
13019
13020
13021
13022
13053
13054
13055
13056
13057
13088
13089
13090
13091
13092
13123
13124
13125
13126
13127
13158
13159
13160
13161
13162
13193
13194
13195
13196
13197
13228
13229
13230
13231
13232
13263
13264
13265
13266
13267
13298
13299
13300
13301
13302
13333
13334
13335
13336
13337
13362
13363
13364
13365
13366
13391
13392
13393
13394
13395
13420
13421
13422
13423
13424
13449
13450
13451
13452
13453
13478
13479
13480
13481
13482
13507
13508
13509
13510
13511
13536
13537
13538
13539
13540
13565
13566
13567
13568
13569
13600
13601
13602
13603
13604
13635
13636
13637
13638
13639
13670
13671
13672
13673
13674
13705
13706
13707
13708
13709
13740
13741
13742
13743
13744
13775
13776
13777
13778
13779
13810
13811
13812
13813
13814
13845
13846
13847
13848
13849
13880
13881
13882
13883
13884
13914
13915
13916
13917
13918
13949
13950
13951
13952
13953
13984
13985
13986
13987
13988
14019
14020
14021
14034
14035
14036
14049
14050
14051
14064
14065
14066
14080
14081
14095
14096
14110
14111
14125
14126
14140
14141
14142
14143
14175
14176
14177
14178
14210
14211
14212
14213
14245
14246
14247
14248
14249
14280
14281
14282
14283
14284
14315
14316
14317
14318
14319
14350
14351
14352
14353
14354
14385
14386
14387
14388
14389
14420
14421
14422
14423
14424
14455
14456
14457
14458
14459
14490
14491
14492
14493
14494
14525
14526
14527
14528
14529
14560
14561
14562
14563
14564
14589
14590
14591
14592
14593
14618
14619
14620
14621
14622
14647
14648
14649
14650
14651
14676
14677
14678
14679
14680
14705
14706
14707
14708
14709
14734
14735
14736
14737
14738
14763
14764
14765
14766
14767
14792
14793
14794
14795
14796
14827
14828
14829
14830
14831
14862
14863
14864
14865
14866
14897
14898
14899
14900
14901
14932
14933
14934
14935
14936
14967
14968
14969
14970
14971
15002
15003
15004
15005
15006
15037
15038
15039
15040
15041
15072
15073
15074
15075
15076
15107
15108
15109
15110
15111
15141
15142
15143
15144
15145
15176
15177
15178
15179
15180
15211
15212
15213
15214
15215
15246
15247
15248
15261
15262
15263
15276
15277
15278
15291
15292
15293
15306
15307
15308
15322
15323
15337
15338
15352
15353
15367
15368
15369
15370
15402
15403
15404
15405
15437
15438
15439
15440
15472
15473
15474
15475
15507
15508
15509
15510
15511
15542
15543
15544
15545
15546
15577
15578
15579
15580
15581
15612
15613
15614
15615
15616
15647
15648
15649
15650
15651
15682
15683
15684
15685
15686
15717
15718
15719
15720
15721
15752
15753
15754
15755
15756
15787
15788
15789
15790
15791
15816
15817
15818
15819
15820
15845
15846
15847
15848
15849
15874
15875
15876
15877
15878
15903
15904
15905
15906
15907
15932
15933
15934
15935
15936
15961
15962
15963
15964
15965
15990
15991
15992
15993
15994
16019
16020
16021
16022
16023
16054
16055
16056
16057
16058
16089
16090
16091
16092
16093
16124
16125
16126
16127
16128
16159
16160
16161
16162
16163
16194
16195
16196
16197
16198
16229
16230
16231
16232
16233
16264
16265
16266
16267
16268
16299
16300
16301
16302
16303
16334
16335
16336
16337
16338
16368
16369
16370
16371
16372
16403
16404
16405
16406
16407
16438
16439
16440
16441
16442
16473
16474
16475
16488
16489
16490
16503
16504
16505
16518
16519
16520
16533
16534
16535
16548
16549
16550
16564
16565
16579
16580
16594
16595
16596
16597
16629
16630
16631
16632
16664
16665
16666
16667
16699
16700
16701
16702
16734
16735
16736
16737
16769
16770
16771
16772
16773
16804
16805
16806
16807
16808
16839
16840
16841
16842
16843
16874
16875
16876
16877
16878
16909
16910
16911
16912
16913
16944
16945
16946
16947
16948
16979
16980
16981
16982
16983
17014
17015
17016
17017
17018
17043
17044
17045
17046
17047
17072
17073
17074
17075
17076
17101
17102
17103
17104
17105
17130
17131
17132
17133
17134
17159
17160
17161
17162
17163
17188
17189
17190
17191
17192
17217
17218
17219
17220
17221
17246
17247
17248
17249
17250
17281
17282
17283
17284
17285
17316
17317
17318
17319
17320
17351
17352
17353
17354
17355
17386
17387
17388
17389
17390
17421
17422
17423
17424
17425
17456
17457
17458
17459
17460
17491
17492
17493
17494
17495
17526
17527
17528
17529
17530
17561
17562
17563
17564
17565
17595
17596
17597
17598
17599
17630
17631
17632
17633
17634
17665
17666
17667
17668
17669
17700
17701
17702
17715
17716
17717
17730
17731
17732
17745
17746
17747
17760
17761
17762
17775
17776
17777
17790
17791
17792
17806
17807
17821
17822
17823
17824
17856
17857
17858
17859
17891
17892
17893
17894
17926
17927
17928
17929
17961
17962
17963
17964
17996
17997
17998
17999
18031
18032
18033
18034
18035
18066
18067
18068
18069
18070
18101
18102
18103
18104
18105
18136
18137
18138
18139
18140
18171
18172
18173
18174
18175
18206
18207
18208
18209
18210
18241
18242
18243
18244
18245
18270
18271
18272
18273
18274
18299
18300
18301
18302
18303
18328
18329
18330
18331
18332
18357
18358
18359
18360
18361
18386
18387
18388
18389
18390
18415
18416
18417
18418
18419
18444
18445
18446
18447
18448
18473
18474
18475
18476
18477
18508
18509
18510
18511
18512
18543
18544
18545
18546
18547
18578
18579
18580
18581
18582
18613
18614
18615
18616
18617
18648
18649
18650
18651
18652
18683
18684
18685
18686
18687
18718
18719
18720
18721
18722
18753
18754
18755
18756
18757
18788
18789
18790
18791
18792
18822
18823
18824
18825
18826
18857
18858
18859
18860
18861
18892
18893
18894
18895
18896
18927
18928
18929
18942
18943
18944
18957
18958
18959
18972
18973
18974
18987
18988
18989
19002
19003
19004
19017
19018
19019
19032
19033
19034
19048
19049
19050
19051
19083
19084
19085
19086
19118
19119
19120
19121
19153
19154
19155
19156
19188
19189
19190
19191
19223
19224
19225
19226
19258
19259
19260
19261
19293
19294
19295
19296
19297
19328
19329
19330
19331
19332
19363
19364
19365
19366
19367
19398
19399
19400
19401
19402
19433
19434
19435
19436
19437
19468
19469
19470
19471
19472
19497
19498
19499
19500
19501
19526
19527
19528
19529
19530
19555
19556
19557
19558
19559
19584
19585
19586
19587
19588
19613
19614
19615
19616
19617
19642
19643
19644
19645
19646
19671
19672
19673
19674
19675
19700
19701
19702
19703
19704
19735
19736
19737
19738
19739
19770
19771
19772
19773
19774
19805
19806
19807
19808
19809
19840
19841
19842
19843
19844
19875
19876
19877
19878
19879
19910
19911
19912
19913
19914
19945
19946
19947
19948
19949
19980
19981
19982
19983
19984
20015
20016
20017
20018
20019
20049
20050
20051
20052
20053
20084
20085
20086
20087
20088
20119
20120
20121
20122
20123
20154
20155
20156
20169
20170
20171
20184
20185
20186
20199
20200
20201
20214
20215
20216
20229
20230
20231
20244
20245
20246
20259
20260
20261
20274
20275
20276
20277
20278
20310
20311
20312
20313
20345
20346
20347
20348
20380
20381
20382
20383
20415
20416
20417
20418
20450
20451
20452
20453
20485
20486
20487
20488
20520
20521
20522
20523
20555
20556
20557
20558
20559
20590
20591
20592
20593
20594
20625
20626
20627
20628
20629
20660
20661
20662
20663
20664
20695
20696
20697
20698
20699
20724
20725
20726
20727
20728
20753
20754
20755
20756
20757
20782
20783
20784
20785
20786
20811
20812
20813
20814
20815
20840
20841
20842
20843
20844
20869
20870
20871
20872
20873
20898
20899
20900
20901
20902
20927
20928
20929
20930
20931
20962
20963
20964
20965
20966
20997
20998
20999
21000
21001
21032
21033
21034
21035
21036
21067
21068
21069
21070
21071
21102
21103
21104
21105
21106
21137
21138
21139
21140
21141
21172
21173
21174
21175
21176
21207
21208
21209
21210
21211
21242
21243
21244
21245
21246
21276
21277
21278
21279
21280
21311
21312
21313
21314
21315
21346
21347
21348
21349
21350
21381
21382
21383
21396
21397
21398
21411
21412
21413
21426
21427
21428
21441
21442
21443
21456
21457
21458
21471
21472
21473
21486
21487
21488
21501
21502
21503
21504
21505
21536
21537
21538
21539
21540
21572
21573
21574
21575
21607
21608
21609
21610
21642
21643
21644
21645
21677
21678
21679
21680
21712
21713
21714
21715
21747
21748
21749
21750
21782
21783
21784
21785
21817
21818
21819
21820
21821
21852
21853
21854
21855
21856
21887
21888
21889
21890
21891
21922
21923
21924
21925
21926
21951
21952
21953
21954
21955
21980
21981
21982
21983
21984
22009
22010
22011
22012
22013
22038
22039
22040
22041
22042
22067
22068
22069
22070
22071
22096
22097
22098
22099
22100
22125
22126
22127
22128
22129
22154
22155
22156
22157
22158
22189
22190
22191
22192
22193
22224
22225
22226
22227
22228
22259
22260
22261
22262
22263
22294
22295
22296
22297
22298
22329
22330
22331
22332
22333
22364
22365
22366
22367
22368
22399
22400
22401
22402
22403
22434
22435
22436
22437
22438
22469
22470
22471
22472
22473
22503
22504
22505
22506
22507
22538
22539
22540
22541
22542
22573
22574
22575
22576
22577
22608
22609
22610
22623
22624
22625
22638
22639
22640
22653
22654
22655
22668
22669
22670
22683
22684
22685
22698
22699
22700
22713
22714
22715
22728
22729
22730
22731
22732
22763
22764
22765
22766
22767
22798
22799
22800
22801
22802
22834
22835
22836
22837
22869
22870
22871
22872
22904
22905
22906
22907
22939
22940
22941
22942
22974
22975
22976
22977
23009
23010
23011
23012
23044
23045
23046
23047
23079
23080
23081
23082
23083
23114
23115
23116
23117
23118
23149
23150
23151
23152
23153
23178
23179
23180
23181
23182
23207
23208
23209
23210
23211
23236
23237
23238
23239
23240
23265
23266
23267
23268
23269
23294
23295
23296
23297
23298
23323
23324
23325
23326
23327
23352
23353
23354
23355
23356
23381
23382
23383
23384
23385
23416
23417
23418
23419
23420
23451
23452
23453
23454
23455
23486
23487
23488
23489
23490
23521
23522
23523
23524
23525
23556
23557
23558
23559
23560
23591
23592
23593
23594
23595
23626
23627
23628
23629
23630
23661
23662
23663
23664
23665
23696
23697
23698
23699
23700
23730
23731
23732
23733
23734
23765
23766
23767
23768
23769
23800
23801
23802
23803
23804
23835
23836
23837
23850
23851
23852
23865
23866
23867
23880
23881
23882
23895
23896
23897
23910
23911
23912
23925
23926
23927
23940
23941
23942
23955
23956
23957
23958
23959
23990
23991
23992
23993
23994
24025
24026
24027
24028
24029
24060
24061
24062
24063
24064
24096
24097
24098
24099
24131
24132
24133
24134
24166
24167
24168
24169
24201
24202
24203
24204
24236
24237
24238
24239
24271
24272
24273
24274
24306
24307
24308
24309
24341
24342
24343
24344
24345
24376
24377
24378
24379
24380
24405
24406
24407
24408
24409
24434
24435
24436
24437
24438
24463
24464
24465
24466
24467
24492
24493
24494
24495
24496
24521
24522
24523
24524
24525
24550
24551
24552
24553
24554
24579
24580
24581
24582
24583
24608
24609
24610
24611
24612
24643
24644
24645
24646
24647
24678
24679
24680
24681
24682
24713
24714
24715
24716
24717
24748
24749
24750
24751
24752
24783
24784
24785
24786
24787
24818
24819
24820
24821
24822
24853
24854
24855
24856
24857
24888
24889
24890
24891
24892
24923
24924
24925
24926
24927
24957
24958
24959
24960
24961
24992
24993
24994
24995
24996
25027
25028
25029
25030
25031
25062
25063
25064
25077
25078
25079
25092
25093
25094
25107
25108
25109
25122
25123
25124
25137
25138
25139
25152
25153
25154
25167
25168
25169
25182
25183
25184
25185
25186
25217
25218
25219
25220
25221
25252
25253
25254
25255
25256
25287
25288
25289
25290
25291
25322
25323
25324
25325
25326
25358
25359
25360
25361
25393
25394
25395
25396
25428
25429
25430
25431
25463
25464
25465
25466
25498
25499
25500
25501
25533
25534
25535
25536
25568
25569
25570
25571
25603
25604
25605
25606
25607
25632
25633
25634
25635
25636
25661
25662
25663
25664
25665
25690
25691
25692
25693
25694
25719
25720
25721
25722
25723
25748
25749
25750
25751
25752
25777
25778
25779
25780
25781
25806
25807
25808
25809
25810
25835
25836
25837
25838
25839
25870
25871
25872
25873
25874
25905
25906
25907
25908
25909
25940
25941
25942
25943
25944
25975
25976
25977
25978
25979
26010
26011
26012
26013
26014
26045
26046
26047
26048
26049
26080
26081
26082
26083
26084
26115
26116
26117
26118
26119
26150
26151
26152
26153
26154
26184
26185
26186
26187
26188
26219
26220
26221
26222
26223
26254
26255
26256
26257
26258
26289
26290
26291
26304
26305
26306
26319
26320
26321
26334
26335
26336
26349
26350
26351
26364
26365
26366
26379
26380
26381
26394
26395
26396
26409
26410
26411
26412
26413
26444
26445
26446
26447
26448
26479
26480
26481
26482
26483
26514
26515
26516
26517
26518
26549
26550
26551
26552
26553
26584
26585
26586
26587
26588
26620
26621
26622
26623
26655
26656
26657
26658
26690
26691
26692
26693
26725
26726
26727
26728
26760
26761
26762
26763
26795
26796
26797
26798
26830
26831
26832
26833
26859
26860
26861
26862
26863
26888
26889
26890
26891
26892
26917
26918
26919
26920
26921
26946
26947
26948
26949
26950
26975
26976
26977
26978
26979
27004
27005
27006
27007
27008
27033
27034
27035
27036
27037
27062
27063
27064
27065
27066
27097
27098
27099
27100
27101
27132
27133
27134
27135
27136
27167
27168
27169
27170
27171
27202
27203
27204
27205
27206
27237
27238
27239
27240
27241
27272
27273
27274
27275
27276
27307
27308
27309
27310
27311
27342
27343
27344
27345
27346
27377
27378
27379
27380
27381
27411
27412
27413
27414
27415
27446
27447
27448
27449
27450
27481
27482
27483
27484
27485
27516
27517
27518
27531
27532
27533
27546
27547
27548
27561
27562
27563
27576
27577
27578
27591
27592
27593
27606
27607
27608
27621
27622
27623
27636
27637
27638
27639
27640
27671
27672
27673
27674
27675
27706
27707
27708
27709
27710
27741
27742
27743
27744
27745
27776
27777
27778
27779
27780
27811
27812
27813
27814
27815
27846
27847
27848
27849
27850
27882
27883
27884
27885
27917
27918
27919
27920
27952
27953
27954
27955
27987
27988
27989
27990
28022
28023
28024
28025
28057
28058
28059
28060
28086
28087
28088
28089
28115
28116
28117
28118
28119
28144
28145
28146
28147
28148
28173
28174
28175
28176
28177
28202
28203
28204
28205
28206
28231
28232
28233
28234
28235
28260
28261
28262
28263
28264
28289
28290
28291
28292
28293
28324
28325
28326
28327
28328
28359
28360
28361
28362
28363
28394
28395
28396
28397
28398
28429
28430
28431
28432
28433
28464
28465
28466
28467
28468
28499
28500
28501
28502
28503
28534
28535
28536
28537
28538
28569
28570
28571
28572
28573
28604
28605
28606
28607
28608
28638
28639
28640
28641
28642
28673
28674
28675
28676
28677
28708
28709
28710
28711
28712
28743
28744
28745
28758
28759
28760
28773
28774
28775
28788
28789
28790
28803
28804
28805
28818
28819
28820
28833
28834
28835
28848
28849
28850
28863
28864
28865
28866
28867
28898
28899
28900
28901
28902
28933
28934
28935
28936
28937
28968
28969
28970
28971
28972
29003
29004
29005
29006
29007
29038
29039
29040
29041
29042
29073
29074
29075
29076
29077
29108
29109
29110
29111
29112
29144
29145
29146
29147
29179
29180
29181
29182
29214
29215
29216
29217
29249
29250
29251
29252
29284
29285
29286
29287
29313
29314
29315
29316
29342
29343
29344
29345
29371
29372
29373
29374
29375
29400
29401
29402
29403
29404
29429
29430
29431
29432
29433
29458
29459
29460
29461
29462
29487
29488
29489
29490
29491
29516
29517
29518
29519
29520
29551
29552
29553
29554
29555
29586
29587
29588
29589
29590
29621
29622
29623
29624
29625
29656
29657
29658
29659
29660
29691
29692
29693
29694
29695
29726
29727
29728
29729
29730
29761
29762
29763
29764
29765
29796
29797
29798
29799
29800
29831
29832
29833
29834
29835
29865
29866
29867
29868
29869
29900
29901
29902
29903
29904
29935
29936
29937
29938
29939
29970
29971
29972
29985
29986
29987
30000
30001
30002
30015
30016
30017
30030
30031
30032
30045
30046
30047
30060
30061
30062
30075
30076
30077
30090
30091
30092
30093
30094
30125
30126
30127
30128
30129
30160
30161
30162
30163
30164
30195
30196
30197
30198
30199
30230
30231
30232
30233
30234
30265
30266
30267
30268
30269
30300
30301
30302
30303
30304
30335
30336
30337
30338
30339
30370
30371
30372
30373
30374
30406
30407
30408
30409
30441
30442
30443
30444
30476
30477
30478
30479
30511
30512
30513
30514
30540
30541
30542
30543
30569
30570
30571
30572
30598
30599
30600
30601
30627
30628
30629
30630
30631
30656
30657
30658
30659
30660
30685
30686
30687
30688
30689
30714
30715
30716
30717
30718
30743
30744
30745
30746
30747
30778
30779
30780
30781
30782
30813
30814
30815
30816
30817
30848
30849
30850
30851
30852
30883
30884
30885
30886
30887
30918
30919
30920
30921
30922
30953
30954
30955
30956
30957
30988
30989
30990
30991
30992
31023
31024
31025
31026
31027
31058
31059
31060
31061
31062
31092
31093
31094
31095
31096
31127
31128
31129
31130
31131
31162
31163
31164
31165
31166
31197
31198
31199
31212
31213
31214
31227
31228
31229
31242
31243
31244
31257
31258
31259
31272
31273
31274
31287
31288
31289
31302
31303
31304
31317
31318
31319
31320
31321
31352
31353
31354
31355
31356
31387
31388
31389
31390
31391
31422
31423
31424
31425
31426
31457
31458
31459
31460
31461
31492
31493
31494
31495
31496
31527
31528
31529
31530
31531
31562
31563
31564
31565
31566
31597
31598
31599
31600
31601
31632
31633
31634
31635
31636
31668
31669
31670
31671
31703
31704
31705
31706
31738
31739
31740
31741
31767
31768
31769
31770
31796
31797
31798
31799
31825
31826
31827
31828
31854
31855
31856
31857
31883
31884
31885
31886
31887
31912
31913
31914
31915
31916
31941
31942
31943
31944
31945
31970
31971
31972
31973
31974
32005
32006
32007
32008
32009
32040
32041
32042
32043
32044
32075
32076
32077
32078
32079
32110
32111
32112
32113
32114
32145
32146
32147
32148
32149
32180
32181
32182
32183
32184
32215
32216
32217
32218
32219
32250
32251
32252
32253
32254
32285
32286
32287
32288
32289
32319
32320
32321
32322
32323
32354
32355
32356
32357
32358
32389
32390
32391
32392
32393
32424
32425
32426
32439
32440
32441
32454
32455
32456
32469
32470
32471
32484
32485
32486
32499
32500
32501
32514
32515
32516
32529
32530
32531
32544
32545
32546
32547
32548
32579
32580
32581
32582
32583
32614
32615
32616
32617
32618
32649
32650
32651
32652
32653
32684
32685
32686
32687
32688
32719
32720
32721
32722
32723
32754
32755
32756
32757
32758
32789
32790
32791
32792
32793
32824
32825
32826
32827
32828
32859
32860
32861
32862
32863
32894
32895
32896
32897
32898
32930
32931
32932
32933
32965
32966
32967
32968
32994
32995
32996
32997
33023
33024
33025
33026
33052
33053
33054
33055
33081
33082
33083
33084
33110
33111
33112
33113
33139
33140
33141
33142
33143
33168
33169
33170
33171
33172
33197
33198
33199
33200
33201
33232
33233
33234
33235
33236
33267
33268
33269
33270
33271
33302
33303
33304
33305
33306
33337
33338
33339
33340
33341
33372
33373
33374
33375
33376
33407
33408
33409
33410
33411
33442
33443
33444
33445
33446
33477
33478
33479
33480
33481
33512
33513
33514
33515
33516
33546
33547
33548
33549
33550
33581
33582
33583
33584
33585
33616
33617
33618
33619
33620
33651
33652
33653
33654
33655
33686
33687
33688
33689
33690
33721
33722
33723
33724
33725
33756
33757
33758
33759
33760
33791
33792
33793
33794
33795
33826
33827
33828
33829
33830
33861
33862
33863
33864
33865
33896
33897
33898
33899
33900
33931
33932
33933
33934
33935
33966
33967
33968
33969
33970
34001
34002
34003
34004
34005
34036
34037
34038
34039
34040
34071
34072
34073
34074
34075
34106
34107
34108
34109
34110
34141
34142
34143
34144
34145
34176
34177
34178
34179
34180
34211
34212
34213
34214
34215
34246
34247
34248
34249
34250
34281
34282
34283
34284
34285
34316
34317
34318
34319
34320
34352
34353
34354
34355
34387
34388
34389
34390
34422
34423
34424
34425
34457
34458
34459
34460
34492
34493
34494
34495
34527
34528
34529
34530
34562
34563
34564
34565
34597
34598
34599
34600
34632
34633
34634
34635
34636
34667
34668
34669
34670
34671
34702
34703
34704
34705
34706
34737
34738
34739
34740
34741
34772
34773
34774
34775
34776
34807
34808
34809
34810
34811
34842
34843
34844
34845
34846
34877
34878
34879
34880
34881
34912
34913
34914
34915
34916
34947
34948
34949
34950
34951
34981
34982
34983
34984
34985
35016
35017
35018
35019
35020
35051
35052
35053
35054
35055
35086
35087
35088
35089
35090
35121
35122
35123
35124
35125
35156
35157
35158
35159
35160
35191
35192
35193
35194
35195
35226
35227
35228
35229
35230
35261
35262
35263
35264
35265
35296
35297
35298
35299
35300
35331
35332
35333
35334
35335
35366
35367
35368
35369
35370
35401
35402
35403
35404
35405
35436
35437
35438
35439
35440
35471
35472
35473
35474
35475
35506
35507
35508
35509
35510
35541
35542
35543
35544
35545
35576
35577
35578
35579
35580
35611
35612
35613
35614
35615
35646
35647
35648
35649
35650
35681
35682
35683
35684
35685
35716
35717
35718
35719
35720
35751
35752
35753
35754
35755
35786
35787
35788
35789
35790
35822
35823
35824
35825
35857
35858
35859
35860
35892
35893
35894
35895
35927
35928
35929
35930
35962
35963
35964
35965
35997
35998
35999
36000
36032
36033
36034
36035
36067
36068
36069
36070
36102
36103
36104
36105
36106
36137
36138
36139
36140
36141
36172
36173
36174
36175
36176
36207
36208
36209
36210
36211
36242
36243
36244
36245
36246
36277
36278
36279
36280
36281
36312
36313
36314
36315
36316
36347
36348
36349
36350
36351
36382
36383
36384
36385
36386
36416
36417
36418
36419
36420
36451
36452
36453
36454
36455
36486
36487
36488
36489
36490
36521
36522
36523
36524
36525
36556
36557
36558
36559
36560
36591
36592
36593
36594
36595
36626
36627
36628
36629
36630
36661
36662
36663
36664
36665
36696
36697
36698
36699
36700
36731
36732
36733
36734
36735
36766
36767
36768
36769
36770
36801
36802
36803
36804
36805
36836
36837
36838
36839
36840
36871
36872
36873
36874
36875
36906
36907
36908
36909
36910
36941
36942
36943
36944
36945
36976
36977
36978
36979
36980
37011
37012
37013
37014
37015
37046
37047
37048
37049
37050
37081
37082
37083
37084
37085
37116
37117
37118
37119
37120
37151
37152
37153
37154
37155
37186
37187
37188
37189
37190
37221
37222
37223
37224
37225
37256
37257
37258
37259
37260
37292
37293
37294
37295
37327
37328
37329
37330
37362
37363
37364
37365
37397
37398
37399
37400
37432
37433
37434
37435
37467
37468
37469
37470
37502
37503
37504
37505
37537
37538
37539
37540
37572
37573
37574
37575
37576
37607
37608
37609
37610
37611
37642
37643
37644
37645
37646
37677
37678
37679
37680
37681
37712
37713
37714
37715
37716
37747
37748
37749
37750
37751
37782
37783
37784
37785
37786
37817
37818
37819
37820
37821
37851
37852
37853
37854
37855
37886
37887
37888
37889
37890
37921
37922
37923
37924
37925
37956
37957
37958
37959
37960
37991
37992
37993
37994
37995
38026
38027
38028
38029
38030
38061
38062
38063
38064
38065
38096
38097
38098
38099
38100
38131
38132
38133
38134
38135
38166
38167
38168
38169
38170
38201
38202
38203
38204
38205
38236
38237
38238
38239
38240
38271
38272
38273
38274
38275
38306
38307
38308
38309
38310
38341
38342
38343
38344
38345
38376
38377
38378
38379
38380
38411
38412
38413
38414
38415
38446
38447
38448
38449
38450
38481
38482
38483
38484
38485
38516
38517
38518
38519
38520
38551
38552
38553
38554
38555
38586
38587
38588
38589
38590
38621
38622
38623
38624
38625
38656
38657
38658
38659
38660
38691
38692
38693
38694
38695
38726
38727
38728
38729
38730
38762
38763
38764
38765
38797
38798
38799
38800
38832
38833
38834
38835
38867
38868
38869
38870
38902
38903
38904
38905
38937
38938
38939
38940
38972
38973
38974
38975
39007
39008
39009
39010
39042
39043
39044
39045
39046
39077
39078
39079
39080
39081
39112
39113
39114
39115
39116
39147
39148
39149
39150
39151
39182
39183
39184
39185
39186
39217
39218
39219
39220
39221
39252
39253
39254
39255
39256
39286
39287
39288
39289
39290
39321
39322
39323
39324
39325
39356
39357
39358
39359
39360
39391
39392
39393
39394
39395
39426
39427
39428
39429
39430
39461
39462
39463
39464
39465
39496
39497
39498
39499
39500
39531
39532
39533
39534
39535
39566
39567
39568
39569
39570
39601
39602
39603
39604
39605
39636
39637
39638
39639
39640
39671
39672
39673
39674
39675
39706
39707
39708
39709
39710
39741
39742
39743
39744
39745
39776
39777
39778
39779
39780
39811
39812
39813
39814
39815
39846
39847
39848
39849
39850
39881
39882
39883
39884
39885
39916
39917
39918
39919
39920
39951
39952
39953
39954
39955
39986
39987
39988
39989
39990
40021
40022
40023
40024
40025
40056
40057
40058
40059
40060
40091
40092
40093
40094
40095
40126
40127
40128
40129
40130
40161
40162
40163
40164
40165
40196
40197
40198
40199
40200
40232
40233
40234
40235
40267
40268
40269
40270
40302
40303
40304
40305
40337
40338
40339
40340
40372
40373
40374
40375
40407
40408
40409
40410
40442
40443
40444
40445
40477
40478
40479
40480
40512
40513
40514
40515
40516
40547
40548
40549
40550
40551
40582
40583
40584
40585
40586
40617
40618
40619
40620
40621
40652
40653
40654
40655
40656
40687
40688
40689
40690
40691
40721
40722
40723
40724
40725
40756
40757
40758
40759
40760
40791
40792
40793
40794
40795
40826
40827
40828
40829
40830
40861
40862
40863
40864
40865
40896
40897
40898
40899
40900
40931
40932
40933
40934
40935
40966
40967
40968
40969
40970
41001
41002
41003
41004
41005
41036
41037
41038
41039
41040
41071
41072
41073
41074
41075
41106
41107
41108
41109
41110
41141
41142
41143
41144
41145
41176
41177
41178
41179
41180
41211
41212
41213
41214
41215
41246
41247
41248
41249
41250
41281
41282
41283
41284
41285
41316
41317
41318
41319
41320
41351
41352
41353
41354
41355
41386
41387
41388
41389
41390
41421
41422
41423
41424
41425
41456
41457
41458
41459
41460
41491
41492
41493
41494
41495
41526
41527
41528
41529
41530
41561
41562
41563
41564
41565
41596
41597
41598
41599
41600
41631
41632
41633
41634
41635
41666
41667
41668
41669
41670
41702
41703
41704
41705
41737
41738
41739
41740
41772
41773
41774
41775
41807
41808
41809
41810
41842
41843
41844
41845
41877
41878
41879
41880
41912
41913
41914
41915
41947
41948
41949
41950
41982
41983
41984
41985
41986
42017
42018
42019
42020
42021
42052
42053
42054
42055
42056
42087
42088
42089
42090
42091
42122
42123
42124
42125
42126
42156
42157
42158
42159
42160
42191
42192
42193
42194
42195
42226
42227
42228
42229
42230
42261
42262
42263
42264
42265
42296
42297
42298
42299
42300
42331
42332
42333
42334
42335
42366
42367
42368
42369
42370
42401
42402
42403
42404
42405
42436
42437
42438
42439
42440
42471
42472
42473
42474
42475
42506
42507
42508
42509
42510
42541
42542
42543
42544
42545
42576
42577
42578
42579
42580
42611
42612
42613
42614
42615
42646
42647
42648
42649
42650
42681
42682
42683
42684
42685
42716
42717
42718
42719
42720
42751
42752
42753
42754
42755
42786
42787
42788
42789
42790
42821
42822
42823
42824
42825
42856
42857
42858
42859
42860
42891
42892
42893
42894
42895
42926
42927
42928
42929
42930
42961
42962
42963
42964
42965
42996
42997
42998
42999
43000
43031
43032
43033
43034
43035
43066
43067
43068
43069
43070
43101
43102
43103
43104
43105
43136
43137
43138
43139
43140
43172
43173
43174
43175
43207
43208
43209
43210
43242
43243
43244
43245
43277
43278
43279
43280
43312
43313
43314
43315
43347
43348
43349
43350
43382
43383
43384
43385
43417
43418
43419
43420
43452
43453
43454
43455
43456
43487
43488
43489
43490
43491
43522
43523
43524
43525
43526
43557
43558
43559
43560
43561
43591
43592
43593
43594
43595
43626
43627
43628
43629
43630
43661
43662
43663
43664
43665
43696
43697
43698
43699
43700
43731
43732
43733
43734
43735
43766
43767
43768
43769
43770
43801
43802
43803
43804
43805
43836
43837
43838
43839
43840
43871
43872
43873
43874
43875
43906
43907
43908
43909
43910
43941
43942
43943
43944
43945
43976
43977
43978
43979
43980
44011
44012
44013
44014
44015
44046
44047
44048
44049
44050
44081
44082
44083
44084
44085
44116
44117
44118
44119
44120
44151
44152
44153
44154
44155
44186
44187
44188
44189
44190
44221
44222
44223
44224
44225
44256
44257
44258
44259
44260
44291
44292
44293
44294
44295
44326
44327
44328
44329
44330
44361
44362
44363
44364
44365
44396
44397
44398
44399
44400
44431
44432
44433
44434
44435
44466
44467
44468
44469
44470
44501
44502
44503
44504
44505
44536
44537
44538
44539
44540
44571
44572
44573
44574
44575
44606
44607
44608
44609
44610
44641
44642
44643
44644
44645
44677
44678
44679
44680
44712
44713
44714
44715
44747
44748
44749
44750
44782
44783
44784
44785
44817
44818
44819
44820
44852
44853
44854
44855
44887
44888
44889
44890
44922
44923
44924
44925
44926
44957
44958
44959
44960
44961
44992
44993
44994
44995
44996
45026
45027
45028
45029
45030
45061
45062
45063
45064
45065
45096
45097
45098
45099
45100
45131
45132
45133
45134
45135
45166
45167
45168
45169
45170
45201
45202
45203
45204
45205
45236
45237
45238
45239
45240
45271
45272
45273
45274
45275
45306
45307
45308
45309
45310
45341
45342
45343
45344
45345
45376
45377
45378
45379
45380
45411
45412
45413
45414
45415
45446
45447
45448
45449
45450
45481
45482
45483
45484
45485
45516
45517
45518
45519
45520
45551
45552
45553
45554
45555
45586
45587
45588
45589
45590
45621
45622
45623
45624
45625
45656
45657
45658
45659
45660
45691
45692
45693
45694
45695
45726
45727
45728
45729
45730
45761
45762
45763
45764
45765
45796
45797
45798
45799
45800
45831
45832
45833
45834
45835
45866
45867
45868
45869
45870
45901
45902
45903
45904
45905
45936
45937
45938
45939
45940
45971
45972
45973
45974
45975
46006
46007
46008
46009
46010
46041
46042
46043
46044
46045
46076
46077
46078
46079
46080
46111
46112
46113
46114
46115
46147
46148
46149
46150
46182
46183
46184
46185
46217
46218
46219
46220
46252
46253
46254
46255
46287
46288
46289
46290
46322
46323
46324
46325
46357
46358
46359
46360
46392
46393
46394
46395
46396
46427
46428
46429
46430
46431
46461
46462
46463
46464
46465
46496
46497
46498
46499
46500
46531
46532
46533
46534
46535
46566
46567
46568
46569
46570
46601
46602
46603
46604
46605
46636
46637
46638
46639
46640
46671
46672
46673
46674
46675
46706
46707
46708
46709
46710
46741
46742
46743
46744
46745
46776
46777
46778
46779
46780
46811
46812
46813
46814
46815
46846
46847
46848
46849
46850
46881
46882
46883
46884
46885
46916
46917
46918
46919
46920
46951
46952
46953
46954
46955
46986
46987
46988
46989
46990
47021
47022
47023
47024
47025
47056
47057
47058
47059
47060
47091
47092
47093
47094
47095
47126
47127
47128
47129
47130
47161
47162
47163
47164
47165
47196
47197
47198
47199
47200
47231
47232
47233
47234
47235
47266
47267
47268
47269
47270
47301
47302
47303
47304
47305
47336
47337
47338
47339
47340
47371
47372
47373
47374
47375
47406
47407
47408
47409
47410
47441
47442
47443
47444
47445
47476
47477
47478
47479
47480
47511
47512
47513
47514
47515
47546
47547
47548
47549
47550
47581
47582
47583
47584
47585
47617
47618
47619
47620
47652
47653
47654
47655
47687
47688
47689
47690
47722
47723
47724
47725
47757
47758
47759
47760
47792
47793
47794
47795
47827
47828
47829
47830
47862
47863
47864
47865
47866
)


// ************************************************************************* //
