/*--------------------------------*- C++ -*----------------------------------*\
| =========                 |                                                 |
| \\      /  F ield         | OpenFOAM: The Open Source CFD Toolbox           |
|  \\    /   O peration     | Version:  2.3.1                                 |
|   \\  /    A nd           | Web:      www.OpenFOAM.org                      |
|    \\/     M anipulation  |                                                 |
\*---------------------------------------------------------------------------*/
FoamFile
{
    version     2.0;
    format      ascii;
    class       labelList;
    note        "nPoints: 9163 nCells: 6852 nFaces: 22734 nInternalFaces: 18378";
    location    "constant/polyMesh";
    object      neighbour;
}
// * * * * * * * * * * * * * * * * * * * * * * * * * * * * * * * * * * * * * //


18378
(
1
4
203
2
5
204
3
6
205
7
206
5
8
207
6
9
208
7
10
209
11
210
9
13
211
10
14
212
11
15
213
12
16
214
17
14
18
215
15
19
216
16
20
217
17
21
218
22
219
19
23
220
20
24
221
21
25
222
22
26
223
27
224
24
28
225
25
29
226
26
30
227
27
31
228
32
229
29
33
230
30
34
231
31
35
232
32
36
233
37
234
34
38
235
35
39
236
36
40
237
37
41
238
42
239
39
43
240
40
44
241
41
45
242
42
46
243
47
244
44
48
245
45
49
246
46
50
247
47
51
248
52
249
49
53
250
50
54
251
51
55
252
52
56
253
57
254
54
58
255
55
59
256
56
60
257
57
61
258
62
259
59
63
260
60
64
261
61
65
262
62
66
263
67
264
64
68
265
65
69
266
66
70
267
67
71
268
72
269
69
73
270
70
74
271
71
75
272
72
76
273
77
274
74
78
275
75
79
276
76
80
277
77
81
278
82
279
79
83
280
80
84
281
81
85
282
82
86
283
87
284
84
88
285
85
89
286
86
90
287
87
91
288
92
289
89
93
290
90
94
291
91
95
292
92
96
293
97
294
94
98
295
95
99
296
96
100
297
97
101
298
102
299
99
103
300
100
104
301
101
105
302
102
106
303
107
304
104
108
305
105
109
306
106
110
307
107
111
308
112
309
109
113
310
110
114
311
111
115
312
112
116
313
117
314
114
118
315
115
119
316
116
120
317
117
121
318
122
319
119
123
320
120
124
321
121
125
322
122
126
323
127
324
124
128
325
125
129
326
126
130
327
127
131
328
132
329
129
133
330
130
134
331
131
135
332
132
136
333
137
334
134
138
335
135
139
336
136
140
337
137
141
338
142
339
139
143
340
140
144
341
141
145
342
142
146
343
147
344
144
148
345
145
149
346
146
150
347
147
151
348
152
349
149
153
350
150
154
351
151
155
352
152
156
353
157
354
154
158
355
155
159
356
156
160
357
157
161
358
162
359
159
163
360
160
164
361
161
165
362
162
166
363
167
364
164
168
365
165
169
366
166
170
367
167
171
368
172
369
169
173
370
170
174
371
171
175
372
172
176
373
177
374
174
178
375
175
179
376
176
180
377
177
181
378
182
379
179
183
380
180
184
381
181
185
382
182
186
383
187
384
184
188
385
185
189
386
186
190
387
187
191
388
192
389
189
193
390
190
194
391
191
195
392
192
196
393
197
394
194
198
395
195
199
396
196
200
397
197
201
398
202
399
199
400
200
401
201
402
202
403
404
204
207
405
205
208
406
206
209
407
210
408
208
211
409
209
212
410
210
213
411
214
412
212
215
413
213
216
414
214
217
415
218
416
216
220
417
217
221
418
218
222
419
219
223
420
224
221
225
421
222
226
422
223
227
423
224
228
424
229
425
226
230
426
227
231
427
228
232
428
229
233
429
234
430
231
235
431
232
236
432
233
237
433
234
238
434
239
435
236
240
436
237
241
437
238
242
438
239
243
439
244
440
241
245
441
242
246
442
243
247
443
244
248
444
249
445
246
250
446
247
251
447
248
252
448
249
253
449
254
450
251
255
451
252
256
452
253
257
453
254
258
454
259
455
256
260
456
257
261
457
258
262
458
259
263
459
264
460
261
265
461
262
266
462
263
267
463
264
268
464
269
465
266
270
466
267
271
467
268
272
468
269
273
469
274
470
271
275
471
272
276
472
273
277
473
274
278
474
279
475
276
280
476
277
281
477
278
282
478
279
283
479
284
480
281
285
481
282
286
482
283
287
483
284
288
484
289
485
286
290
486
287
291
487
288
292
488
289
293
489
294
490
291
295
491
292
296
492
293
297
493
294
298
494
299
495
296
300
496
297
301
497
298
302
498
299
303
499
304
500
301
305
501
302
306
502
303
307
503
304
308
504
309
505
306
310
506
307
311
507
308
312
508
309
313
509
314
510
311
315
511
312
316
512
313
317
513
314
318
514
319
515
316
320
516
317
321
517
318
322
518
319
323
519
324
520
321
325
521
322
326
522
323
327
523
324
328
524
329
525
326
330
526
327
331
527
328
332
528
329
333
529
334
530
331
335
531
332
336
532
333
337
533
334
338
534
339
535
336
340
536
337
341
537
338
342
538
339
343
539
344
540
341
345
541
342
346
542
343
347
543
344
348
544
349
545
346
350
546
347
351
547
348
352
548
349
353
549
354
550
351
355
551
352
356
552
353
357
553
354
358
554
359
555
356
360
556
357
361
557
358
362
558
359
363
559
364
560
361
365
561
362
366
562
363
367
563
364
368
564
369
565
366
370
566
367
371
567
368
372
568
369
373
569
374
570
371
375
571
372
376
572
373
377
573
374
378
574
379
575
376
380
576
377
381
577
378
382
578
379
383
579
384
580
381
385
581
382
386
582
383
387
583
384
388
584
389
585
386
390
586
387
391
587
388
392
588
389
393
589
394
590
391
395
591
392
396
592
393
397
593
394
398
594
399
595
396
400
596
397
401
597
398
402
598
399
403
599
404
600
401
601
402
602
403
603
404
604
605
406
409
606
407
410
607
408
411
608
412
609
410
413
610
411
414
611
412
415
612
416
613
414
417
614
415
418
615
416
419
616
420
617
418
421
618
419
422
619
420
423
620
424
621
422
426
622
423
427
623
424
428
624
425
429
625
430
427
431
626
428
432
627
429
433
628
430
434
629
435
630
432
436
631
433
437
632
434
438
633
435
439
634
440
635
437
441
636
438
442
637
439
443
638
440
444
639
445
640
442
446
641
443
447
642
444
448
643
445
449
644
450
645
447
451
646
448
452
647
449
453
648
450
454
649
455
650
452
456
651
453
457
652
454
458
653
455
459
654
460
655
457
461
656
458
462
657
459
463
658
460
464
659
465
660
462
466
661
463
467
662
464
468
663
465
469
664
470
665
467
471
666
468
472
667
469
473
668
470
474
669
475
670
472
476
671
473
477
672
474
478
673
475
479
674
480
675
477
481
676
478
482
677
479
483
678
480
484
679
485
680
482
486
681
483
487
682
484
488
683
485
489
684
490
685
487
491
686
488
492
687
489
493
688
490
494
689
495
690
492
496
691
493
497
692
494
498
693
495
499
694
500
695
497
501
696
498
502
697
499
503
698
500
504
699
505
700
502
506
701
503
507
702
504
508
703
505
509
704
510
705
507
511
706
508
512
707
509
513
708
510
514
709
515
710
512
516
711
513
517
712
514
518
713
515
519
714
520
715
517
521
716
518
522
717
519
523
718
520
524
719
525
720
522
526
721
523
527
722
524
528
723
525
529
724
530
725
527
531
726
528
532
727
529
533
728
530
534
729
535
730
532
536
731
533
537
732
534
538
733
535
539
734
540
735
537
541
736
538
542
737
539
543
738
540
544
739
545
740
542
546
741
543
547
742
544
548
743
545
549
744
550
745
547
551
746
548
552
747
549
553
748
550
554
749
555
750
552
556
751
553
557
752
554
558
753
555
559
754
560
755
557
561
756
558
562
757
559
563
758
560
564
759
565
760
562
566
761
563
567
762
564
568
763
565
569
764
570
765
567
571
766
568
572
767
569
573
768
570
574
769
575
770
572
576
771
573
577
772
574
578
773
575
579
774
580
775
577
581
776
578
582
777
579
583
778
580
584
779
585
780
582
586
781
583
587
782
584
588
783
585
589
784
590
785
587
591
786
588
592
787
589
593
788
590
594
789
595
790
592
596
791
593
597
792
594
598
793
595
599
794
600
795
597
601
796
598
602
797
599
603
798
600
604
799
605
800
602
801
603
802
604
803
605
804
805
607
610
806
608
611
807
609
612
808
613
809
611
614
810
612
615
811
613
616
812
617
813
615
618
814
616
619
815
617
620
816
621
817
619
622
818
620
623
819
621
624
820
625
821
623
626
822
624
627
823
625
628
824
629
825
627
631
826
628
632
827
629
633
828
630
634
829
635
632
636
830
633
637
831
634
638
832
635
639
833
640
834
637
641
835
638
642
836
639
643
837
640
644
838
645
839
642
646
840
643
647
841
644
648
842
645
649
843
650
844
647
651
845
648
652
846
649
653
847
650
654
848
655
849
652
656
850
653
657
851
654
658
852
655
659
853
660
854
657
661
855
658
662
856
659
663
857
660
664
858
665
859
662
666
860
663
667
861
664
668
862
665
669
863
670
864
667
671
865
668
672
866
669
673
867
670
674
868
675
869
672
676
870
673
677
871
674
678
872
675
679
873
680
874
677
681
875
678
682
876
679
683
877
680
684
878
685
879
682
686
880
683
687
881
684
688
882
685
689
883
690
884
687
691
885
688
692
886
689
693
887
690
694
888
695
889
692
696
890
693
697
891
694
698
892
695
699
893
700
894
697
701
895
698
702
896
699
703
897
700
704
898
705
899
702
706
900
703
707
901
704
708
902
705
709
903
710
904
707
711
905
708
712
906
709
713
907
710
714
908
715
909
712
716
910
713
717
911
714
718
912
715
719
913
720
914
717
721
915
718
722
916
719
723
917
720
724
918
725
919
722
726
920
723
727
921
724
728
922
725
729
923
730
924
727
731
925
728
732
926
729
733
927
730
734
928
735
929
732
736
930
733
737
931
734
738
932
735
739
933
740
934
737
741
935
738
742
936
739
743
937
740
744
938
745
939
742
746
940
743
747
941
744
748
942
745
749
943
750
944
747
751
945
748
752
946
749
753
947
750
754
948
755
949
752
756
950
753
757
951
754
758
952
755
759
953
760
954
757
761
955
758
762
956
759
763
957
760
764
958
765
959
762
766
960
763
767
961
764
768
962
765
769
963
770
964
767
771
965
768
772
966
769
773
967
770
774
968
775
969
772
776
970
773
777
971
774
778
972
775
779
973
780
974
777
781
975
778
782
976
779
783
977
780
784
978
785
979
782
786
980
783
787
981
784
788
982
785
789
983
790
984
787
791
985
788
792
986
789
793
987
790
794
988
795
989
792
796
990
793
797
991
794
798
992
795
799
993
800
994
797
801
995
798
802
996
799
803
997
800
804
998
805
999
802
1000
803
1001
804
1002
805
1003
1004
807
810
1005
808
811
1006
809
812
1007
813
1008
811
814
1009
812
815
1010
813
816
1011
817
1012
815
818
1013
816
819
1014
817
820
1015
821
1016
819
822
1017
820
823
1018
821
824
1019
825
1020
823
826
1021
824
827
1022
825
828
1023
829
1024
827
830
1025
828
831
1026
829
832
1027
833
1028
831
835
1029
832
836
1030
833
837
1031
834
838
1032
839
836
840
1033
837
841
1034
838
842
1035
839
843
1036
844
1037
841
845
1038
842
846
1039
843
847
1040
844
848
1041
849
1042
846
850
1043
847
851
1044
848
852
1045
849
853
1046
854
1047
851
855
1048
852
856
1049
853
857
1050
854
858
1051
859
1052
856
860
1053
857
861
1054
858
862
1055
859
863
1056
864
1057
861
865
1058
862
866
1059
863
867
1060
864
868
1061
869
1062
866
870
1063
867
871
1064
868
872
1065
869
873
1066
874
1067
871
875
1068
872
876
1069
873
877
1070
874
878
1071
879
1072
876
880
1073
877
881
1074
878
882
1075
879
883
1076
884
1077
881
885
1078
882
886
1079
883
887
1080
884
888
1081
889
1082
886
890
1083
887
891
1084
888
892
1085
889
893
1086
894
1087
891
895
1088
892
896
1089
893
897
1090
894
898
1091
899
1092
896
900
1093
897
901
1094
898
902
1095
899
903
1096
904
1097
901
905
1098
902
906
1099
903
907
1100
904
908
1101
909
1102
906
910
1103
907
911
1104
908
912
1105
909
913
1106
914
1107
911
915
1108
912
916
1109
913
917
1110
914
918
1111
919
1112
916
920
1113
917
921
1114
918
922
1115
919
923
1116
924
1117
921
925
1118
922
926
1119
923
927
1120
924
928
1121
929
1122
926
930
1123
927
931
1124
928
932
1125
929
933
1126
934
1127
931
935
1128
932
936
1129
933
937
1130
934
938
1131
939
1132
936
940
1133
937
941
1134
938
942
1135
939
943
1136
944
1137
941
945
1138
942
946
1139
943
947
1140
944
948
1141
949
1142
946
950
1143
947
951
1144
948
952
1145
949
953
1146
954
1147
951
955
1148
952
956
1149
953
957
1150
954
958
1151
959
1152
956
960
1153
957
961
1154
958
962
1155
959
963
1156
964
1157
961
965
1158
962
966
1159
963
967
1160
964
968
1161
969
1162
966
970
1163
967
971
1164
968
972
1165
969
973
1166
974
1167
971
975
1168
972
976
1169
973
977
1170
974
978
1171
979
1172
976
980
1173
977
981
1174
978
982
1175
979
983
1176
984
1177
981
985
1178
982
986
1179
983
987
1180
984
988
1181
989
1182
986
990
1183
987
991
1184
988
992
1185
989
993
1186
994
1187
991
995
1188
992
996
1189
993
997
1190
994
998
1191
999
1192
996
1000
1193
997
1001
1194
998
1002
1195
999
1003
1196
1004
1197
1001
1198
1002
1199
1003
1200
1004
1201
1202
1006
1009
1007
1010
1008
1011
1012
1010
1013
1011
1014
1012
1015
1016
1014
1017
1015
1018
1016
1019
1020
1018
1021
1019
1022
1020
1023
1203
1024
1204
1022
1025
1023
1026
1024
1027
1205
1028
1206
1026
1029
1027
1030
1028
1031
1207
1032
1208
1030
1033
1031
1034
1032
1035
1209
1036
1210
1034
1038
1035
1039
1036
1040
1211
1037
1041
1212
1042
1039
1043
1040
1044
1041
1045
1213
1042
1046
1214
1047
1215
1044
1048
1045
1049
1046
1050
1216
1047
1051
1217
1052
1218
1049
1053
1050
1054
1051
1055
1219
1052
1056
1220
1057
1221
1054
1058
1055
1059
1056
1060
1057
1061
1062
1059
1063
1060
1064
1061
1065
1062
1066
1067
1064
1068
1065
1069
1066
1070
1067
1071
1072
1069
1073
1070
1074
1071
1075
1072
1076
1077
1074
1078
1075
1079
1076
1080
1077
1081
1082
1079
1083
1080
1084
1081
1085
1082
1086
1087
1084
1088
1085
1089
1086
1090
1087
1091
1092
1089
1093
1090
1094
1091
1095
1092
1096
1097
1094
1098
1095
1099
1096
1100
1097
1101
1102
1099
1103
1100
1104
1101
1105
1102
1106
1107
1104
1108
1105
1109
1106
1110
1107
1111
1112
1109
1113
1110
1114
1111
1115
1112
1116
1117
1114
1118
1115
1119
1116
1120
1117
1121
1122
1119
1123
1120
1124
1121
1125
1122
1126
1127
1124
1128
1125
1129
1126
1130
1127
1131
1132
1129
1133
1130
1134
1131
1135
1132
1136
1137
1134
1138
1135
1139
1136
1140
1137
1141
1142
1139
1143
1140
1144
1141
1145
1142
1146
1147
1144
1148
1145
1149
1146
1150
1147
1151
1152
1149
1153
1150
1154
1151
1155
1152
1156
1157
1154
1158
1155
1159
1156
1160
1157
1161
1162
1159
1163
1160
1164
1161
1165
1162
1166
1167
1164
1168
1165
1169
1166
1170
1167
1171
1172
1169
1173
1170
1174
1171
1175
1172
1176
1177
1174
1178
1175
1179
1176
1180
1177
1181
1182
1179
1183
1180
1184
1181
1185
1182
1186
1187
1184
1188
1185
1189
1186
1190
1187
1191
1192
1189
1193
1190
1194
1191
1195
1192
1196
1197
1194
1198
1195
1199
1196
1200
1197
1201
1202
1199
1200
1201
1202
1204
1205
1222
1206
1223
1206
1207
1224
1208
1225
1208
1209
1226
1210
1227
1210
1211
1228
1212
1229
1212
1213
1230
1214
1231
1214
1216
1232
1215
1217
1233
1218
1217
1219
1234
1218
1220
1235
1221
1236
1220
1237
1221
1238
1239
1223
1224
1225
1225
1226
1227
1227
1228
1229
1229
1230
1231
1231
1232
1233
1233
1234
1235
1235
1237
1236
1238
1239
1238
1239
1241
1245
1421
1242
1246
1422
1243
1247
1423
1244
1248
1424
1249
1425
1246
1250
1426
1247
1251
1427
1248
1252
1428
1249
1253
1429
1254
1430
1251
1431
1252
1255
1432
1253
1256
1433
1254
1434
1435
1256
1257
1437
1258
1438
1258
1259
1439
1260
1440
1260
1261
1441
1262
1442
1262
1263
1443
1264
1444
1264
1265
1445
1266
1446
1266
1267
1447
1268
1448
1268
1269
1449
1270
1450
1270
1271
1451
1272
1452
1272
1276
1453
1273
1277
1454
1274
1278
1455
1275
1279
1456
1280
1457
1277
1281
1458
1278
1282
1459
1279
1283
1460
1280
1284
1461
1285
1462
1282
1286
1463
1283
1287
1464
1284
1288
1465
1285
1289
1466
1290
1467
1287
1291
1468
1288
1292
1469
1289
1293
1470
1290
1294
1471
1295
1472
1292
1296
1473
1293
1297
1474
1294
1298
1475
1295
1299
1476
1300
1477
1297
1301
1478
1298
1302
1479
1299
1303
1480
1300
1304
1481
1305
1482
1302
1306
1483
1303
1307
1484
1304
1308
1485
1305
1309
1486
1310
1487
1307
1311
1488
1308
1312
1489
1309
1313
1490
1310
1314
1491
1315
1492
1312
1316
1493
1313
1317
1494
1314
1318
1495
1315
1319
1496
1320
1497
1317
1321
1498
1318
1322
1499
1319
1323
1500
1320
1324
1501
1325
1502
1322
1326
1503
1323
1327
1504
1324
1328
1505
1325
1329
1506
1330
1507
1327
1331
1508
1328
1332
1509
1329
1333
1510
1330
1334
1511
1335
1512
1332
1336
1513
1333
1337
1514
1334
1338
1515
1335
1339
1516
1340
1517
1337
1341
1518
1338
1342
1519
1339
1343
1520
1340
1344
1521
1345
1522
1342
1346
1523
1343
1347
1524
1344
1348
1525
1345
1349
1526
1350
1527
1347
1351
1528
1348
1352
1529
1349
1353
1530
1350
1354
1531
1355
1532
1352
1356
1533
1353
1357
1534
1354
1358
1535
1355
1359
1536
1360
1537
1357
1361
1538
1358
1362
1539
1359
1363
1540
1360
1364
1541
1365
1542
1362
1366
1543
1363
1367
1544
1364
1368
1545
1365
1369
1546
1370
1547
1367
1371
1548
1368
1372
1549
1369
1373
1550
1370
1374
1551
1375
1552
1372
1376
1553
1373
1377
1554
1374
1378
1555
1375
1379
1556
1380
1557
1377
1381
1558
1378
1382
1559
1379
1383
1560
1380
1384
1561
1385
1562
1382
1386
1563
1383
1387
1564
1384
1388
1565
1385
1389
1566
1390
1567
1387
1391
1568
1388
1392
1569
1389
1393
1570
1390
1394
1571
1395
1572
1392
1396
1573
1393
1397
1574
1394
1398
1575
1395
1399
1576
1400
1577
1397
1401
1578
1398
1402
1579
1399
1403
1580
1400
1404
1581
1405
1582
1402
1406
1583
1403
1407
1584
1404
1408
1585
1405
1409
1586
1410
1587
1407
1411
1588
1408
1412
1589
1409
1413
1590
1410
1414
1591
1415
1592
1412
1416
1593
1413
1417
1594
1414
1418
1595
1415
1419
1596
1420
1597
1417
1598
1418
1599
1419
1600
1420
1601
1602
1422
1426
1603
1423
1427
1604
1424
1428
1605
1425
1429
1606
1430
1607
1427
1431
1608
1428
1432
1609
1429
1433
1610
1430
1434
1611
1435
1612
1432
1436
1613
1433
1437
1614
1434
1438
1615
1435
1616
1617
1437
1618
1438
1439
1619
1440
1620
1440
1441
1622
1442
1623
1442
1443
1624
1444
1625
1444
1445
1626
1446
1627
1446
1447
1628
1448
1629
1448
1449
1630
1450
1631
1450
1451
1632
1452
1633
1452
1453
1634
1454
1635
1454
1458
1636
1455
1459
1637
1456
1460
1638
1457
1461
1639
1462
1459
1463
1640
1460
1464
1641
1461
1465
1642
1462
1466
1643
1467
1644
1464
1468
1645
1465
1469
1646
1466
1470
1647
1467
1471
1648
1472
1649
1469
1473
1650
1470
1474
1651
1471
1475
1652
1472
1476
1653
1477
1654
1474
1478
1655
1475
1479
1656
1476
1480
1657
1477
1481
1658
1482
1659
1479
1483
1660
1480
1484
1661
1481
1485
1662
1482
1486
1663
1487
1664
1484
1488
1665
1485
1489
1666
1486
1490
1667
1487
1491
1668
1492
1669
1489
1493
1670
1490
1494
1671
1491
1495
1672
1492
1496
1673
1497
1674
1494
1498
1675
1495
1499
1676
1496
1500
1677
1497
1501
1678
1502
1679
1499
1503
1680
1500
1504
1681
1501
1505
1682
1502
1506
1683
1507
1684
1504
1508
1685
1505
1509
1686
1506
1510
1687
1507
1511
1688
1512
1689
1509
1513
1690
1510
1514
1691
1511
1515
1692
1512
1516
1693
1517
1694
1514
1518
1695
1515
1519
1696
1516
1520
1697
1517
1521
1698
1522
1699
1519
1523
1700
1520
1524
1701
1521
1525
1702
1522
1526
1703
1527
1704
1524
1528
1705
1525
1529
1706
1526
1530
1707
1527
1531
1708
1532
1709
1529
1533
1710
1530
1534
1711
1531
1535
1712
1532
1536
1713
1537
1714
1534
1538
1715
1535
1539
1716
1536
1540
1717
1537
1541
1718
1542
1719
1539
1543
1720
1540
1544
1721
1541
1545
1722
1542
1546
1723
1547
1724
1544
1548
1725
1545
1549
1726
1546
1550
1727
1547
1551
1728
1552
1729
1549
1553
1730
1550
1554
1731
1551
1555
1732
1552
1556
1733
1557
1734
1554
1558
1735
1555
1559
1736
1556
1560
1737
1557
1561
1738
1562
1739
1559
1563
1740
1560
1564
1741
1561
1565
1742
1562
1566
1743
1567
1744
1564
1568
1745
1565
1569
1746
1566
1570
1747
1567
1571
1748
1572
1749
1569
1573
1750
1570
1574
1751
1571
1575
1752
1572
1576
1753
1577
1754
1574
1578
1755
1575
1579
1756
1576
1580
1757
1577
1581
1758
1582
1759
1579
1583
1760
1580
1584
1761
1581
1585
1762
1582
1586
1763
1587
1764
1584
1588
1765
1585
1589
1766
1586
1590
1767
1587
1591
1768
1592
1769
1589
1593
1770
1590
1594
1771
1591
1595
1772
1592
1596
1773
1597
1774
1594
1598
1775
1595
1599
1776
1596
1600
1777
1597
1601
1778
1602
1779
1599
1780
1600
1781
1601
1782
1602
1783
1784
1604
1608
1785
1605
1609
1786
1606
1610
1787
1607
1611
1788
1612
1789
1609
1613
1790
1610
1614
1791
1611
1615
1792
1612
1616
1793
1617
1794
1614
1618
1795
1615
1619
1796
1616
1620
1797
1617
1798
1799
1619
1621
1800
1620
1622
1801
1623
1802
1622
1803
1623
1624
1804
1625
1805
1625
1626
1807
1627
1808
1627
1628
1809
1629
1810
1629
1630
1811
1631
1812
1631
1632
1813
1633
1814
1633
1634
1815
1635
1816
1635
1636
1817
1637
1818
1637
1640
1819
1638
1641
1820
1639
1642
1821
1643
1822
1641
1645
1823
1642
1646
1824
1643
1647
1825
1644
1648
1826
1649
1646
1650
1827
1647
1651
1828
1648
1652
1829
1649
1653
1830
1654
1831
1651
1655
1832
1652
1656
1833
1653
1657
1834
1654
1658
1835
1659
1836
1656
1660
1837
1657
1661
1838
1658
1662
1839
1659
1663
1840
1664
1841
1661
1665
1842
1662
1666
1843
1663
1667
1844
1664
1668
1845
1669
1846
1666
1670
1847
1667
1671
1848
1668
1672
1849
1669
1673
1850
1674
1851
1671
1675
1852
1672
1676
1853
1673
1677
1854
1674
1678
1855
1679
1856
1676
1680
1857
1677
1681
1858
1678
1682
1859
1679
1683
1860
1684
1861
1681
1685
1862
1682
1686
1863
1683
1687
1864
1684
1688
1865
1689
1866
1686
1690
1867
1687
1691
1868
1688
1692
1869
1689
1693
1870
1694
1871
1691
1695
1872
1692
1696
1873
1693
1697
1874
1694
1698
1875
1699
1876
1696
1700
1877
1697
1701
1878
1698
1702
1879
1699
1703
1880
1704
1881
1701
1705
1882
1702
1706
1883
1703
1707
1884
1704
1708
1885
1709
1886
1706
1710
1887
1707
1711
1888
1708
1712
1889
1709
1713
1890
1714
1891
1711
1715
1892
1712
1716
1893
1713
1717
1894
1714
1718
1895
1719
1896
1716
1720
1897
1717
1721
1898
1718
1722
1899
1719
1723
1900
1724
1901
1721
1725
1902
1722
1726
1903
1723
1727
1904
1724
1728
1905
1729
1906
1726
1730
1907
1727
1731
1908
1728
1732
1909
1729
1733
1910
1734
1911
1731
1735
1912
1732
1736
1913
1733
1737
1914
1734
1738
1915
1739
1916
1736
1740
1917
1737
1741
1918
1738
1742
1919
1739
1743
1920
1744
1921
1741
1745
1922
1742
1746
1923
1743
1747
1924
1744
1748
1925
1749
1926
1746
1750
1927
1747
1751
1928
1748
1752
1929
1749
1753
1930
1754
1931
1751
1755
1932
1752
1756
1933
1753
1757
1934
1754
1758
1935
1759
1936
1756
1760
1937
1757
1761
1938
1758
1762
1939
1759
1763
1940
1764
1941
1761
1765
1942
1762
1766
1943
1763
1767
1944
1764
1768
1945
1769
1946
1766
1770
1947
1767
1771
1948
1768
1772
1949
1769
1773
1950
1774
1951
1771
1775
1952
1772
1776
1953
1773
1777
1954
1774
1778
1955
1779
1956
1776
1780
1957
1777
1781
1958
1778
1782
1959
1779
1783
1960
1784
1961
1781
1962
1782
1963
1783
1964
1784
1965
1966
1786
1790
1967
1787
1791
1968
1788
1792
1969
1789
1793
1970
1794
1971
1791
1795
1972
1792
1796
1973
1793
1797
1974
1794
1798
1975
1799
1976
1796
1800
1977
1797
1801
1978
1798
1802
1979
1799
1980
1981
1801
1803
1982
1802
1804
1983
1805
1984
1804
1806
1985
1805
1807
1986
1808
1987
1807
1988
1808
1809
1989
1810
1990
1810
1811
1992
1812
1993
1812
1813
1994
1814
1995
1814
1815
1996
1816
1997
1816
1817
1998
1818
1999
1818
1819
2000
1820
2001
1820
1823
2002
1821
1824
2003
1822
1825
2004
1826
2005
1824
1827
2006
1825
1828
2007
1826
1829
2008
1830
2009
1828
1832
2010
1829
1833
2011
1830
1834
2012
1831
1835
2013
1836
1833
1837
2014
1834
1838
2015
1835
1839
2016
1836
1840
2017
1841
2018
1838
1842
2019
1839
1843
2020
1840
1844
2021
1841
1845
2022
1846
2023
1843
1847
2024
1844
1848
2025
1845
1849
2026
1846
1850
2027
1851
2028
1848
1852
2029
1849
1853
2030
1850
1854
2031
1851
1855
2032
1856
2033
1853
1857
2034
1854
1858
2035
1855
1859
2036
1856
1860
2037
1861
2038
1858
1862
2039
1859
1863
2040
1860
1864
2041
1861
1865
2042
1866
2043
1863
1867
2044
1864
1868
2045
1865
1869
2046
1866
1870
2047
1871
2048
1868
1872
2049
1869
1873
2050
1870
1874
2051
1871
1875
2052
1876
2053
1873
1877
2054
1874
1878
2055
1875
1879
2056
1876
1880
2057
1881
2058
1878
1882
2059
1879
1883
2060
1880
1884
2061
1881
1885
2062
1886
2063
1883
1887
2064
1884
1888
2065
1885
1889
2066
1886
1890
2067
1891
2068
1888
1892
2069
1889
1893
2070
1890
1894
2071
1891
1895
2072
1896
2073
1893
1897
2074
1894
1898
2075
1895
1899
2076
1896
1900
2077
1901
2078
1898
1902
2079
1899
1903
2080
1900
1904
2081
1901
1905
2082
1906
2083
1903
1907
2084
1904
1908
2085
1905
1909
2086
1906
1910
2087
1911
2088
1908
1912
2089
1909
1913
2090
1910
1914
2091
1911
1915
2092
1916
2093
1913
1917
2094
1914
1918
2095
1915
1919
2096
1916
1920
2097
1921
2098
1918
1922
2099
1919
1923
2100
1920
1924
2101
1921
1925
2102
1926
2103
1923
1927
2104
1924
1928
2105
1925
1929
2106
1926
1930
2107
1931
2108
1928
1932
2109
1929
1933
2110
1930
1934
2111
1931
1935
2112
1936
2113
1933
1937
2114
1934
1938
2115
1935
1939
2116
1936
1940
2117
1941
2118
1938
1942
2119
1939
1943
2120
1940
1944
2121
1941
1945
2122
1946
2123
1943
1947
2124
1944
1948
2125
1945
1949
2126
1946
1950
2127
1951
2128
1948
1952
2129
1949
1953
2130
1950
1954
2131
1951
1955
2132
1956
2133
1953
1957
2134
1954
1958
2135
1955
1959
2136
1956
1960
2137
1961
2138
1958
1962
2139
1959
1963
2140
1960
1964
2141
1961
1965
2142
1966
2143
1963
2144
1964
2145
1965
2146
1966
2147
2148
1968
1972
2149
1969
1973
2150
1970
1974
2151
1971
1975
2152
1976
2153
1973
1977
2154
1974
1978
2155
1975
1979
2156
1976
1980
2157
1981
2158
1978
1982
2159
1979
1983
2160
1980
1984
2161
1981
2162
2163
1983
1985
2164
1984
1986
2165
1987
2166
1986
1988
2167
1987
1989
2168
1990
2169
1989
1991
2170
1990
1992
2171
1993
2172
1992
2173
1993
1994
2174
1995
2175
1995
1996
2177
1997
2178
1997
1998
2179
1999
2180
1999
2000
2181
2001
2182
2001
2002
2183
2003
2184
2003
2006
2185
2004
2007
2186
2005
2008
2187
2009
2188
2007
2010
2189
2008
2011
2190
2009
2012
2191
2013
2192
2011
2014
2193
2012
2015
2194
2013
2016
2195
2017
2196
2015
2019
2197
2016
2020
2198
2017
2021
2199
2018
2022
2200
2023
2020
2024
2201
2021
2025
2202
2022
2026
2203
2023
2027
2204
2028
2205
2025
2029
2206
2026
2030
2207
2027
2031
2208
2028
2032
2209
2033
2210
2030
2034
2211
2031
2035
2212
2032
2036
2213
2033
2037
2214
2038
2215
2035
2039
2216
2036
2040
2217
2037
2041
2218
2038
2042
2219
2043
2220
2040
2044
2221
2041
2045
2222
2042
2046
2223
2043
2047
2224
2048
2225
2045
2049
2226
2046
2050
2227
2047
2051
2228
2048
2052
2229
2053
2230
2050
2054
2231
2051
2055
2232
2052
2056
2233
2053
2057
2234
2058
2235
2055
2059
2236
2056
2060
2237
2057
2061
2238
2058
2062
2239
2063
2240
2060
2064
2241
2061
2065
2242
2062
2066
2243
2063
2067
2244
2068
2245
2065
2069
2246
2066
2070
2247
2067
2071
2248
2068
2072
2249
2073
2250
2070
2074
2251
2071
2075
2252
2072
2076
2253
2073
2077
2254
2078
2255
2075
2079
2256
2076
2080
2257
2077
2081
2258
2078
2082
2259
2083
2260
2080
2084
2261
2081
2085
2262
2082
2086
2263
2083
2087
2264
2088
2265
2085
2089
2266
2086
2090
2267
2087
2091
2268
2088
2092
2269
2093
2270
2090
2094
2271
2091
2095
2272
2092
2096
2273
2093
2097
2274
2098
2275
2095
2099
2276
2096
2100
2277
2097
2101
2278
2098
2102
2279
2103
2280
2100
2104
2281
2101
2105
2282
2102
2106
2283
2103
2107
2284
2108
2285
2105
2109
2286
2106
2110
2287
2107
2111
2288
2108
2112
2289
2113
2290
2110
2114
2291
2111
2115
2292
2112
2116
2293
2113
2117
2294
2118
2295
2115
2119
2296
2116
2120
2297
2117
2121
2298
2118
2122
2299
2123
2300
2120
2124
2301
2121
2125
2302
2122
2126
2303
2123
2127
2304
2128
2305
2125
2129
2306
2126
2130
2307
2127
2131
2308
2128
2132
2309
2133
2310
2130
2134
2311
2131
2135
2312
2132
2136
2313
2133
2137
2314
2138
2315
2135
2139
2316
2136
2140
2317
2137
2141
2318
2138
2142
2319
2143
2320
2140
2144
2321
2141
2145
2322
2142
2146
2323
2143
2147
2324
2148
2325
2145
2326
2146
2327
2147
2328
2148
2329
2330
2150
2154
2331
2151
2155
2332
2152
2156
2333
2153
2157
2334
2158
2335
2155
2159
2336
2156
2160
2337
2157
2161
2338
2158
2162
2339
2163
2340
2160
2164
2341
2161
2165
2342
2162
2166
2343
2163
2344
2345
2165
2167
2346
2166
2168
2347
2169
2348
2168
2170
2349
2169
2171
2350
2172
2351
2171
2173
2352
2172
2174
2353
2175
2354
2174
2176
2355
2175
2177
2356
2178
2357
2177
2358
2178
2179
2359
2180
2360
2180
2181
2362
2182
2363
2182
2183
2364
2184
2365
2184
2185
2366
2186
2367
2186
2189
2368
2187
2190
2369
2188
2191
2370
2192
2371
2190
2193
2372
2191
2194
2373
2192
2195
2374
2196
2375
2194
2197
2376
2195
2198
2377
2196
2199
2378
2200
2379
2198
2201
2380
2199
2202
2381
2200
2203
2382
2204
2383
2202
2206
2384
2203
2207
2385
2204
2208
2386
2205
2209
2387
2210
2207
2211
2388
2208
2212
2389
2209
2213
2390
2210
2214
2391
2215
2392
2212
2216
2393
2213
2217
2394
2214
2218
2395
2215
2219
2396
2220
2397
2217
2221
2398
2218
2222
2399
2219
2223
2400
2220
2224
2401
2225
2402
2222
2226
2403
2223
2227
2404
2224
2228
2405
2225
2229
2406
2230
2407
2227
2231
2408
2228
2232
2409
2229
2233
2410
2230
2234
2411
2235
2412
2232
2236
2413
2233
2237
2414
2234
2238
2415
2235
2239
2416
2240
2417
2237
2241
2418
2238
2242
2419
2239
2243
2420
2240
2244
2421
2245
2422
2242
2246
2423
2243
2247
2424
2244
2248
2425
2245
2249
2426
2250
2427
2247
2251
2428
2248
2252
2429
2249
2253
2430
2250
2254
2431
2255
2432
2252
2256
2433
2253
2257
2434
2254
2258
2435
2255
2259
2436
2260
2437
2257
2261
2438
2258
2262
2439
2259
2263
2440
2260
2264
2441
2265
2442
2262
2266
2443
2263
2267
2444
2264
2268
2445
2265
2269
2446
2270
2447
2267
2271
2448
2268
2272
2449
2269
2273
2450
2270
2274
2451
2275
2452
2272
2276
2453
2273
2277
2454
2274
2278
2455
2275
2279
2456
2280
2457
2277
2281
2458
2278
2282
2459
2279
2283
2460
2280
2284
2461
2285
2462
2282
2286
2463
2283
2287
2464
2284
2288
2465
2285
2289
2466
2290
2467
2287
2291
2468
2288
2292
2469
2289
2293
2470
2290
2294
2471
2295
2472
2292
2296
2473
2293
2297
2474
2294
2298
2475
2295
2299
2476
2300
2477
2297
2301
2478
2298
2302
2479
2299
2303
2480
2300
2304
2481
2305
2482
2302
2306
2483
2303
2307
2484
2304
2308
2485
2305
2309
2486
2310
2487
2307
2311
2488
2308
2312
2489
2309
2313
2490
2310
2314
2491
2315
2492
2312
2316
2493
2313
2317
2494
2314
2318
2495
2315
2319
2496
2320
2497
2317
2321
2498
2318
2322
2499
2319
2323
2500
2320
2324
2501
2325
2502
2322
2326
2503
2323
2327
2504
2324
2328
2505
2325
2329
2506
2330
2507
2327
2508
2328
2509
2329
2510
2330
2511
2512
2332
2336
2513
2333
2337
2514
2334
2338
2515
2335
2339
2516
2340
2517
2337
2341
2518
2338
2342
2519
2339
2343
2520
2340
2344
2521
2345
2522
2342
2346
2523
2343
2347
2524
2344
2348
2525
2345
2526
2527
2347
2349
2528
2348
2350
2529
2351
2530
2350
2352
2531
2351
2353
2532
2354
2533
2353
2355
2534
2354
2356
2535
2357
2536
2356
2358
2537
2357
2359
2538
2360
2539
2359
2361
2540
2360
2362
2541
2363
2542
2362
2543
2363
2364
2544
2365
2545
2365
2366
2547
2367
2548
2367
2368
2549
2369
2550
2369
2372
2551
2370
2373
2552
2371
2374
2553
2375
2554
2373
2376
2555
2374
2377
2556
2375
2378
2557
2379
2558
2377
2380
2559
2378
2381
2560
2379
2382
2561
2383
2562
2381
2384
2563
2382
2385
2564
2383
2386
2565
2387
2566
2385
2388
2567
2386
2389
2568
2387
2390
2569
2391
2570
2389
2393
2571
2390
2394
2572
2391
2395
2573
2392
2396
2574
2397
2394
2398
2575
2395
2399
2576
2396
2400
2577
2397
2401
2578
2402
2579
2399
2403
2580
2400
2404
2581
2401
2405
2582
2402
2406
2583
2407
2584
2404
2408
2585
2405
2409
2586
2406
2410
2587
2407
2411
2588
2412
2589
2409
2413
2590
2410
2414
2591
2411
2415
2592
2412
2416
2593
2417
2594
2414
2418
2595
2415
2419
2596
2416
2420
2597
2417
2421
2598
2422
2599
2419
2423
2600
2420
2424
2601
2421
2425
2602
2422
2426
2603
2427
2604
2424
2428
2605
2425
2429
2606
2426
2430
2607
2427
2431
2608
2432
2609
2429
2433
2610
2430
2434
2611
2431
2435
2612
2432
2436
2613
2437
2614
2434
2438
2615
2435
2439
2616
2436
2440
2617
2437
2441
2618
2442
2619
2439
2443
2620
2440
2444
2621
2441
2445
2622
2442
2446
2623
2447
2624
2444
2448
2625
2445
2449
2626
2446
2450
2627
2447
2451
2628
2452
2629
2449
2453
2630
2450
2454
2631
2451
2455
2632
2452
2456
2633
2457
2634
2454
2458
2635
2455
2459
2636
2456
2460
2637
2457
2461
2638
2462
2639
2459
2463
2640
2460
2464
2641
2461
2465
2642
2462
2466
2643
2467
2644
2464
2468
2645
2465
2469
2646
2466
2470
2647
2467
2471
2648
2472
2649
2469
2473
2650
2470
2474
2651
2471
2475
2652
2472
2476
2653
2477
2654
2474
2478
2655
2475
2479
2656
2476
2480
2657
2477
2481
2658
2482
2659
2479
2483
2660
2480
2484
2661
2481
2485
2662
2482
2486
2663
2487
2664
2484
2488
2665
2485
2489
2666
2486
2490
2667
2487
2491
2668
2492
2669
2489
2493
2670
2490
2494
2671
2491
2495
2672
2492
2496
2673
2497
2674
2494
2498
2675
2495
2499
2676
2496
2500
2677
2497
2501
2678
2502
2679
2499
2503
2680
2500
2504
2681
2501
2505
2682
2502
2506
2683
2507
2684
2504
2508
2685
2505
2509
2686
2506
2510
2687
2507
2511
2688
2512
2689
2509
2690
2510
2691
2511
2692
2512
2693
2694
2514
2518
2695
2515
2519
2696
2516
2520
2697
2517
2521
2698
2522
2699
2519
2523
2700
2520
2524
2701
2521
2525
2702
2522
2526
2703
2527
2704
2524
2528
2705
2525
2529
2706
2526
2530
2707
2527
2708
2709
2529
2531
2710
2530
2532
2711
2533
2712
2532
2534
2713
2533
2535
2714
2536
2715
2535
2537
2716
2536
2538
2717
2539
2718
2538
2540
2719
2539
2541
2720
2542
2721
2541
2543
2722
2542
2544
2723
2545
2724
2544
2546
2725
2545
2547
2726
2548
2727
2547
2728
2548
2549
2729
2550
2730
2550
2551
2732
2552
2733
2552
2555
2734
2553
2556
2735
2554
2557
2736
2558
2737
2556
2559
2738
2557
2560
2739
2558
2561
2740
2562
2741
2560
2563
2742
2561
2564
2743
2562
2565
2744
2566
2745
2564
2567
2746
2565
2568
2747
2566
2569
2748
2570
2749
2568
2571
2750
2569
2572
2751
2570
2573
2752
2574
2753
2572
2575
2754
2573
2576
2755
2574
2577
2756
2578
2757
2576
2580
2758
2577
2581
2759
2578
2582
2760
2579
2583
2761
2584
2581
2585
2762
2582
2586
2763
2583
2587
2764
2584
2588
2765
2589
2766
2586
2590
2767
2587
2591
2768
2588
2592
2769
2589
2593
2770
2594
2771
2591
2595
2772
2592
2596
2773
2593
2597
2774
2594
2598
2775
2599
2776
2596
2600
2777
2597
2601
2778
2598
2602
2779
2599
2603
2780
2604
2781
2601
2605
2782
2602
2606
2783
2603
2607
2784
2604
2608
2785
2609
2786
2606
2610
2787
2607
2611
2788
2608
2612
2789
2609
2613
2790
2614
2791
2611
2615
2792
2612
2616
2793
2613
2617
2794
2614
2618
2795
2619
2796
2616
2620
2797
2617
2621
2798
2618
2622
2799
2619
2623
2800
2624
2801
2621
2625
2802
2622
2626
2803
2623
2627
2804
2624
2628
2805
2629
2806
2626
2630
2807
2627
2631
2808
2628
2632
2809
2629
2633
2810
2634
2811
2631
2635
2812
2632
2636
2813
2633
2637
2814
2634
2638
2815
2639
2816
2636
2640
2817
2637
2641
2818
2638
2642
2819
2639
2643
2820
2644
2821
2641
2645
2822
2642
2646
2823
2643
2647
2824
2644
2648
2825
2649
2826
2646
2650
2827
2647
2651
2828
2648
2652
2829
2649
2653
2830
2654
2831
2651
2655
2832
2652
2656
2833
2653
2657
2834
2654
2658
2835
2659
2836
2656
2660
2837
2657
2661
2838
2658
2662
2839
2659
2663
2840
2664
2841
2661
2665
2842
2662
2666
2843
2663
2667
2844
2664
2668
2845
2669
2846
2666
2670
2847
2667
2671
2848
2668
2672
2849
2669
2673
2850
2674
2851
2671
2675
2852
2672
2676
2853
2673
2677
2854
2674
2678
2855
2679
2856
2676
2680
2857
2677
2681
2858
2678
2682
2859
2679
2683
2860
2684
2861
2681
2685
2862
2682
2686
2863
2683
2687
2864
2684
2688
2865
2689
2866
2686
2690
2867
2687
2691
2868
2688
2692
2869
2689
2693
2870
2694
2871
2691
2872
2692
2873
2693
2874
2694
2875
2876
2696
2700
2877
2697
2701
2878
2698
2702
2879
2699
2703
2880
2704
2881
2701
2705
2882
2702
2706
2883
2703
2707
2884
2704
2708
2885
2709
2886
2706
2710
2887
2707
2711
2888
2708
2712
2889
2709
2890
2891
2711
2713
2892
2712
2714
2893
2715
2894
2714
2716
2895
2715
2717
2896
2718
2897
2717
2719
2898
2718
2720
2899
2721
2900
2720
2722
2901
2721
2723
2902
2724
2903
2723
2725
2904
2724
2726
2905
2727
2906
2726
2728
2907
2727
2729
2908
2730
2909
2729
2731
2910
2730
2732
2911
2733
2912
2732
2913
2733
2734
2914
2735
2915
2735
2738
2917
2736
2739
2918
2737
2740
2919
2741
2920
2739
2742
2921
2740
2743
2922
2741
2744
2923
2745
2924
2743
2746
2925
2744
2747
2926
2745
2748
2927
2749
2928
2747
2750
2929
2748
2751
2930
2749
2752
2931
2753
2932
2751
2754
2933
2752
2755
2934
2753
2756
2935
2757
2936
2755
2758
2937
2756
2759
2938
2757
2760
2939
2761
2940
2759
2762
2941
2760
2763
2942
2761
2764
2943
2765
2944
2763
2767
2945
2764
2768
2946
2765
2769
2947
2766
2770
2948
2771
2768
2772
2949
2769
2773
2950
2770
2774
2951
2771
2775
2952
2776
2953
2773
2777
2954
2774
2778
2955
2775
2779
2956
2776
2780
2957
2781
2958
2778
2782
2959
2779
2783
2960
2780
2784
2961
2781
2785
2962
2786
2963
2783
2787
2964
2784
2788
2965
2785
2789
2966
2786
2790
2967
2791
2968
2788
2792
2969
2789
2793
2970
2790
2794
2971
2791
2795
2972
2796
2973
2793
2797
2974
2794
2798
2975
2795
2799
2976
2796
2800
2977
2801
2978
2798
2802
2979
2799
2803
2980
2800
2804
2981
2801
2805
2982
2806
2983
2803
2807
2984
2804
2808
2985
2805
2809
2986
2806
2810
2987
2811
2988
2808
2812
2989
2809
2813
2990
2810
2814
2991
2811
2815
2992
2816
2993
2813
2817
2994
2814
2818
2995
2815
2819
2996
2816
2820
2997
2821
2998
2818
2822
2999
2819
2823
3000
2820
2824
3001
2821
2825
3002
2826
3003
2823
2827
3004
2824
2828
3005
2825
2829
3006
2826
2830
3007
2831
3008
2828
2832
3009
2829
2833
3010
2830
2834
3011
2831
2835
3012
2836
3013
2833
2837
3014
2834
2838
3015
2835
2839
3016
2836
2840
3017
2841
3018
2838
2842
3019
2839
2843
3020
2840
2844
3021
2841
2845
3022
2846
3023
2843
2847
3024
2844
2848
3025
2845
2849
3026
2846
2850
3027
2851
3028
2848
2852
3029
2849
2853
3030
2850
2854
3031
2851
2855
3032
2856
3033
2853
2857
3034
2854
2858
3035
2855
2859
3036
2856
2860
3037
2861
3038
2858
2862
3039
2859
2863
3040
2860
2864
3041
2861
2865
3042
2866
3043
2863
2867
3044
2864
2868
3045
2865
2869
3046
2866
2870
3047
2871
3048
2868
2872
3049
2869
2873
3050
2870
2874
3051
2871
2875
3052
2876
3053
2873
3054
2874
3055
2875
3056
2876
3057
3058
2878
2882
3059
2879
2883
3060
2880
2884
3061
2881
2885
3062
2886
3063
2883
2887
3064
2884
2888
3065
2885
2889
3066
2886
2890
3067
2891
3068
2888
2892
3069
2889
2893
3070
2890
2894
3071
2891
3072
3073
2893
2895
3074
2894
2896
3075
2897
3076
2896
2898
3077
2897
2899
3078
2900
3079
2899
2901
3080
2900
2902
3081
2903
3082
2902
2904
3083
2903
2905
3084
2906
3085
2905
2907
3086
2906
2908
3087
2909
3088
2908
2910
3089
2909
2911
3090
2912
3091
2911
2913
3092
2912
2914
3093
2915
3094
2914
2916
3095
2915
2917
3096
2918
3097
2917
3098
2918
2921
3099
2919
2922
3100
2920
2923
3101
2924
3102
2922
2925
3104
2923
2926
3105
2924
2927
3106
2928
3107
2926
2929
3108
2927
2930
3109
2928
2931
3110
2932
3111
2930
2933
3112
2931
2934
3113
2932
2935
3114
2936
3115
2934
2937
3116
2935
2938
3117
2936
2939
3118
2940
3119
2938
2941
3120
2939
2942
3121
2940
2943
3122
2944
3123
2942
2945
3124
2943
2946
3125
2944
2947
3126
2948
3127
2946
2949
3128
2947
2950
3129
2948
2951
3130
2952
3131
2950
2954
3132
2951
2955
3133
2952
2956
3134
2953
2957
3135
2958
2955
2959
3136
2956
2960
3137
2957
2961
3138
2958
2962
3139
2963
3140
2960
2964
3141
2961
2965
3142
2962
2966
3143
2963
2967
3144
2968
3145
2965
2969
3146
2966
2970
3147
2967
2971
3148
2968
2972
3149
2973
3150
2970
2974
3151
2971
2975
3152
2972
2976
3153
2973
2977
3154
2978
3155
2975
2979
3156
2976
2980
3157
2977
2981
3158
2978
2982
3159
2983
3160
2980
2984
3161
2981
2985
3162
2982
2986
3163
2983
2987
3164
2988
3165
2985
2989
3166
2986
2990
3167
2987
2991
3168
2988
2992
3169
2993
3170
2990
2994
3171
2991
2995
3172
2992
2996
3173
2993
2997
3174
2998
3175
2995
2999
3176
2996
3000
3177
2997
3001
3178
2998
3002
3179
3003
3180
3000
3004
3181
3001
3005
3182
3002
3006
3183
3003
3007
3184
3008
3185
3005
3009
3186
3006
3010
3187
3007
3011
3188
3008
3012
3189
3013
3190
3010
3014
3191
3011
3015
3192
3012
3016
3193
3013
3017
3194
3018
3195
3015
3019
3196
3016
3020
3197
3017
3021
3198
3018
3022
3199
3023
3200
3020
3024
3201
3021
3025
3202
3022
3026
3203
3023
3027
3204
3028
3205
3025
3029
3206
3026
3030
3207
3027
3031
3208
3028
3032
3209
3033
3210
3030
3034
3211
3031
3035
3212
3032
3036
3213
3033
3037
3214
3038
3215
3035
3039
3216
3036
3040
3217
3037
3041
3218
3038
3042
3219
3043
3220
3040
3044
3221
3041
3045
3222
3042
3046
3223
3043
3047
3224
3048
3225
3045
3049
3226
3046
3050
3227
3047
3051
3228
3048
3052
3229
3053
3230
3050
3054
3231
3051
3055
3232
3052
3056
3233
3053
3057
3234
3058
3235
3055
3236
3056
3237
3057
3238
3058
3239
3240
3060
3064
3241
3061
3065
3242
3062
3066
3243
3063
3067
3244
3068
3245
3065
3069
3246
3066
3070
3247
3067
3071
3248
3068
3072
3249
3073
3250
3070
3074
3251
3071
3075
3252
3072
3076
3253
3073
3254
3255
3075
3077
3256
3076
3078
3257
3079
3258
3078
3080
3259
3079
3081
3260
3082
3261
3081
3083
3262
3082
3084
3263
3085
3264
3084
3086
3265
3085
3087
3266
3088
3267
3087
3089
3268
3088
3090
3269
3091
3270
3090
3092
3271
3091
3093
3272
3094
3273
3093
3095
3274
3094
3096
3275
3097
3276
3096
3098
3277
3097
3099
3278
3100
3279
3099
3103
3280
3100
3104
3281
3101
3105
3282
3102
3106
3283
3107
3284
3104
3285
3105
3108
3286
3106
3109
3287
3107
3110
3288
3111
3289
3109
3112
3291
3110
3113
3292
3111
3114
3293
3115
3294
3113
3116
3295
3114
3117
3296
3115
3118
3297
3119
3298
3117
3120
3299
3118
3121
3300
3119
3122
3301
3123
3302
3121
3124
3303
3122
3125
3304
3123
3126
3305
3127
3306
3125
3128
3307
3126
3129
3308
3127
3130
3309
3131
3310
3129
3132
3311
3130
3133
3312
3131
3134
3313
3135
3314
3133
3136
3315
3134
3137
3316
3135
3138
3317
3139
3318
3137
3141
3319
3138
3142
3320
3139
3143
3321
3140
3144
3322
3145
3142
3146
3323
3143
3147
3324
3144
3148
3325
3145
3149
3326
3150
3327
3147
3151
3328
3148
3152
3329
3149
3153
3330
3150
3154
3331
3155
3332
3152
3156
3333
3153
3157
3334
3154
3158
3335
3155
3159
3336
3160
3337
3157
3161
3338
3158
3162
3339
3159
3163
3340
3160
3164
3341
3165
3342
3162
3166
3343
3163
3167
3344
3164
3168
3345
3165
3169
3346
3170
3347
3167
3171
3348
3168
3172
3349
3169
3173
3350
3170
3174
3351
3175
3352
3172
3176
3353
3173
3177
3354
3174
3178
3355
3175
3179
3356
3180
3357
3177
3181
3358
3178
3182
3359
3179
3183
3360
3180
3184
3361
3185
3362
3182
3186
3363
3183
3187
3364
3184
3188
3365
3185
3189
3366
3190
3367
3187
3191
3368
3188
3192
3369
3189
3193
3370
3190
3194
3371
3195
3372
3192
3196
3373
3193
3197
3374
3194
3198
3375
3195
3199
3376
3200
3377
3197
3201
3378
3198
3202
3379
3199
3203
3380
3200
3204
3381
3205
3382
3202
3206
3383
3203
3207
3384
3204
3208
3385
3205
3209
3386
3210
3387
3207
3211
3388
3208
3212
3389
3209
3213
3390
3210
3214
3391
3215
3392
3212
3216
3393
3213
3217
3394
3214
3218
3395
3215
3219
3396
3220
3397
3217
3221
3398
3218
3222
3399
3219
3223
3400
3220
3224
3401
3225
3402
3222
3226
3403
3223
3227
3404
3224
3228
3405
3225
3229
3406
3230
3407
3227
3231
3408
3228
3232
3409
3229
3233
3410
3230
3234
3411
3235
3412
3232
3236
3413
3233
3237
3414
3234
3238
3415
3235
3239
3416
3240
3417
3237
3418
3238
3419
3239
3420
3240
3421
3422
3242
3246
3423
3243
3247
3424
3244
3248
3425
3245
3249
3426
3250
3427
3247
3251
3428
3248
3252
3429
3249
3253
3430
3250
3254
3431
3255
3432
3252
3256
3433
3253
3257
3434
3254
3258
3435
3255
3436
3437
3257
3259
3438
3258
3260
3439
3261
3440
3260
3262
3441
3261
3263
3442
3264
3443
3263
3265
3444
3264
3266
3445
3267
3446
3266
3268
3447
3267
3269
3448
3270
3449
3269
3271
3450
3270
3272
3451
3273
3452
3272
3274
3453
3273
3275
3454
3276
3455
3275
3277
3456
3276
3278
3457
3279
3458
3278
3280
3459
3279
3281
3460
3282
3461
3281
3285
3462
3282
3286
3463
3283
3287
3464
3284
3288
3465
3289
3466
3286
3290
3467
3287
3291
3468
3288
3292
3469
3289
3293
3470
3294
3471
3291
3472
3292
3295
3473
3293
3296
3474
3294
3297
3475
3298
3476
3296
3299
3478
3297
3300
3479
3298
3301
3480
3302
3481
3300
3303
3482
3301
3304
3483
3302
3305
3484
3306
3485
3304
3307
3486
3305
3308
3487
3306
3309
3488
3310
3489
3308
3311
3490
3309
3312
3491
3310
3313
3492
3314
3493
3312
3315
3494
3313
3316
3495
3314
3317
3496
3318
3497
3316
3319
3498
3317
3320
3499
3318
3321
3500
3322
3501
3320
3323
3502
3321
3324
3503
3322
3325
3504
3326
3505
3324
3328
3506
3325
3329
3507
3326
3330
3508
3327
3331
3509
3332
3329
3333
3510
3330
3334
3511
3331
3335
3512
3332
3336
3513
3337
3514
3334
3338
3515
3335
3339
3516
3336
3340
3517
3337
3341
3518
3342
3519
3339
3343
3520
3340
3344
3521
3341
3345
3522
3342
3346
3523
3347
3524
3344
3348
3525
3345
3349
3526
3346
3350
3527
3347
3351
3528
3352
3529
3349
3353
3530
3350
3354
3531
3351
3355
3532
3352
3356
3533
3357
3534
3354
3358
3535
3355
3359
3536
3356
3360
3537
3357
3361
3538
3362
3539
3359
3363
3540
3360
3364
3541
3361
3365
3542
3362
3366
3543
3367
3544
3364
3368
3545
3365
3369
3546
3366
3370
3547
3367
3371
3548
3372
3549
3369
3373
3550
3370
3374
3551
3371
3375
3552
3372
3376
3553
3377
3554
3374
3378
3555
3375
3379
3556
3376
3380
3557
3377
3381
3558
3382
3559
3379
3383
3560
3380
3384
3561
3381
3385
3562
3382
3386
3563
3387
3564
3384
3388
3565
3385
3389
3566
3386
3390
3567
3387
3391
3568
3392
3569
3389
3393
3570
3390
3394
3571
3391
3395
3572
3392
3396
3573
3397
3574
3394
3398
3575
3395
3399
3576
3396
3400
3577
3397
3401
3578
3402
3579
3399
3403
3580
3400
3404
3581
3401
3405
3582
3402
3406
3583
3407
3584
3404
3408
3585
3405
3409
3586
3406
3410
3587
3407
3411
3588
3412
3589
3409
3413
3590
3410
3414
3591
3411
3415
3592
3412
3416
3593
3417
3594
3414
3418
3595
3415
3419
3596
3416
3420
3597
3417
3421
3598
3422
3599
3419
3600
3420
3601
3421
3602
3422
3603
3604
3424
3428
3605
3425
3429
3606
3426
3430
3607
3427
3431
3608
3432
3609
3429
3433
3610
3430
3434
3611
3431
3435
3612
3432
3436
3613
3437
3614
3434
3438
3615
3435
3439
3616
3436
3440
3617
3437
3618
3619
3439
3441
3620
3440
3442
3621
3443
3622
3442
3444
3623
3443
3445
3624
3446
3625
3445
3447
3626
3446
3448
3627
3449
3628
3448
3450
3629
3449
3451
3630
3452
3631
3451
3453
3632
3452
3454
3633
3455
3634
3454
3456
3635
3455
3457
3636
3458
3637
3457
3459
3638
3458
3460
3639
3461
3640
3460
3462
3641
3461
3463
3642
3464
3643
3463
3467
3644
3464
3468
3645
3465
3469
3646
3466
3470
3647
3471
3648
3468
3472
3649
3469
3473
3650
3470
3474
3651
3471
3475
3652
3476
3653
3473
3477
3654
3474
3478
3655
3475
3479
3656
3476
3480
3657
3481
3658
3478
3659
3479
3482
3660
3480
3483
3661
3481
3484
3662
3485
3663
3483
3486
3665
3484
3487
3666
3485
3488
3667
3489
3668
3487
3490
3669
3488
3491
3670
3489
3492
3671
3493
3672
3491
3494
3673
3492
3495
3674
3493
3496
3675
3497
3676
3495
3498
3677
3496
3499
3678
3497
3500
3679
3501
3680
3499
3502
3681
3500
3503
3682
3501
3504
3683
3505
3684
3503
3506
3685
3504
3507
3686
3505
3508
3687
3509
3688
3507
3510
3689
3508
3511
3690
3509
3512
3691
3513
3692
3511
3515
3693
3512
3516
3694
3513
3517
3695
3514
3518
3696
3519
3516
3520
3697
3517
3521
3698
3518
3522
3699
3519
3523
3700
3524
3701
3521
3525
3702
3522
3526
3703
3523
3527
3704
3524
3528
3705
3529
3706
3526
3530
3707
3527
3531
3708
3528
3532
3709
3529
3533
3710
3534
3711
3531
3535
3712
3532
3536
3713
3533
3537
3714
3534
3538
3715
3539
3716
3536
3540
3717
3537
3541
3718
3538
3542
3719
3539
3543
3720
3544
3721
3541
3545
3722
3542
3546
3723
3543
3547
3724
3544
3548
3725
3549
3726
3546
3550
3727
3547
3551
3728
3548
3552
3729
3549
3553
3730
3554
3731
3551
3555
3732
3552
3556
3733
3553
3557
3734
3554
3558
3735
3559
3736
3556
3560
3737
3557
3561
3738
3558
3562
3739
3559
3563
3740
3564
3741
3561
3565
3742
3562
3566
3743
3563
3567
3744
3564
3568
3745
3569
3746
3566
3570
3747
3567
3571
3748
3568
3572
3749
3569
3573
3750
3574
3751
3571
3575
3752
3572
3576
3753
3573
3577
3754
3574
3578
3755
3579
3756
3576
3580
3757
3577
3581
3758
3578
3582
3759
3579
3583
3760
3584
3761
3581
3585
3762
3582
3586
3763
3583
3587
3764
3584
3588
3765
3589
3766
3586
3590
3767
3587
3591
3768
3588
3592
3769
3589
3593
3770
3594
3771
3591
3595
3772
3592
3596
3773
3593
3597
3774
3594
3598
3775
3599
3776
3596
3600
3777
3597
3601
3778
3598
3602
3779
3599
3603
3780
3604
3781
3601
3782
3602
3783
3603
3784
3604
3785
3786
3606
3610
3787
3607
3611
3788
3608
3612
3789
3609
3613
3790
3614
3791
3611
3615
3792
3612
3616
3793
3613
3617
3794
3614
3618
3795
3619
3796
3616
3620
3797
3617
3621
3798
3618
3622
3799
3619
3800
3801
3621
3623
3802
3622
3624
3803
3625
3804
3624
3626
3805
3625
3627
3806
3628
3807
3627
3629
3808
3628
3630
3809
3631
3810
3630
3632
3811
3631
3633
3812
3634
3813
3633
3635
3814
3634
3636
3815
3637
3816
3636
3638
3817
3637
3639
3818
3640
3819
3639
3641
3820
3640
3642
3821
3643
3822
3642
3644
3823
3643
3645
3824
3646
3825
3645
3649
3826
3646
3650
3827
3647
3651
3828
3648
3652
3829
3653
3830
3650
3654
3831
3651
3655
3832
3652
3656
3833
3653
3657
3834
3658
3835
3655
3659
3836
3656
3660
3837
3657
3661
3838
3658
3662
3839
3663
3840
3660
3664
3841
3661
3665
3842
3662
3666
3843
3663
3667
3844
3668
3845
3665
3846
3666
3669
3847
3667
3670
3848
3668
3671
3849
3672
3850
3670
3673
3852
3671
3674
3853
3672
3675
3854
3676
3855
3674
3677
3856
3675
3678
3857
3676
3679
3858
3680
3859
3678
3681
3860
3679
3682
3861
3680
3683
3862
3684
3863
3682
3685
3864
3683
3686
3865
3684
3687
3866
3688
3867
3686
3689
3868
3687
3690
3869
3688
3691
3870
3692
3871
3690
3693
3872
3691
3694
3873
3692
3695
3874
3696
3875
3694
3697
3876
3695
3698
3877
3696
3699
3878
3700
3879
3698
3702
3880
3699
3703
3881
3700
3704
3882
3701
3705
3883
3706
3703
3707
3884
3704
3708
3885
3705
3709
3886
3706
3710
3887
3711
3888
3708
3712
3889
3709
3713
3890
3710
3714
3891
3711
3715
3892
3716
3893
3713
3717
3894
3714
3718
3895
3715
3719
3896
3716
3720
3897
3721
3898
3718
3722
3899
3719
3723
3900
3720
3724
3901
3721
3725
3902
3726
3903
3723
3727
3904
3724
3728
3905
3725
3729
3906
3726
3730
3907
3731
3908
3728
3732
3909
3729
3733
3910
3730
3734
3911
3731
3735
3912
3736
3913
3733
3737
3914
3734
3738
3915
3735
3739
3916
3736
3740
3917
3741
3918
3738
3742
3919
3739
3743
3920
3740
3744
3921
3741
3745
3922
3746
3923
3743
3747
3924
3744
3748
3925
3745
3749
3926
3746
3750
3927
3751
3928
3748
3752
3929
3749
3753
3930
3750
3754
3931
3751
3755
3932
3756
3933
3753
3757
3934
3754
3758
3935
3755
3759
3936
3756
3760
3937
3761
3938
3758
3762
3939
3759
3763
3940
3760
3764
3941
3761
3765
3942
3766
3943
3763
3767
3944
3764
3768
3945
3765
3769
3946
3766
3770
3947
3771
3948
3768
3772
3949
3769
3773
3950
3770
3774
3951
3771
3775
3952
3776
3953
3773
3777
3954
3774
3778
3955
3775
3779
3956
3776
3780
3957
3781
3958
3778
3782
3959
3779
3783
3960
3780
3784
3961
3781
3785
3962
3786
3963
3783
3964
3784
3965
3785
3966
3786
3967
3968
3788
3792
3969
3789
3793
3970
3790
3794
3971
3791
3795
3972
3796
3973
3793
3797
3974
3794
3798
3975
3795
3799
3976
3796
3800
3977
3801
3978
3798
3802
3979
3799
3803
3980
3800
3804
3981
3801
3982
3983
3803
3805
3984
3804
3806
3985
3807
3986
3806
3808
3987
3807
3809
3988
3810
3989
3809
3811
3990
3810
3812
3991
3813
3992
3812
3814
3993
3813
3815
3994
3816
3995
3815
3817
3996
3816
3818
3997
3819
3998
3818
3820
3999
3819
3821
4000
3822
4001
3821
3823
4002
3822
3824
4003
3825
4004
3824
3826
4005
3825
3827
4006
3828
4007
3827
3831
4008
3828
3832
4009
3829
3833
4010
3830
3834
4011
3835
4012
3832
3836
4013
3833
3837
4014
3834
3838
4015
3835
3839
4016
3840
4017
3837
3841
4018
3838
3842
4019
3839
3843
4020
3840
3844
4021
3845
4022
3842
3846
4023
3843
3847
4024
3844
3848
4025
3845
3849
4026
3850
4027
3847
3851
4028
3848
3852
4029
3849
3853
4030
3850
3854
4031
3855
4032
3852
4033
3853
3856
4034
3854
3857
4035
3855
3858
4036
3859
4037
3857
3860
4039
3858
3861
4040
3859
3862
4041
3863
4042
3861
3864
4043
3862
3865
4044
3863
3866
4045
3867
4046
3865
3868
4047
3866
3869
4048
3867
3870
4049
3871
4050
3869
3872
4051
3870
3873
4052
3871
3874
4053
3875
4054
3873
3876
4055
3874
3877
4056
3875
3878
4057
3879
4058
3877
3880
4059
3878
3881
4060
3879
3882
4061
3883
4062
3881
3884
4063
3882
3885
4064
3883
3886
4065
3887
4066
3885
3889
4067
3886
3890
4068
3887
3891
4069
3888
3892
4070
3893
3890
3894
4071
3891
3895
4072
3892
3896
4073
3893
3897
4074
3898
4075
3895
3899
4076
3896
3900
4077
3897
3901
4078
3898
3902
4079
3903
4080
3900
3904
4081
3901
3905
4082
3902
3906
4083
3903
3907
4084
3908
4085
3905
3909
4086
3906
3910
4087
3907
3911
4088
3908
3912
4089
3913
4090
3910
3914
4091
3911
3915
4092
3912
3916
4093
3913
3917
4094
3918
4095
3915
3919
4096
3916
3920
4097
3917
3921
4098
3918
3922
4099
3923
4100
3920
3924
4101
3921
3925
4102
3922
3926
4103
3923
3927
4104
3928
4105
3925
3929
4106
3926
3930
4107
3927
3931
4108
3928
3932
4109
3933
4110
3930
3934
4111
3931
3935
4112
3932
3936
4113
3933
3937
4114
3938
4115
3935
3939
4116
3936
3940
4117
3937
3941
4118
3938
3942
4119
3943
4120
3940
3944
4121
3941
3945
4122
3942
3946
4123
3943
3947
4124
3948
4125
3945
3949
4126
3946
3950
4127
3947
3951
4128
3948
3952
4129
3953
4130
3950
3954
4131
3951
3955
4132
3952
3956
4133
3953
3957
4134
3958
4135
3955
3959
4136
3956
3960
4137
3957
3961
4138
3958
3962
4139
3963
4140
3960
3964
4141
3961
3965
4142
3962
3966
4143
3963
3967
4144
3968
4145
3965
4146
3966
4147
3967
4148
3968
4149
4150
3970
3974
4151
3971
3975
4152
3972
3976
4153
3973
3977
4154
3978
4155
3975
3979
4156
3976
3980
4157
3977
3981
4158
3978
3982
4159
3983
4160
3980
3984
4161
3981
3985
4162
3982
3986
4163
3983
4164
4165
3985
3987
4166
3986
3988
4167
3989
4168
3988
3990
4169
3989
3991
4170
3992
4171
3991
3993
4172
3992
3994
4173
3995
4174
3994
3996
4175
3995
3997
4176
3998
4177
3997
3999
4178
3998
4000
4179
4001
4180
4000
4002
4181
4001
4003
4182
4004
4183
4003
4005
4184
4004
4006
4185
4007
4186
4006
4008
4187
4007
4009
4188
4010
4189
4009
4013
4190
4010
4014
4191
4011
4015
4192
4012
4016
4193
4017
4194
4014
4018
4195
4015
4019
4196
4016
4020
4197
4017
4021
4198
4022
4199
4019
4023
4200
4020
4024
4201
4021
4025
4202
4022
4026
4203
4027
4204
4024
4028
4205
4025
4029
4206
4026
4030
4207
4027
4031
4208
4032
4209
4029
4033
4210
4030
4034
4211
4031
4035
4212
4032
4036
4213
4037
4214
4034
4038
4215
4035
4039
4216
4036
4040
4217
4037
4041
4218
4042
4219
4039
4220
4040
4043
4221
4041
4044
4222
4042
4045
4223
4046
4224
4044
4047
4226
4045
4048
4227
4046
4049
4228
4050
4229
4048
4051
4230
4049
4052
4231
4050
4053
4232
4054
4233
4052
4055
4234
4053
4056
4235
4054
4057
4236
4058
4237
4056
4059
4238
4057
4060
4239
4058
4061
4240
4062
4241
4060
4063
4242
4061
4064
4243
4062
4065
4244
4066
4245
4064
4067
4246
4065
4068
4247
4066
4069
4248
4070
4249
4068
4071
4250
4069
4072
4251
4070
4073
4252
4074
4253
4072
4076
4254
4073
4077
4255
4074
4078
4256
4075
4079
4257
4080
4077
4081
4258
4078
4082
4259
4079
4083
4260
4080
4084
4261
4085
4262
4082
4086
4263
4083
4087
4264
4084
4088
4265
4085
4089
4266
4090
4267
4087
4091
4268
4088
4092
4269
4089
4093
4270
4090
4094
4271
4095
4272
4092
4096
4273
4093
4097
4274
4094
4098
4275
4095
4099
4276
4100
4277
4097
4101
4278
4098
4102
4279
4099
4103
4280
4100
4104
4281
4105
4282
4102
4106
4283
4103
4107
4284
4104
4108
4285
4105
4109
4286
4110
4287
4107
4111
4288
4108
4112
4289
4109
4113
4290
4110
4114
4291
4115
4292
4112
4116
4293
4113
4117
4294
4114
4118
4295
4115
4119
4296
4120
4297
4117
4121
4298
4118
4122
4299
4119
4123
4300
4120
4124
4301
4125
4302
4122
4126
4303
4123
4127
4304
4124
4128
4305
4125
4129
4306
4130
4307
4127
4131
4308
4128
4132
4309
4129
4133
4310
4130
4134
4311
4135
4312
4132
4136
4313
4133
4137
4314
4134
4138
4315
4135
4139
4316
4140
4317
4137
4141
4318
4138
4142
4319
4139
4143
4320
4140
4144
4321
4145
4322
4142
4146
4323
4143
4147
4324
4144
4148
4325
4145
4149
4326
4150
4327
4147
4328
4148
4329
4149
4330
4150
4331
4332
4152
4156
4333
4153
4157
4334
4154
4158
4335
4155
4159
4336
4160
4337
4157
4161
4338
4158
4162
4339
4159
4163
4340
4160
4164
4341
4165
4342
4162
4166
4343
4163
4167
4344
4164
4168
4345
4165
4346
4347
4167
4169
4348
4168
4170
4349
4171
4350
4170
4172
4351
4171
4173
4352
4174
4353
4173
4175
4354
4174
4176
4355
4177
4356
4176
4178
4357
4177
4179
4358
4180
4359
4179
4181
4360
4180
4182
4361
4183
4362
4182
4184
4363
4183
4185
4364
4186
4365
4185
4187
4366
4186
4188
4367
4189
4368
4188
4190
4369
4189
4191
4370
4192
4371
4191
4195
4372
4192
4196
4373
4193
4197
4374
4194
4198
4375
4199
4376
4196
4200
4377
4197
4201
4378
4198
4202
4379
4199
4203
4380
4204
4381
4201
4205
4382
4202
4206
4383
4203
4207
4384
4204
4208
4385
4209
4386
4206
4210
4387
4207
4211
4388
4208
4212
4389
4209
4213
4390
4214
4391
4211
4215
4392
4212
4216
4393
4213
4217
4394
4214
4218
4395
4219
4396
4216
4220
4397
4217
4221
4398
4218
4222
4399
4219
4223
4400
4224
4401
4221
4225
4402
4222
4226
4403
4223
4227
4404
4224
4228
4405
4229
4406
4226
4407
4227
4230
4408
4228
4231
4409
4229
4232
4410
4233
4411
4231
4234
4413
4232
4235
4414
4233
4236
4415
4237
4416
4235
4238
4417
4236
4239
4418
4237
4240
4419
4241
4420
4239
4242
4421
4240
4243
4422
4241
4244
4423
4245
4424
4243
4246
4425
4244
4247
4426
4245
4248
4427
4249
4428
4247
4250
4429
4248
4251
4430
4249
4252
4431
4253
4432
4251
4254
4433
4252
4255
4434
4253
4256
4435
4257
4436
4255
4258
4437
4256
4259
4438
4257
4260
4439
4261
4440
4259
4263
4441
4260
4264
4442
4261
4265
4443
4262
4266
4444
4267
4264
4268
4445
4265
4269
4446
4266
4270
4447
4267
4271
4448
4272
4449
4269
4273
4450
4270
4274
4451
4271
4275
4452
4272
4276
4453
4277
4454
4274
4278
4455
4275
4279
4456
4276
4280
4457
4277
4281
4458
4282
4459
4279
4283
4460
4280
4284
4461
4281
4285
4462
4282
4286
4463
4287
4464
4284
4288
4465
4285
4289
4466
4286
4290
4467
4287
4291
4468
4292
4469
4289
4293
4470
4290
4294
4471
4291
4295
4472
4292
4296
4473
4297
4474
4294
4298
4475
4295
4299
4476
4296
4300
4477
4297
4301
4478
4302
4479
4299
4303
4480
4300
4304
4481
4301
4305
4482
4302
4306
4483
4307
4484
4304
4308
4485
4305
4309
4486
4306
4310
4487
4307
4311
4488
4312
4489
4309
4313
4490
4310
4314
4491
4311
4315
4492
4312
4316
4493
4317
4494
4314
4318
4495
4315
4319
4496
4316
4320
4497
4317
4321
4498
4322
4499
4319
4323
4500
4320
4324
4501
4321
4325
4502
4322
4326
4503
4327
4504
4324
4328
4505
4325
4329
4506
4326
4330
4507
4327
4331
4508
4332
4509
4329
4510
4330
4511
4331
4512
4332
4513
4514
4334
4338
4515
4335
4339
4516
4336
4340
4517
4337
4341
4518
4342
4519
4339
4343
4520
4340
4344
4521
4341
4345
4522
4342
4346
4523
4347
4524
4344
4348
4525
4345
4349
4526
4346
4350
4527
4347
4528
4529
4349
4351
4530
4350
4352
4531
4353
4532
4352
4354
4533
4353
4355
4534
4356
4535
4355
4357
4536
4356
4358
4537
4359
4538
4358
4360
4539
4359
4361
4540
4362
4541
4361
4363
4542
4362
4364
4543
4365
4544
4364
4366
4545
4365
4367
4546
4368
4547
4367
4369
4548
4368
4370
4549
4371
4550
4370
4372
4551
4371
4373
4552
4374
4553
4373
4377
4554
4374
4378
4555
4375
4379
4556
4376
4380
4557
4381
4558
4378
4382
4559
4379
4383
4560
4380
4384
4561
4381
4385
4562
4386
4563
4383
4387
4564
4384
4388
4565
4385
4389
4566
4386
4390
4567
4391
4568
4388
4392
4569
4389
4393
4570
4390
4394
4571
4391
4395
4572
4396
4573
4393
4397
4574
4394
4398
4575
4395
4399
4576
4396
4400
4577
4401
4578
4398
4402
4579
4399
4403
4580
4400
4404
4581
4401
4405
4582
4406
4583
4403
4407
4584
4404
4408
4585
4405
4409
4586
4406
4410
4587
4411
4588
4408
4412
4589
4409
4413
4590
4410
4414
4591
4411
4415
4592
4416
4593
4413
4594
4414
4417
4595
4415
4418
4596
4416
4419
4597
4420
4598
4418
4421
4600
4419
4422
4601
4420
4423
4602
4424
4603
4422
4425
4604
4423
4426
4605
4424
4427
4606
4428
4607
4426
4429
4608
4427
4430
4609
4428
4431
4610
4432
4611
4430
4433
4612
4431
4434
4613
4432
4435
4614
4436
4615
4434
4437
4616
4435
4438
4617
4436
4439
4618
4440
4619
4438
4441
4620
4439
4442
4621
4440
4443
4622
4444
4623
4442
4445
4624
4443
4446
4625
4444
4447
4626
4448
4627
4446
4450
4628
4447
4451
4629
4448
4452
4630
4449
4453
4631
4454
4451
4455
4632
4452
4456
4633
4453
4457
4634
4454
4458
4635
4459
4636
4456
4460
4637
4457
4461
4638
4458
4462
4639
4459
4463
4640
4464
4641
4461
4465
4642
4462
4466
4643
4463
4467
4644
4464
4468
4645
4469
4646
4466
4470
4647
4467
4471
4648
4468
4472
4649
4469
4473
4650
4474
4651
4471
4475
4652
4472
4476
4653
4473
4477
4654
4474
4478
4655
4479
4656
4476
4480
4657
4477
4481
4658
4478
4482
4659
4479
4483
4660
4484
4661
4481
4485
4662
4482
4486
4663
4483
4487
4664
4484
4488
4665
4489
4666
4486
4490
4667
4487
4491
4668
4488
4492
4669
4489
4493
4670
4494
4671
4491
4495
4672
4492
4496
4673
4493
4497
4674
4494
4498
4675
4499
4676
4496
4500
4677
4497
4501
4678
4498
4502
4679
4499
4503
4680
4504
4681
4501
4505
4682
4502
4506
4683
4503
4507
4684
4504
4508
4685
4509
4686
4506
4510
4687
4507
4511
4688
4508
4512
4689
4509
4513
4690
4514
4691
4511
4692
4512
4693
4513
4694
4514
4695
4696
4516
4520
4697
4517
4521
4698
4518
4522
4699
4519
4523
4700
4524
4701
4521
4525
4702
4522
4526
4703
4523
4527
4704
4524
4528
4705
4529
4706
4526
4530
4707
4527
4531
4708
4528
4532
4709
4529
4710
4711
4531
4533
4712
4532
4534
4713
4535
4714
4534
4536
4715
4535
4537
4716
4538
4717
4537
4539
4718
4538
4540
4719
4541
4720
4540
4542
4721
4541
4543
4722
4544
4723
4543
4545
4724
4544
4546
4725
4547
4726
4546
4548
4727
4547
4549
4728
4550
4729
4549
4551
4730
4550
4552
4731
4553
4732
4552
4554
4733
4553
4555
4734
4556
4735
4555
4559
4736
4556
4560
4737
4557
4561
4738
4558
4562
4739
4563
4740
4560
4564
4741
4561
4565
4742
4562
4566
4743
4563
4567
4744
4568
4745
4565
4569
4746
4566
4570
4747
4567
4571
4748
4568
4572
4749
4573
4750
4570
4574
4751
4571
4575
4752
4572
4576
4753
4573
4577
4754
4578
4755
4575
4579
4756
4576
4580
4757
4577
4581
4758
4578
4582
4759
4583
4760
4580
4584
4761
4581
4585
4762
4582
4586
4763
4583
4587
4764
4588
4765
4585
4589
4766
4586
4590
4767
4587
4591
4768
4588
4592
4769
4593
4770
4590
4594
4771
4591
4595
4772
4592
4596
4773
4593
4597
4774
4598
4775
4595
4599
4776
4596
4600
4777
4597
4601
4778
4598
4602
4779
4603
4780
4600
4781
4601
4604
4782
4602
4605
4783
4603
4606
4784
4607
4785
4605
4608
4787
4606
4609
4788
4607
4610
4789
4611
4790
4609
4612
4791
4610
4613
4792
4611
4614
4793
4615
4794
4613
4616
4795
4614
4617
4796
4615
4618
4797
4619
4798
4617
4620
4799
4618
4621
4800
4619
4622
4801
4623
4802
4621
4624
4803
4622
4625
4804
4623
4626
4805
4627
4806
4625
4628
4807
4626
4629
4808
4627
4630
4809
4631
4810
4629
4632
4811
4630
4633
4812
4631
4634
4813
4635
4814
4633
4637
4815
4634
4638
4816
4635
4639
4817
4636
4640
4818
4641
4638
4642
4819
4639
4643
4820
4640
4644
4821
4641
4645
4822
4646
4823
4643
4647
4824
4644
4648
4825
4645
4649
4826
4646
4650
4827
4651
4828
4648
4652
4829
4649
4653
4830
4650
4654
4831
4651
4655
4832
4656
4833
4653
4657
4834
4654
4658
4835
4655
4659
4836
4656
4660
4837
4661
4838
4658
4662
4839
4659
4663
4840
4660
4664
4841
4661
4665
4842
4666
4843
4663
4667
4844
4664
4668
4845
4665
4669
4846
4666
4670
4847
4671
4848
4668
4672
4849
4669
4673
4850
4670
4674
4851
4671
4675
4852
4676
4853
4673
4677
4854
4674
4678
4855
4675
4679
4856
4676
4680
4857
4681
4858
4678
4682
4859
4679
4683
4860
4680
4684
4861
4681
4685
4862
4686
4863
4683
4687
4864
4684
4688
4865
4685
4689
4866
4686
4690
4867
4691
4868
4688
4692
4869
4689
4693
4870
4690
4694
4871
4691
4695
4872
4696
4873
4693
4874
4694
4875
4695
4876
4696
4877
4878
4698
4702
4879
4699
4703
4880
4700
4704
4881
4701
4705
4882
4706
4883
4703
4707
4884
4704
4708
4885
4705
4709
4886
4706
4710
4887
4711
4888
4708
4712
4889
4709
4713
4890
4710
4714
4891
4711
4892
4893
4713
4715
4894
4714
4716
4895
4717
4896
4716
4718
4899
4717
4719
4900
4720
4901
4719
4721
4904
4720
4722
4905
4723
4906
4722
4724
4909
4723
4725
4910
4726
4911
4725
4727
4914
4726
4728
4915
4729
4916
4728
4730
4919
4729
4731
4920
4732
4921
4731
4733
4924
4732
4734
4925
4735
4926
4734
4736
4929
4735
4737
4930
4738
4931
4737
4741
4934
4738
4742
4935
4739
4743
4936
4740
4744
4937
4745
4938
4742
4746
4939
4743
4747
4940
4744
4748
4941
4745
4749
4942
4750
4943
4747
4751
4944
4748
4752
4945
4749
4753
4946
4750
4754
4947
4755
4948
4752
4756
4949
4753
4757
4950
4754
4758
4951
4755
4759
4952
4760
4953
4757
4761
4954
4758
4762
4955
4759
4763
4956
4760
4764
4957
4765
4958
4762
4766
4959
4763
4767
4960
4764
4768
4961
4765
4769
4962
4770
4963
4767
4771
4964
4768
4772
4965
4769
4773
4966
4770
4774
4967
4775
4968
4772
4776
4969
4773
4777
4970
4774
4778
4971
4775
4779
4972
4780
4973
4777
4781
4974
4778
4782
4975
4779
4783
4976
4780
4784
4977
4785
4978
4782
4786
4979
4783
4787
4980
4784
4788
4981
4785
4789
4982
4790
4983
4787
4984
4788
4791
4985
4789
4792
4986
4790
4793
4987
4794
4988
4792
4795
4990
4793
4796
4991
4794
4797
4992
4798
4993
4796
4799
4994
4797
4800
4995
4798
4801
4996
4802
4997
4800
4803
4998
4801
4804
4999
4802
4805
5000
4806
5001
4804
4807
5002
4805
4808
5003
4806
4809
5004
4810
5005
4808
4811
5006
4809
4812
5007
4810
4813
5008
4814
5009
4812
4815
5010
4813
4816
5011
4814
4817
5012
4818
5013
4816
4819
5014
4817
4820
5015
4818
4821
5016
4822
5017
4820
4824
5018
4821
4825
5019
4822
4826
5020
4823
4827
5021
4828
4825
4829
5022
4826
4830
5023
4827
4831
5024
4828
4832
5025
4833
4830
4834
5026
4831
4835
5027
4832
4836
5028
4833
4837
5029
4838
5030
4835
4839
5031
4836
4840
5032
4837
4841
5033
4838
4842
5034
4843
5035
4840
4844
5036
4841
4845
5037
4842
4846
5038
4843
4847
5039
4848
5040
4845
4849
5041
4846
4850
5042
4847
4851
5043
4848
4852
5044
4853
5045
4850
4854
5046
4851
4855
5047
4852
4856
5048
4853
4857
5049
4858
5050
4855
4859
5051
4856
4860
5052
4857
4861
5053
4858
4862
5054
4863
5055
4860
4864
5056
4861
4865
5057
4862
4866
5058
4863
4867
5059
4868
5060
4865
4869
5061
4866
4870
5062
4867
4871
5063
4868
4872
5064
4873
5065
4870
4874
5066
4871
4875
5067
4872
4876
5068
4873
4877
5069
4878
5070
4875
5071
4876
5072
4877
5073
4878
5074
5075
4880
4884
5076
4881
4885
5077
4882
4886
5078
4883
4887
5079
4888
5080
4885
4889
5081
4886
4890
5082
4887
4891
5083
4888
4892
5084
4893
5085
4890
4894
5086
4891
4895
5087
4892
4896
5088
4893
4897
5089
4898
5090
4895
4899
5091
4896
4900
5092
4897
4901
5093
4898
4902
5094
4903
5095
4900
4904
5096
4901
4905
5097
4902
4906
5098
4903
4907
5099
4908
5100
4905
4909
5101
4906
4910
5102
4907
4911
5103
4908
4912
5104
4913
5105
4910
4914
5106
4911
4915
5107
4912
4916
5108
4913
4917
5109
4918
5110
4915
4919
5111
4916
4920
5112
4917
4921
5113
4918
4922
5114
4923
5115
4920
4924
5116
4921
4925
5117
4922
4926
5118
4923
4927
5119
4928
5120
4925
4929
5121
4926
4930
5122
4927
4931
5123
4928
4932
5124
4933
5125
4930
4934
5126
4931
4935
5127
4932
4936
5128
4933
4937
5129
4938
5130
4935
4939
5131
4936
4940
5132
4937
4941
5133
4938
4942
5134
4943
5135
4940
4944
5136
4941
4945
5137
4942
4946
5138
4943
4947
5139
4948
5140
4945
4949
5141
4946
4950
5142
4947
4951
5143
4948
4952
5144
4953
5145
4950
4954
5146
4951
4955
5147
4952
4956
5148
4953
4957
5149
4958
5150
4955
4959
5151
4956
4960
5152
4957
4961
5153
4958
4962
5154
4963
5155
4960
4964
5156
4961
4965
5157
4962
4966
5158
4963
4967
5159
4968
5160
4965
4969
5161
4966
4970
5162
4967
4971
5163
4968
4972
5164
4973
5165
4970
4974
5166
4971
4975
5167
4972
4976
5168
4973
4977
5169
4978
5170
4975
4979
5171
4976
4980
5172
4977
4981
5173
4978
4982
5174
4983
5175
4980
4984
5176
4981
4985
5177
4982
4986
5178
4983
4987
5179
4988
5180
4985
4989
5181
4986
4990
5182
4987
4991
5183
4988
4992
5184
4993
5185
4990
5186
4991
4994
5187
4992
4995
5188
4993
4996
5189
4997
5190
4995
4998
5192
4996
4999
5193
4997
5000
5194
5001
5195
4999
5002
5196
5000
5003
5197
5001
5004
5198
5005
5199
5003
5006
5200
5004
5007
5201
5005
5008
5202
5009
5203
5007
5010
5204
5008
5011
5205
5009
5012
5206
5013
5207
5011
5014
5208
5012
5015
5209
5013
5016
5210
5017
5211
5015
5018
5212
5016
5019
5213
5017
5020
5214
5021
5215
5019
5022
5216
5020
5023
5217
5021
5024
5218
5025
5219
5023
5026
5220
5024
5027
5221
5025
5028
5222
5029
5223
5027
5031
5224
5028
5032
5225
5029
5033
5226
5030
5034
5227
5035
5032
5036
5228
5033
5037
5229
5034
5038
5230
5035
5039
5231
5040
5232
5037
5041
5233
5038
5042
5234
5039
5043
5235
5040
5044
5236
5045
5237
5042
5046
5238
5043
5047
5239
5044
5048
5240
5045
5049
5241
5050
5242
5047
5051
5243
5048
5052
5244
5049
5053
5245
5050
5054
5246
5055
5247
5052
5056
5248
5053
5057
5249
5054
5058
5250
5055
5059
5251
5060
5252
5057
5061
5253
5058
5062
5254
5059
5063
5255
5060
5064
5256
5065
5257
5062
5066
5258
5063
5067
5259
5064
5068
5260
5065
5069
5261
5070
5262
5067
5071
5263
5068
5072
5264
5069
5073
5265
5070
5074
5266
5075
5267
5072
5268
5073
5269
5074
5270
5075
5271
5272
5077
5081
5273
5078
5082
5274
5079
5083
5275
5080
5084
5276
5085
5277
5082
5086
5278
5083
5087
5279
5084
5088
5280
5085
5089
5281
5090
5282
5087
5091
5283
5088
5092
5284
5089
5093
5285
5090
5094
5286
5095
5287
5092
5096
5288
5093
5097
5289
5094
5098
5290
5095
5099
5291
5100
5292
5097
5101
5293
5098
5102
5294
5099
5103
5295
5100
5104
5296
5105
5297
5102
5106
5298
5103
5107
5299
5104
5108
5300
5105
5109
5301
5110
5302
5107
5111
5303
5108
5112
5304
5109
5113
5305
5110
5114
5306
5115
5307
5112
5116
5308
5113
5117
5309
5114
5118
5310
5115
5119
5311
5120
5312
5117
5121
5313
5118
5122
5314
5119
5123
5315
5120
5124
5316
5125
5317
5122
5126
5318
5123
5127
5319
5124
5128
5320
5125
5129
5321
5130
5322
5127
5131
5323
5128
5132
5324
5129
5133
5325
5130
5134
5326
5135
5327
5132
5136
5328
5133
5137
5329
5134
5138
5330
5135
5139
5331
5140
5332
5137
5141
5333
5138
5142
5334
5139
5143
5335
5140
5144
5336
5145
5337
5142
5146
5338
5143
5147
5339
5144
5148
5340
5145
5149
5341
5150
5342
5147
5151
5343
5148
5152
5344
5149
5153
5345
5150
5154
5346
5155
5347
5152
5156
5348
5153
5157
5349
5154
5158
5350
5155
5159
5351
5160
5352
5157
5161
5353
5158
5162
5354
5159
5163
5355
5160
5164
5356
5165
5357
5162
5166
5358
5163
5167
5359
5164
5168
5360
5165
5169
5361
5170
5362
5167
5171
5363
5168
5172
5364
5169
5173
5365
5170
5174
5366
5175
5367
5172
5176
5368
5173
5177
5369
5174
5178
5370
5175
5179
5371
5180
5372
5177
5181
5373
5178
5182
5374
5179
5183
5375
5180
5184
5376
5185
5377
5182
5186
5378
5183
5187
5379
5184
5188
5380
5185
5189
5381
5190
5382
5187
5191
5383
5188
5192
5384
5189
5193
5385
5190
5194
5386
5195
5387
5192
5388
5193
5196
5389
5194
5197
5390
5195
5198
5391
5199
5392
5197
5200
5394
5198
5201
5395
5199
5202
5396
5203
5397
5201
5204
5398
5202
5205
5399
5203
5206
5400
5207
5401
5205
5208
5402
5206
5209
5403
5207
5210
5404
5211
5405
5209
5212
5406
5210
5213
5407
5211
5214
5408
5215
5409
5213
5216
5410
5214
5217
5411
5215
5218
5412
5219
5413
5217
5220
5414
5218
5221
5415
5219
5222
5416
5223
5417
5221
5224
5418
5222
5225
5419
5223
5226
5420
5227
5421
5225
5228
5422
5226
5229
5423
5227
5230
5424
5231
5425
5229
5233
5426
5230
5234
5427
5231
5235
5428
5232
5236
5429
5237
5234
5238
5430
5235
5239
5431
5236
5240
5432
5237
5241
5433
5242
5434
5239
5243
5435
5240
5244
5436
5241
5245
5437
5242
5246
5438
5247
5439
5244
5248
5440
5245
5249
5441
5246
5250
5442
5247
5251
5443
5252
5444
5249
5253
5445
5250
5254
5446
5251
5255
5447
5252
5256
5448
5257
5449
5254
5258
5450
5255
5259
5451
5256
5260
5452
5257
5261
5453
5262
5454
5259
5263
5455
5260
5264
5456
5261
5265
5457
5262
5266
5458
5267
5459
5264
5268
5460
5265
5269
5461
5266
5270
5462
5267
5271
5463
5272
5464
5269
5465
5270
5466
5271
5467
5272
5468
5469
5274
5278
5470
5275
5279
5471
5276
5280
5472
5277
5281
5473
5282
5474
5279
5283
5475
5280
5284
5476
5281
5285
5477
5282
5286
5478
5287
5479
5284
5288
5480
5285
5289
5481
5286
5290
5482
5287
5291
5483
5292
5484
5289
5293
5485
5290
5294
5486
5291
5295
5487
5292
5296
5488
5297
5489
5294
5298
5490
5295
5299
5491
5296
5300
5492
5297
5301
5493
5302
5494
5299
5303
5495
5300
5304
5496
5301
5305
5497
5302
5306
5498
5307
5499
5304
5308
5500
5305
5309
5501
5306
5310
5502
5307
5311
5503
5312
5504
5309
5313
5505
5310
5314
5506
5311
5315
5507
5312
5316
5508
5317
5509
5314
5318
5510
5315
5319
5511
5316
5320
5512
5317
5321
5513
5322
5514
5319
5323
5515
5320
5324
5516
5321
5325
5517
5322
5326
5518
5327
5519
5324
5328
5520
5325
5329
5521
5326
5330
5522
5327
5331
5523
5332
5524
5329
5333
5525
5330
5334
5526
5331
5335
5527
5332
5336
5528
5337
5529
5334
5338
5530
5335
5339
5531
5336
5340
5532
5337
5341
5533
5342
5534
5339
5343
5535
5340
5344
5536
5341
5345
5537
5342
5346
5538
5347
5539
5344
5348
5540
5345
5349
5541
5346
5350
5542
5347
5351
5543
5352
5544
5349
5353
5545
5350
5354
5546
5351
5355
5547
5352
5356
5548
5357
5549
5354
5358
5550
5355
5359
5551
5356
5360
5552
5357
5361
5553
5362
5554
5359
5363
5555
5360
5364
5556
5361
5365
5557
5362
5366
5558
5367
5559
5364
5368
5560
5365
5369
5561
5366
5370
5562
5367
5371
5563
5372
5564
5369
5373
5565
5370
5374
5566
5371
5375
5567
5372
5376
5568
5377
5569
5374
5378
5570
5375
5379
5571
5376
5380
5572
5377
5381
5573
5382
5574
5379
5383
5575
5380
5384
5576
5381
5385
5577
5382
5386
5578
5387
5579
5384
5388
5580
5385
5389
5581
5386
5390
5582
5387
5391
5583
5392
5584
5389
5393
5585
5390
5394
5586
5391
5395
5587
5392
5396
5588
5397
5589
5394
5590
5395
5398
5591
5396
5399
5592
5397
5400
5593
5401
5594
5399
5402
5596
5400
5403
5597
5401
5404
5598
5405
5599
5403
5406
5600
5404
5407
5601
5405
5408
5602
5409
5603
5407
5410
5604
5408
5411
5605
5409
5412
5606
5413
5607
5411
5414
5608
5412
5415
5609
5413
5416
5610
5417
5611
5415
5418
5612
5416
5419
5613
5417
5420
5614
5421
5615
5419
5422
5616
5420
5423
5617
5421
5424
5618
5425
5619
5423
5426
5620
5424
5427
5621
5425
5428
5622
5429
5623
5427
5430
5624
5428
5431
5625
5429
5432
5626
5433
5627
5431
5435
5628
5432
5436
5629
5433
5437
5630
5434
5438
5631
5439
5436
5440
5632
5437
5441
5633
5438
5442
5634
5439
5443
5635
5444
5636
5441
5445
5637
5442
5446
5638
5443
5447
5639
5444
5448
5640
5449
5641
5446
5450
5642
5447
5451
5643
5448
5452
5644
5449
5453
5645
5454
5646
5451
5455
5647
5452
5456
5648
5453
5457
5649
5454
5458
5650
5459
5651
5456
5460
5652
5457
5461
5653
5458
5462
5654
5459
5463
5655
5464
5656
5461
5465
5657
5462
5466
5658
5463
5467
5659
5464
5468
5660
5469
5661
5466
5662
5467
5663
5468
5664
5469
5665
5666
5471
5475
5667
5472
5476
5668
5473
5477
5669
5474
5478
5670
5479
5671
5476
5480
5672
5477
5481
5673
5478
5482
5674
5479
5483
5675
5484
5676
5481
5485
5677
5482
5486
5678
5483
5487
5679
5484
5488
5680
5489
5681
5486
5490
5682
5487
5491
5683
5488
5492
5684
5489
5493
5685
5494
5686
5491
5495
5687
5492
5496
5688
5493
5497
5689
5494
5498
5690
5499
5691
5496
5500
5692
5497
5501
5693
5498
5502
5694
5499
5503
5695
5504
5696
5501
5505
5697
5502
5506
5698
5503
5507
5699
5504
5508
5700
5509
5701
5506
5510
5702
5507
5511
5703
5508
5512
5704
5509
5513
5705
5514
5706
5511
5515
5707
5512
5516
5708
5513
5517
5709
5514
5518
5710
5519
5711
5516
5520
5712
5517
5521
5713
5518
5522
5714
5519
5523
5715
5524
5716
5521
5525
5717
5522
5526
5718
5523
5527
5719
5524
5528
5720
5529
5721
5526
5530
5722
5527
5531
5723
5528
5532
5724
5529
5533
5725
5534
5726
5531
5535
5727
5532
5536
5728
5533
5537
5729
5534
5538
5730
5539
5731
5536
5540
5732
5537
5541
5733
5538
5542
5734
5539
5543
5735
5544
5736
5541
5545
5737
5542
5546
5738
5543
5547
5739
5544
5548
5740
5549
5741
5546
5550
5742
5547
5551
5743
5548
5552
5744
5549
5553
5745
5554
5746
5551
5555
5747
5552
5556
5748
5553
5557
5749
5554
5558
5750
5559
5751
5556
5560
5752
5557
5561
5753
5558
5562
5754
5559
5563
5755
5564
5756
5561
5565
5757
5562
5566
5758
5563
5567
5759
5564
5568
5760
5569
5761
5566
5570
5762
5567
5571
5763
5568
5572
5764
5569
5573
5765
5574
5766
5571
5575
5767
5572
5576
5768
5573
5577
5769
5574
5578
5770
5579
5771
5576
5580
5772
5577
5581
5773
5578
5582
5774
5579
5583
5775
5584
5776
5581
5585
5777
5582
5586
5778
5583
5587
5779
5584
5588
5780
5589
5781
5586
5590
5782
5587
5591
5783
5588
5592
5784
5589
5593
5785
5594
5786
5591
5595
5787
5592
5596
5788
5593
5597
5789
5594
5598
5790
5599
5791
5596
5792
5597
5600
5793
5598
5601
5794
5599
5602
5795
5603
5796
5601
5604
5798
5602
5605
5799
5603
5606
5800
5607
5801
5605
5608
5802
5606
5609
5803
5607
5610
5804
5611
5805
5609
5612
5806
5610
5613
5807
5611
5614
5808
5615
5809
5613
5616
5810
5614
5617
5811
5615
5618
5812
5619
5813
5617
5620
5814
5618
5621
5815
5619
5622
5816
5623
5817
5621
5624
5818
5622
5625
5819
5623
5626
5820
5627
5821
5625
5628
5822
5626
5629
5823
5627
5630
5824
5631
5825
5629
5632
5826
5630
5633
5827
5631
5634
5828
5635
5829
5633
5637
5830
5634
5638
5831
5635
5639
5832
5636
5640
5833
5641
5638
5642
5834
5639
5643
5835
5640
5644
5836
5641
5645
5837
5646
5838
5643
5647
5839
5644
5648
5840
5645
5649
5841
5646
5650
5842
5651
5843
5648
5652
5844
5649
5653
5845
5650
5654
5846
5651
5655
5847
5656
5848
5653
5657
5849
5654
5658
5850
5655
5659
5851
5656
5660
5852
5661
5853
5658
5662
5854
5659
5663
5855
5660
5664
5856
5661
5665
5857
5666
5858
5663
5859
5664
5860
5665
5861
5666
5862
5863
5668
5672
5864
5669
5673
5865
5670
5674
5866
5671
5675
5867
5676
5868
5673
5677
5869
5674
5678
5870
5675
5679
5871
5676
5680
5872
5681
5873
5678
5682
5874
5679
5683
5875
5680
5684
5876
5681
5685
5877
5686
5878
5683
5687
5879
5684
5688
5880
5685
5689
5881
5686
5690
5882
5691
5883
5688
5692
5884
5689
5693
5885
5690
5694
5886
5691
5695
5887
5696
5888
5693
5697
5889
5694
5698
5890
5695
5699
5891
5696
5700
5892
5701
5893
5698
5702
5894
5699
5703
5895
5700
5704
5896
5701
5705
5897
5706
5898
5703
5707
5899
5704
5708
5900
5705
5709
5901
5706
5710
5902
5711
5903
5708
5712
5904
5709
5713
5905
5710
5714
5906
5711
5715
5907
5716
5908
5713
5717
5909
5714
5718
5910
5715
5719
5911
5716
5720
5912
5721
5913
5718
5722
5914
5719
5723
5915
5720
5724
5916
5721
5725
5917
5726
5918
5723
5727
5919
5724
5728
5920
5725
5729
5921
5726
5730
5922
5731
5923
5728
5732
5924
5729
5733
5925
5730
5734
5926
5731
5735
5927
5736
5928
5733
5737
5929
5734
5738
5930
5735
5739
5931
5736
5740
5932
5741
5933
5738
5742
5934
5739
5743
5935
5740
5744
5936
5741
5745
5937
5746
5938
5743
5747
5939
5744
5748
5940
5745
5749
5941
5746
5750
5942
5751
5943
5748
5752
5944
5749
5753
5945
5750
5754
5946
5751
5755
5947
5756
5948
5753
5757
5949
5754
5758
5950
5755
5759
5951
5756
5760
5952
5761
5953
5758
5762
5954
5759
5763
5955
5760
5764
5956
5761
5765
5957
5766
5958
5763
5767
5959
5764
5768
5960
5765
5769
5961
5766
5770
5962
5771
5963
5768
5772
5964
5769
5773
5965
5770
5774
5966
5771
5775
5967
5776
5968
5773
5777
5969
5774
5778
5970
5775
5779
5971
5776
5780
5972
5781
5973
5778
5782
5974
5779
5783
5975
5780
5784
5976
5781
5785
5977
5786
5978
5783
5787
5979
5784
5788
5980
5785
5789
5981
5786
5790
5982
5791
5983
5788
5792
5984
5789
5793
5985
5790
5794
5986
5791
5795
5987
5796
5988
5793
5797
5989
5794
5798
5990
5795
5799
5991
5796
5800
5992
5801
5993
5798
5994
5799
5802
5995
5800
5803
5996
5801
5804
5997
5805
5998
5803
5806
6000
5804
5807
6001
5805
5808
6002
5809
6003
5807
5810
6004
5808
5811
6005
5809
5812
6006
5813
6007
5811
5814
6008
5812
5815
6009
5813
5816
6010
5817
6011
5815
5818
6012
5816
5819
6013
5817
5820
6014
5821
6015
5819
5822
6016
5820
5823
6017
5821
5824
6018
5825
6019
5823
5826
6020
5824
5827
6021
5825
5828
6022
5829
6023
5827
5830
6024
5828
5831
6025
5829
5832
6026
5833
6027
5831
5834
6028
5832
5835
6029
5833
5836
6030
5837
6031
5835
5839
6032
5836
5840
6033
5837
5841
6034
5838
5842
6035
5843
5840
5844
6036
5841
5845
6037
5842
5846
6038
5843
5847
6039
5848
6040
5845
5849
6041
5846
5850
6042
5847
5851
6043
5848
5852
6044
5853
6045
5850
5854
6046
5851
5855
6047
5852
5856
6048
5853
5857
6049
5858
6050
5855
5859
6051
5856
5860
6052
5857
5861
6053
5858
5862
6054
5863
6055
5860
6056
5861
6057
5862
6058
5863
6059
6060
5865
5869
6061
5866
5870
6062
5867
5871
6063
5868
5872
6064
5873
6065
5870
5874
6066
5871
5875
6067
5872
5876
6068
5873
5877
6069
5878
6070
5875
5879
6071
5876
5880
6072
5877
5881
6073
5878
5882
6074
5883
6075
5880
5884
6076
5881
5885
6077
5882
5886
6078
5883
5887
6079
5888
6080
5885
5889
6081
5886
5890
6082
5887
5891
6083
5888
5892
6084
5893
6085
5890
5894
6086
5891
5895
6087
5892
5896
6088
5893
5897
6089
5898
6090
5895
5899
6091
5896
5900
6092
5897
5901
6093
5898
5902
6094
5903
6095
5900
5904
6096
5901
5905
6097
5902
5906
6098
5903
5907
6099
5908
6100
5905
5909
6101
5906
5910
6102
5907
5911
6103
5908
5912
6104
5913
6105
5910
5914
6106
5911
5915
6107
5912
5916
6108
5913
5917
6109
5918
6110
5915
5919
6111
5916
5920
6112
5917
5921
6113
5918
5922
6114
5923
6115
5920
5924
6116
5921
5925
6117
5922
5926
6118
5923
5927
6119
5928
6120
5925
5929
6121
5926
5930
6122
5927
5931
6123
5928
5932
6124
5933
6125
5930
5934
6126
5931
5935
6127
5932
5936
6128
5933
5937
6129
5938
6130
5935
5939
6131
5936
5940
6132
5937
5941
6133
5938
5942
6134
5943
6135
5940
5944
6136
5941
5945
6137
5942
5946
6138
5943
5947
6139
5948
6140
5945
5949
6141
5946
5950
6142
5947
5951
6143
5948
5952
6144
5953
6145
5950
5954
6146
5951
5955
6147
5952
5956
6148
5953
5957
6149
5958
6150
5955
5959
6151
5956
5960
6152
5957
5961
6153
5958
5962
6154
5963
6155
5960
5964
6156
5961
5965
6157
5962
5966
6158
5963
5967
6159
5968
6160
5965
5969
6161
5966
5970
6162
5967
5971
6163
5968
5972
6164
5973
6165
5970
5974
6166
5971
5975
6167
5972
5976
6168
5973
5977
6169
5978
6170
5975
5979
6171
5976
5980
6172
5977
5981
6173
5978
5982
6174
5983
6175
5980
5984
6176
5981
5985
6177
5982
5986
6178
5983
5987
6179
5988
6180
5985
5989
6181
5986
5990
6182
5987
5991
6183
5988
5992
6184
5993
6185
5990
5994
6186
5991
5995
6187
5992
5996
6188
5993
5997
6189
5998
6190
5995
5999
6191
5996
6000
6192
5997
6001
6193
5998
6002
6194
6003
6195
6000
6196
6001
6004
6197
6002
6005
6198
6003
6006
6199
6007
6200
6005
6008
6202
6006
6009
6203
6007
6010
6204
6011
6205
6009
6012
6206
6010
6013
6207
6011
6014
6208
6015
6209
6013
6016
6210
6014
6017
6211
6015
6018
6212
6019
6213
6017
6020
6214
6018
6021
6215
6019
6022
6216
6023
6217
6021
6024
6218
6022
6025
6219
6023
6026
6220
6027
6221
6025
6028
6222
6026
6029
6223
6027
6030
6224
6031
6225
6029
6032
6226
6030
6033
6227
6031
6034
6228
6035
6229
6033
6036
6230
6034
6037
6231
6035
6038
6232
6039
6233
6037
6041
6234
6038
6042
6235
6039
6043
6236
6040
6044
6237
6045
6042
6046
6238
6043
6047
6239
6044
6048
6240
6045
6049
6241
6050
6242
6047
6051
6243
6048
6052
6244
6049
6053
6245
6050
6054
6246
6055
6247
6052
6056
6248
6053
6057
6249
6054
6058
6250
6055
6059
6251
6060
6252
6057
6253
6058
6254
6059
6255
6060
6256
6257
6062
6066
6258
6063
6067
6259
6064
6068
6260
6065
6069
6261
6070
6262
6067
6071
6263
6068
6072
6264
6069
6073
6265
6070
6074
6266
6075
6267
6072
6076
6268
6073
6077
6269
6074
6078
6270
6075
6079
6271
6080
6272
6077
6081
6273
6078
6082
6274
6079
6083
6275
6080
6084
6276
6085
6277
6082
6086
6278
6083
6087
6279
6084
6088
6280
6085
6089
6281
6090
6282
6087
6091
6283
6088
6092
6284
6089
6093
6285
6090
6094
6286
6095
6287
6092
6096
6288
6093
6097
6289
6094
6098
6290
6095
6099
6291
6100
6292
6097
6101
6293
6098
6102
6294
6099
6103
6295
6100
6104
6296
6105
6297
6102
6106
6298
6103
6107
6299
6104
6108
6300
6105
6109
6301
6110
6302
6107
6111
6303
6108
6112
6304
6109
6113
6305
6110
6114
6306
6115
6307
6112
6116
6308
6113
6117
6309
6114
6118
6310
6115
6119
6311
6120
6312
6117
6121
6313
6118
6122
6314
6119
6123
6315
6120
6124
6316
6125
6317
6122
6126
6318
6123
6127
6319
6124
6128
6320
6125
6129
6321
6130
6322
6127
6131
6323
6128
6132
6324
6129
6133
6325
6130
6134
6326
6135
6327
6132
6136
6328
6133
6137
6329
6134
6138
6330
6135
6139
6331
6140
6332
6137
6141
6333
6138
6142
6334
6139
6143
6335
6140
6144
6336
6145
6337
6142
6146
6338
6143
6147
6339
6144
6148
6340
6145
6149
6341
6150
6342
6147
6151
6343
6148
6152
6344
6149
6153
6345
6150
6154
6346
6155
6347
6152
6156
6348
6153
6157
6349
6154
6158
6350
6155
6159
6351
6160
6352
6157
6161
6353
6158
6162
6354
6159
6163
6355
6160
6164
6356
6165
6357
6162
6166
6358
6163
6167
6359
6164
6168
6360
6165
6169
6361
6170
6362
6167
6171
6363
6168
6172
6364
6169
6173
6365
6170
6174
6366
6175
6367
6172
6176
6368
6173
6177
6369
6174
6178
6370
6175
6179
6371
6180
6372
6177
6181
6373
6178
6182
6374
6179
6183
6375
6180
6184
6376
6185
6377
6182
6186
6378
6183
6187
6379
6184
6188
6380
6185
6189
6381
6190
6382
6187
6191
6383
6188
6192
6384
6189
6193
6385
6190
6194
6386
6195
6387
6192
6196
6388
6193
6197
6389
6194
6198
6390
6195
6199
6391
6200
6392
6197
6201
6393
6198
6202
6394
6199
6203
6395
6200
6204
6396
6205
6397
6202
6398
6203
6206
6399
6204
6207
6400
6205
6208
6401
6209
6402
6207
6210
6404
6208
6211
6405
6209
6212
6406
6213
6407
6211
6214
6409
6212
6215
6410
6213
6216
6411
6217
6412
6215
6218
6413
6216
6219
6414
6217
6220
6415
6221
6416
6219
6222
6417
6220
6223
6418
6221
6224
6419
6225
6420
6223
6226
6421
6224
6227
6422
6225
6228
6423
6229
6424
6227
6230
6425
6228
6231
6426
6229
6232
6427
6233
6428
6231
6234
6429
6232
6235
6430
6233
6236
6431
6237
6432
6235
6238
6433
6236
6239
6434
6237
6240
6435
6241
6436
6239
6243
6437
6240
6244
6438
6241
6245
6439
6242
6246
6440
6247
6244
6248
6441
6245
6249
6442
6246
6250
6443
6247
6251
6444
6252
6445
6249
6253
6446
6250
6254
6447
6251
6255
6448
6252
6256
6449
6257
6450
6254
6451
6255
6452
6256
6453
6257
6454
6455
6259
6263
6456
6260
6264
6457
6261
6265
6458
6262
6266
6459
6267
6460
6264
6268
6461
6265
6269
6462
6266
6270
6463
6267
6271
6464
6272
6465
6269
6273
6466
6270
6274
6467
6271
6275
6468
6272
6276
6469
6277
6470
6274
6278
6471
6275
6279
6472
6276
6280
6473
6277
6281
6474
6282
6475
6279
6283
6476
6280
6284
6477
6281
6285
6478
6282
6286
6479
6287
6480
6284
6288
6481
6285
6289
6482
6286
6290
6483
6287
6291
6484
6292
6485
6289
6293
6486
6290
6294
6487
6291
6295
6488
6292
6296
6489
6297
6490
6294
6298
6491
6295
6299
6492
6296
6300
6493
6297
6301
6494
6302
6495
6299
6303
6496
6300
6304
6497
6301
6305
6498
6302
6306
6499
6307
6500
6304
6308
6501
6305
6309
6502
6306
6310
6503
6307
6311
6504
6312
6505
6309
6313
6506
6310
6314
6507
6311
6315
6508
6312
6316
6509
6317
6510
6314
6318
6511
6315
6319
6512
6316
6320
6513
6317
6321
6514
6322
6515
6319
6323
6516
6320
6324
6517
6321
6325
6518
6322
6326
6519
6327
6520
6324
6328
6521
6325
6329
6522
6326
6330
6523
6327
6331
6524
6332
6525
6329
6333
6526
6330
6334
6527
6331
6335
6528
6332
6336
6529
6337
6530
6334
6338
6531
6335
6339
6532
6336
6340
6533
6337
6341
6534
6342
6535
6339
6343
6536
6340
6344
6537
6341
6345
6538
6342
6346
6539
6347
6540
6344
6348
6541
6345
6349
6542
6346
6350
6543
6347
6351
6544
6352
6545
6349
6353
6546
6350
6354
6547
6351
6355
6548
6352
6356
6549
6357
6550
6354
6358
6551
6355
6359
6552
6356
6360
6553
6357
6361
6554
6362
6555
6359
6363
6556
6360
6364
6557
6361
6365
6558
6362
6366
6559
6367
6560
6364
6368
6561
6365
6369
6562
6366
6370
6563
6367
6371
6564
6372
6565
6369
6373
6566
6370
6374
6567
6371
6375
6568
6372
6376
6569
6377
6570
6374
6378
6571
6375
6379
6572
6376
6380
6573
6377
6381
6574
6382
6575
6379
6383
6576
6380
6384
6577
6381
6385
6578
6382
6386
6579
6387
6580
6384
6388
6581
6385
6389
6582
6386
6390
6583
6387
6391
6584
6392
6585
6389
6393
6586
6390
6394
6587
6391
6395
6588
6392
6396
6589
6397
6590
6394
6398
6591
6395
6399
6592
6396
6400
6593
6397
6401
6594
6402
6595
6399
6403
6596
6400
6404
6597
6401
6405
6598
6402
6406
6599
6407
6600
6404
6408
6601
6405
6409
6602
6406
6410
6603
6407
6411
6604
6412
6605
6409
6606
6410
6413
6607
6411
6414
6608
6412
6415
6609
6416
6610
6414
6417
6612
6415
6418
6613
6416
6419
6614
6420
6615
6418
6421
6616
6419
6422
6617
6420
6423
6618
6424
6619
6422
6425
6620
6423
6426
6621
6424
6427
6622
6428
6623
6426
6429
6624
6427
6430
6625
6428
6431
6626
6432
6627
6430
6433
6628
6431
6434
6629
6432
6435
6630
6436
6631
6434
6437
6632
6435
6438
6633
6436
6439
6634
6440
6635
6438
6441
6636
6439
6442
6637
6440
6443
6638
6444
6639
6442
6446
6640
6443
6447
6641
6444
6448
6642
6445
6449
6643
6450
6447
6451
6644
6448
6452
6645
6449
6453
6646
6450
6454
6647
6455
6648
6452
6649
6453
6650
6454
6651
6455
6652
6653
6457
6461
6654
6458
6462
6655
6459
6463
6656
6460
6464
6657
6465
6658
6462
6466
6659
6463
6467
6660
6464
6468
6661
6465
6469
6662
6470
6663
6467
6471
6664
6468
6472
6665
6469
6473
6666
6470
6474
6667
6475
6668
6472
6476
6669
6473
6477
6670
6474
6478
6671
6475
6479
6672
6480
6673
6477
6481
6674
6478
6482
6675
6479
6483
6676
6480
6484
6677
6485
6678
6482
6486
6679
6483
6487
6680
6484
6488
6681
6485
6489
6682
6490
6683
6487
6491
6684
6488
6492
6685
6489
6493
6686
6490
6494
6687
6495
6688
6492
6496
6689
6493
6497
6690
6494
6498
6691
6495
6499
6692
6500
6693
6497
6501
6694
6498
6502
6695
6499
6503
6696
6500
6504
6697
6505
6698
6502
6506
6699
6503
6507
6700
6504
6508
6701
6505
6509
6702
6510
6703
6507
6511
6704
6508
6512
6705
6509
6513
6706
6510
6514
6707
6515
6708
6512
6516
6709
6513
6517
6710
6514
6518
6711
6515
6519
6712
6520
6713
6517
6521
6714
6518
6522
6715
6519
6523
6716
6520
6524
6717
6525
6718
6522
6526
6719
6523
6527
6720
6524
6528
6721
6525
6529
6722
6530
6723
6527
6531
6724
6528
6532
6725
6529
6533
6726
6530
6534
6727
6535
6728
6532
6536
6729
6533
6537
6730
6534
6538
6731
6535
6539
6732
6540
6733
6537
6541
6734
6538
6542
6735
6539
6543
6736
6540
6544
6737
6545
6738
6542
6546
6739
6543
6547
6740
6544
6548
6741
6545
6549
6742
6550
6743
6547
6551
6744
6548
6552
6745
6549
6553
6746
6550
6554
6747
6555
6748
6552
6556
6749
6553
6557
6750
6554
6558
6751
6555
6559
6752
6560
6753
6557
6561
6754
6558
6562
6755
6559
6563
6756
6560
6564
6757
6565
6758
6562
6566
6759
6563
6567
6760
6564
6568
6761
6565
6569
6762
6570
6763
6567
6571
6764
6568
6572
6765
6569
6573
6766
6570
6574
6767
6575
6768
6572
6576
6769
6573
6577
6770
6574
6578
6771
6575
6579
6772
6580
6773
6577
6581
6774
6578
6582
6775
6579
6583
6776
6580
6584
6777
6585
6778
6582
6586
6779
6583
6587
6780
6584
6588
6781
6585
6589
6782
6590
6783
6587
6591
6784
6588
6592
6785
6589
6593
6786
6590
6594
6787
6595
6788
6592
6596
6789
6593
6597
6790
6594
6598
6791
6595
6599
6792
6600
6793
6597
6601
6794
6598
6602
6795
6599
6603
6796
6600
6604
6797
6605
6798
6602
6606
6799
6603
6607
6800
6604
6608
6801
6605
6609
6802
6610
6803
6607
6611
6804
6608
6612
6805
6609
6613
6806
6610
6614
6807
6615
6808
6612
6809
6613
6616
6810
6614
6617
6811
6615
6618
6812
6619
6813
6617
6620
6815
6618
6621
6816
6619
6622
6817
6623
6818
6621
6624
6819
6622
6625
6820
6623
6626
6821
6627
6822
6625
6628
6823
6626
6629
6824
6627
6630
6825
6631
6826
6629
6632
6827
6630
6633
6828
6631
6634
6829
6635
6830
6633
6636
6831
6634
6637
6832
6635
6638
6833
6639
6834
6637
6640
6835
6638
6641
6836
6639
6642
6837
6643
6838
6641
6644
6839
6642
6645
6840
6643
6646
6841
6647
6842
6645
6649
6843
6646
6650
6844
6647
6651
6845
6648
6652
6846
6653
6650
6847
6651
6848
6652
6849
6653
6850
6851
6655
6659
6656
6660
6657
6661
6658
6662
6663
6660
6664
6661
6665
6662
6666
6663
6667
6668
6665
6669
6666
6670
6667
6671
6668
6672
6673
6670
6674
6671
6675
6672
6676
6673
6677
6678
6675
6679
6676
6680
6677
6681
6678
6682
6683
6680
6684
6681
6685
6682
6686
6683
6687
6688
6685
6689
6686
6690
6687
6691
6688
6692
6693
6690
6694
6691
6695
6692
6696
6693
6697
6698
6695
6699
6696
6700
6697
6701
6698
6702
6703
6700
6704
6701
6705
6702
6706
6703
6707
6708
6705
6709
6706
6710
6707
6711
6708
6712
6713
6710
6714
6711
6715
6712
6716
6713
6717
6718
6715
6719
6716
6720
6717
6721
6718
6722
6723
6720
6724
6721
6725
6722
6726
6723
6727
6728
6725
6729
6726
6730
6727
6731
6728
6732
6733
6730
6734
6731
6735
6732
6736
6733
6737
6738
6735
6739
6736
6740
6737
6741
6738
6742
6743
6740
6744
6741
6745
6742
6746
6743
6747
6748
6745
6749
6746
6750
6747
6751
6748
6752
6753
6750
6754
6751
6755
6752
6756
6753
6757
6758
6755
6759
6756
6760
6757
6761
6758
6762
6763
6760
6764
6761
6765
6762
6766
6763
6767
6768
6765
6769
6766
6770
6767
6771
6768
6772
6773
6770
6774
6771
6775
6772
6776
6773
6777
6778
6775
6779
6776
6780
6777
6781
6778
6782
6783
6780
6784
6781
6785
6782
6786
6783
6787
6788
6785
6789
6786
6790
6787
6791
6788
6792
6793
6790
6794
6791
6795
6792
6796
6793
6797
6798
6795
6799
6796
6800
6797
6801
6798
6802
6803
6800
6804
6801
6805
6802
6806
6803
6807
6808
6805
6809
6806
6810
6807
6811
6808
6812
6813
6810
6814
6811
6815
6812
6816
6813
6817
6818
6815
6816
6819
6817
6820
6818
6821
6822
6820
6823
6821
6824
6822
6825
6826
6824
6827
6825
6828
6826
6829
6830
6828
6831
6829
6832
6830
6833
6834
6832
6835
6833
6836
6834
6837
6838
6836
6839
6837
6840
6838
6841
6842
6840
6843
6841
6844
6842
6845
6846
6844
6847
6845
6848
6846
6849
6850
6848
6849
6850
6851
)


// ************************************************************************* //
