/*--------------------------------*- C++ -*----------------------------------*\
| =========                 |                                                 |
| \\      /  F ield         | OpenFOAM: The Open Source CFD Toolbox           |
|  \\    /   O peration     | Version:  2.3.1                                 |
|   \\  /    A nd           | Web:      www.OpenFOAM.org                      |
|    \\/     M anipulation  |                                                 |
\*---------------------------------------------------------------------------*/
FoamFile
{
    version     2.0;
    format      ascii;
    class       labelList;
    location    "constant/polyMesh";
    object      pointProcAddressing;
}
// * * * * * * * * * * * * * * * * * * * * * * * * * * * * * * * * * * * * * //


9163
(
5
6
7
8
9
41
42
43
44
45
77
78
79
80
81
82
113
114
115
116
117
118
149
150
151
152
153
154
185
186
187
188
189
190
221
222
223
224
225
226
257
258
259
260
261
262
293
294
295
296
297
298
329
330
331
332
333
334
365
366
367
368
369
370
401
402
403
404
405
406
437
438
439
440
441
442
473
474
475
476
477
478
509
510
511
512
513
514
545
546
547
548
549
550
581
582
583
584
585
586
617
618
619
620
621
622
653
654
655
656
657
658
689
690
691
692
693
694
725
726
727
728
729
730
761
762
763
764
765
766
797
798
799
800
801
802
833
834
835
836
837
838
869
870
871
872
873
874
905
906
907
908
909
910
941
942
943
944
945
946
977
978
979
980
981
982
1013
1014
1015
1016
1017
1018
1049
1050
1051
1052
1053
1054
1085
1086
1087
1088
1089
1090
1121
1122
1123
1124
1125
1126
1157
1158
1159
1160
1161
1162
1193
1194
1195
1196
1197
1198
1229
1230
1231
1232
1233
1234
1265
1266
1267
1268
1269
1270
1301
1302
1303
1304
1305
1306
1337
1338
1339
1340
1341
1342
1373
1374
1375
1376
1377
1378
1409
1410
1411
1412
1413
1414
1445
1446
1447
1448
1449
1450
1481
1482
1483
1484
1485
1486
1517
1518
1519
1520
1521
1553
1554
1555
1556
1557
1589
1590
1591
1592
1593
1594
1625
1626
1627
1628
1629
1630
1661
1662
1663
1664
1665
1666
1697
1698
1699
1700
1701
1702
1733
1734
1735
1736
1737
1738
1769
1770
1771
1772
1773
1774
1805
1806
1807
1808
1809
1810
1841
1842
1843
1844
1845
1846
1877
1878
1879
1880
1881
1882
1913
1914
1915
1916
1917
1918
1949
1950
1951
1952
1953
1954
1985
1986
1987
1988
1989
1990
2021
2022
2023
2024
2025
2026
2057
2058
2059
2060
2061
2062
2093
2094
2095
2096
2097
2098
2129
2130
2131
2132
2133
2134
2165
2166
2167
2168
2169
2170
2201
2202
2203
2204
2205
2206
2237
2238
2239
2240
2241
2242
2273
2274
2275
2276
2277
2278
2309
2310
2311
2312
2313
2314
2345
2346
2347
2348
2349
2350
2381
2382
2383
2384
2385
2386
2417
2418
2419
2420
2421
2422
2453
2454
2455
2456
2457
2458
2489
2490
2491
2492
2493
2494
2525
2526
2527
2528
2529
2530
2561
2562
2563
2564
2565
2566
2597
2598
2599
2600
2601
2602
2633
2634
2635
2636
2637
2638
2669
2670
2671
2672
2673
2674
2705
2706
2707
2708
2709
2710
2741
2742
2743
2744
2745
2746
2777
2778
2779
2780
2781
2782
2813
2814
2815
2816
2817
2818
2849
2850
2851
2852
2853
2854
2885
2886
2887
2888
2889
2890
2921
2922
2923
2924
2925
2926
2957
2958
2959
2960
2961
2962
2993
2994
2995
2996
2997
2998
3029
3030
3031
3032
3033
3065
3066
3067
3068
3069
3101
3102
3103
3104
3105
3137
3138
3139
3140
3141
3142
3173
3174
3175
3176
3177
3178
3209
3210
3211
3212
3213
3214
3245
3246
3247
3248
3249
3250
3281
3282
3283
3284
3285
3286
3317
3318
3319
3320
3321
3322
3353
3354
3355
3356
3357
3358
3389
3390
3391
3392
3393
3394
3425
3426
3427
3428
3429
3430
3461
3462
3463
3464
3465
3466
3497
3498
3499
3500
3501
3502
3533
3534
3535
3536
3537
3538
3569
3570
3571
3572
3573
3574
3605
3606
3607
3608
3609
3610
3641
3642
3643
3644
3645
3646
3677
3678
3679
3680
3681
3682
3713
3714
3715
3716
3717
3718
3749
3750
3751
3752
3753
3754
3785
3786
3787
3788
3789
3790
3821
3822
3823
3824
3825
3826
3857
3858
3859
3860
3861
3862
3893
3894
3895
3896
3897
3898
3929
3930
3931
3932
3933
3934
3965
3966
3967
3968
3969
3970
4001
4002
4003
4004
4005
4006
4037
4038
4039
4040
4041
4042
4073
4074
4075
4076
4077
4078
4109
4110
4111
4112
4113
4114
4145
4146
4147
4148
4149
4150
4181
4182
4183
4184
4185
4186
4217
4218
4219
4220
4221
4222
4253
4254
4255
4256
4257
4258
4289
4290
4291
4292
4293
4294
4325
4326
4327
4328
4329
4330
4361
4362
4363
4364
4365
4366
4397
4398
4399
4400
4401
4402
4433
4434
4435
4436
4437
4438
4469
4470
4471
4472
4473
4474
4505
4506
4507
4508
4509
4510
4541
4542
4543
4544
4545
4577
4578
4579
4580
4581
4613
4614
4615
4616
4617
4649
4650
4651
4652
4653
4685
4686
4687
4688
4689
4690
4721
4722
4723
4724
4725
4726
4757
4758
4759
4760
4761
4762
4793
4794
4795
4796
4797
4798
4829
4830
4831
4832
4833
4834
4865
4866
4867
4868
4869
4870
4901
4902
4903
4904
4905
4906
4937
4938
4939
4940
4941
4942
4973
4974
4975
4976
4977
4978
5009
5010
5011
5012
5013
5014
5045
5046
5047
5048
5049
5050
5081
5082
5083
5084
5085
5086
5117
5118
5119
5120
5121
5122
5153
5154
5155
5156
5157
5158
5189
5190
5191
5192
5193
5194
5225
5226
5227
5228
5229
5230
5261
5262
5263
5264
5265
5266
5297
5298
5299
5300
5301
5302
5333
5334
5335
5336
5337
5338
5369
5370
5371
5372
5373
5374
5405
5406
5407
5408
5409
5410
5441
5442
5443
5444
5445
5446
5477
5478
5479
5480
5481
5482
5513
5514
5515
5516
5517
5518
5549
5550
5551
5552
5553
5554
5585
5586
5587
5588
5589
5590
5621
5622
5623
5624
5625
5626
5657
5658
5659
5660
5661
5662
5693
5694
5695
5696
5697
5698
5729
5730
5731
5732
5733
5734
5765
5766
5767
5768
5769
5770
5801
5802
5803
5804
5805
5806
5837
5838
5839
5840
5841
5842
5873
5874
5875
5876
5877
5878
5909
5910
5911
5912
5913
5914
5945
5946
5947
5948
5949
5950
5981
5982
5983
5984
5985
5986
6017
6018
6019
6020
6021
6022
6053
6054
6055
6056
6057
6089
6090
6091
6092
6093
6125
6126
6127
6128
6129
6161
6162
6163
6164
6165
6197
6198
6199
6200
6201
6233
6234
6235
6236
6237
6238
6269
6270
6271
6272
6273
6274
6305
6306
6307
6308
6309
6310
6341
6342
6343
6344
6345
6346
6377
6378
6379
6380
6381
6382
6413
6414
6415
6416
6417
6418
6449
6450
6451
6452
6453
6454
6485
6486
6487
6488
6489
6490
6521
6522
6523
6524
6525
6526
6557
6558
6559
6560
6561
6562
6593
6594
6595
6596
6597
6598
6629
6630
6631
6632
6633
6634
6665
6666
6667
6668
6669
6670
6701
6702
6703
6704
6705
6706
6737
6738
6739
6740
6741
6742
6773
6774
6775
6776
6777
6778
6809
6810
6811
6812
6813
6814
6845
6846
6847
6848
6849
6850
6881
6882
6883
6884
6885
6886
6917
6918
6919
6920
6921
6922
6953
6954
6955
6956
6957
6958
6989
6990
6991
6992
6993
6994
7025
7026
7027
7028
7029
7030
7061
7062
7063
7064
7065
7066
7097
7098
7099
7100
7101
7102
7133
7134
7135
7136
7137
7138
7169
7170
7171
7172
7173
7174
7205
7206
7207
7208
7209
7210
7241
7242
7243
7244
7245
7246
7277
7278
7279
7280
7281
7282
7313
7314
7315
7316
7317
7318
7349
7350
7351
7352
7353
7354
7385
7386
7387
7388
7389
7390
7421
7422
7423
7424
7425
7426
7457
7458
7459
7460
7461
7462
7493
7494
7495
7496
7497
7498
7529
7530
7531
7532
7533
7534
7565
7566
7567
7568
7569
7601
7602
7603
7604
7605
7637
7638
7639
7640
7641
7673
7674
7675
7676
7677
7709
7710
7711
7712
7713
7745
7746
7747
7748
7749
7781
7782
7783
7784
7785
7786
7817
7818
7819
7820
7821
7822
7853
7854
7855
7856
7857
7858
7889
7890
7891
7892
7893
7894
7925
7926
7927
7928
7929
7930
7961
7962
7963
7964
7965
7966
7997
7998
7999
8000
8001
8002
8033
8034
8035
8036
8037
8038
8069
8070
8071
8072
8073
8074
8105
8106
8107
8108
8109
8110
8141
8142
8143
8144
8145
8146
8177
8178
8179
8180
8181
8182
8213
8214
8215
8216
8217
8218
8249
8250
8251
8252
8253
8254
8285
8286
8287
8288
8289
8290
8321
8322
8323
8324
8325
8326
8357
8358
8359
8360
8361
8362
8393
8394
8395
8396
8397
8398
8429
8430
8431
8432
8433
8434
8465
8466
8467
8468
8469
8470
8501
8502
8503
8504
8505
8506
8537
8538
8539
8540
8541
8542
8573
8574
8575
8576
8577
8578
8609
8610
8611
8612
8613
8614
8645
8646
8647
8648
8649
8650
8681
8682
8683
8684
8685
8686
8717
8718
8719
8720
8721
8722
8753
8754
8755
8756
8757
8758
8789
8790
8791
8792
8793
8794
8825
8826
8827
8828
8829
8830
8861
8862
8863
8864
8865
8866
8897
8898
8899
8900
8901
8902
8933
8934
8935
8936
8937
8938
8969
8970
8971
8972
8973
8974
9005
9006
9007
9008
9009
9010
9041
9042
9043
9044
9045
9046
9077
9078
9079
9080
9081
9113
9114
9115
9116
9117
9149
9150
9151
9152
9153
9185
9186
9187
9188
9189
9221
9222
9223
9224
9225
9257
9258
9259
9260
9261
9293
9294
9295
9296
9297
9329
9330
9331
9332
9333
9334
9365
9366
9367
9368
9369
9370
9401
9402
9403
9404
9405
9406
9437
9438
9439
9440
9441
9442
9473
9474
9475
9476
9477
9478
9509
9510
9511
9512
9513
9514
9545
9546
9547
9548
9549
9550
9581
9582
9583
9584
9585
9586
9617
9618
9619
9620
9621
9622
9653
9654
9655
9656
9657
9658
9689
9690
9691
9692
9693
9694
9725
9726
9727
9728
9729
9730
9761
9762
9763
9764
9765
9766
9797
9798
9799
9800
9801
9802
9833
9834
9835
9836
9837
9838
9869
9870
9871
9872
9873
9874
9905
9906
9907
9908
9909
9910
9941
9942
9943
9944
9945
9946
9977
9978
9979
9980
9981
9982
10013
10014
10015
10016
10017
10018
10049
10050
10051
10052
10053
10054
10085
10086
10087
10088
10089
10090
10121
10122
10123
10124
10125
10126
10157
10158
10159
10160
10161
10162
10193
10194
10195
10196
10197
10198
10229
10230
10231
10232
10233
10234
10265
10266
10267
10268
10269
10270
10301
10302
10303
10304
10305
10306
10337
10338
10339
10340
10341
10342
10373
10374
10375
10376
10377
10378
10409
10410
10411
10412
10413
10414
10445
10446
10447
10448
10449
10450
10481
10482
10483
10484
10485
10486
10517
10518
10519
10520
10521
10522
10553
10554
10555
10556
10557
10558
10584
10585
10586
10605
10606
10607
10626
10627
10628
10647
10648
10649
10668
10669
10670
10689
10690
10691
10692
10710
10711
10712
10713
10731
10732
10733
10734
10752
10753
10754
10755
10826
10827
10828
10829
10830
10831
10862
10863
10864
10865
10866
10867
10898
10899
10900
10901
10902
10903
10934
10935
10936
10937
10938
10939
10971
10972
10973
10974
10975
11007
11008
11009
11010
11011
11043
11044
11045
11046
11047
11079
11080
11081
11082
11083
11115
11116
11117
11118
11119
11151
11152
11153
11154
11155
11156
11187
11188
11189
11190
11191
11192
11223
11224
11225
11226
11227
11228
11259
11260
11261
11262
11263
11264
11295
11296
11297
11298
11299
11300
11331
11332
11333
11334
11335
11336
11367
11368
11369
11370
11371
11372
11403
11404
11405
11406
11407
11408
11439
11440
11441
11442
11443
11444
11475
11476
11477
11478
11479
11480
11511
11512
11513
11514
11515
11516
11547
11548
11549
11550
11551
11552
11583
11584
11585
11586
11587
11588
11619
11620
11621
11622
11623
11624
11655
11656
11657
11658
11659
11660
11691
11692
11693
11694
11695
11696
11722
11723
11724
11725
11726
11727
11753
11754
11755
11756
11757
11758
11784
11785
11786
11787
11788
11789
11815
11816
11817
11818
11819
11820
11846
11847
11848
11849
11850
11851
11877
11878
11879
11880
11881
11882
11908
11909
11910
11911
11912
11913
11944
11945
11946
11947
11948
11949
11980
11981
11982
11983
11984
11985
12016
12017
12018
12019
12020
12021
12052
12053
12054
12055
12056
12057
12088
12089
12090
12091
12092
12093
12124
12125
12126
12127
12128
12129
12160
12161
12162
12163
12164
12165
12196
12197
12198
12199
12200
12201
12232
12233
12234
12235
12236
12237
12268
12269
12270
12271
12272
12273
12303
12304
12305
12306
12307
12308
12339
12340
12341
12342
12343
12344
12375
12376
12377
12378
12379
12380
12411
12412
12413
12414
12415
12416
12447
12448
12449
12450
12465
12466
12467
12482
12483
12484
12499
12500
12501
12516
12517
12518
12533
12534
12535
12550
12551
12552
12567
12568
12569
12570
12571
12572
12603
12604
12605
12606
12607
12608
12639
12640
12641
12642
12643
12644
12675
12676
12677
12678
12679
12680
12711
12712
12713
12714
12715
12716
12747
12748
12749
12750
12751
12752
12783
12784
12785
12786
12787
12788
12819
12820
12821
12822
12823
12824
12855
12856
12857
12858
12859
12860
12891
12892
12893
12894
12895
12896
12927
12928
12929
12930
12931
12932
12963
12964
12965
12966
12967
12968
12999
13000
13001
13002
13003
13004
13035
13036
13037
13038
13039
13040
13066
13067
13068
13069
13070
13071
13097
13098
13099
13100
13101
13102
13128
13129
13130
13131
13132
13133
13159
13160
13161
13162
13163
13164
13190
13191
13192
13193
13194
13195
13221
13222
13223
13224
13225
13226
13252
13253
13254
13255
13256
13257
13288
13289
13290
13291
13292
13293
13324
13325
13326
13327
13328
13329
13360
13361
13362
13363
13364
13365
13396
13397
13398
13399
13400
13401
13432
13433
13434
13435
13436
13437
13468
13469
13470
13471
13472
13473
13504
13505
13506
13507
13508
13509
13540
13541
13542
13543
13544
13545
13576
13577
13578
13579
13580
13581
13612
13613
13614
13615
13616
13617
13647
13648
13649
13650
13651
13652
13683
13684
13685
13686
13687
13688
13719
13720
13721
13722
13723
13724
13755
13756
13757
13758
13759
13760
13791
13792
13793
13794
13808
13809
13810
13811
13826
13827
13828
13843
13844
13845
13860
13861
13862
13877
13878
13879
13894
13895
13896
13911
13912
13913
13914
13915
13916
13947
13948
13949
13950
13951
13952
13983
13984
13985
13986
13987
13988
14019
14020
14021
14022
14023
14024
14055
14056
14057
14058
14059
14060
14091
14092
14093
14094
14095
14096
14127
14128
14129
14130
14131
14132
14163
14164
14165
14166
14167
14168
14199
14200
14201
14202
14203
14204
14235
14236
14237
14238
14239
14240
14271
14272
14273
14274
14275
14276
14307
14308
14309
14310
14311
14312
14343
14344
14345
14346
14347
14348
14379
14380
14381
14382
14383
14384
14410
14411
14412
14413
14414
14415
14441
14442
14443
14444
14445
14446
14472
14473
14474
14475
14476
14477
14503
14504
14505
14506
14507
14508
14534
14535
14536
14537
14538
14539
14565
14566
14567
14568
14569
14570
14596
14597
14598
14599
14600
14601
14632
14633
14634
14635
14636
14637
14668
14669
14670
14671
14672
14673
14704
14705
14706
14707
14708
14709
14740
14741
14742
14743
14744
14745
14776
14777
14778
14779
14780
14781
14812
14813
14814
14815
14816
14817
14848
14849
14850
14851
14852
14853
14884
14885
14886
14887
14888
14889
14920
14921
14922
14923
14924
14925
14956
14957
14958
14959
14960
14961
14991
14992
14993
14994
14995
14996
15027
15028
15029
15030
15031
15032
15063
15064
15065
15066
15067
15068
15099
15100
15101
15102
15103
15104
15135
15136
15137
15138
15152
15153
15154
15155
15169
15170
15171
15172
15187
15188
15189
15204
15205
15206
15221
15222
15223
15238
15239
15240
15255
15256
15257
15258
15259
15291
15292
15293
15294
15295
15296
15327
15328
15329
15330
15331
15332
15363
15364
15365
15366
15367
15368
15399
15400
15401
15402
15403
15404
15435
15436
15437
15438
15439
15440
15471
15472
15473
15474
15475
15476
15507
15508
15509
15510
15511
15512
15543
15544
15545
15546
15547
15548
15579
15580
15581
15582
15583
15584
15615
15616
15617
15618
15619
15620
15651
15652
15653
15654
15655
15656
15687
15688
15689
15690
15691
15692
15723
15724
15725
15726
15727
15728
15754
15755
15756
15757
15758
15759
15785
15786
15787
15788
15789
15790
15816
15817
15818
15819
15820
15821
15847
15848
15849
15850
15851
15852
15878
15879
15880
15881
15882
15883
15909
15910
15911
15912
15913
15914
15940
15941
15942
15943
15944
15945
15976
15977
15978
15979
15980
15981
16012
16013
16014
16015
16016
16017
16048
16049
16050
16051
16052
16053
16084
16085
16086
16087
16088
16089
16120
16121
16122
16123
16124
16125
16156
16157
16158
16159
16160
16161
16192
16193
16194
16195
16196
16197
16228
16229
16230
16231
16232
16233
16264
16265
16266
16267
16268
16269
16300
16301
16302
16303
16304
16305
16335
16336
16337
16338
16339
16340
16371
16372
16373
16374
16375
16376
16407
16408
16409
16410
16411
16412
16443
16444
16445
16446
16447
16448
16479
16480
16481
16482
16496
16497
16498
16499
16513
16514
16515
16516
16530
16531
16532
16533
16548
16549
16550
16565
16566
16567
16582
16583
16584
16599
16600
16601
16602
16603
16635
16636
16637
16638
16639
16671
16672
16673
16674
16675
16676
16707
16708
16709
16710
16711
16712
16743
16744
16745
16746
16747
16748
16779
16780
16781
16782
16783
16784
16815
16816
16817
16818
16819
16820
16851
16852
16853
16854
16855
16856
16887
16888
16889
16890
16891
16892
16923
16924
16925
16926
16927
16928
16959
16960
16961
16962
16963
16964
16995
16996
16997
16998
16999
17000
17031
17032
17033
17034
17035
17036
17067
17068
17069
17070
17071
17072
17098
17099
17100
17101
17102
17103
17129
17130
17131
17132
17133
17134
17160
17161
17162
17163
17164
17165
17191
17192
17193
17194
17195
17196
17222
17223
17224
17225
17226
17227
17253
17254
17255
17256
17257
17258
17284
17285
17286
17287
17288
17289
17320
17321
17322
17323
17324
17325
17356
17357
17358
17359
17360
17361
17392
17393
17394
17395
17396
17397
17428
17429
17430
17431
17432
17433
17464
17465
17466
17467
17468
17469
17500
17501
17502
17503
17504
17505
17536
17537
17538
17539
17540
17541
17572
17573
17574
17575
17576
17577
17608
17609
17610
17611
17612
17613
17644
17645
17646
17647
17648
17649
17679
17680
17681
17682
17683
17684
17715
17716
17717
17718
17719
17720
17751
17752
17753
17754
17755
17756
17787
17788
17789
17790
17791
17792
17823
17824
17825
17826
17840
17841
17842
17843
17857
17858
17859
17860
17874
17875
17876
17877
17891
17892
17893
17894
17909
17910
17911
17926
17927
17928
17943
17944
17945
17946
17947
17979
17980
17981
17982
17983
18015
18016
18017
18018
18019
18051
18052
18053
18054
18055
18056
18087
18088
18089
18090
18091
18092
18123
18124
18125
18126
18127
18128
18159
18160
18161
18162
18163
18164
18195
18196
18197
18198
18199
18200
18231
18232
18233
18234
18235
18236
18267
18268
18269
18270
18271
18272
18303
18304
18305
18306
18307
18308
18339
18340
18341
18342
18343
18344
18375
18376
18377
18378
18379
18380
18411
18412
18413
18414
18415
18416
18442
18443
18444
18445
18446
18447
18473
18474
18475
18476
18477
18478
18504
18505
18506
18507
18508
18509
18535
18536
18537
18538
18539
18540
18566
18567
18568
18569
18570
18571
18597
18598
18599
18600
18601
18602
18628
18629
18630
18631
18632
18633
18664
18665
18666
18667
18668
18669
18700
18701
18702
18703
18704
18705
18736
18737
18738
18739
18740
18741
18772
18773
18774
18775
18776
18777
18808
18809
18810
18811
18812
18813
18844
18845
18846
18847
18848
18849
18880
18881
18882
18883
18884
18885
18916
18917
18918
18919
18920
18921
18952
18953
18954
18955
18956
18957
18988
18989
18990
18991
18992
18993
19023
19024
19025
19026
19027
19028
19059
19060
19061
19062
19063
19064
19095
19096
19097
19098
19099
19100
19131
19132
19133
19134
19135
19136
19167
19168
19169
19170
19184
19185
19186
19187
19201
19202
19203
19204
19218
19219
19220
19221
19235
19236
19237
19238
19252
19253
19254
19255
19270
19271
19272
19287
19288
19289
19290
19291
19323
19324
19325
19326
19327
19359
19360
19361
19362
19363
19395
19396
19397
19398
19399
19431
19432
19433
19434
19435
19436
19467
19468
19469
19470
19471
19472
19503
19504
19505
19506
19507
19508
19539
19540
19541
19542
19543
19544
19575
19576
19577
19578
19579
19580
19611
19612
19613
19614
19615
19616
19647
19648
19649
19650
19651
19652
19683
19684
19685
19686
19687
19688
19719
19720
19721
19722
19723
19724
19755
19756
19757
19758
19759
19760
19786
19787
19788
19789
19790
19791
19817
19818
19819
19820
19821
19822
19848
19849
19850
19851
19852
19853
19879
19880
19881
19882
19883
19884
19910
19911
19912
19913
19914
19915
19941
19942
19943
19944
19945
19946
19972
19973
19974
19975
19976
19977
20008
20009
20010
20011
20012
20013
20044
20045
20046
20047
20048
20049
20080
20081
20082
20083
20084
20085
20116
20117
20118
20119
20120
20121
20152
20153
20154
20155
20156
20157
20188
20189
20190
20191
20192
20193
20224
20225
20226
20227
20228
20229
20260
20261
20262
20263
20264
20265
20296
20297
20298
20299
20300
20301
20332
20333
20334
20335
20336
20337
20367
20368
20369
20370
20371
20372
20403
20404
20405
20406
20407
20408
20439
20440
20441
20442
20443
20444
20475
20476
20477
20478
20479
20480
20511
20512
20513
20514
20528
20529
20530
20531
20545
20546
20547
20548
20562
20563
20564
20565
20579
20580
20581
20582
20596
20597
20598
20599
20613
20614
20615
20616
20631
20632
20633
20634
20635
20667
20668
20669
20670
20671
20703
20704
20705
20706
20707
20739
20740
20741
20742
20743
20775
20776
20777
20778
20779
20811
20812
20813
20814
20815
20816
20847
20848
20849
20850
20851
20852
20883
20884
20885
20886
20887
20888
20919
20920
20921
20922
20923
20924
20955
20956
20957
20958
20959
20960
20991
20992
20993
20994
20995
20996
21027
21028
21029
21030
21031
21032
21063
21064
21065
21066
21067
21068
21099
21100
21101
21102
21103
21104
21130
21131
21132
21133
21134
21135
21161
21162
21163
21164
21165
21166
21192
21193
21194
21195
21196
21197
21223
21224
21225
21226
21227
21228
21254
21255
21256
21257
21258
21259
21285
21286
21287
21288
21289
21290
21316
21317
21318
21319
21320
21321
21352
21353
21354
21355
21356
21357
21388
21389
21390
21391
21392
21393
21424
21425
21426
21427
21428
21429
21460
21461
21462
21463
21464
21465
21496
21497
21498
21499
21500
21501
21532
21533
21534
21535
21536
21537
21568
21569
21570
21571
21572
21573
21604
21605
21606
21607
21608
21609
21640
21641
21642
21643
21644
21645
21676
21677
21678
21679
21680
21681
21711
21712
21713
21714
21715
21716
21747
21748
21749
21750
21751
21752
21783
21784
21785
21786
21787
21788
21819
21820
21821
21822
21823
21824
21855
21856
21857
21858
21872
21873
21874
21875
21889
21890
21891
21892
21906
21907
21908
21909
21923
21924
21925
21926
21940
21941
21942
21943
21957
21958
21959
21960
21974
21975
21976
21977
21978
21979
22011
22012
22013
22014
22015
22047
22048
22049
22050
22051
22083
22084
22085
22086
22087
22119
22120
22121
22122
22123
22155
22156
22157
22158
22159
22191
22192
22193
22194
22195
22196
22227
22228
22229
22230
22231
22232
22263
22264
22265
22266
22267
22268
22299
22300
22301
22302
22303
22304
22335
22336
22337
22338
22339
22340
22371
22372
22373
22374
22375
22376
22407
22408
22409
22410
22411
22412
22443
22444
22445
22446
22447
22448
22474
22475
22476
22477
22478
22479
22505
22506
22507
22508
22509
22510
22536
22537
22538
22539
22540
22541
22567
22568
22569
22570
22571
22572
22598
22599
22600
22601
22602
22603
22629
22630
22631
22632
22633
22634
22660
22661
22662
22663
22664
22665
22696
22697
22698
22699
22700
22701
22732
22733
22734
22735
22736
22737
22768
22769
22770
22771
22772
22773
22804
22805
22806
22807
22808
22809
22840
22841
22842
22843
22844
22845
22876
22877
22878
22879
22880
22881
22912
22913
22914
22915
22916
22917
22948
22949
22950
22951
22952
22953
22984
22985
22986
22987
22988
22989
23020
23021
23022
23023
23024
23025
23055
23056
23057
23058
23059
23060
23091
23092
23093
23094
23095
23096
23127
23128
23129
23130
23131
23132
23163
23164
23165
23166
23167
23168
23199
23200
23201
23202
23216
23217
23218
23219
23233
23234
23235
23236
23250
23251
23252
23253
23267
23268
23269
23270
23284
23285
23286
23287
23301
23302
23303
23304
23318
23319
23320
23321
23322
23323
23354
23355
23356
23357
23358
23359
23391
23392
23393
23394
23395
23427
23428
23429
23430
23431
23463
23464
23465
23466
23467
23499
23500
23501
23502
23503
23535
23536
23537
23538
23539
23571
23572
23573
23574
23575
23576
23607
23608
23609
23610
23611
23612
23643
23644
23645
23646
23647
23648
23679
23680
23681
23682
23683
23684
23715
23716
23717
23718
23719
23720
23751
23752
23753
23754
23755
23756
23787
23788
23789
23790
23791
23792
23818
23819
23820
23821
23822
23823
23849
23850
23851
23852
23853
23854
23880
23881
23882
23883
23884
23885
23911
23912
23913
23914
23915
23916
23942
23943
23944
23945
23946
23947
23973
23974
23975
23976
23977
23978
24004
24005
24006
24007
24008
24009
24040
24041
24042
24043
24044
24045
24076
24077
24078
24079
24080
24081
24112
24113
24114
24115
24116
24117
24148
24149
24150
24151
24152
24153
24184
24185
24186
24187
24188
24189
24220
24221
24222
24223
24224
24225
24256
24257
24258
24259
24260
24261
24292
24293
24294
24295
24296
24297
24328
24329
24330
24331
24332
24333
24364
24365
24366
24367
24368
24369
24399
24400
24401
24402
24403
24404
24435
24436
24437
24438
24439
24440
24471
24472
24473
24474
24475
24476
24507
24508
24509
24510
24511
24512
24543
24544
24545
24546
24560
24561
24562
24563
24577
24578
24579
24580
24594
24595
24596
24597
24611
24612
24613
24614
24628
24629
24630
24631
24645
24646
24647
24648
24662
24663
24664
24665
24666
24667
24698
24699
24700
24701
24702
24703
24734
24735
24736
24737
24738
24739
24771
24772
24773
24774
24775
24807
24808
24809
24810
24811
24843
24844
24845
24846
24847
24879
24880
24881
24882
24883
24915
24916
24917
24918
24919
24951
24952
24953
24954
24955
24956
24987
24988
24989
24990
24991
24992
25023
25024
25025
25026
25027
25028
25059
25060
25061
25062
25063
25064
25095
25096
25097
25098
25099
25100
25131
25132
25133
25134
25135
25136
25162
25163
25164
25165
25166
25167
25193
25194
25195
25196
25197
25198
25224
25225
25226
25227
25228
25229
25255
25256
25257
25258
25259
25260
25286
25287
25288
25289
25290
25291
25317
25318
25319
25320
25321
25322
25348
25349
25350
25351
25352
25353
25384
25385
25386
25387
25388
25389
25420
25421
25422
25423
25424
25425
25456
25457
25458
25459
25460
25461
25492
25493
25494
25495
25496
25497
25528
25529
25530
25531
25532
25533
25564
25565
25566
25567
25568
25569
25600
25601
25602
25603
25604
25605
25636
25637
25638
25639
25640
25641
25672
25673
25674
25675
25676
25677
25708
25709
25710
25711
25712
25713
25743
25744
25745
25746
25747
25748
25779
25780
25781
25782
25783
25784
25815
25816
25817
25818
25819
25820
25851
25852
25853
25854
25855
25856
25887
25888
25889
25890
25904
25905
25906
25907
25921
25922
25923
25924
25938
25939
25940
25941
25955
25956
25957
25958
25972
25973
25974
25975
25989
25990
25991
25992
26006
26007
26008
26009
26010
26011
26042
26043
26044
26045
26046
26047
26078
26079
26080
26081
26082
26083
26114
26115
26116
26117
26118
26119
26151
26152
26153
26154
26155
26187
26188
26189
26190
26191
26223
26224
26225
26226
26227
26259
26260
26261
26262
26263
26295
26296
26297
26298
26299
26331
26332
26333
26334
26335
26336
26367
26368
26369
26370
26371
26372
26403
26404
26405
26406
26407
26408
26439
26440
26441
26442
26443
26444
26475
26476
26477
26478
26479
26480
26506
26507
26508
26509
26510
26511
26537
26538
26539
26540
26541
26542
26568
26569
26570
26571
26572
26573
26599
26600
26601
26602
26603
26604
26630
26631
26632
26633
26634
26635
26661
26662
26663
26664
26665
26666
26692
26693
26694
26695
26696
26697
26728
26729
26730
26731
26732
26733
26764
26765
26766
26767
26768
26769
26800
26801
26802
26803
26804
26805
26836
26837
26838
26839
26840
26841
26872
26873
26874
26875
26876
26877
26908
26909
26910
26911
26912
26913
26944
26945
26946
26947
26948
26949
26980
26981
26982
26983
26984
26985
27016
27017
27018
27019
27020
27021
27052
27053
27054
27055
27056
27057
27087
27088
27089
27090
27091
27092
27123
27124
27125
27126
27127
27128
27159
27160
27161
27162
27163
27164
27195
27196
27197
27198
27199
27200
27231
27232
27233
27234
27248
27249
27250
27251
27265
27266
27267
27268
27282
27283
27284
27285
27299
27300
27301
27302
27316
27317
27318
27319
27333
27334
27335
27336
27350
27351
27352
27353
27354
27355
27386
27387
27388
27389
27390
27391
27422
27423
27424
27425
27426
27427
27458
27459
27460
27461
27462
27463
27494
27495
27496
27497
27498
27499
27531
27532
27533
27534
27535
27567
27568
27569
27570
27571
27603
27604
27605
27606
27607
27639
27640
27641
27642
27643
27675
27676
27677
27678
27679
27711
27712
27713
27714
27715
27716
27747
27748
27749
27750
27751
27752
27783
27784
27785
27786
27787
27788
27819
27820
27821
27822
27823
27824
27850
27851
27852
27853
27854
27855
27881
27882
27883
27884
27885
27886
27912
27913
27914
27915
27916
27917
27943
27944
27945
27946
27947
27948
27974
27975
27976
27977
27978
27979
28005
28006
28007
28008
28009
28010
28036
28037
28038
28039
28040
28041
28072
28073
28074
28075
28076
28077
28108
28109
28110
28111
28112
28113
28144
28145
28146
28147
28148
28149
28180
28181
28182
28183
28184
28185
28216
28217
28218
28219
28220
28221
28252
28253
28254
28255
28256
28257
28288
28289
28290
28291
28292
28293
28324
28325
28326
28327
28328
28329
28360
28361
28362
28363
28364
28365
28396
28397
28398
28399
28400
28401
28431
28432
28433
28434
28435
28436
28467
28468
28469
28470
28471
28472
28503
28504
28505
28506
28507
28508
28539
28540
28541
28542
28543
28544
28575
28576
28577
28578
28592
28593
28594
28595
28609
28610
28611
28612
28626
28627
28628
28629
28643
28644
28645
28646
28660
28661
28662
28663
28677
28678
28679
28680
28694
28695
28696
28697
28698
28699
28730
28731
28732
28733
28734
28735
28766
28767
28768
28769
28770
28771
28802
28803
28804
28805
28806
28807
28838
28839
28840
28841
28842
28843
28874
28875
28876
28877
28878
28879
28911
28912
28913
28914
28915
28947
28948
28949
28950
28951
28983
28984
28985
28986
28987
29019
29020
29021
29022
29023
29055
29056
29057
29058
29059
29091
29092
29093
29094
29095
29096
29127
29128
29129
29130
29131
29132
29163
29164
29165
29166
29167
29168
29194
29195
29196
29197
29198
29199
29225
29226
29227
29228
29229
29230
29256
29257
29258
29259
29260
29261
29287
29288
29289
29290
29291
29292
29318
29319
29320
29321
29322
29323
29349
29350
29351
29352
29353
29354
29380
29381
29382
29383
29384
29385
29416
29417
29418
29419
29420
29421
29452
29453
29454
29455
29456
29457
29488
29489
29490
29491
29492
29493
29524
29525
29526
29527
29528
29529
29560
29561
29562
29563
29564
29565
29596
29597
29598
29599
29600
29601
29632
29633
29634
29635
29636
29637
29668
29669
29670
29671
29672
29673
29704
29705
29706
29707
29708
29709
29740
29741
29742
29743
29744
29745
29775
29776
29777
29778
29779
29780
29811
29812
29813
29814
29815
29816
29847
29848
29849
29850
29851
29852
29883
29884
29885
29886
29887
29888
29919
29920
29921
29922
29936
29937
29938
29939
29953
29954
29955
29956
29970
29971
29972
29973
29987
29988
29989
29990
30004
30005
30006
30007
30021
30022
30023
30024
30038
30039
30040
30041
30042
30043
30074
30075
30076
30077
30078
30079
30110
30111
30112
30113
30114
30115
30146
30147
30148
30149
30150
30151
30182
30183
30184
30185
30186
30187
30218
30219
30220
30221
30222
30223
30254
30255
30256
30257
30258
30259
30291
30292
30293
30294
30295
30327
30328
30329
30330
30331
30363
30364
30365
30366
30367
30399
30400
30401
30402
30403
30435
30436
30437
30438
30439
30471
30472
30473
30474
30475
30476
30507
30508
30509
30510
30511
30512
30538
30539
30540
30541
30542
30543
30569
30570
30571
30572
30573
30574
30600
30601
30602
30603
30604
30605
30631
30632
30633
30634
30635
30636
30662
30663
30664
30665
30666
30667
30693
30694
30695
30696
30697
30698
30724
30725
30726
30727
30728
30729
30760
30761
30762
30763
30764
30765
30796
30797
30798
30799
30800
30801
30832
30833
30834
30835
30836
30837
30868
30869
30870
30871
30872
30873
30904
30905
30906
30907
30908
30909
30940
30941
30942
30943
30944
30945
30976
30977
30978
30979
30980
30981
31012
31013
31014
31015
31016
31017
31048
31049
31050
31051
31052
31053
31084
31085
31086
31087
31088
31089
31119
31120
31121
31122
31123
31124
31155
31156
31157
31158
31159
31160
31191
31192
31193
31194
31195
31196
31227
31228
31229
31230
31231
31232
31263
31264
31265
31266
31280
31281
31282
31283
31297
31298
31299
31300
31314
31315
31316
31317
31331
31332
31333
31334
31348
31349
31350
31351
31365
31366
31367
31368
31382
31383
31384
31385
31386
31387
31418
31419
31420
31421
31422
31423
31454
31455
31456
31457
31458
31459
31490
31491
31492
31493
31494
31495
31526
31527
31528
31529
31530
31531
31562
31563
31564
31565
31566
31567
31598
31599
31600
31601
31602
31603
31634
31635
31636
31637
31638
31639
31671
31672
31673
31674
31675
31707
31708
31709
31710
31711
31743
31744
31745
31746
31747
31779
31780
31781
31782
31783
31815
31816
31817
31818
31819
31851
31852
31853
31854
31855
31856
31882
31883
31884
31885
31886
31887
31913
31914
31915
31916
31917
31918
31944
31945
31946
31947
31948
31949
31975
31976
31977
31978
31979
31980
32006
32007
32008
32009
32010
32011
32037
32038
32039
32040
32041
32042
32068
32069
32070
32071
32072
32073
32104
32105
32106
32107
32108
32109
32140
32141
32142
32143
32144
32145
32176
32177
32178
32179
32180
32181
32212
32213
32214
32215
32216
32217
32248
32249
32250
32251
32252
32253
32284
32285
32286
32287
32288
32289
32320
32321
32322
32323
32324
32325
32356
32357
32358
32359
32360
32361
32392
32393
32394
32395
32396
32397
32428
32429
32430
32431
32432
32433
32463
32464
32465
32466
32467
32468
32499
32500
32501
32502
32503
32504
32535
32536
32537
32538
32539
32540
32571
32572
32573
32574
32575
32576
32607
32608
32609
32610
32624
32625
32626
32627
32641
32642
32643
32644
32658
32659
32660
32661
32675
32676
32677
32678
32692
32693
32694
32695
32709
32710
32711
32712
32726
32727
32728
32729
32730
32731
32762
32763
32764
32765
32766
32767
32798
32799
32800
32801
32802
32803
32834
32835
32836
32837
32838
32839
32870
32871
32872
32873
32874
32875
32906
32907
32908
32909
32910
32911
32942
32943
32944
32945
32946
32947
32978
32979
32980
32981
32982
32983
33014
33015
33016
33017
33018
33019
33051
33052
33053
33054
33055
33087
33088
33089
33090
33091
33123
33124
33125
33126
33127
33159
33160
33161
33162
33163
33195
33196
33197
33198
33199
33226
33227
33228
33229
33230
33231
33257
33258
33259
33260
33261
33262
33288
33289
33290
33291
33292
33293
33319
33320
33321
33322
33323
33324
33350
33351
33352
33353
33354
33355
33381
33382
33383
33384
33385
33386
33412
33413
33414
33415
33416
33417
33448
33449
33450
33451
33452
33453
33484
33485
33486
33487
33488
33489
33520
33521
33522
33523
33524
33525
33556
33557
33558
33559
33560
33561
33592
33593
33594
33595
33596
33597
33628
33629
33630
33631
33632
33633
33664
33665
33666
33667
33668
33669
33700
33701
33702
33703
33704
33705
33736
33737
33738
33739
33740
33741
33772
33773
33774
33775
33776
33777
33807
33808
33809
33810
33811
33812
33843
33844
33845
33846
33847
33848
33879
33880
33881
33882
33883
33884
33915
33916
33917
33918
33919
33920
33951
33952
33953
33954
33968
33969
33970
33971
33985
33986
33987
33988
34002
34003
34004
34005
34019
34020
34021
34022
34036
34037
34038
34039
34053
34054
34055
34056
34070
34071
34072
34073
34074
34075
34106
34107
34108
34109
34110
34111
34142
34143
34144
34145
34146
34147
34178
34179
34180
34181
34182
34183
34214
34215
34216
34217
34218
34219
34250
34251
34252
34253
34254
34255
34286
34287
34288
34289
34290
34291
34322
34323
34324
34325
34326
34327
34358
34359
34360
34361
34362
34363
34394
34395
34396
34397
34398
34399
34431
34432
34433
34434
34435
34467
34468
34469
34470
34471
34503
34504
34505
34506
34507
34539
34540
34541
34542
34543
34570
34571
34572
34573
34574
34601
34602
34603
34604
34605
34606
34632
34633
34634
34635
34636
34637
34663
34664
34665
34666
34667
34668
34694
34695
34696
34697
34698
34699
34725
34726
34727
34728
34729
34730
34756
34757
34758
34759
34760
34761
34792
34793
34794
34795
34796
34797
34828
34829
34830
34831
34832
34833
34864
34865
34866
34867
34868
34869
34900
34901
34902
34903
34904
34905
34936
34937
34938
34939
34940
34941
34972
34973
34974
34975
34976
34977
35008
35009
35010
35011
35012
35013
35044
35045
35046
35047
35048
35049
35080
35081
35082
35083
35084
35085
35116
35117
35118
35119
35120
35121
35151
35152
35153
35154
35155
35156
35187
35188
35189
35190
35191
35192
35223
35224
35225
35226
35227
35228
35259
35260
35261
35262
35263
35264
35295
35296
35297
35298
35312
35313
35314
35315
35329
35330
35331
35332
35346
35347
35348
35349
35363
35364
35365
35366
35380
35381
35382
35383
35397
35398
35399
35400
35414
35415
35416
35417
35418
35419
35450
35451
35452
35453
35454
35455
35486
35487
35488
35489
35490
35491
35522
35523
35524
35525
35526
35527
35558
35559
35560
35561
35562
35563
35594
35595
35596
35597
35598
35599
35630
35631
35632
35633
35634
35635
35666
35667
35668
35669
35670
35671
35702
35703
35704
35705
35706
35707
35738
35739
35740
35741
35742
35743
35774
35775
35776
35777
35778
35779
35811
35812
35813
35814
35815
35847
35848
35849
35850
35851
35883
35884
35885
35886
35887
35914
35915
35916
35917
35918
35945
35946
35947
35948
35949
35976
35977
35978
35979
35980
35981
36007
36008
36009
36010
36011
36012
36038
36039
36040
36041
36042
36043
36069
36070
36071
36072
36073
36074
36100
36101
36102
36103
36104
36105
36136
36137
36138
36139
36140
36141
36172
36173
36174
36175
36176
36177
36208
36209
36210
36211
36212
36213
36244
36245
36246
36247
36248
36249
36280
36281
36282
36283
36284
36285
36316
36317
36318
36319
36320
36321
36352
36353
36354
36355
36356
36357
36388
36389
36390
36391
36392
36393
36424
36425
36426
36427
36428
36429
36460
36461
36462
36463
36464
36465
36495
36496
36497
36498
36499
36500
36531
36532
36533
36534
36535
36536
36567
36568
36569
36570
36571
36572
36603
36604
36605
36606
36607
36608
36639
36640
36641
36642
36656
36657
36658
36659
36673
36674
36675
36676
36690
36691
36692
36693
36707
36708
36709
36710
36724
36725
36726
36727
36741
36742
36743
36744
36758
36759
36760
36761
36762
36763
36794
36795
36796
36797
36798
36799
36830
36831
36832
36833
36834
36835
36866
36867
36868
36869
36870
36871
36902
36903
36904
36905
36906
36907
36938
36939
36940
36941
36942
36943
36974
36975
36976
36977
36978
36979
37010
37011
37012
37013
37014
37015
37046
37047
37048
37049
37050
37051
37082
37083
37084
37085
37086
37087
37118
37119
37120
37121
37122
37123
37154
37155
37156
37157
37158
37159
37191
37192
37193
37194
37195
37227
37228
37229
37230
37231
37258
37259
37260
37261
37262
37289
37290
37291
37292
37293
37320
37321
37322
37323
37324
37351
37352
37353
37354
37355
37356
37382
37383
37384
37385
37386
37387
37413
37414
37415
37416
37417
37418
37444
37445
37446
37447
37448
37449
37480
37481
37482
37483
37484
37485
37516
37517
37518
37519
37520
37521
37552
37553
37554
37555
37556
37557
37588
37589
37590
37591
37592
37593
37624
37625
37626
37627
37628
37629
37660
37661
37662
37663
37664
37665
37696
37697
37698
37699
37700
37701
37732
37733
37734
37735
37736
37737
37768
37769
37770
37771
37772
37773
37804
37805
37806
37807
37808
37809
37839
37840
37841
37842
37843
37844
37875
37876
37877
37878
37879
37880
37911
37912
37913
37914
37915
37916
37947
37948
37949
37950
37951
37952
37983
37984
37985
37986
37987
37988
38019
38020
38021
38022
38023
38024
38055
38056
38057
38058
38059
38060
38091
38092
38093
38094
38095
38096
38127
38128
38129
38130
38131
38132
38163
38164
38165
38166
38167
38168
38199
38200
38201
38202
38203
38204
38235
38236
38237
38238
38239
38240
38271
38272
38273
38274
38275
38276
38307
38308
38309
38310
38311
38312
38343
38344
38345
38346
38347
38348
38379
38380
38381
38382
38383
38384
38415
38416
38417
38418
38419
38420
38451
38452
38453
38454
38455
38456
38487
38488
38489
38490
38491
38492
38523
38524
38525
38526
38527
38528
38559
38560
38561
38562
38563
38564
38595
38596
38597
38598
38599
38600
38631
38632
38633
38634
38635
38636
38667
38668
38669
38670
38671
38672
38704
38705
38706
38707
38708
38740
38741
38742
38743
38744
38776
38777
38778
38779
38780
38812
38813
38814
38815
38816
38848
38849
38850
38851
38852
38884
38885
38886
38887
38888
38889
38920
38921
38922
38923
38924
38925
38956
38957
38958
38959
38960
38961
38992
38993
38994
38995
38996
38997
39028
39029
39030
39031
39032
39033
39064
39065
39066
39067
39068
39069
39100
39101
39102
39103
39104
39105
39136
39137
39138
39139
39140
39141
39172
39173
39174
39175
39176
39177
39208
39209
39210
39211
39212
39213
39244
39245
39246
39247
39248
39249
39280
39281
39282
39283
39284
39285
39316
39317
39318
39319
39320
39321
39351
39352
39353
39354
39355
39356
39387
39388
39389
39390
39391
39392
39423
39424
39425
39426
39427
39428
39459
39460
39461
39462
39463
39464
39495
39496
39497
39498
39499
39500
39531
39532
39533
39534
39535
39536
39567
39568
39569
39570
39571
39572
39603
39604
39605
39606
39607
39608
39639
39640
39641
39642
39643
39644
39675
39676
39677
39678
39679
39680
39711
39712
39713
39714
39715
39716
39747
39748
39749
39750
39751
39752
39783
39784
39785
39786
39787
39788
39819
39820
39821
39822
39823
39824
39855
39856
39857
39858
39859
39860
39891
39892
39893
39894
39895
39896
39927
39928
39929
39930
39931
39932
39963
39964
39965
39966
39967
39968
39999
40000
40001
40002
40003
40004
40035
40036
40037
40038
40039
40040
40071
40072
40073
40074
40075
40076
40107
40108
40109
40110
40111
40112
40143
40144
40145
40146
40147
40148
40179
40180
40181
40182
40183
40184
40215
40216
40217
40218
40219
40220
40252
40253
40254
40255
40256
40288
40289
40290
40291
40292
40324
40325
40326
40327
40328
40360
40361
40362
40363
40364
40396
40397
40398
40399
40400
40432
40433
40434
40435
40436
40468
40469
40470
40471
40472
40473
40504
40505
40506
40507
40508
40509
40540
40541
40542
40543
40544
40545
40576
40577
40578
40579
40580
40581
40612
40613
40614
40615
40616
40617
40648
40649
40650
40651
40652
40653
40684
40685
40686
40687
40688
40689
40720
40721
40722
40723
40724
40725
40756
40757
40758
40759
40760
40761
40792
40793
40794
40795
40796
40797
40828
40829
40830
40831
40832
40833
40863
40864
40865
40866
40867
40868
40899
40900
40901
40902
40903
40904
40935
40936
40937
40938
40939
40940
40971
40972
40973
40974
40975
40976
41007
41008
41009
41010
41011
41012
41043
41044
41045
41046
41047
41048
41079
41080
41081
41082
41083
41084
41115
41116
41117
41118
41119
41120
41151
41152
41153
41154
41155
41156
41187
41188
41189
41190
41191
41192
41223
41224
41225
41226
41227
41228
41259
41260
41261
41262
41263
41264
41295
41296
41297
41298
41299
41300
41331
41332
41333
41334
41335
41336
41367
41368
41369
41370
41371
41372
41403
41404
41405
41406
41407
41408
41439
41440
41441
41442
41443
41444
41475
41476
41477
41478
41479
41480
41511
41512
41513
41514
41515
41516
41547
41548
41549
41550
41551
41552
41583
41584
41585
41586
41587
41588
41619
41620
41621
41622
41623
41624
41655
41656
41657
41658
41659
41660
41691
41692
41693
41694
41695
41696
41727
41728
41729
41730
41731
41732
41763
41764
41765
41766
41767
41768
41800
41801
41802
41803
41804
41836
41837
41838
41839
41840
41872
41873
41874
41875
41876
41908
41909
41910
41911
41912
41944
41945
41946
41947
41948
41980
41981
41982
41983
41984
42016
42017
42018
42019
42020
42021
42052
42053
42054
42055
42056
42057
42088
42089
42090
42091
42092
42093
42124
42125
42126
42127
42128
42129
42160
42161
42162
42163
42164
42165
42196
42197
42198
42199
42200
42201
42232
42233
42234
42235
42236
42237
42268
42269
42270
42271
42272
42273
42304
42305
42306
42307
42308
42309
42340
42341
42342
42343
42344
42345
42375
42376
42377
42378
42379
42380
42411
42412
42413
42414
42415
42416
42447
42448
42449
42450
42451
42452
42483
42484
42485
42486
42487
42488
42519
42520
42521
42522
42523
42524
42555
42556
42557
42558
42559
42560
42591
42592
42593
42594
42595
42596
42627
42628
42629
42630
42631
42632
42663
42664
42665
42666
42667
42668
42699
42700
42701
42702
42703
42704
42735
42736
42737
42738
42739
42740
42771
42772
42773
42774
42775
42776
42807
42808
42809
42810
42811
42812
42843
42844
42845
42846
42847
42848
42879
42880
42881
42882
42883
42884
42915
42916
42917
42918
42919
42920
42951
42952
42953
42954
42955
42956
42987
42988
42989
42990
42991
42992
43023
43024
43025
43026
43027
43028
43059
43060
43061
43062
43063
43064
43095
43096
43097
43098
43099
43100
43131
43132
43133
43134
43135
43136
43167
43168
43169
43170
43171
43172
43203
43204
43205
43206
43207
43208
43239
43240
43241
43242
43243
43244
43275
43276
43277
43278
43279
43280
43311
43312
43313
43314
43315
43316
43348
43349
43350
43351
43352
43384
43385
43386
43387
43388
43420
43421
43422
43423
43424
43456
43457
43458
43459
43460
43492
43493
43494
43495
43496
43528
43529
43530
43531
43532
43564
43565
43566
43567
43568
43569
43600
43601
43602
43603
43604
43605
43636
43637
43638
43639
43640
43641
43672
43673
43674
43675
43676
43677
43708
43709
43710
43711
43712
43713
43744
43745
43746
43747
43748
43749
43780
43781
43782
43783
43784
43785
43816
43817
43818
43819
43820
43821
43852
43853
43854
43855
43856
43857
43887
43888
43889
43890
43891
43892
43923
43924
43925
43926
43927
43928
43959
43960
43961
43962
43963
43964
43995
43996
43997
43998
43999
44000
44031
44032
44033
44034
44035
44036
44067
44068
44069
44070
44071
44072
44103
44104
44105
44106
44107
44108
44139
44140
44141
44142
44143
44144
44175
44176
44177
44178
44179
44180
44211
44212
44213
44214
44215
44216
44247
44248
44249
44250
44251
44252
44283
44284
44285
44286
44287
44288
44319
44320
44321
44322
44323
44324
44355
44356
44357
44358
44359
44360
44391
44392
44393
44394
44395
44396
44427
44428
44429
44430
44431
44432
44463
44464
44465
44466
44467
44468
44499
44500
44501
44502
44503
44504
44535
44536
44537
44538
44539
44540
44571
44572
44573
44574
44575
44576
44607
44608
44609
44610
44611
44612
44643
44644
44645
44646
44647
44648
44679
44680
44681
44682
44683
44684
44715
44716
44717
44718
44719
44720
44751
44752
44753
44754
44755
44756
44787
44788
44789
44790
44791
44792
44823
44824
44825
44826
44827
44828
44859
44860
44861
44862
44863
44864
44896
44897
44898
44899
44900
44932
44933
44934
44935
44936
44968
44969
44970
44971
44972
45004
45005
45006
45007
45008
45040
45041
45042
45043
45044
45076
45077
45078
45079
45080
45112
45113
45114
45115
45116
45117
45148
45149
45150
45151
45152
45153
45184
45185
45186
45187
45188
45189
45220
45221
45222
45223
45224
45225
45256
45257
45258
45259
45260
45261
45292
45293
45294
45295
45296
45297
45328
45329
45330
45331
45332
45333
45364
45365
45366
45367
45368
45369
45399
45400
45401
45402
45403
45404
45435
45436
45437
45438
45439
45440
45471
45472
45473
45474
45475
45476
45507
45508
45509
45510
45511
45512
45543
45544
45545
45546
45547
45548
45579
45580
45581
45582
45583
45584
45615
45616
45617
45618
45619
45620
45651
45652
45653
45654
45655
45656
45687
45688
45689
45690
45691
45692
45723
45724
45725
45726
45727
45728
45759
45760
45761
45762
45763
45764
45795
45796
45797
45798
45799
45800
45831
45832
45833
45834
45835
45836
45867
45868
45869
45870
45871
45872
45903
45904
45905
45906
45907
45908
45939
45940
45941
45942
45943
45944
45975
45976
45977
45978
45979
45980
46011
46012
46013
46014
46015
46016
46047
46048
46049
46050
46051
46052
46083
46084
46085
46086
46087
46088
46119
46120
46121
46122
46123
46124
46155
46156
46157
46158
46159
46160
46191
46192
46193
46194
46195
46196
46227
46228
46229
46230
46231
46232
46263
46264
46265
46266
46267
46268
46299
46300
46301
46302
46303
46304
46335
46336
46337
46338
46339
46340
46371
46372
46373
46374
46375
46376
46407
46408
46409
46410
46411
46412
46444
46445
46446
46447
46448
46480
46481
46482
46483
46484
46516
46517
46518
46519
46520
46552
46553
46554
46555
46556
46588
46589
46590
46591
46592
46624
46625
46626
46627
46628
46660
46661
46662
46663
46664
46665
46696
46697
46698
46699
46700
46701
46732
46733
46734
46735
46736
46737
46768
46769
46770
46771
46772
46773
46804
46805
46806
46807
46808
46809
46840
46841
46842
46843
46844
46845
46876
46877
46878
46879
46880
46881
46911
46912
46913
46914
46915
46916
46947
46948
46949
46950
46951
46952
46983
46984
46985
46986
46987
46988
47019
47020
47021
47022
47023
47024
47055
47056
47057
47058
47059
47060
47091
47092
47093
47094
47095
47096
47127
47128
47129
47130
47131
47132
47163
47164
47165
47166
47167
47168
47199
47200
47201
47202
47203
47204
47235
47236
47237
47238
47239
47240
47271
47272
47273
47274
47275
47276
47307
47308
47309
47310
47311
47312
47343
47344
47345
47346
47347
47348
47379
47380
47381
47382
47383
47384
47415
47416
47417
47418
47419
47420
47451
47452
47453
47454
47455
47456
47487
47488
47489
47490
47491
47492
47523
47524
47525
47526
47527
47528
47559
47560
47561
47562
47563
47564
47595
47596
47597
47598
47599
47600
47631
47632
47633
47634
47635
47636
47667
47668
47669
47670
47671
47672
47703
47704
47705
47706
47707
47708
47739
47740
47741
47742
47743
47744
47775
47776
47777
47778
47779
47780
47811
47812
47813
47814
47815
47816
47847
47848
47849
47850
47851
47852
47883
47884
47885
47886
47887
47888
47919
47920
47921
47922
47923
47924
47955
47956
47957
47958
47959
47960
47992
47993
47994
47995
47996
48028
48029
48030
48031
48032
48064
48065
48066
48067
48068
48100
48101
48102
48103
48104
48136
48137
48138
48139
48140
48172
48173
48174
48175
48176
48208
48209
48210
48211
48212
48213
48244
48245
48246
48247
48248
48249
48280
48281
48282
48283
48284
48285
48316
48317
48318
48319
48320
48321
48352
48353
48354
48355
48356
48357
48388
48389
48390
48391
48392
48393
48423
48424
48425
48426
48427
48428
48459
48460
48461
48462
48463
48464
48495
48496
48497
48498
48499
48500
48531
48532
48533
48534
48535
48536
48567
48568
48569
48570
48571
48572
48603
48604
48605
48606
48607
48608
48639
48640
48641
48642
48643
48644
48675
48676
48677
48678
48679
48680
48711
48712
48713
48714
48715
48716
48747
48748
48749
48750
48751
48752
48783
48784
48785
48786
48787
48788
48819
48820
48821
48822
48823
48824
48855
48856
48857
48858
48859
48860
48891
48892
48893
48894
48895
48896
48927
48928
48929
48930
48931
48932
48963
48964
48965
48966
48967
48968
48999
49000
49001
49002
49003
49004
49035
49036
49037
49038
49039
49040
49071
49072
49073
49074
49075
49076
49107
49108
49109
49110
49111
49112
49143
49144
49145
49146
49147
49148
49179
49180
49181
49182
49183
49184
49215
49216
49217
49218
49219
49220
49251
49252
49253
49254
49255
49256
49287
49288
49289
49290
49291
49292
49323
49324
49325
49326
49327
49328
49359
49360
49361
49362
49363
49364
49395
49396
49397
49398
49399
49400
49431
49432
49433
49434
49435
49436
49467
49468
49469
49470
49471
49472
49503
49504
49505
49506
49507
49508
49539
49540
49541
49542
49543
49544
49576
49577
49578
49579
49580
49612
49613
49614
49615
49616
49648
49649
49650
49651
49652
49684
49685
49686
49687
49688
49720
49721
49722
49723
49724
49756
49757
49758
49759
49760
49761
49792
49793
49794
49795
49796
49797
49828
49829
49830
49831
49832
49833
49864
49865
49866
49867
49868
49869
49900
49901
49902
49903
49904
49905
49935
49936
49937
49938
49939
49940
49971
49972
49973
49974
49975
49976
50007
50008
50009
50010
50011
50012
50043
50044
50045
50046
50047
50048
50079
50080
50081
50082
50083
50084
50115
50116
50117
50118
50119
50120
50151
50152
50153
50154
50155
50156
50187
50188
50189
50190
50191
50192
50223
50224
50225
50226
50227
50228
50259
50260
50261
50262
50263
50264
50295
50296
50297
50298
50299
50300
50331
50332
50333
50334
50335
50336
50367
50368
50369
50370
50371
50372
50403
50404
50405
50406
50407
50408
50439
50440
50441
50442
50443
50444
50475
50476
50477
50478
50479
50480
50511
50512
50513
50514
50515
50516
50547
50548
50549
50550
50551
50552
50583
50584
50585
50586
50587
50588
50619
50620
50621
50622
50623
50624
50655
50656
50657
50658
50659
50660
50691
50692
50693
50694
50695
50696
50727
50728
50729
50730
50731
50732
50763
50764
50765
50766
50767
50768
50799
50800
50801
50802
50803
50804
50835
50836
50837
50838
50839
50840
50871
50872
50873
50874
50875
50876
50907
50908
50909
50910
50911
50912
50943
50944
50945
50946
50947
50948
50979
50980
50981
50982
50983
50984
51015
51016
51017
51018
51019
51020
51051
51052
51053
51054
51055
51056
51087
51088
51089
51090
51091
51092
51124
51125
51126
51127
51128
51160
51161
51162
51163
51164
51196
51197
51198
51199
51200
51232
51233
51234
51235
51236
51268
51269
51270
51271
51272
51304
51305
51306
51307
51308
51309
51340
51341
51342
51343
51344
51345
51376
51377
51378
51379
51380
51381
51412
51413
51414
51415
51416
51417
51447
51448
51449
51450
51451
51452
51483
51484
51485
51486
51487
51488
51519
51520
51521
51522
51523
51524
51555
51556
51557
51558
51559
51560
51591
51592
51593
51594
51595
51596
51627
51628
51629
51630
51631
51632
51663
51664
51665
51666
51667
51668
51699
51700
51701
51702
51703
51704
51735
51736
51737
51738
51739
51740
51771
51772
51773
51774
51775
51776
51807
51808
51809
51810
51811
51812
51843
51844
51845
51846
51847
51848
51879
51880
51881
51882
51883
51884
51915
51916
51917
51918
51919
51920
51951
51952
51953
51954
51955
51956
51987
51988
51989
51990
51991
51992
52023
52024
52025
52026
52027
52028
52059
52060
52061
52062
52063
52064
52095
52096
52097
52098
52099
52100
52131
52132
52133
52134
52135
52136
52167
52168
52169
52170
52171
52172
52203
52204
52205
52206
52207
52208
52239
52240
52241
52242
52243
52244
52275
52276
52277
52278
52279
52280
52311
52312
52313
52314
52315
52316
52347
52348
52349
52350
52351
52352
52383
52384
52385
52386
52387
52388
52419
52420
52421
52422
52423
52424
52455
52456
52457
52458
52459
52460
52491
52492
52493
52494
52495
52496
52527
52528
52529
52530
52531
52532
52563
52564
52565
52566
52567
52568
52599
52600
52601
52602
52603
52604
52635
52636
52637
52638
52639
52640
52672
52673
52674
52675
52676
52708
52709
52710
52711
52712
52744
52745
52746
52747
52748
52780
52781
52782
52783
52784
52816
52817
52818
52819
52820
52852
52853
52854
52855
52856
52857
52888
52889
52890
52891
52892
52893
52924
52925
52926
52927
52928
52929
52959
52960
52961
52962
52963
52964
52995
52996
52997
52998
52999
53000
53031
53032
53033
53034
53035
53036
53067
53068
53069
53070
53071
53072
53103
53104
53105
53106
53107
53108
53139
53140
53141
53142
53143
53144
53175
53176
53177
53178
53179
53180
53211
53212
53213
53214
53215
53216
53247
53248
53249
53250
53251
53252
53283
53284
53285
53286
53287
53288
53319
53320
53321
53322
53323
53324
53355
53356
53357
53358
53359
53360
53391
53392
53393
53394
53395
53396
53427
53428
53429
53430
53431
53432
53463
53464
53465
53466
53467
53468
53499
53500
53501
53502
53503
53504
53535
53536
53537
53538
53539
53540
53571
53572
53573
53574
53575
53576
53607
53608
53609
53610
53611
53612
53643
53644
53645
53646
53647
53648
53679
53680
53681
53682
53683
53684
53715
53716
53717
53718
53719
53720
53751
53752
53753
53754
53755
53756
53787
53788
53789
53790
53791
53792
53823
53824
53825
53826
53827
53828
53859
53860
53861
53862
53863
53864
53895
53896
53897
53898
53899
53900
53931
53932
53933
53934
53935
53936
53967
53968
53969
53970
53971
53972
54003
54004
54005
54006
54007
54008
54039
54040
54041
54042
54043
54044
54075
54076
54077
54078
54079
54080
54111
54112
54113
54114
54115
54116
54147
54148
54149
54150
54151
54152
54184
54185
54186
54187
54188
54220
54221
54222
54223
54224
54256
54257
54258
54259
54260
54292
54293
54294
54295
54296
54328
54329
54330
54331
54332
54364
54365
54366
54367
54368
54400
54401
54402
54403
54404
54405
54436
54437
54438
54439
54440
54441
54467
54468
54469
54488
54490
54492
54494
54496
54498
54500
54502
54503
54504
54505
)


// ************************************************************************* //
