/*--------------------------------*- C++ -*----------------------------------*\
| =========                 |                                                 |
| \\      /  F ield         | OpenFOAM: The Open Source CFD Toolbox           |
|  \\    /   O peration     | Version:  2.3.1                                 |
|   \\  /    A nd           | Web:      www.OpenFOAM.org                      |
|    \\/     M anipulation  |                                                 |
\*---------------------------------------------------------------------------*/
FoamFile
{
    version     2.0;
    format      ascii;
    class       volScalarField;
    location    "600";
    object      T;
}
// * * * * * * * * * * * * * * * * * * * * * * * * * * * * * * * * * * * * * //

dimensions      [0 0 0 1 0 0 0];

internalField   nonuniform List<scalar> 
6852
(
289.15
289.15
289.15
289.15
289.15
289.15
289.15
289.15
289.15
289.15
289.15
289.15
289.15
289.15
289.15
289.15
289.15
289.15
289.15
289.15
289.15
289.15
289.15
289.15
289.15
289.15
289.15
289.15
289.15
289.15
289.15
289.15
289.15
289.15
289.15
289.15
289.15
289.15
289.15
289.15
289.15
289.15
289.15
289.15
289.15
289.15
289.15
289.15
289.15
289.15
289.15
289.15
289.15
289.15
289.15
289.15
289.15
289.15
289.15
289.15
289.15
289.15
289.15
289.15
289.15
289.15
289.15
289.15
289.15
289.15
289.15
289.15
289.15
289.15
289.15
289.15
289.15
289.15
289.15
289.15
289.15
289.15
289.15
289.15
289.15
289.15
289.15
289.15
289.15
289.15
289.15
289.15
289.15
289.15
289.15
289.15
289.15
289.15
289.15
289.15
289.15
289.15
289.15
289.15
289.15
289.15
289.15
289.15
289.15
289.15
289.15
289.15
289.15
289.15
289.15
289.15
289.15
289.15
289.15
289.15
289.15
289.15
289.15
289.15
289.15
289.15
289.15
289.15
289.15
289.15
289.15
289.15
289.15
289.15
289.15
289.15
289.15
289.15
289.15
289.15
289.15
289.15
289.15
289.15
289.15
289.15
289.15
289.15
289.15
289.15
289.15
289.15
289.15
289.15
289.15
289.15
289.15
289.15
289.15
289.15
289.15
289.15
289.15
289.15
289.15
289.15
289.15
289.15
289.15
289.15
289.15
289.15
289.15
289.15
289.15
289.15
289.15
289.15
289.15
289.15
289.15
289.15
289.15
289.15
289.15
289.15
289.15
289.15
289.15
289.15
289.15
289.15
289.15
289.15
289.15
289.15
289.15
289.15
289.15
289.15
289.15
289.15
289.15
289.15
289.15
289.15
289.15
289.15
289.15
289.15
289.15
289.15
289.15
289.15
289.15
289.15
289.15
289.15
289.15
289.15
289.15
289.15
289.15
289.15
289.15
289.15
289.15
289.15
289.15
289.15
289.15
289.15
289.15
289.15
289.15
289.15
289.15
289.15
289.15
289.15
289.15
289.15
289.15
289.15
289.15
289.15
289.15
289.15
289.15
289.15
289.15
289.15
289.15
289.15
289.15
289.15
289.15
289.15
289.15
289.15
289.15
289.15
289.15
289.15
289.15
289.15
289.15
289.15
289.15
289.15
289.15
289.15
289.15
289.15
289.15
289.15
289.15
289.15
289.15
289.15
289.15
289.15
289.15
289.15
289.15
289.15
289.15
289.15
289.15
289.15
289.15
289.15
289.15
289.15
289.15
289.15
289.15
289.15
289.15
289.15
289.15
289.15
289.15
289.15
289.15
289.15
289.15
289.15
289.15
289.15
289.15
289.15
289.15
289.15
289.15
289.15
289.15
289.15
289.15
289.15
289.15
289.15
289.15
289.15
289.15
289.15
289.15
289.15
289.15
289.15
289.15
289.15
289.15
289.15
289.15
289.15
289.15
289.15
289.15
289.15
289.15
289.15
289.15
289.15
289.15
289.15
289.15
289.15
289.15
289.15
289.15
289.15
289.15
289.15
289.15
289.15
289.15
289.15
289.15
289.15
289.15
289.15
289.15
289.15
289.15
289.15
289.15
289.15
289.15
289.15
289.15
289.15
289.15
289.15
289.15
289.15
289.15
289.15
289.15
289.15
289.15
289.15
289.15
289.15
289.15
289.15
289.15
289.15
289.15
289.15
289.15
289.15
289.15
289.15
289.15
289.15
289.15
289.15
289.15
289.15
289.15
289.15
289.15
289.15
289.15
289.15
289.15
289.15
289.15
289.15
289.15
289.15
289.15
289.15
289.15
289.15
289.15
289.15
289.15
289.15
289.15
289.15
289.15
289.15
289.15
289.15
289.15
289.15
289.15
289.15
289.15
289.15
289.15
289.15
289.15
289.15
289.15
289.15
289.15
289.15
289.15
289.15
289.15
289.15
289.15
289.15
289.15
289.15
289.15
289.15
289.15
289.15
289.15
289.15
289.15
289.15
289.15
289.15
289.15
289.15
289.15
289.15
289.15
289.15
289.15
289.15
289.15
289.15
289.15
289.15
289.15
289.15
289.15
289.15
289.15
289.15
289.15
289.15
289.15
289.15
289.15
289.15
289.15
289.15
289.15
289.15
289.15
289.15
289.15
289.15
289.15
289.15
289.15
289.15
289.15
289.15
289.15
289.15
289.15
289.15
289.15
289.15
289.15
289.15
289.15
289.15
289.15
289.15
289.15
289.15
289.15
289.15
289.15
289.15
289.15
289.15
289.15
289.15
289.15
289.15
289.15
289.15
289.15
289.15
289.15
289.15
289.15
289.15
289.15
289.15
289.15
289.15
289.15
289.15
289.15
289.15
289.15
289.15
289.15
289.15
289.15
289.15
289.15
289.15
289.15
289.15
289.15
289.15
289.15
289.15
289.15
289.15
289.15
289.15
289.15
289.15
289.15
289.15
289.15
289.15
289.15
289.15
289.15
289.15
289.15
289.15
289.15
289.15
289.15
289.15
289.15
289.15
289.15
289.15
289.15
289.15
289.15
289.15
289.15
289.15
289.15
289.15
289.15
289.15
289.15
289.15
289.15
289.15
289.15
289.15
289.15
289.15
289.15
289.15
289.15
289.15
289.15
289.15
289.15
289.15
289.15
289.15
289.15
289.15
289.15
289.15
289.15
289.15
289.15
289.15
289.15
289.15
289.15
289.15
289.15
289.15
289.15
289.15
289.15
289.15
289.15
289.15
289.15
289.15
289.15
289.15
289.15
289.15
289.15
289.15
289.15
289.15
289.15
289.15
289.15
289.15
289.15
289.15
289.15
289.15
289.15
289.15
289.15
289.15
289.15
289.15
289.15
289.15
289.15
289.15
289.15
289.15
289.15
289.15
289.15
289.15
289.15
289.15
289.15
289.15
289.15
289.15
289.15
289.15
289.15
289.15
289.15
289.15
289.15
289.15
289.15
289.15
289.15
289.15
289.15
289.15
289.15
289.15
289.15
289.15
289.15
289.15
289.15
289.15
289.15
289.15
289.15
289.15
289.15
289.15
289.15
289.15
289.15
289.15
289.15
289.15
289.15
289.15
289.15
289.15
289.15
289.15
289.15
289.15
289.15
289.15
289.15
289.15
289.15
289.15
289.15
289.15
289.15
289.15
289.15
289.15
289.15
289.15
289.15
289.15
289.15
289.15
289.15
289.15
289.15
289.15
289.15
289.15
289.15
289.15
289.15
289.15
289.15
289.15
289.15
289.15
289.15
289.15
289.15
289.15
289.15
289.15
289.15
289.15
289.15
289.15
289.15
289.15
289.15
289.15
289.15
289.15
289.15
289.15
289.15
289.15
289.15
289.15
289.15
289.15
289.15
289.15
289.15
289.15
289.15
289.15
289.15
289.15
289.15
289.15
289.15
289.15
289.15
289.15
289.15
289.15
289.15
289.15
289.15
289.15
289.15
289.15
289.15
289.15
289.15
289.15
289.15
289.15
289.15
289.15
289.15
289.15
289.15
289.15
289.15
289.15
289.15
289.15
289.15
289.15
289.15
289.15
289.15
289.15
289.15
289.15
289.15
289.15
289.15
289.15
289.15
289.15
289.15
289.15
289.15
289.15
289.15
289.15
289.15
289.15
289.15
289.15
289.15
289.15
289.15
289.15
289.15
289.15
289.15
289.15
289.15
289.15
289.15
289.15
289.15
289.15
289.15
289.15
289.15
289.15
289.15
289.15
289.15
289.15
289.15
289.15
289.15
289.15
289.15
289.15
289.15
289.15
289.15
289.15
289.15
289.15
289.15
289.15
289.15
289.15
289.15
289.15
289.15
289.15
289.15
289.15
289.15
289.15
289.15
289.15
289.15
289.15
289.15
289.15
289.15
289.15
289.15
289.15
289.15
289.15
289.15
289.15
289.15
289.15
289.15
289.15
289.15
289.15
289.15
289.15
289.15
289.15
289.15
289.15
289.15
289.15
289.15
289.15
289.15
289.15
289.15
289.15
289.15
289.15
289.15
289.15
289.15
289.15
289.15
289.15
289.15
289.15
289.15
289.15
289.15
289.15
289.15
289.15
289.15
289.15
289.15
289.15
289.15
289.15
289.15
289.15
289.15
289.15
289.15
289.15
289.15
289.15
289.15
289.15
289.15
289.15
289.15
289.15
289.15
289.15
289.15
289.15
289.15
289.15
289.15
289.15
289.15
289.15
289.15
289.15
289.15
289.15
289.15
289.15
289.15
289.15
289.15
289.15
289.15
289.15
289.15
289.15
289.15
289.15
289.15
289.15
289.15
289.15
289.15
289.15
289.15
289.15
289.15
289.15
289.15
289.15
289.15
289.15
289.15
289.15
289.15
289.15
289.15
289.15
289.15
289.15
289.15
289.15
289.15
289.15
289.15
289.15
289.15
289.15
289.15
289.15
289.15
289.15
289.15
289.15
289.15
289.15
289.15
289.15
289.15
289.15
289.15
289.15
289.15
289.15
289.15
289.15
289.15
289.15
289.15
289.15
289.15
289.15
289.15
289.15
289.15
289.15
289.15
289.15
289.15
289.15
289.15
289.15
289.15
289.15
289.15
289.15
289.15
289.15
289.15
289.15
289.15
289.15
289.15
289.15
289.15
289.15
289.15
289.15
289.15
289.15
289.15
289.15
289.15
289.15
289.15
289.15
289.15
289.15
289.15
289.15
289.15
289.15
289.15
289.15
289.15
289.15
289.15
289.15
289.15
289.15
289.15
289.15
289.15
289.15
289.15
289.15
289.15
289.15
289.15
289.15
289.15
289.15
289.15
289.15
289.15
289.15
289.15
289.15
289.15
289.15
289.15
289.15
289.15
289.15
289.15
289.15
289.15
289.15
289.15
289.15
289.15
289.15
289.15
289.15
289.15
289.15
289.15
289.15
289.15
289.15
289.15
289.15
289.15
289.15
289.15
289.15
289.15
289.15
289.15
289.15
289.15
289.15
289.15
289.15
289.15
289.15
289.15
289.15
289.15
289.15
289.15
289.15
289.15
289.15
289.15
289.15
289.15
289.15
289.15
289.15
289.15
289.15
289.15
289.15
289.15
289.15
289.15
289.15
289.15
289.15
289.15
289.15
289.15
289.15
289.15
289.15
289.15
289.15
289.15
289.15
289.15
289.15
289.15
289.15
289.15
289.15
289.15
289.15
289.15
289.15
289.15
289.15
289.15
289.15
289.15
289.15
289.15
289.15
289.15
289.15
289.15
289.15
289.15
289.15
289.15
289.15
289.15
289.15
289.15
289.15
289.15
289.15
289.15
289.15
289.15
289.15
289.15
289.15
289.15
289.15
289.15
289.15
289.15
289.15
289.15
289.15
289.15
289.15
289.15
289.15
289.15
289.15
289.15
289.15
289.15
290.204
290.177
290.143
290.121
290.112
290.209
290.186
290.129
290.106
290.1
290.199
290.159
290.1
290.088
290.089
290.078
290.079
290.083
290.069
290.074
290.079
290.063
290.068
290.074
290.057
290.061
290.067
290.05
290.053
290.058
290.043
290.044
290.048
290.034
290.035
290.038
290.026
290.026
290.029
290.004
290.014
290.016
290.02
289.992
290
290.005
290.01
289.977
289.986
289.993
290
289.963
289.973
289.981
289.99
289.95
289.96
289.97
289.979
289.991
289.939
289.948
289.958
289.969
289.982
289.928
289.937
289.947
289.959
289.972
289.917
289.926
289.936
289.949
289.963
289.907
289.915
289.925
289.938
289.953
289.896
289.904
289.914
289.928
289.944
289.885
289.892
289.903
289.918
289.934
289.874
289.881
289.893
289.907
289.924
289.863
289.87
289.882
289.897
289.915
289.851
289.859
289.871
289.887
289.905
289.841
289.849
289.861
289.878
289.896
289.831
289.839
289.852
289.869
289.888
289.821
289.83
289.843
289.861
289.88
289.814
289.822
289.836
289.853
289.873
289.807
289.816
289.829
289.847
289.867
289.802
289.81
289.823
289.841
289.861
289.799
289.805
289.817
289.835
289.856
289.795
289.801
289.811
289.828
289.85
289.79
289.795
289.803
289.817
289.84
289.782
289.785
289.791
289.803
289.825
289.771
289.771
289.775
289.785
289.805
289.757
289.755
289.758
289.768
289.788
289.746
289.745
289.749
289.759
289.778
289.742
289.744
289.75
289.76
289.779
289.744
289.748
289.756
289.767
289.784
289.748
289.755
289.763
289.775
289.79
290.213
290.202
290.181
290.155
290.135
290.215
290.208
290.186
290.158
290.136
290.211
290.194
290.141
290.117
290.109
290.087
290.093
290.097
290.077
290.086
290.091
290.069
290.077
290.082
290.061
290.066
290.071
290.052
290.055
290.059
290.043
290.043
290.047
290.033
290.032
290.036
290.022
290.021
290.024
289.994
290.007
290.008
290.013
289.979
289.99
289.994
290
289.964
289.973
289.98
289.988
289.948
289.957
289.965
289.976
289.934
289.942
289.952
289.964
289.919
289.928
289.939
289.953
289.971
289.906
289.914
289.926
289.941
289.961
289.893
289.901
289.913
289.93
289.95
289.88
289.888
289.901
289.919
289.94
289.867
289.875
289.889
289.908
289.93
289.854
289.862
289.877
289.897
289.92
289.841
289.849
289.865
289.886
289.91
289.828
289.837
289.853
289.875
289.901
289.815
289.825
289.842
289.865
289.891
289.804
289.815
289.832
289.856
289.883
289.795
289.805
289.823
289.847
289.875
289.787
289.797
289.815
289.84
289.868
289.78
289.791
289.808
289.833
289.862
289.775
289.786
289.802
289.827
289.856
289.771
289.781
289.797
289.819
289.85
289.767
289.776
289.791
289.811
289.841
289.762
289.769
289.782
289.801
289.829
289.754
289.758
289.768
289.785
289.812
289.74
289.741
289.748
289.762
289.788
289.722
289.719
289.723
289.736
289.762
289.704
289.699
289.702
289.714
289.739
289.694
289.691
289.694
289.707
289.732
289.698
289.699
289.705
289.719
289.743
289.711
289.716
289.725
289.739
289.761
289.731
289.737
289.747
289.76
289.778
290.218
290.213
290.202
290.183
290.163
290.218
290.216
290.207
290.191
290.172
290.217
290.209
290.178
290.154
290.139
290.106
290.111
290.115
290.091
290.098
290.103
290.077
290.083
290.088
290.064
290.067
290.073
290.053
290.054
290.058
290.042
290.041
290.044
290.03
290.028
290.03
290.016
290.013
290.017
289.983
289.998
289.998
290.002
289.968
289.978
289.981
289.988
289.95
289.958
289.964
289.974
289.932
289.939
289.947
289.96
289.914
289.921
289.931
289.946
289.897
289.904
289.916
289.933
289.881
289.888
289.901
289.921
289.947
289.865
289.873
289.887
289.908
289.936
289.85
289.858
289.873
289.896
289.925
289.835
289.843
289.86
289.884
289.915
289.82
289.828
289.847
289.872
289.905
289.805
289.814
289.834
289.861
289.895
289.791
289.802
289.821
289.85
289.885
289.778
289.79
289.81
289.84
289.876
289.767
289.779
289.8
289.831
289.868
289.757
289.77
289.791
289.822
289.861
289.749
289.763
289.784
289.814
289.853
289.743
289.757
289.777
289.806
289.844
289.738
289.751
289.771
289.799
289.835
289.733
289.744
289.763
289.789
289.824
289.726
289.736
289.751
289.776
289.81
289.716
289.722
289.735
289.757
289.79
289.7
289.703
289.712
289.73
289.761
289.679
289.677
289.682
289.697
289.726
289.653
289.648
289.65
289.663
289.691
289.632
289.625
289.627
289.638
289.665
289.626
289.621
289.623
289.636
289.661
289.641
289.642
289.648
289.662
289.688
289.672
289.677
289.687
289.703
289.728
289.708
289.716
289.727
289.742
289.763
290.221
290.219
290.212
290.2
290.184
290.222
290.221
290.216
290.207
290.194
290.221
290.217
290.2
290.183
290.168
290.129
290.134
290.136
290.101
290.108
290.113
290.08
290.085
290.091
290.065
290.066
290.072
290.052
290.051
290.055
290.04
290.037
290.039
290.027
290.022
290.023
290.011
290.005
290.006
289.975
289.99
289.987
289.99
289.957
289.966
289.967
289.973
289.936
289.942
289.947
289.956
289.914
289.92
289.927
289.94
289.893
289.899
289.908
289.924
289.873
289.879
289.89
289.909
289.854
289.86
289.874
289.895
289.835
289.843
289.858
289.882
289.917
289.818
289.826
289.842
289.869
289.907
289.801
289.81
289.828
289.856
289.896
289.784
289.794
289.813
289.843
289.886
289.768
289.779
289.8
289.831
289.875
289.753
289.765
289.788
289.82
289.865
289.739
289.753
289.776
289.81
289.855
289.727
289.742
289.765
289.8
289.845
289.717
289.732
289.756
289.79
289.835
289.708
289.723
289.747
289.781
289.826
289.7
289.714
289.737
289.77
289.814
289.692
289.705
289.726
289.757
289.8
289.683
289.694
289.712
289.741
289.782
289.671
289.679
289.693
289.718
289.757
289.655
289.658
289.668
289.689
289.724
289.633
289.632
289.638
289.654
289.685
289.606
289.601
289.604
289.617
289.643
289.579
289.572
289.573
289.583
289.606
289.559
289.552
289.552
289.561
289.583
289.559
289.554
289.555
289.564
289.585
289.588
289.587
289.591
289.603
289.626
289.637
289.642
289.651
289.667
289.69
289.689
289.698
289.709
289.725
289.747
290.225
290.223
290.219
290.211
290.199
290.227
290.225
290.222
290.216
290.208
290.225
290.222
290.211
290.199
290.188
290.152
290.154
290.152
290.106
290.112
290.118
290.08
290.083
290.09
290.064
290.064
290.068
290.051
290.048
290.049
290.039
290.032
290.031
290.024
290.016
290.014
290.006
289.997
289.995
289.958
289.968
289.981
289.976
289.976
289.947
289.954
289.953
289.957
289.922
289.926
289.929
289.937
289.896
289.9
289.905
289.918
289.871
289.875
289.884
289.9
289.847
289.852
289.863
289.883
289.825
289.831
289.845
289.868
289.804
289.811
289.827
289.853
289.785
289.793
289.81
289.838
289.879
289.766
289.775
289.794
289.824
289.867
289.748
289.758
289.779
289.811
289.856
289.73
289.742
289.764
289.797
289.844
289.714
289.727
289.75
289.784
289.833
289.699
289.712
289.736
289.772
289.821
289.685
289.699
289.723
289.759
289.809
289.672
289.686
289.71
289.746
289.796
289.66
289.673
289.696
289.731
289.78
289.648
289.661
289.682
289.714
289.762
289.637
289.647
289.665
289.695
289.739
289.623
289.63
289.645
289.671
289.711
289.607
289.611
289.621
289.642
289.677
289.588
289.587
289.594
289.61
289.639
289.565
289.561
289.564
289.576
289.6
289.54
289.535
289.536
289.544
289.563
289.519
289.513
289.512
289.518
289.534
289.505
289.5
289.499
289.504
289.517
289.511
289.507
289.506
289.51
289.523
289.548
289.546
289.548
289.555
289.569
289.611
289.616
289.624
289.637
289.656
289.676
289.685
289.697
289.713
289.732
290.229
290.227
290.224
290.218
290.21
290.232
290.23
290.227
290.223
290.217
290.229
290.227
290.219
290.209
290.199
290.167
290.16
290.157
290.105
290.11
290.115
290.077
290.08
290.085
290.062
290.06
290.061
290.051
290.044
290.042
290.038
290.028
290.023
290.022
290.01
290.004
290.002
289.99
289.984
289.955
289.964
289.974
289.966
289.962
289.934
289.938
289.942
289.938
289.939
289.908
289.91
289.91
289.916
289.878
289.879
289.883
289.893
289.849
289.851
289.857
289.872
289.822
289.825
289.835
289.853
289.797
289.802
289.814
289.836
289.774
289.78
289.794
289.819
289.753
289.76
289.776
289.802
289.733
289.741
289.758
289.786
289.829
289.713
289.722
289.74
289.77
289.816
289.694
289.704
289.723
289.755
289.802
289.676
289.686
289.706
289.738
289.787
289.658
289.669
289.689
289.722
289.771
289.641
289.652
289.672
289.704
289.753
289.626
289.636
289.655
289.686
289.734
289.611
289.62
289.637
289.667
289.712
289.596
289.604
289.619
289.645
289.687
289.582
289.587
289.599
289.621
289.658
289.567
289.569
289.578
289.596
289.627
289.55
289.55
289.556
289.569
289.594
289.533
289.531
289.533
289.542
289.561
289.515
289.511
289.511
289.517
289.531
289.498
289.493
289.492
289.496
289.506
289.483
289.479
289.478
289.48
289.487
289.477
289.472
289.47
289.471
289.476
289.486
289.481
289.478
289.477
289.481
289.525
289.522
289.519
289.519
289.524
289.598
289.602
289.607
289.615
289.627
289.669
289.678
289.69
289.703
289.719
290.234
290.232
290.228
290.224
290.217
290.238
290.235
290.232
290.228
290.223
290.234
290.231
290.223
290.212
290.202
290.162
290.153
290.151
290.1
290.103
290.107
290.074
290.074
290.077
290.061
290.056
290.054
290.051
290.041
290.035
290.038
290.025
290.016
290.021
290.006
289.995
289.999
289.983
289.973
289.953
289.96
289.968
289.956
289.948
289.929
289.931
289.931
289.924
289.921
289.897
289.896
289.895
289.892
289.893
289.861
289.859
289.86
289.867
289.828
289.828
289.831
289.843
289.798
289.799
289.806
289.821
289.772
289.774
289.783
289.8
289.748
289.751
289.761
289.781
289.725
289.729
289.741
289.762
289.703
289.708
289.72
289.743
289.682
289.687
289.7
289.724
289.764
289.661
289.667
289.68
289.705
289.746
289.641
289.647
289.661
289.686
289.727
289.622
289.628
289.641
289.665
289.706
289.604
289.609
289.621
289.644
289.684
289.587
289.591
289.602
289.624
289.661
289.571
289.574
289.583
289.602
289.636
289.555
289.557
289.565
289.58
289.609
289.541
289.542
289.547
289.559
289.582
289.527
289.526
289.529
289.538
289.556
289.514
289.512
289.513
289.518
289.531
289.501
289.498
289.497
289.5
289.509
289.489
289.485
289.484
289.485
289.49
289.477
289.474
289.472
289.472
289.475
289.469
289.465
289.463
289.462
289.463
289.466
289.462
289.459
289.456
289.456
289.477
289.472
289.466
289.461
289.458
289.515
289.508
289.5
289.492
289.488
289.593
289.593
289.592
289.59
289.589
289.667
289.675
289.683
289.692
289.702
290.239
290.236
290.233
290.228
290.223
290.244
290.241
290.237
290.232
290.227
290.239
290.236
290.225
290.21
290.198
290.148
290.14
290.139
290.093
290.094
290.097
290.072
290.069
290.068
290.061
290.053
290.047
290.052
290.039
290.028
290.04
290.023
290.009
290.022
290.004
289.988
289.998
289.979
289.963
289.953
289.959
289.964
289.948
289.935
289.925
289.925
289.923
289.912
289.904
289.889
289.886
289.882
289.875
289.872
289.853
289.847
289.843
289.84
289.842
289.812
289.809
289.809
289.815
289.78
289.778
289.781
289.79
289.752
289.752
289.756
289.767
289.727
289.727
289.732
289.744
289.704
289.704
289.71
289.723
289.681
289.682
289.688
289.702
289.659
289.66
289.666
289.68
289.638
289.639
289.645
289.659
289.687
289.618
289.618
289.623
289.637
289.665
289.598
289.598
289.603
289.616
289.642
289.58
289.579
289.583
289.594
289.619
289.563
289.562
289.564
289.574
289.596
289.547
289.546
289.547
289.555
289.573
289.533
289.531
289.531
289.537
289.551
289.52
289.517
289.517
289.52
289.53
289.508
289.505
289.504
289.505
289.512
289.498
289.495
289.493
289.493
289.496
289.488
289.485
289.483
289.482
289.483
289.479
289.476
289.474
289.472
289.472
289.471
289.468
289.466
289.464
289.462
289.465
289.463
289.46
289.457
289.454
289.466
289.462
289.457
289.452
289.448
289.48
289.472
289.463
289.454
289.448
289.515
289.504
289.491
289.477
289.466
289.585
289.576
289.562
289.546
289.531
289.662
289.666
289.67
289.674
289.677
290.244
290.24
290.236
290.232
290.227
290.25
290.246
290.241
290.235
290.228
290.244
290.239
290.223
290.201
290.186
290.132
290.125
290.124
290.087
290.086
290.085
290.071
290.065
290.06
290.063
290.051
290.041
290.055
290.039
290.023
290.044
290.024
290.005
290.026
290.004
289.983
290
289.977
289.956
289.956
289.961
289.963
289.943
289.925
289.926
289.924
289.919
289.904
289.89
289.887
289.882
289.875
289.863
289.855
289.847
289.84
289.833
289.825
289.822
289.81
289.803
289.797
289.793
289.793
289.771
289.767
289.765
289.766
289.743
289.74
289.739
289.741
289.718
289.715
289.714
289.717
289.694
289.691
289.69
289.694
289.671
289.668
289.667
289.671
289.649
289.646
289.645
289.649
289.628
289.624
289.623
289.626
289.609
289.604
289.602
289.605
289.617
289.59
289.585
289.582
289.584
289.595
289.572
289.567
289.563
289.564
289.573
289.556
289.55
289.546
289.546
289.553
289.541
289.536
289.531
289.53
289.535
289.528
289.522
289.518
289.516
289.518
289.516
289.511
289.506
289.503
289.504
289.505
289.5
289.496
289.493
289.492
289.495
289.492
289.488
289.484
289.482
289.486
289.484
289.481
289.477
289.473
289.479
289.477
289.474
289.47
289.466
289.472
289.47
289.468
289.464
289.46
289.468
289.465
289.462
289.458
289.453
289.47
289.464
289.458
289.452
289.447
289.483
289.473
289.461
289.451
289.443
289.515
289.5
289.482
289.465
289.452
289.575
289.559
289.538
289.514
289.495
289.652
289.652
289.649
289.645
289.642
290.249
290.244
290.24
290.235
290.229
290.256
290.251
290.244
290.233
290.223
290.248
290.24
290.212
290.181
290.166
290.118
290.112
290.109
290.083
290.079
290.075
290.071
290.062
290.053
290.066
290.051
290.037
290.06
290.041
290.021
290.05
290.027
290.004
290.033
290.007
289.981
290.007
289.98
289.954
289.963
289.967
289.967
289.944
289.919
289.931
289.928
289.921
289.902
289.882
289.89
289.884
289.874
289.859
289.845
289.849
289.841
289.832
289.821
289.812
289.812
289.805
289.798
289.79
289.782
289.78
289.774
289.768
289.761
289.755
289.751
289.746
289.741
289.734
289.729
289.721
289.715
289.709
289.704
289.697
289.692
289.685
289.68
289.675
289.669
289.662
289.657
289.654
289.647
289.64
289.634
289.634
289.626
289.619
289.612
289.614
289.606
289.598
289.591
289.596
289.588
289.579
289.572
289.57
289.579
289.57
289.561
289.553
289.551
289.563
289.554
289.545
289.537
289.533
289.548
289.539
289.531
289.523
289.518
289.534
289.526
289.518
289.511
289.505
289.521
289.515
289.508
289.5
289.495
289.51
289.505
289.499
289.492
289.486
289.5
289.496
289.491
289.485
289.479
289.491
289.488
289.485
289.479
289.473
289.483
289.481
289.479
289.474
289.468
289.476
289.475
289.473
289.469
289.462
289.473
289.47
289.467
289.462
289.456
289.475
289.468
289.462
289.455
289.448
289.486
289.473
289.461
289.45
289.442
289.513
289.492
289.472
289.455
289.443
289.563
289.54
289.513
289.488
289.469
289.634
289.625
289.612
289.599
289.588
290.253
290.247
290.241
290.233
290.225
290.261
290.254
290.242
290.224
290.208
290.251
290.238
290.189
290.157
290.143
290.108
290.101
290.096
290.081
290.075
290.067
290.074
290.062
290.049
290.071
290.054
290.035
290.068
290.046
290.022
290.06
290.035
290.006
290.043
290.015
289.985
290.017
289.988
289.956
289.974
289.978
289.977
289.95
289.92
289.942
289.939
289.93
289.908
289.882
289.902
289.895
289.884
289.865
289.846
289.861
289.854
289.844
289.83
289.814
289.825
289.819
289.81
289.799
289.785
289.793
289.788
289.781
289.771
289.758
289.765
289.761
289.755
289.745
289.733
289.741
289.737
289.73
289.72
289.708
289.714
289.707
289.696
289.684
289.692
289.684
289.673
289.661
289.671
289.663
289.651
289.638
289.651
289.642
289.629
289.616
289.632
289.622
289.609
289.595
289.613
289.603
289.589
289.575
289.596
289.584
289.571
289.557
289.545
289.578
289.567
289.555
289.541
289.529
289.562
289.552
289.54
289.527
289.516
289.547
289.538
289.527
289.515
289.504
289.533
289.525
289.516
289.505
289.495
289.52
289.514
289.506
289.497
289.488
289.508
289.504
289.499
289.491
289.482
289.498
289.496
289.492
289.485
289.477
289.489
289.489
289.487
289.481
289.472
289.483
289.483
289.481
289.476
289.467
289.479
289.477
289.475
289.47
289.461
289.479
289.473
289.469
289.461
289.452
289.486
289.473
289.462
289.452
289.443
289.504
289.481
289.462
289.447
289.437
289.542
289.51
289.479
289.457
289.442
289.601
289.574
289.543
289.514
289.489
290.256
290.249
290.24
290.225
290.213
290.265
290.256
290.235
290.205
290.183
290.251
290.224
290.164
290.134
290.122
290.1
290.092
290.084
290.082
290.073
290.061
290.079
290.065
290.047
290.079
290.06
290.037
290.078
290.055
290.027
290.073
290.046
290.013
290.058
290.028
289.993
290.034
290.002
289.966
289.991
289.996
289.994
289.964
289.929
289.961
289.958
289.948
289.923
289.893
289.922
289.916
289.904
289.883
289.859
289.884
289.877
289.866
289.849
289.828
289.848
289.843
289.834
289.82
289.801
289.818
289.814
289.806
289.793
289.775
289.791
289.788
289.781
289.768
289.75
289.766
289.764
289.757
289.744
289.726
289.744
289.742
289.734
289.721
289.702
289.72
289.712
289.698
289.679
289.7
289.69
289.675
289.655
289.679
289.669
289.653
289.633
289.659
289.647
289.631
289.611
289.639
289.627
289.61
289.59
289.619
289.607
289.59
289.571
289.6
289.588
289.571
289.553
289.536
289.582
289.57
289.555
289.538
289.522
289.564
289.553
289.54
289.525
289.51
289.548
289.539
289.527
289.514
289.501
289.533
289.526
289.516
289.505
289.493
289.519
289.515
289.508
289.498
289.487
289.507
289.505
289.501
289.493
289.482
289.497
289.498
289.496
289.489
289.478
289.49
289.492
289.492
289.485
289.473
289.486
289.487
289.487
289.479
289.467
289.485
289.482
289.48
289.471
289.458
289.487
289.477
289.47
289.459
289.446
289.494
289.474
289.46
289.447
289.435
289.514
289.479
289.455
289.439
289.429
289.552
289.508
289.467
289.44
289.432
290.257
290.248
290.232
290.208
290.192
290.268
290.255
290.219
290.177
290.154
290.244
290.204
290.141
290.117
290.104
290.095
290.086
290.075
290.085
290.074
290.058
290.086
290.071
290.049
290.09
290.071
290.043
290.093
290.069
290.037
290.092
290.063
290.026
290.079
290.047
290.008
290.056
290.022
289.982
290.016
290.021
290.018
289.986
289.947
289.988
289.986
289.975
289.947
289.913
289.952
289.946
289.933
289.91
289.882
289.915
289.909
289.898
289.879
289.854
289.881
289.877
289.868
289.852
289.828
289.851
289.849
289.842
289.827
289.804
289.825
289.824
289.817
289.803
289.78
289.801
289.801
289.794
289.78
289.757
289.779
289.779
289.772
289.756
289.733
289.759
289.757
289.749
289.733
289.709
289.736
289.726
289.709
289.684
289.714
289.703
289.685
289.66
289.692
289.68
289.661
289.636
289.67
289.657
289.637
289.613
289.648
289.634
289.614
289.591
289.626
289.612
289.593
289.571
289.604
289.591
289.573
289.553
289.533
289.584
289.572
289.556
289.538
289.519
289.565
289.555
289.541
289.525
289.509
289.546
289.539
289.528
289.514
289.5
289.53
289.526
289.518
289.506
289.493
289.516
289.515
289.511
289.501
289.488
289.505
289.507
289.506
289.497
289.484
289.497
289.502
289.503
289.494
289.479
289.494
289.498
289.5
289.49
289.473
289.493
289.495
289.495
289.482
289.464
289.494
289.491
289.486
289.47
289.452
289.495
289.483
289.473
289.455
289.438
289.5
289.475
289.459
289.441
289.427
289.515
289.474
289.449
289.432
289.423
290.256
290.241
290.216
290.184
290.165
290.269
290.248
290.192
290.147
290.127
290.233
290.184
290.124
290.103
290.09
290.094
290.083
290.069
290.091
290.079
290.059
290.098
290.081
290.056
290.106
290.085
290.055
290.113
290.088
290.052
290.116
290.085
290.045
290.107
290.073
290.029
290.086
290.05
290.006
290.048
290.053
290.05
290.016
289.973
290.023
290.021
290.009
289.98
289.942
289.989
289.984
289.971
289.946
289.914
289.954
289.95
289.938
289.918
289.888
289.922
289.919
289.911
289.893
289.865
289.893
289.892
289.886
289.87
289.843
289.867
289.867
289.862
289.847
289.82
289.843
289.844
289.839
289.824
289.797
289.821
289.822
289.817
289.8
289.773
289.799
289.8
289.793
289.776
289.748
289.777
289.777
289.769
289.751
289.722
289.754
289.744
289.725
289.695
289.73
289.719
289.698
289.668
289.705
289.692
289.671
289.641
289.68
289.666
289.644
289.616
289.654
289.64
289.619
289.592
289.629
289.616
289.595
289.571
289.605
289.592
289.574
289.552
289.53
289.582
289.572
289.556
289.537
289.518
289.561
289.553
289.54
289.524
289.507
289.541
289.537
289.528
289.515
289.499
289.525
289.525
289.52
289.509
289.493
289.511
289.516
289.515
289.505
289.489
289.503
289.511
289.513
289.503
289.485
289.501
289.509
289.513
289.5
289.48
289.502
289.51
289.511
289.494
289.471
289.505
289.51
289.505
289.482
289.458
289.506
289.506
289.493
289.466
289.443
289.506
289.497
289.476
289.448
289.429
289.509
289.487
289.46
289.434
289.421
290.25
290.227
290.192
290.159
290.138
290.267
290.227
290.162
290.125
290.106
290.22
290.166
290.114
290.095
290.08
290.098
290.085
290.067
290.102
290.087
290.064
290.113
290.095
290.066
290.127
290.105
290.071
290.139
290.113
290.073
290.148
290.114
290.07
290.142
290.105
290.057
290.123
290.084
290.036
290.088
290.094
290.089
290.053
290.007
290.065
290.064
290.051
290.02
289.979
290.032
290.029
290.016
289.99
289.953
290
289.996
289.985
289.964
289.93
289.968
289.967
289.959
289.941
289.909
289.939
289.941
289.936
289.919
289.888
289.913
289.916
289.913
289.897
289.866
289.888
289.893
289.89
289.875
289.844
289.865
289.87
289.867
289.851
289.819
289.843
289.847
289.843
289.826
289.793
289.819
289.823
289.818
289.799
289.765
289.796
289.798
289.791
289.77
289.736
289.771
289.762
289.74
289.705
289.743
289.732
289.709
289.675
289.715
289.702
289.678
289.645
289.685
289.672
289.648
289.616
289.656
289.642
289.62
289.591
289.627
289.615
289.594
289.569
289.6
289.59
289.572
289.55
289.574
289.567
289.553
289.534
289.515
289.551
289.548
289.539
289.523
289.505
289.531
289.533
289.528
289.515
289.498
289.516
289.522
289.523
289.512
289.494
289.508
289.516
289.521
289.51
289.49
289.507
289.516
289.52
289.507
289.485
289.512
289.521
289.521
289.502
289.477
289.518
289.527
289.518
289.492
289.464
289.523
289.529
289.51
289.477
289.448
289.527
289.526
289.495
289.456
289.43
289.529
289.516
289.475
289.438
289.42
290.239
290.206
290.167
290.136
290.116
290.255
290.201
290.139
290.109
290.092
290.207
290.15
290.11
290.092
290.075
290.107
290.091
290.069
290.118
290.1
290.073
290.134
290.115
290.082
290.154
290.131
290.093
290.174
290.144
290.1
290.188
290.15
290.101
290.186
290.144
290.091
290.169
290.125
290.073
290.136
290.143
290.136
290.096
290.046
290.114
290.113
290.1
290.066
290.021
290.082
290.08
290.067
290.039
289.998
290.05
290.048
290.038
290.015
289.977
290.018
290.019
290.013
289.994
289.958
289.988
289.993
289.99
289.973
289.938
289.961
289.968
289.968
289.952
289.918
289.935
289.945
289.945
289.93
289.896
289.911
289.921
289.922
289.906
289.871
289.887
289.897
289.897
289.88
289.844
289.863
289.871
289.87
289.852
289.814
289.836
289.844
289.841
289.821
289.782
289.809
289.815
289.809
289.787
289.748
289.784
289.776
289.752
289.713
289.752
289.741
289.716
289.678
289.718
289.706
289.681
289.644
289.684
289.672
289.647
289.614
289.651
289.639
289.617
289.587
289.618
289.609
289.589
289.564
289.588
289.582
289.567
289.545
289.561
289.558
289.548
289.531
289.511
289.537
289.54
289.535
289.521
289.503
289.521
289.527
289.527
289.516
289.497
289.513
289.521
289.524
289.513
289.492
289.514
289.522
289.525
289.51
289.487
289.523
289.53
289.527
289.506
289.479
289.535
289.539
289.526
289.497
289.467
289.546
289.543
289.519
289.482
289.45
289.556
289.542
289.506
289.462
289.432
289.563
289.537
289.487
289.44
289.419
290.222
290.183
290.144
290.117
290.101
290.234
290.175
290.124
290.1
290.083
290.193
290.14
290.112
290.093
290.073
290.121
290.101
290.075
290.14
290.117
290.085
290.164
290.139
290.102
290.19
290.162
290.12
290.218
290.181
290.133
290.238
290.192
290.138
290.239
290.189
290.131
290.222
290.172
290.115
290.195
290.2
290.189
290.145
290.091
290.169
290.168
290.153
290.117
290.068
290.136
290.135
290.122
290.092
290.047
290.102
290.103
290.094
290.071
290.029
290.069
290.074
290.071
290.051
290.011
290.038
290.048
290.048
290.031
289.992
290.009
290.022
290.026
290.011
289.973
289.982
289.998
290.003
289.989
289.951
289.956
289.973
289.979
289.965
289.927
289.931
289.947
289.953
289.939
289.899
289.904
289.92
289.925
289.909
289.867
289.877
289.891
289.894
289.875
289.833
289.847
289.86
289.86
289.839
289.795
289.816
289.826
289.823
289.8
289.755
289.791
289.785
289.759
289.715
289.754
289.745
289.718
289.676
289.715
289.705
289.678
289.639
289.677
289.667
289.642
289.607
289.639
289.63
289.609
289.579
289.603
289.598
289.581
289.556
289.571
289.569
289.558
289.538
289.544
289.546
289.541
289.526
289.507
289.526
289.531
289.531
289.518
289.499
289.519
289.526
289.527
289.513
289.493
289.522
289.53
289.528
289.51
289.487
289.534
289.539
289.529
289.505
289.478
289.55
289.546
289.526
289.495
289.466
289.562
289.548
289.517
289.481
289.45
289.569
289.543
289.503
289.461
289.432
289.567
289.531
289.485
289.439
289.416
290.202
290.161
290.127
290.105
290.09
290.211
290.154
290.116
290.095
290.077
290.181
290.135
290.119
290.098
290.074
290.139
290.115
290.083
290.168
290.14
290.102
290.201
290.169
290.128
290.235
290.2
290.154
290.27
290.226
290.173
290.294
290.24
290.181
290.297
290.24
290.177
290.278
290.224
290.162
290.264
290.262
290.245
290.198
290.14
290.229
290.227
290.211
290.172
290.118
290.192
290.192
290.18
290.15
290.099
290.155
290.16
290.154
290.129
290.082
290.12
290.13
290.13
290.11
290.065
290.087
290.103
290.107
290.091
290.048
290.056
290.076
290.084
290.071
290.029
290.027
290.05
290.061
290.05
290.008
289.999
290.023
290.036
290.026
289.984
289.971
289.996
290.01
289.999
289.956
289.943
289.968
289.981
289.968
289.923
289.915
289.938
289.949
289.933
289.886
289.884
289.906
289.914
289.894
289.845
289.853
289.871
289.875
289.851
289.801
289.819
289.833
289.832
289.806
289.756
289.793
289.788
289.759
289.711
289.75
289.742
289.713
289.668
289.707
289.697
289.67
289.629
289.663
289.655
289.63
289.596
289.622
289.616
289.596
289.568
289.584
289.581
289.568
289.545
289.553
289.554
289.546
289.529
289.533
289.537
289.533
289.518
289.5
289.526
289.532
289.528
289.512
289.492
289.531
289.536
289.527
289.507
289.485
289.544
289.543
289.526
289.5
289.475
289.557
289.545
289.519
289.489
289.462
289.563
289.539
289.506
289.473
289.446
289.557
289.526
289.489
289.454
289.428
289.542
289.508
289.469
289.434
289.413
290.181
290.142
290.114
290.095
290.081
290.188
290.139
290.112
290.092
290.073
290.17
290.134
290.126
290.103
290.076
290.158
290.128
290.092
290.199
290.165
290.122
290.246
290.206
290.159
290.293
290.246
290.195
290.329
290.279
290.221
290.356
290.297
290.232
290.359
290.296
290.227
290.336
290.28
290.212
290.332
290.326
290.305
290.255
290.191
290.288
290.286
290.27
290.23
290.171
290.246
290.25
290.24
290.208
290.152
290.206
290.217
290.214
290.188
290.135
290.168
290.186
290.189
290.169
290.119
290.133
290.156
290.165
290.15
290.102
290.099
290.127
290.141
290.13
290.084
290.067
290.098
290.117
290.109
290.063
290.037
290.071
290.092
290.085
290.039
290.008
290.043
290.066
290.058
290.011
289.98
290.015
290.037
290.028
289.978
289.952
289.985
290.005
289.992
289.94
289.923
289.954
289.969
289.952
289.897
289.892
289.919
289.929
289.906
289.849
289.858
289.88
289.884
289.856
289.799
289.822
289.837
289.835
289.804
289.748
289.791
289.784
289.751
289.699
289.742
289.733
289.701
289.654
289.693
289.683
289.654
289.614
289.646
289.637
289.613
289.58
289.602
289.596
289.579
289.554
289.565
289.563
289.552
289.533
289.541
289.542
289.534
289.519
289.533
289.535
289.526
289.509
289.491
289.538
289.537
289.523
289.502
289.481
289.548
289.538
289.517
289.493
289.47
289.552
289.533
289.506
289.479
289.456
289.545
289.519
289.489
289.462
289.44
289.527
289.499
289.469
289.443
289.423
289.504
289.478
289.45
289.425
289.409
290.161
290.127
290.105
290.088
290.075
290.167
290.128
290.109
290.089
290.069
290.161
290.134
290.133
290.107
290.078
290.177
290.143
290.104
290.236
290.195
290.148
290.306
290.256
290.2
290.374
290.311
290.249
290.419
290.352
290.282
290.437
290.369
290.292
290.429
290.362
290.284
290.398
290.341
290.266
290.4
290.393
290.367
290.315
290.244
290.344
290.346
290.33
290.289
290.222
290.297
290.308
290.3
290.266
290.203
290.254
290.272
290.272
290.245
290.185
290.212
290.238
290.246
290.225
290.169
290.173
290.205
290.22
290.205
290.152
290.137
290.173
290.195
290.185
290.134
290.103
290.143
290.171
290.164
290.113
290.071
290.115
290.146
290.14
290.09
290.043
290.088
290.12
290.114
290.062
290.016
290.061
290.092
290.084
290.029
289.991
290.034
290.061
290.049
289.991
289.965
290.005
290.026
290.008
289.947
289.938
289.971
289.985
289.96
289.897
289.907
289.933
289.938
289.907
289.843
289.87
289.888
289.886
289.85
289.787
289.828
289.838
289.83
289.792
289.732
289.785
289.772
289.734
289.68
289.73
289.716
289.68
289.634
289.676
289.662
289.632
289.594
289.624
289.613
289.591
289.562
289.581
289.573
289.558
289.537
289.551
289.547
289.535
289.519
289.539
289.535
289.523
289.506
289.539
289.532
289.515
289.495
289.478
289.541
289.526
289.505
289.483
289.465
289.535
289.514
289.49
289.468
289.45
289.518
289.494
289.47
289.45
289.433
289.493
289.471
289.45
289.431
289.417
289.469
289.451
289.432
289.416
289.405
290.143
290.114
290.095
290.08
290.068
290.147
290.115
290.097
290.08
290.063
290.146
290.125
290.116
290.098
290.073
290.16
290.158
290.166
290.143
290.11
290.254
290.257
290.25
290.218
290.176
290.454
290.427
290.365
290.315
290.255
290.685
290.596
290.483
290.408
290.324
290.807
290.682
290.553
290.461
290.361
290.762
290.664
290.555
290.466
290.365
290.656
290.599
290.519
290.441
290.347
290.552
290.527
290.474
290.408
290.321
290.466
290.462
290.432
290.377
290.295
290.402
290.411
290.393
290.347
290.27
290.347
290.366
290.359
290.32
290.249
290.296
290.324
290.328
290.297
290.229
290.25
290.286
290.299
290.275
290.211
290.208
290.25
290.271
290.254
290.193
290.17
290.218
290.245
290.233
290.175
290.136
290.188
290.221
290.211
290.154
290.106
290.161
290.196
290.187
290.13
290.081
290.137
290.171
290.161
290.103
290.06
290.113
290.145
290.132
290.071
290.042
290.09
290.116
290.097
290.033
290.023
290.064
290.082
290.057
289.989
289.999
290.032
290.041
290.01
289.938
289.97
289.993
289.993
289.955
289.883
289.932
289.947
289.938
289.896
289.824
289.887
289.893
289.878
289.832
289.764
289.836
289.835
289.814
289.769
289.707
289.773
289.75
289.708
289.654
289.711
289.689
289.652
289.609
289.652
289.633
289.604
289.572
289.599
289.585
289.565
289.542
289.56
289.551
289.537
289.52
289.541
289.533
289.519
289.503
289.535
289.523
289.506
289.489
289.528
289.511
289.492
289.474
289.46
289.513
289.493
289.474
289.457
289.444
289.49
289.471
289.454
289.439
289.427
289.463
289.447
289.433
289.421
289.412
289.44
289.428
289.417
289.407
289.401
290.124
290.1
290.085
290.072
290.062
290.125
290.1
290.084
290.07
290.056
290.128
290.112
290.103
290.089
290.071
290.156
290.155
290.159
290.152
290.127
290.275
290.28
290.284
290.268
290.224
290.506
290.486
290.46
290.411
290.333
290.766
290.702
290.623
290.534
290.42
290.898
290.802
290.693
290.586
290.458
290.839
290.763
290.669
290.569
290.447
290.723
290.68
290.609
290.524
290.414
290.615
290.598
290.549
290.476
290.376
290.528
290.53
290.498
290.435
290.342
290.458
290.472
290.453
290.399
290.311
290.395
290.422
290.414
290.367
290.286
290.34
290.376
290.379
290.34
290.264
290.29
290.335
290.348
290.316
290.242
290.245
290.298
290.319
290.293
290.223
290.208
290.267
290.293
290.27
290.203
290.179
290.24
290.268
290.248
290.181
290.156
290.216
290.245
290.225
290.157
290.139
290.197
290.222
290.199
290.13
290.127
290.179
290.199
290.171
290.098
290.117
290.16
290.171
290.137
290.061
290.104
290.136
290.138
290.097
290.017
290.082
290.104
290.097
290.05
289.968
290.051
290.063
290.047
289.995
289.912
290.01
290.013
289.989
289.933
289.852
289.96
289.954
289.924
289.867
289.79
289.901
289.889
289.855
289.799
289.729
289.837
289.82
289.785
289.732
289.673
289.75
289.716
289.671
289.623
289.681
289.653
289.617
289.582
289.619
289.598
289.573
289.548
289.571
289.557
289.54
289.522
289.542
289.531
289.516
289.502
289.527
289.514
289.499
289.484
289.512
289.497
289.482
289.467
289.492
289.476
289.461
289.449
289.439
289.466
289.452
289.44
289.429
289.422
289.439
289.429
289.419
289.412
289.407
289.418
289.411
289.405
289.4
289.397
290.105
290.087
290.075
290.065
290.056
290.104
290.085
290.072
290.06
290.048
290.112
290.099
290.092
290.082
290.069
290.165
290.157
290.16
290.158
290.145
290.324
290.306
290.308
290.307
290.272
290.592
290.549
290.525
290.495
290.414
290.869
290.804
290.742
290.653
290.521
290.993
290.916
290.818
290.703
290.555
290.917
290.858
290.771
290.664
290.526
290.795
290.76
290.692
290.598
290.474
290.683
290.67
290.618
290.535
290.423
290.592
290.595
290.557
290.484
290.38
290.516
290.532
290.506
290.441
290.342
290.449
290.478
290.463
290.404
290.312
290.392
290.431
290.425
290.373
290.286
290.344
290.39
290.392
290.346
290.262
290.305
290.356
290.363
290.322
290.24
290.273
290.327
290.338
290.299
290.218
290.252
290.305
290.316
290.277
290.195
290.241
290.289
290.296
290.253
290.17
290.236
290.276
290.275
290.228
290.141
290.234
290.263
290.253
290.199
290.109
290.228
290.244
290.224
290.164
290.071
290.213
290.218
290.189
290.123
290.028
290.186
290.181
290.145
290.075
289.979
290.148
290.135
290.092
290.02
289.925
290.099
290.078
290.031
289.958
289.866
290.039
290.012
289.962
289.89
289.805
289.971
289.94
289.889
289.82
289.744
289.896
289.862
289.813
289.751
289.686
289.817
289.784
289.739
289.686
289.634
289.707
289.67
289.629
289.59
289.637
289.61
289.581
289.554
289.581
289.563
289.544
289.525
289.544
289.53
289.516
289.502
289.52
289.507
289.494
289.482
289.499
289.486
289.474
289.462
289.475
289.463
289.452
289.442
289.448
289.438
289.43
289.423
289.418
289.421
289.415
289.41
289.405
289.403
289.403
289.399
289.396
289.394
289.394
290.089
290.075
290.065
290.057
290.05
290.087
290.072
290.062
290.051
290.041
290.108
290.092
290.084
290.077
290.068
290.207
290.173
290.166
290.166
290.161
290.426
290.358
290.337
290.333
290.315
290.729
290.637
290.589
290.562
290.49
290.995
290.909
290.838
290.757
290.619
291.076
291.009
290.92
290.804
290.647
290.981
290.933
290.852
290.742
290.597
290.859
290.827
290.758
290.658
290.526
290.75
290.733
290.675
290.582
290.461
290.659
290.655
290.606
290.521
290.409
290.583
290.59
290.55
290.472
290.365
290.518
290.535
290.504
290.432
290.329
290.465
290.489
290.465
290.397
290.297
290.423
290.452
290.432
290.367
290.269
290.393
290.424
290.405
290.341
290.243
290.375
290.402
290.382
290.316
290.217
290.367
290.387
290.361
290.291
290.19
290.367
290.375
290.34
290.265
290.161
290.369
290.363
290.317
290.236
290.13
290.367
290.346
290.29
290.203
290.095
290.355
290.32
290.256
290.165
290.056
290.329
290.285
290.214
290.121
290.013
290.289
290.239
290.165
290.072
289.966
290.237
290.183
290.109
290.017
289.915
290.174
290.119
290.045
289.956
289.86
290.102
290.047
289.975
289.891
289.803
290.023
289.969
289.901
289.824
289.745
289.937
289.886
289.824
289.756
289.69
289.848
289.802
289.748
289.692
289.639
289.758
289.72
289.678
289.635
289.595
289.647
289.617
289.586
289.558
289.587
289.567
289.547
289.528
289.544
289.531
289.516
289.503
289.515
289.503
289.491
289.48
289.489
289.478
289.468
289.459
289.463
289.453
289.445
289.438
289.435
289.428
289.422
289.418
289.409
289.405
289.403
289.4
289.4
289.392
289.391
289.39
289.39
289.392
290.08
290.065
290.056
290.049
290.043
290.085
290.064
290.052
290.043
290.033
290.15
290.1
290.081
290.072
290.063
290.329
290.226
290.187
290.176
290.17
290.615
290.464
290.389
290.365
290.348
290.925
290.769
290.668
290.614
290.556
291.135
291.028
290.931
290.847
290.71
291.144
291.086
291.002
290.889
290.732
291.035
290.992
290.915
290.807
290.66
290.919
290.883
290.81
290.707
290.571
290.817
290.789
290.721
290.621
290.493
290.731
290.711
290.649
290.553
290.43
290.66
290.647
290.589
290.496
290.377
290.603
290.594
290.539
290.449
290.332
290.559
290.552
290.498
290.408
290.293
290.529
290.519
290.464
290.372
290.257
290.511
290.495
290.434
290.339
290.223
290.502
290.475
290.407
290.308
290.19
290.5
290.458
290.38
290.276
290.157
290.498
290.439
290.35
290.242
290.122
290.489
290.414
290.317
290.205
290.086
290.469
290.381
290.278
290.164
290.047
290.433
290.338
290.233
290.121
290.007
290.383
290.287
290.183
290.074
289.964
290.323
290.229
290.129
290.025
289.92
290.255
290.166
290.071
289.972
289.874
290.181
290.099
290.01
289.917
289.826
290.101
290.026
289.944
289.859
289.776
290.016
289.949
289.875
289.799
289.727
289.927
289.868
289.804
289.74
289.678
289.836
289.787
289.735
289.682
289.633
289.747
289.71
289.67
289.63
289.593
289.668
289.641
289.613
289.585
289.558
289.585
289.567
289.547
289.529
289.543
289.53
289.516
289.503
289.51
289.5
289.49
289.48
289.482
289.473
289.465
289.458
289.454
289.447
289.441
289.436
289.426
289.421
289.418
289.415
289.401
289.399
289.398
289.397
289.385
289.386
289.386
289.387
289.39
290.118
290.068
290.051
290.043
290.036
290.162
290.077
290.051
290.037
290.027
290.326
290.167
290.105
290.079
290.064
290.592
290.365
290.253
290.206
290.184
290.901
290.652
290.493
290.418
290.376
291.153
290.953
290.786
290.684
290.614
291.258
291.155
291.032
290.923
290.794
291.197
291.149
291.07
290.963
290.811
291.087
291.042
290.969
290.866
290.72
290.981
290.935
290.857
290.752
290.611
290.889
290.843
290.762
290.654
290.516
290.811
290.766
290.684
290.573
290.439
290.747
290.701
290.618
290.506
290.374
290.697
290.648
290.561
290.448
290.318
290.66
290.603
290.511
290.395
290.266
290.633
290.566
290.467
290.347
290.218
290.613
290.533
290.425
290.302
290.173
290.595
290.499
290.383
290.257
290.129
290.573
290.462
290.339
290.211
290.087
290.542
290.419
290.292
290.165
290.044
290.496
290.368
290.241
290.118
290.002
290.438
290.31
290.187
290.07
289.961
290.371
290.249
290.133
290.023
289.92
290.299
290.186
290.078
289.976
289.881
290.226
290.123
290.025
289.93
289.842
290.153
290.061
289.971
289.885
289.803
290.08
289.998
289.918
289.839
289.765
290.006
289.935
289.863
289.792
289.726
289.93
289.869
289.807
289.745
289.687
289.853
289.803
289.751
289.699
289.649
289.778
289.738
289.696
289.654
289.614
289.706
289.677
289.644
289.612
289.581
289.642
289.621
289.598
289.574
289.551
289.588
289.574
289.558
289.542
289.525
289.536
289.525
289.513
289.501
289.504
289.495
289.487
289.478
289.475
289.469
289.462
289.456
289.447
289.442
289.438
289.434
289.42
289.417
289.414
289.412
289.395
289.395
289.394
289.394
289.381
289.382
289.383
289.385
290.397
290.153
290.071
290.045
290.033
290.59
290.223
290.092
290.049
290.028
290.819
290.392
290.214
290.13
290.086
291.044
290.66
290.422
290.298
290.232
291.23
290.951
290.687
290.533
290.443
291.346
291.17
290.963
290.793
290.676
291.343
291.27
291.145
291.009
290.875
291.251
291.208
291.139
291.039
290.891
291.146
291.095
291.024
290.927
290.782
291.05
290.987
290.903
290.796
290.649
290.965
290.894
290.797
290.679
290.531
290.89
290.812
290.708
290.582
290.434
290.826
290.74
290.628
290.498
290.353
290.771
290.674
290.555
290.422
290.281
290.722
290.612
290.486
290.351
290.213
290.675
290.552
290.418
290.283
290.15
290.625
290.49
290.352
290.217
290.09
290.566
290.423
290.284
290.153
290.033
290.497
290.352
290.216
290.092
289.981
290.416
290.276
290.149
290.034
289.932
290.329
290.2
290.084
289.98
289.887
290.243
290.127
290.023
289.93
289.847
290.161
290.06
289.968
289.885
289.81
290.088
290
289.919
289.844
289.776
290.023
289.946
289.874
289.806
289.745
289.963
289.896
289.832
289.771
289.715
289.907
289.848
289.791
289.737
289.687
289.852
289.802
289.752
289.704
289.659
289.798
289.756
289.713
289.672
289.632
289.746
289.711
289.676
289.64
289.606
289.696
289.668
289.639
289.61
289.581
289.648
289.627
289.604
289.581
289.558
289.603
289.588
289.571
289.553
289.536
289.563
289.553
289.541
289.528
289.514
289.529
289.522
289.514
289.504
289.494
289.494
289.488
289.481
289.474
289.467
289.463
289.458
289.452
289.441
289.437
289.434
289.431
289.414
289.413
289.411
289.409
289.391
289.391
289.391
289.392
289.377
289.379
289.381
289.384
291.197
290.696
290.259
290.115
290.055
291.271
290.877
290.363
290.164
290.072
291.365
291.056
290.576
290.326
290.195
291.435
291.183
290.82
290.535
290.381
291.478
291.289
291.024
290.777
290.595
291.483
291.368
291.183
290.985
290.808
291.417
291.372
291.269
291.125
290.968
291.315
291.277
291.221
291.131
290.987
291.212
291.156
291.091
291.003
290.862
291.118
291.039
290.953
290.849
290.698
291.032
290.935
290.826
290.703
290.544
290.949
290.839
290.715
290.576
290.414
290.867
290.746
290.613
290.47
290.314
290.783
290.65
290.512
290.37
290.223
290.694
290.552
290.411
290.273
290.137
290.596
290.45
290.311
290.18
290.057
290.49
290.345
290.213
290.092
289.983
290.376
290.24
290.119
290.012
289.916
290.26
290.139
290.033
289.94
289.858
290.149
290.046
289.956
289.878
289.809
290.051
289.966
289.891
289.825
289.766
289.969
289.899
289.836
289.78
289.73
289.901
289.843
289.791
289.743
289.7
289.846
289.797
289.752
289.711
289.673
289.801
289.759
289.719
289.683
289.649
289.761
289.725
289.69
289.658
289.628
289.725
289.694
289.664
289.635
289.608
289.692
289.665
289.639
289.613
289.589
289.661
289.638
289.616
289.593
289.572
289.632
289.613
289.593
289.574
289.555
289.605
289.589
289.572
289.556
289.54
289.578
289.566
289.552
289.538
289.525
289.553
289.543
289.533
289.521
289.51
289.528
289.522
289.514
289.505
289.495
289.504
289.5
289.494
289.487
289.48
289.481
289.478
289.474
289.469
289.464
289.456
289.453
289.449
289.445
289.431
289.429
289.427
289.425
289.407
289.406
289.406
289.405
289.386
289.387
289.388
289.389
289.375
289.377
289.38
289.383
291.592
291.35
291.084
290.655
290.255
291.615
291.392
291.147
290.834
290.341
291.642
291.457
291.249
290.982
290.56
291.662
291.516
291.341
291.109
290.786
291.654
291.551
291.404
291.21
290.957
291.607
291.547
291.436
291.279
291.077
291.513
291.495
291.427
291.309
291.143
291.4
291.377
291.349
291.272
291.132
291.283
291.24
291.196
291.132
291.002
291.176
291.096
291.031
290.948
290.794
291.077
290.965
290.858
290.752
290.58
290.972
290.844
290.71
290.565
290.383
290.854
290.719
290.578
290.428
290.256
290.722
290.583
290.445
290.303
290.15
290.575
290.44
290.31
290.182
290.05
290.418
290.294
290.178
290.068
289.959
290.26
290.153
290.055
289.965
289.878
290.111
290.025
289.948
289.876
289.809
289.983
289.917
289.858
289.804
289.752
289.879
289.831
289.786
289.745
289.706
289.799
289.764
289.73
289.699
289.669
289.739
289.712
289.687
289.662
289.639
289.692
289.672
289.652
289.633
289.613
289.656
289.639
289.623
289.608
289.592
289.626
289.612
289.599
289.586
289.573
289.6
289.589
289.579
289.568
289.557
289.579
289.57
289.561
289.552
289.542
289.56
289.552
289.545
289.537
289.529
289.543
289.537
289.53
289.524
289.517
289.528
289.523
289.517
289.512
289.506
289.514
289.51
289.506
289.501
289.496
289.502
289.499
289.495
289.491
289.487
289.491
289.488
289.485
289.481
289.478
289.479
289.477
289.475
289.472
289.468
289.467
289.466
289.464
289.461
289.458
289.453
289.452
289.451
289.449
289.447
289.434
289.434
289.434
289.433
289.432
289.415
289.415
289.415
289.415
289.397
289.398
289.399
289.4
289.382
289.384
289.386
289.387
289.374
289.377
289.38
289.383
291.741
291.586
291.402
291.157
290.836
291.775
291.638
291.481
291.289
291.04
291.792
291.672
291.538
291.383
291.184
291.796
291.695
291.578
291.448
291.281
291.785
291.702
291.601
291.488
291.345
291.752
291.69
291.603
291.503
291.379
291.684
291.654
291.583
291.491
291.38
291.566
291.579
291.537
291.455
291.345
291.385
291.439
291.444
291.382
291.266
291.226
291.203
291.264
291.244
291.099
291.105
290.997
290.951
290.975
290.78
290.979
290.847
290.712
290.573
290.346
290.835
290.698
290.552
290.386
290.169
290.671
290.537
290.398
290.245
290.059
290.492
290.369
290.245
290.113
289.961
290.307
290.202
290.099
289.992
289.873
290.129
290.047
289.968
289.887
289.798
289.973
289.915
289.858
289.8
289.736
289.848
289.809
289.771
289.731
289.686
289.754
289.73
289.705
289.678
289.647
289.686
289.671
289.655
289.637
289.616
289.637
289.628
289.617
289.605
289.59
289.599
289.594
289.587
289.579
289.569
289.57
289.567
289.563
289.558
289.551
289.546
289.545
289.543
289.539
289.535
289.525
289.525
289.525
289.523
289.521
289.508
289.509
289.51
289.509
289.508
289.493
289.495
289.496
289.497
289.497
289.48
289.482
289.485
289.486
289.487
289.468
289.472
289.474
289.476
289.477
289.458
289.462
289.465
289.467
289.469
289.45
289.454
289.457
289.459
289.461
289.442
289.446
289.449
289.452
289.454
289.435
289.439
289.442
289.445
289.447
289.428
289.432
289.435
289.438
289.439
289.42
289.424
289.427
289.429
289.431
289.408
289.411
289.415
289.417
289.419
289.397
289.4
289.403
289.405
289.407
289.389
289.392
289.394
289.396
289.379
289.381
289.384
289.387
289.375
289.378
289.381
289.386
)
;

boundaryField
{
    floor
    {
        type            zeroGradient;
    }
    ceiling
    {
        type            zeroGradient;
    }
    fixedWalls
    {
        type            zeroGradient;
    }
    rack2796428BA49E0232CAC645AEBC8DA5C1_fixedWall
    {
        type            zeroGradient;
    }
    rack2796428BA49E0232CAC645AEBC8DA5C1_inlet
    {
        type            zeroGradient;
    }
    rack2796428BA49E0232CAC645AEBC8DA5C1_outlet
    {
        type            groovyBC;
        refValue        nonuniform 0();
        refGradient     nonuniform 0();
        valueFraction   nonuniform 0();
        value           nonuniform 0();
        valueExpression "Trackinlet+2.00/(1.015*1.18*0.17)";
        gradientExpression "0";
        fractionExpression "1";
        evaluateDuringConstruction 0;
        variables       "Trackinlet{rack2796428BA49E0232CAC645AEBC8DA5C1_inlet}=sum(T*mag(Sf()))/sum(mag(Sf()));";
        timelines       (
);
        lookuptables    (
);
    }
    acu380F56D59CF2B3DF6EFF9D0E6E8D39CB_inlet
    {
        type            zeroGradient;
    }
    acu380F56D59CF2B3DF6EFF9D0E6E8D39CB_outlet
    {
        type            fixedValue;
        value           uniform 289.15;
    }
    acu380F56D59CF2B3DF6EFF9D0E6E8D39CB_fixedWall
    {
        type            zeroGradient;
    }
    baffleFaces_master
    {
        type            zeroGradient;
    }
    baffleFaces_slave
    {
        type            zeroGradient;
    }
    procBoundary5to4
    {
        type            processor;
        value           nonuniform List<scalar> 
1399
(
289.15
289.15
289.15
289.15
289.15
289.15
289.15
289.15
289.15
289.15
289.15
289.15
289.15
289.15
289.15
289.15
289.15
289.15
289.15
289.15
289.15
289.15
289.15
289.15
289.15
289.15
289.15
289.15
289.15
289.15
289.15
289.15
289.15
289.15
289.15
289.15
289.15
289.15
289.15
289.15
289.15
289.15
289.15
289.15
289.15
289.15
289.15
289.15
289.15
289.15
289.15
289.15
289.15
289.15
289.15
289.15
289.15
289.15
289.15
289.15
289.15
289.15
289.15
289.15
289.15
289.15
289.15
289.15
289.15
289.15
289.15
289.15
289.15
289.15
289.15
289.15
289.15
289.15
289.15
289.15
289.15
289.15
289.15
289.15
289.15
289.15
289.15
289.15
289.15
289.15
289.15
289.15
289.15
289.15
289.15
289.15
289.15
289.15
289.15
289.15
289.15
289.15
289.15
289.15
289.15
289.15
289.15
289.15
289.15
289.15
289.15
289.15
289.15
289.15
289.15
289.15
289.15
289.15
289.15
289.15
289.15
289.15
289.15
289.15
289.15
289.15
289.15
289.15
289.15
289.15
289.15
289.15
289.15
289.15
289.15
289.15
289.15
289.15
289.15
289.15
289.15
289.15
289.15
289.15
289.15
289.15
289.15
289.15
289.15
289.15
289.15
289.15
289.15
289.15
289.15
289.15
289.15
289.15
289.15
289.15
289.15
289.15
289.15
289.15
289.15
289.15
289.15
289.15
289.15
289.15
289.15
289.15
289.15
289.15
289.15
289.15
289.15
289.15
289.15
289.15
289.15
289.15
289.15
289.15
289.15
289.15
289.15
289.15
289.15
289.15
289.15
289.15
289.15
289.15
289.15
289.15
289.15
289.15
289.15
289.15
289.15
289.15
289.15
289.15
289.15
289.15
289.15
289.15
289.15
289.15
289.15
289.15
289.15
289.15
289.15
289.15
289.15
289.15
289.15
289.15
289.15
289.15
289.15
289.15
289.15
289.15
289.15
289.15
289.15
289.15
289.15
289.15
289.15
289.15
289.15
289.15
289.15
289.15
289.15
289.15
289.15
289.15
289.15
289.15
289.15
289.15
289.15
289.15
289.15
289.15
289.15
289.15
289.15
289.15
289.15
289.15
289.15
289.15
289.15
289.15
289.15
289.15
289.15
289.15
289.15
289.15
289.15
289.15
289.15
289.15
289.15
289.15
289.15
289.15
289.15
289.15
290.213
290.214
290.212
289.992
289.983
289.967
289.954
289.942
289.931
289.921
289.912
289.902
289.892
289.882
289.871
289.86
289.849
289.838
289.828
289.819
289.811
289.805
289.8
289.796
289.792
289.788
289.782
289.773
289.761
289.75
289.743
289.742
289.744
290.216
290.216
290.215
289.985
289.97
289.955
289.941
289.927
289.914
289.902
289.89
289.877
289.865
289.852
289.839
289.826
289.814
289.802
289.791
289.783
289.775
289.77
289.766
289.763
289.759
289.753
289.743
289.728
289.712
289.701
289.701
289.71
289.727
290.219
290.219
290.218
289.974
289.959
289.943
289.926
289.91
289.894
289.879
289.864
289.849
289.834
289.819
289.804
289.789
289.775
289.763
289.752
289.743
289.736
289.731
289.726
289.721
289.714
289.702
289.685
289.663
289.643
289.636
289.646
289.672
289.704
290.222
290.223
290.222
289.963
289.963
289.949
289.931
289.911
289.891
289.871
289.853
289.835
289.818
289.8
289.783
289.766
289.75
289.735
289.722
289.71
289.7
289.692
289.685
289.678
289.669
289.657
289.639
289.616
289.591
289.572
289.569
289.593
289.636
289.684
290.226
290.228
290.226
289.95
289.941
289.941
289.941
289.919
289.894
289.87
289.847
289.826
289.805
289.785
289.766
289.747
289.728
289.711
289.694
289.679
289.666
289.654
289.643
289.633
289.622
289.609
289.593
289.573
289.551
289.529
289.515
289.519
289.553
289.61
289.67
290.231
290.234
290.231
289.947
289.93
289.907
289.907
289.907
289.878
289.85
289.824
289.799
289.776
289.754
289.733
289.713
289.693
289.674
289.655
289.638
289.623
289.609
289.595
289.582
289.569
289.555
289.539
289.523
289.506
289.491
289.483
289.492
289.53
289.596
289.662
290.237
290.241
290.236
289.946
289.926
289.898
289.864
289.864
289.864
289.832
289.802
289.775
289.75
289.727
289.705
289.683
289.662
289.642
289.623
289.605
289.588
289.572
289.558
289.544
289.531
289.519
289.507
289.494
289.483
289.474
289.471
289.482
289.521
289.592
289.659
290.242
290.247
290.242
289.947
289.924
289.892
289.858
289.818
289.818
289.818
289.786
289.757
289.731
289.707
289.685
289.663
289.642
289.621
289.602
289.584
289.567
289.552
289.538
289.525
289.513
289.502
289.492
289.483
289.475
289.469
289.47
289.485
289.523
289.589
289.656
290.248
290.254
290.248
289.95
289.925
289.89
289.853
289.818
289.777
289.777
289.777
289.749
289.749
289.723
289.699
289.676
289.654
289.634
289.614
289.596
289.578
289.562
289.547
289.533
289.521
289.509
289.499
289.49
289.482
289.474
289.471
289.475
289.492
289.527
289.586
289.651
290.253
290.261
290.253
289.957
289.93
289.894
289.855
289.819
289.786
289.757
289.726
289.726
289.726
289.702
289.68
289.66
289.64
289.621
289.603
289.586
289.57
289.555
289.54
289.527
289.514
289.503
289.494
289.485
289.478
289.476
289.481
289.497
289.528
289.58
289.64
290.258
290.268
290.258
289.967
289.941
289.905
289.867
289.831
289.799
289.77
289.745
289.718
289.718
289.718
289.697
289.677
289.658
289.639
289.621
289.604
289.587
289.57
289.554
289.539
289.524
289.512
289.5
289.49
289.483
289.481
289.486
289.5
289.526
289.568
289.62
290.263
290.273
290.261
289.984
289.96
289.925
289.888
289.853
289.821
289.793
289.768
289.746
289.724
289.724
289.724
289.704
289.685
289.666
289.647
289.628
289.609
289.59
289.572
289.554
289.537
289.522
289.508
289.496
289.489
289.487
289.491
289.502
289.52
289.55
289.59
290.266
290.278
290.263
290.006
289.985
289.953
289.917
289.883
289.852
289.824
289.8
289.778
289.757
289.739
289.739
289.739
289.718
289.698
289.677
289.656
289.634
289.613
289.592
289.571
289.551
289.533
289.516
289.502
289.494
289.493
289.497
289.506
289.518
289.537
289.563
290.267
290.282
290.26
290.035
290.018
289.987
289.954
289.921
289.89
289.862
289.838
289.815
289.794
289.773
289.756
289.756
289.756
289.734
289.71
289.686
289.662
289.637
289.612
289.588
289.564
289.543
289.523
289.507
289.498
289.498
289.504
289.513
289.523
289.535
289.551
290.266
290.285
290.255
290.071
290.057
290.029
289.996
289.964
289.932
289.904
289.878
289.855
289.833
289.811
289.789
289.771
289.771
289.771
289.745
289.718
289.69
289.661
289.633
289.604
289.577
289.552
289.529
289.512
289.502
289.503
289.511
289.522
289.533
289.546
289.561
290.262
290.285
290.249
290.117
290.104
290.076
290.043
290.009
289.977
289.947
289.92
289.895
289.872
289.848
289.824
289.799
289.781
289.781
289.781
289.75
289.719
289.686
289.653
289.621
289.589
289.56
289.535
289.516
289.507
289.509
289.52
289.534
289.549
289.564
289.578
290.253
290.28
290.242
290.173
290.158
290.127
290.092
290.057
290.022
289.991
289.962
289.935
289.909
289.884
289.858
289.831
289.803
289.784
289.784
289.784
289.749
289.713
289.676
289.639
289.603
289.57
289.542
289.522
289.513
289.517
289.53
289.548
289.565
289.578
289.587
290.24
290.268
290.233
290.241
290.217
290.181
290.142
290.103
290.066
290.032
290
289.971
289.943
289.916
289.889
289.862
289.833
289.802
289.782
289.782
289.782
289.743
289.702
289.661
289.62
289.583
289.552
289.529
289.52
289.525
289.541
289.558
289.572
289.577
289.568
290.223
290.249
290.223
290.313
290.276
290.232
290.188
290.145
290.105
290.068
290.034
290.003
289.974
289.946
289.92
289.894
289.866
289.837
289.804
289.781
289.781
289.781
289.736
289.691
289.645
289.602
289.565
289.539
289.528
289.534
289.547
289.559
289.562
289.551
289.526
290.205
290.226
290.211
290.386
290.328
290.276
290.228
290.182
290.139
290.099
290.063
290.031
290.002
289.977
289.954
289.932
289.908
289.881
289.85
289.813
289.78
289.78
289.78
289.73
289.678
289.627
289.583
289.551
289.537
289.539
289.546
289.548
289.538
289.513
289.485
290.184
290.199
290.192
290.184
290.262
290.47
290.737
290.887
290.811
290.668
290.541
290.442
290.371
290.313
290.26
290.211
290.166
290.126
290.09
290.06
290.036
290.017
290.001
289.986
289.967
289.943
289.912
289.874
289.829
289.779
289.779
289.779
289.72
289.661
289.607
289.565
289.544
289.539
289.537
289.528
289.507
289.478
289.451
290.161
290.168
290.164
290.179
290.294
290.537
290.817
290.957
290.868
290.72
290.593
290.495
290.417
290.348
290.29
290.239
290.194
290.156
290.126
290.104
290.09
290.082
290.075
290.067
290.052
290.029
289.996
289.953
289.902
289.843
289.769
289.769
289.769
289.7
289.634
289.581
289.55
289.536
289.524
289.506
289.48
289.45
289.425
290.135
290.136
290.139
290.199
290.379
290.666
290.938
291.038
290.929
290.782
290.653
290.549
290.464
290.391
290.328
290.277
290.239
290.21
290.192
290.185
290.186
290.191
290.193
290.188
290.171
290.142
290.101
290.048
289.986
289.916
289.84
289.737
289.737
289.737
289.66
289.596
289.555
289.531
289.511
289.488
289.459
289.428
289.406
290.113
290.115
290.147
290.289
290.552
290.86
291.082
291.11
290.984
290.843
290.719
290.615
290.53
290.459
290.401
290.355
290.327
290.314
290.315
290.326
290.344
290.36
290.365
290.351
290.319
290.272
290.212
290.141
290.061
289.975
289.883
289.79
289.674
289.674
289.674
289.604
289.557
289.526
289.5
289.472
289.442
289.413
289.393
290.118
290.141
290.269
290.523
290.833
291.097
291.219
291.166
291.037
290.91
290.797
290.702
290.625
290.564
290.52
290.494
290.483
290.489
290.506
290.527
290.541
290.539
290.515
290.47
290.408
290.336
290.255
290.168
290.075
289.977
289.877
289.779
289.69
289.602
289.602
289.602
289.554
289.519
289.49
289.46
289.431
289.403
289.385
290.29
290.41
290.631
290.928
291.171
291.309
291.312
291.214
291.098
290.989
290.893
290.813
290.749
290.703
290.675
290.661
290.659
290.664
290.666
290.655
290.624
290.57
290.498
290.417
290.332
290.247
290.162
290.075
289.987
289.899
289.812
289.732
289.66
289.6
289.545
289.545
289.545
289.511
289.481
289.451
289.422
289.396
289.379
291.108
291.185
291.27
291.357
291.431
291.441
291.372
291.273
291.175
291.084
291.003
290.935
290.88
290.838
290.806
290.779
290.749
290.707
290.648
290.568
290.472
290.37
290.272
290.183
290.105
290.033
289.966
289.902
289.839
289.779
289.72
289.664
289.614
289.571
289.534
289.499
289.499
289.499
289.471
289.443
289.416
289.39
289.375
291.549
291.573
291.596
291.599
291.583
291.525
291.438
291.347
291.262
291.183
291.109
291.039
290.972
290.904
290.831
290.747
290.645
290.527
290.397
290.266
290.147
290.046
289.965
289.899
289.845
289.798
289.757
289.719
289.683
289.65
289.619
289.588
289.559
289.531
289.506
289.481
289.457
289.457
289.457
289.432
289.407
289.385
289.373
291.783
291.785
291.778
291.757
291.703
291.619
291.523
291.428
291.343
291.265
291.183
291.092
290.986
290.862
290.717
290.554
290.38
290.209
290.057
289.933
289.838
289.767
289.714
289.673
289.639
289.611
289.588
289.567
289.548
289.532
289.518
289.505
289.492
289.48
289.466
289.451
289.433
289.414
289.414
289.414
289.396
289.38
289.371
291.864
291.883
291.884
291.871
291.838
291.772
291.668
291.524
291.406
291.316
291.221
291.107
290.969
290.805
290.618
290.416
290.216
290.035
289.888
289.778
289.7
289.645
289.604
289.572
289.546
289.524
289.506
289.49
289.476
289.464
289.454
289.445
289.437
289.43
289.424
289.416
289.404
289.393
289.386
289.386
289.375
289.371
)
;
    }
    procBoundary5to6
    {
        type            processor;
        value           nonuniform List<scalar> 
1538
(
289.15
289.15
289.15
289.15
289.15
289.15
289.15
289.15
289.15
289.15
289.15
289.15
289.15
289.15
289.15
289.15
289.15
289.15
289.15
289.15
289.15
289.15
289.15
289.15
289.15
289.15
289.15
289.15
289.15
289.15
289.15
289.15
289.15
289.15
289.15
289.15
289.15
289.15
289.15
289.15
289.15
289.15
289.15
289.15
289.15
289.15
289.15
289.15
289.15
289.15
289.15
289.15
289.15
289.15
289.15
289.15
289.15
289.15
289.15
289.15
289.15
289.15
289.15
289.15
289.15
289.15
289.15
289.15
289.15
289.15
289.15
289.15
289.15
289.15
289.15
289.15
289.15
289.15
289.15
289.15
289.15
289.15
289.15
289.15
289.15
289.15
289.15
289.15
289.15
289.15
289.15
289.15
289.15
289.15
289.15
289.15
289.15
289.15
289.15
289.15
289.15
289.15
289.15
289.15
289.15
289.15
289.15
289.15
289.15
289.15
289.15
289.15
289.15
289.15
289.15
289.15
289.15
289.15
289.15
289.15
289.15
289.15
289.15
289.15
289.15
289.15
289.15
289.15
289.15
289.15
289.15
289.15
289.15
289.15
289.15
289.15
289.15
289.15
289.15
289.15
289.15
289.15
289.15
289.15
289.15
289.15
289.15
289.15
289.15
289.15
289.15
289.15
289.15
289.15
289.15
289.15
289.15
289.15
289.15
289.15
289.15
289.15
289.15
289.15
289.15
289.15
289.15
289.15
289.15
289.15
289.15
289.15
289.15
289.15
289.15
289.15
289.15
289.15
289.15
289.15
289.15
289.15
289.15
289.15
289.15
289.15
289.15
289.15
289.15
289.15
289.15
289.15
289.15
289.15
289.15
289.15
289.15
289.15
289.15
289.15
289.15
289.15
289.15
289.15
289.15
289.15
289.15
289.15
289.15
289.15
289.15
289.15
289.15
289.15
289.15
289.15
289.15
289.15
289.15
289.15
289.15
289.15
289.15
289.15
289.15
289.15
289.15
289.15
289.15
289.15
289.15
289.15
289.15
289.15
289.15
289.15
289.15
289.15
289.15
289.15
289.15
289.15
289.15
289.15
289.15
289.15
289.15
289.15
289.15
289.15
289.15
289.15
289.15
289.15
289.15
289.15
289.15
290.107
290.099
290.091
290.086
290.083
290.078
290.071
290.063
290.053
290.044
290.035
290.027
290.018
290.009
290
290
290.003
289.981
289.995
289.987
289.978
289.969
289.96
289.951
289.942
289.933
289.925
289.916
289.908
289.901
289.894
289.888
289.883
289.878
289.873
289.866
289.856
289.842
289.826
289.815
289.811
289.81
289.811
290.122
290.122
290.107
290.099
290.095
290.088
290.077
290.066
290.054
290.043
290.032
290.022
290.011
290.001
289.991
289.981
289.981
289.99
289.957
289.981
289.972
289.963
289.954
289.945
289.936
289.927
289.919
289.911
289.903
289.897
289.891
289.885
289.88
289.874
289.866
289.852
289.83
289.804
289.783
289.774
289.782
289.793
289.803
290.144
290.154
290.13
290.116
290.107
290.094
290.08
290.066
290.053
290.039
290.026
290.014
290.002
289.99
289.978
289.967
289.957
289.957
289.974
289.928
289.965
289.956
289.947
289.939
289.93
289.921
289.913
289.906
289.899
289.893
289.887
289.88
289.87
289.856
289.836
289.808
289.774
289.738
289.711
289.707
289.731
289.763
289.789
290.166
290.179
290.156
290.135
290.118
290.099
290.081
290.064
290.048
290.032
290.017
290.002
289.988
289.974
289.962
289.95
289.938
289.928
289.928
289.956
289.89
289.948
289.939
289.931
289.923
289.915
289.907
289.899
289.89
289.88
289.869
289.855
289.836
289.811
289.777
289.736
289.691
289.65
289.623
289.624
289.664
289.725
289.774
290.184
290.197
290.177
290.151
290.124
290.099
290.077
290.058
290.039
290.021
290.004
289.987
289.97
289.955
289.94
289.926
289.914
289.902
289.89
289.89
289.929
289.843
289.92
289.911
289.902
289.893
289.883
289.872
289.859
289.845
289.826
289.802
289.771
289.733
289.689
289.643
289.6
289.565
289.544
289.549
289.597
289.685
289.757
290.198
290.208
290.19
290.157
290.123
290.094
290.07
290.048
290.028
290.008
289.988
289.969
289.95
289.932
289.914
289.898
289.884
289.869
289.856
289.843
289.843
289.888
289.78
289.877
289.866
289.853
289.839
289.822
289.803
289.779
289.751
289.717
289.679
289.638
289.597
289.56
289.528
289.504
289.49
289.494
289.538
289.647
289.741
290.208
290.216
290.195
290.153
290.115
290.085
290.06
290.037
290.015
289.994
289.972
289.95
289.927
289.905
289.885
289.865
289.847
289.83
289.813
289.797
289.78
289.78
289.823
289.708
289.807
289.789
289.769
289.746
289.721
289.692
289.66
289.625
289.591
289.558
289.529
289.505
289.485
289.47
289.46
289.46
289.491
289.595
289.716
290.216
290.22
290.192
290.143
290.104
290.074
290.048
290.025
290.003
289.98
289.956
289.931
289.904
289.878
289.854
289.831
289.809
289.788
289.768
289.748
289.728
289.708
289.708
289.737
289.639
289.715
289.691
289.665
289.638
289.61
289.581
289.554
289.53
289.508
289.49
289.475
289.463
289.453
289.446
289.444
289.459
289.529
289.681
290.221
290.221
290.18
290.129
290.091
290.061
290.037
290.014
289.992
289.968
289.942
289.913
289.883
289.854
289.826
289.8
289.775
289.751
289.728
289.706
289.684
289.662
289.639
289.639
289.647
289.59
289.623
289.599
289.575
289.552
289.531
289.513
289.497
289.483
289.472
289.463
289.455
289.448
289.442
289.438
289.443
289.483
289.639
290.223
290.214
290.163
290.113
290.077
290.049
290.026
290.005
289.983
289.959
289.931
289.9
289.868
289.836
289.806
289.779
289.753
289.728
289.703
289.68
289.657
289.634
289.612
289.59
289.59
289.579
289.563
289.558
289.539
289.521
289.506
289.493
289.482
289.473
289.466
289.461
289.455
289.449
289.442
289.435
289.435
289.456
289.58
290.219
290.199
290.141
290.096
290.063
290.039
290.018
289.999
289.978
289.955
289.926
289.893
289.86
289.829
289.799
289.772
289.746
289.72
289.696
289.672
289.648
289.625
289.603
289.582
289.563
289.563
289.539
289.551
289.522
289.508
289.496
289.487
289.479
289.473
289.468
289.463
289.457
289.451
289.443
289.435
289.429
289.434
289.478
290.207
290.174
290.12
290.08
290.052
290.031
290.013
289.997
289.978
289.956
289.928
289.895
289.863
289.833
289.805
289.779
289.753
289.729
289.704
289.681
289.657
289.634
289.611
289.589
289.569
289.551
289.551
289.52
289.548
289.507
289.497
289.489
289.482
289.476
289.471
289.466
289.461
289.454
289.446
289.436
289.428
289.423
289.429
290.187
290.146
290.1
290.067
290.043
290.026
290.013
290
289.984
289.963
289.938
289.907
289.877
289.848
289.823
289.798
289.774
289.751
289.727
289.703
289.679
289.654
289.63
289.607
289.585
289.565
289.548
289.548
289.514
289.545
289.503
289.494
289.486
289.48
289.474
289.47
289.464
289.458
289.449
289.439
289.428
289.42
289.419
290.16
290.12
290.083
290.056
290.038
290.026
290.017
290.008
289.996
289.978
289.955
289.926
289.899
289.873
289.85
289.827
289.805
289.783
289.759
289.735
289.71
289.684
289.658
289.632
289.607
289.584
289.563
289.545
289.545
289.51
289.542
289.499
289.527
289.491
289.484
289.478
289.473
289.468
289.461
289.452
289.441
289.429
289.42
289.417
290.133
290.098
290.069
290.049
290.037
290.03
290.027
290.023
290.015
290
289.979
289.953
289.929
289.906
289.884
289.864
289.843
289.822
289.799
289.774
289.748
289.72
289.691
289.662
289.634
289.607
289.582
289.56
289.542
289.527
289.527
289.496
289.522
289.488
289.482
289.476
289.471
289.464
289.455
289.444
289.43
289.419
289.415
290.11
290.082
290.06
290.046
290.039
290.04
290.043
290.044
290.039
290.027
290.009
289.986
289.964
289.943
289.924
289.905
289.886
289.865
289.843
289.818
289.79
289.761
289.729
289.696
289.664
289.632
289.603
289.578
289.555
289.537
289.522
289.522
289.493
289.517
289.485
289.479
289.473
289.466
289.457
289.445
289.431
289.418
289.413
290.093
290.071
290.054
290.045
290.046
290.054
290.064
290.07
290.069
290.06
290.044
290.023
290.003
289.985
289.967
289.95
289.932
289.912
289.89
289.865
289.836
289.805
289.771
289.734
289.697
289.661
289.627
289.597
289.57
289.548
289.53
289.517
289.517
289.488
289.51
289.481
289.474
289.466
289.457
289.445
289.431
289.417
289.411
290.081
290.063
290.051
290.048
290.056
290.073
290.09
290.102
290.104
290.097
290.083
290.064
290.045
290.028
290.012
289.996
289.978
289.959
289.938
289.913
289.884
289.851
289.814
289.775
289.734
289.693
289.654
289.618
289.587
289.56
289.539
289.522
289.51
289.51
289.482
289.501
289.474
289.466
289.455
289.443
289.429
289.416
289.409
290.072
290.057
290.048
290.052
290.07
290.097
290.123
290.14
290.145
290.138
290.124
290.106
290.088
290.072
290.056
290.04
290.024
290.005
289.984
289.959
289.93
289.896
289.858
289.816
289.771
289.726
289.682
289.64
289.604
289.574
289.548
289.528
289.513
289.501
289.501
289.474
289.489
289.464
289.453
289.44
289.426
289.413
289.407
290.065
290.052
290.047
290.059
290.089
290.129
290.164
290.186
290.191
290.182
290.167
290.148
290.13
290.113
290.097
290.081
290.065
290.046
290.026
290.001
289.972
289.938
289.899
289.856
289.808
289.759
289.71
289.664
289.623
289.588
289.559
289.535
289.516
289.501
289.489
289.489
289.463
289.474
289.451
289.437
289.423
289.411
289.405
290.06
290.047
290.044
290.066
290.113
290.17
290.216
290.241
290.243
290.229
290.209
290.188
290.168
290.149
290.132
290.115
290.098
290.08
290.059
290.034
290.006
289.973
289.934
289.89
289.842
289.79
289.738
289.688
289.642
289.603
289.57
289.542
289.52
289.503
289.488
289.474
289.474
289.448
289.456
289.434
289.42
289.408
289.403
290.055
290.041
290.044
290.082
290.151
290.226
290.283
290.308
290.302
290.279
290.251
290.224
290.2
290.178
290.158
290.139
290.12
290.101
290.079
290.054
290.026
289.993
289.954
289.911
289.864
289.812
289.76
289.708
289.659
289.616
289.58
289.55
289.525
289.505
289.488
289.472
289.456
289.456
289.431
289.435
289.417
289.405
289.401
290.05
290.035
290.045
290.103
290.194
290.288
290.356
290.378
290.361
290.325
290.287
290.252
290.223
290.197
290.173
290.152
290.13
290.108
290.085
290.058
290.029
289.996
289.958
289.916
289.87
289.821
289.77
289.719
289.67
289.627
289.589
289.557
289.53
289.508
289.488
289.471
289.453
289.435
289.435
289.414
289.415
289.402
289.399
290.044
290.029
290.048
290.124
290.237
290.353
290.432
290.45
290.417
290.365
290.316
290.274
290.238
290.206
290.177
290.15
290.124
290.098
290.071
290.042
290.011
289.977
289.94
289.899
289.857
289.811
289.765
289.718
289.672
289.63
289.593
289.561
289.534
289.511
289.49
289.471
289.452
289.433
289.415
289.415
289.4
289.397
289.397
290.037
290.022
290.05
290.143
290.278
290.416
290.509
290.521
290.469
290.4
290.338
290.285
290.24
290.2
290.164
290.13
290.097
290.065
290.033
290.001
289.967
289.932
289.896
289.858
289.82
289.78
289.74
289.7
289.661
289.624
289.59
289.561
289.535
289.512
289.491
289.471
289.451
289.431
289.412
289.397
289.397
289.395
289.388
290.031
290.015
290.049
290.159
290.317
290.478
290.587
290.592
290.517
290.427
290.348
290.283
290.227
290.177
290.131
290.087
290.046
290.007
289.969
289.932
289.896
289.861
289.827
289.794
289.761
289.729
289.697
289.665
289.635
289.605
289.578
289.553
289.53
289.509
289.49
289.47
289.45
289.43
289.411
289.395
289.388
290.026
290.013
290.056
290.181
290.365
290.545
290.673
290.667
290.565
290.447
290.344
290.263
290.196
290.134
290.076
290.022
289.972
289.925
289.882
289.842
289.806
289.773
289.743
289.716
289.69
289.665
289.641
289.618
289.596
289.575
289.555
289.537
289.519
289.501
289.484
289.466
289.447
289.428
289.408
289.393
289.388
290.031
290.03
290.106
290.258
290.451
290.637
290.778
290.76
290.627
290.467
290.326
290.221
290.142
290.07
290.002
289.939
289.881
289.83
289.786
289.747
289.714
289.685
289.66
289.638
289.618
289.6
289.583
289.567
289.552
289.538
289.524
289.512
289.499
289.486
289.473
289.458
289.441
289.423
289.405
289.391
289.388
290.108
290.145
290.295
290.479
290.681
290.847
290.935
290.915
290.746
290.519
290.296
290.144
290.055
289.98
289.91
289.846
289.79
289.741
289.7
289.666
289.638
289.614
289.594
289.576
289.56
289.546
289.533
289.521
289.51
289.5
289.491
289.483
289.474
289.465
289.456
289.445
289.431
289.415
289.401
289.39
289.389
290.472
290.719
290.908
291.045
291.144
291.206
291.224
291.187
291.064
290.775
290.283
289.979
289.88
289.822
289.774
289.731
289.693
289.66
289.632
289.609
289.588
289.57
289.554
289.54
289.527
289.515
289.505
289.495
289.486
289.477
289.469
289.462
289.455
289.448
289.441
289.432
289.421
289.409
289.398
289.39
289.393
)
;
    }
}


// ************************************************************************* //
