/*--------------------------------*- C++ -*----------------------------------*\
| =========                 |                                                 |
| \\      /  F ield         | OpenFOAM: The Open Source CFD Toolbox           |
|  \\    /   O peration     | Version:  2.3.1                                 |
|   \\  /    A nd           | Web:      www.OpenFOAM.org                      |
|    \\/     M anipulation  |                                                 |
\*---------------------------------------------------------------------------*/
FoamFile
{
    version     2.0;
    format      ascii;
    class       volScalarField;
    location    "600";
    object      nut;
}
// * * * * * * * * * * * * * * * * * * * * * * * * * * * * * * * * * * * * * //

dimensions      [0 2 -1 0 0 0 0];

internalField   nonuniform List<scalar> 
6852
(
0.00316258
0.00238997
0.00310017
0.00380647
0.004333
0.00239832
0.00145662
0.00182779
0.0020926
0.00224085
0.00284551
0.00170345
0.00203862
0.00223094
0.0022938
0.0031649
0.00183156
0.00212323
0.00224409
0.0022165
0.00347205
0.00193243
0.00216492
0.00221258
0.00210568
0.00382057
0.00207483
0.00228921
0.00232522
0.00221197
0.00418941
0.00223381
0.00244208
0.00247904
0.00237148
0.00456047
0.00239757
0.00260626
0.00265097
0.00255421
0.00491966
0.00255963
0.00277417
0.00283283
0.00275264
0.00525181
0.00271296
0.00293757
0.00301549
0.00295793
0.00554154
0.00285049
0.0030883
0.00318955
0.00315938
0.00577377
0.00296461
0.00321737
0.00334597
0.0033537
0.00593671
0.00304879
0.00331616
0.00347283
0.00352469
0.00602421
0.00309887
0.00337836
0.00355925
0.00365375
0.00603662
0.00311358
0.0034014
0.00359926
0.00372964
0.00598003
0.00309444
0.00338657
0.00359248
0.00374848
0.00586462
0.00304515
0.00333827
0.00354349
0.00371372
0.00570273
0.00297067
0.00326272
0.00346014
0.00363414
0.00550704
0.00287628
0.00316669
0.00335155
0.00352104
0.00529184
0.0027657
0.00305632
0.00322652
0.00338583
0.00506467
0.00264319
0.0029364
0.0030924
0.00323844
0.00482956
0.00251714
0.00280653
0.00295435
0.00308643
0.00459062
0.00238848
0.00267199
0.00281382
0.00293472
0.00434357
0.00225755
0.00253451
0.00267386
0.00278413
0.00408387
0.00212381
0.00239363
0.00253489
0.00263908
0.00380806
0.00198592
0.00224834
0.0023949
0.00249815
0.003513
0.00184204
0.00209721
0.00225143
0.00235869
0.00319584
0.00169023
0.00193855
0.00210184
0.00221739
0.00285537
0.00153131
0.00177128
0.00194376
0.00207084
0.00249554
0.00136871
0.00159637
0.00177619
0.00191634
0.00214223
0.00121
0.00141852
0.00160114
0.00175324
0.00190161
0.00107577
0.00125653
0.00142912
0.00158634
0.00178271
0.000985919
0.00113653
0.00128133
0.0014298
0.00173275
0.000934387
0.00106588
0.00118622
0.0013101
0.0017433
0.000913034
0.00102427
0.00113494
0.00123987
0.00175864
0.000893915
0.000985761
0.00108795
0.00118859
0.00174607
0.000865263
0.000943149
0.00103676
0.00113746
0.0016991
0.00082757
0.000901143
0.000984704
0.00108352
0.00162916
0.000796724
0.000873773
0.000947875
0.00104134
0.00156755
0.00079439
0.000873684
0.000942657
0.00102388
0.00237425
0.0017258
0.00190695
0.00202019
0.00214603
0.00200461
0.0010759
0.0014373
0.00177423
0.00201333
0.00112436
0.0015281
0.00163967
0.00167412
0.00163313
0.00125541
0.0015078
0.00150364
0.00143619
0.00135675
0.00135008
0.00148688
0.00141564
0.00134598
0.00140297
0.00145849
0.00147616
0.00137275
0.00135763
0.00146972
0.00158963
0.00149458
0.00139265
0.00145315
0.00161932
0.00173654
0.0015353
0.00143735
0.00154269
0.00180143
0.00189155
0.00158973
0.00148845
0.00160755
0.00195737
0.00204885
0.00165228
0.00154085
0.00164993
0.00206516
0.00220288
0.00171922
0.00159304
0.00167288
0.00209705
0.00234793
0.00178804
0.0016454
0.00168139
0.00201862
0.00247811
0.0018566
0.00169908
0.00168964
0.00191032
0.00258784
0.00192267
0.00175435
0.00170889
0.00182266
0.00267308
0.00198395
0.00180951
0.00174211
0.00177598
0.00273183
0.0020384
0.00186125
0.00178492
0.00176961
0.00276418
0.00208473
0.00190625
0.00183027
0.00178962
0.00277181
0.00212264
0.0019423
0.00187197
0.00182164
0.00275744
0.00215287
0.00196869
0.00190615
0.00185518
0.00272414
0.00217687
0.00198609
0.00193132
0.00188431
0.00267497
0.00219667
0.00199612
0.00194781
0.0019067
0.00261227
0.00221452
0.00200093
0.00195709
0.00192239
0.00253753
0.00223263
0.00200301
0.00196111
0.00193263
0.00244969
0.00225328
0.00200484
0.00196203
0.00193918
0.00234788
0.00227565
0.00200891
0.00196191
0.00194387
0.00223402
0.00229824
0.00201779
0.00196274
0.00194833
0.00211066
0.00231957
0.00203545
0.00196652
0.00195406
0.00197874
0.0023361
0.00206707
0.00197578
0.00196243
0.00183883
0.00234877
0.00211174
0.00199518
0.00197506
0.00169096
0.00235476
0.0021694
0.00202875
0.00199484
0.00153308
0.0023516
0.00223868
0.0020808
0.00202588
0.00136369
0.00233756
0.00231815
0.00215552
0.00207407
0.00118263
0.00230966
0.00239712
0.00225486
0.00214674
0.00099593
0.00225936
0.00246488
0.00237832
0.00225262
0.000846969
0.00219642
0.00251417
0.00250317
0.00239446
0.000818363
0.00214099
0.00254216
0.00261402
0.00255536
0.000827431
0.00210128
0.00255005
0.00269624
0.00270069
0.00082655
0.00204118
0.00253214
0.00272974
0.00279602
0.000802871
0.00190418
0.00246945
0.00271031
0.00282047
0.000771579
0.00166101
0.00234919
0.00263618
0.00278071
0.000754426
0.00123593
0.00186584
0.00237101
0.0025384
0.00161233
0.000864824
0.000966452
0.00103723
0.00111881
0.00200189
0.00107456
0.00144106
0.00177198
0.00201167
0.00110978
0.00149657
0.00155604
0.00155557
0.00149777
0.00120732
0.001477
0.00143858
0.00138094
0.00135958
0.00129659
0.00144392
0.00138017
0.00136294
0.00139987
0.00140635
0.00142048
0.00136359
0.00137922
0.00135447
0.00153686
0.0014093
0.00137303
0.00141847
0.00136412
0.00168241
0.00140892
0.00138984
0.00148258
0.00145182
0.00183695
0.00141911
0.0014059
0.00156043
0.00158287
0.00199587
0.00143877
0.00141622
0.00162861
0.00171899
0.00215487
0.00146619
0.00141801
0.00166488
0.00183042
0.00230906
0.00149998
0.00141186
0.0016556
0.00189727
0.00245283
0.00153939
0.00140319
0.00160707
0.00191629
0.00258031
0.00158366
0.00139899
0.00154053
0.00186584
0.00268669
0.00163141
0.00140346
0.00148002
0.00177099
0.00276895
0.00168066
0.00141701
0.00143862
0.00166749
0.00282591
0.00172934
0.00143756
0.00141783
0.00158146
0.00285806
0.00177572
0.00146225
0.00141357
0.00152315
0.00286703
0.00181876
0.00148857
0.00142044
0.00149014
0.00285507
0.00185816
0.0015148
0.00143374
0.00147559
0.00282462
0.00189431
0.00154009
0.00145012
0.00147293
0.00277794
0.0019281
0.00156428
0.00146757
0.00147738
0.00271664
0.00196088
0.0015878
0.00148507
0.00148583
0.00264026
0.00199008
0.00161145
0.00150239
0.00149654
0.00255131
0.00201733
0.00163626
0.00151974
0.00150871
0.00245183
0.00204416
0.00166367
0.00153768
0.00152214
0.00234288
0.00206751
0.00169826
0.00155721
0.00153709
0.00222473
0.00208855
0.00173939
0.00158132
0.00155421
0.00209629
0.00210831
0.00178671
0.0016124
0.0015758
0.00195584
0.00212743
0.00184072
0.00165279
0.00160356
0.00180269
0.00214602
0.001902
0.00170502
0.0016398
0.00163613
0.00216356
0.00197122
0.00177147
0.00168772
0.00145506
0.00217881
0.00204847
0.001854
0.00175123
0.00125822
0.00218909
0.0021328
0.00195357
0.00183429
0.00104587
0.00219097
0.00222236
0.00206935
0.00194021
0.000828698
0.00218417
0.00231615
0.00219976
0.00207028
0.000778592
0.00220542
0.00241851
0.00234471
0.00222386
0.000806464
0.00224342
0.00252347
0.0025004
0.00239988
0.000809202
0.00224692
0.00260215
0.00264485
0.00258915
0.000790868
0.00214526
0.00261576
0.0027502
0.00276851
0.000778973
0.00159724
0.002379
0.00266347
0.00276398
0.00168121
0.000911393
0.00101971
0.00109661
0.00117304
0.00194132
0.00104086
0.00140019
0.00172661
0.00197395
0.00108271
0.00143659
0.00151164
0.00154007
0.00150708
0.00118358
0.00149316
0.00149146
0.00146077
0.00142725
0.00129051
0.00149422
0.00147795
0.00145163
0.00143241
0.00142195
0.00147846
0.00147393
0.00145099
0.00139384
0.00157538
0.00145685
0.00147681
0.00145407
0.00135384
0.00174351
0.0014345
0.00148004
0.0014645
0.00133954
0.0019155
0.00141067
0.00147892
0.00148477
0.00135085
0.0020857
0.00139404
0.0014701
0.0015133
0.0013756
0.00225099
0.00139261
0.00145076
0.00154667
0.00140439
0.00240687
0.00140593
0.00142021
0.00157734
0.00143395
0.00254818
0.00143161
0.00138917
0.00158844
0.00147515
0.00266995
0.00146688
0.00136512
0.00156739
0.00153485
0.00276846
0.00150838
0.00135211
0.00152544
0.00158437
0.00284157
0.00155275
0.00135074
0.00147869
0.00160715
0.00288882
0.00159716
0.00135935
0.00143875
0.00160161
0.00291114
0.00163961
0.0013754
0.00141064
0.00157817
0.00291047
0.00167901
0.00139637
0.00139465
0.00154911
0.0028893
0.00171498
0.00142026
0.00138891
0.00152249
0.00285023
0.00174774
0.00144566
0.00139104
0.00150177
0.00279575
0.00177787
0.00147176
0.0013989
0.00148757
0.0027279
0.00180626
0.00149827
0.00141092
0.00147926
0.0026482
0.00183367
0.00152526
0.0014261
0.0014759
0.00255795
0.00186087
0.00155311
0.00144389
0.00147668
0.00245802
0.00188853
0.00158249
0.00146419
0.0014811
0.00234868
0.00191672
0.00161461
0.0014873
0.00148903
0.00222973
0.0019456
0.00165059
0.00151407
0.00150074
0.00210048
0.00197531
0.00169162
0.00154571
0.00151709
0.00195994
0.00200587
0.00173902
0.00158373
0.00153937
0.00180713
0.00203693
0.00179411
0.00162999
0.00156934
0.00164132
0.00206751
0.00185797
0.00168653
0.00160921
0.00146172
0.00209569
0.00193095
0.0017554
0.00166158
0.00126735
0.00211812
0.00201196
0.00183794
0.00172869
0.00105977
0.00213032
0.00209819
0.0019343
0.00181243
0.000844114
0.00213079
0.00218637
0.00204348
0.00191417
0.000753985
0.00216401
0.00228281
0.00216594
0.00203523
0.000796642
0.0022342
0.00239388
0.00230326
0.00217813
0.000810322
0.00228924
0.00250679
0.00245349
0.00234768
0.000799956
0.00219082
0.00257625
0.00260891
0.00256103
0.000788644
0.00178569
0.0024193
0.00262442
0.00267223
0.00169923
0.000927193
0.00103509
0.00110362
0.00116494
0.0017807
0.000923309
0.00125365
0.0015721
0.00183245
0.00100451
0.00135092
0.00147966
0.0015932
0.00163675
0.00113302
0.00148091
0.00154928
0.00160081
0.00161051
0.00127317
0.00152544
0.00157137
0.00159924
0.00158695
0.00143001
0.00150071
0.00157043
0.00158868
0.0015474
0.00159712
0.00144156
0.00154949
0.0015745
0.00152005
0.00177058
0.00139155
0.00150874
0.00154883
0.00150911
0.00194451
0.00137055
0.00145729
0.00151152
0.00150719
0.00211358
0.00138001
0.00141024
0.00146811
0.00148584
0.00227318
0.00141358
0.00137837
0.00142686
0.00145062
0.00241859
0.00146341
0.00136512
0.0013949
0.00141173
0.00254504
0.00152272
0.00136929
0.00137685
0.00138077
0.00264845
0.00158584
0.00138711
0.00137241
0.00136275
0.00272626
0.00164843
0.00141433
0.00137895
0.00135814
0.0027776
0.00170749
0.00144714
0.00139305
0.00136422
0.0028031
0.0017613
0.00148258
0.00141168
0.00137715
0.00280458
0.00180925
0.00151865
0.00143261
0.00139359
0.0027846
0.00185152
0.0015541
0.0014544
0.00141122
0.00274605
0.00188881
0.00158832
0.00147622
0.00142873
0.00269179
0.00192208
0.00162115
0.00149766
0.00144551
0.00262436
0.00195234
0.00165276
0.00151864
0.00146145
0.00254578
0.00198056
0.00168358
0.00153939
0.0014767
0.00245748
0.00200755
0.00171427
0.00156036
0.00149166
0.00236031
0.0020339
0.00174563
0.00158223
0.00150686
0.0022546
0.00205994
0.00177864
0.00160592
0.00152303
0.00214015
0.00208572
0.00181442
0.00163262
0.00154113
0.0020163
0.00211097
0.00185413
0.00166372
0.00156236
0.00188198
0.0021351
0.00189886
0.00170091
0.00158833
0.00173577
0.00215711
0.00194948
0.00174603
0.00162103
0.00157604
0.00217535
0.00200641
0.00180102
0.00166302
0.00140135
0.00218705
0.00206909
0.00186754
0.00171716
0.00121131
0.00218819
0.0021354
0.00194641
0.00178659
0.00101151
0.00217288
0.00220079
0.00203633
0.00187307
0.000808447
0.00214279
0.00226009
0.00213355
0.00197617
0.000773211
0.00213122
0.00231523
0.00223404
0.00209371
0.000804414
0.00215495
0.00237476
0.0023362
0.00222246
0.000826587
0.00219647
0.00244119
0.00243786
0.00235761
0.000822613
0.002183
0.00249354
0.00252913
0.00248961
0.000797078
0.00186976
0.00247205
0.00259015
0.00260586
0.000780325
0.0014541
0.00216484
0.00247367
0.00256885
0.00167144
0.000906623
0.00100478
0.00107033
0.00112832
0.0025043
0.00174847
0.0022247
0.00284606
0.00341123
0.00189622
0.000940567
0.00113723
0.00139765
0.00163468
0.00224634
0.00106503
0.0012219
0.00147509
0.00174478
0.00261681
0.0012002
0.0013315
0.0015707
0.00186147
0.00300245
0.00134812
0.00145651
0.00168658
0.00198005
0.00338971
0.00150562
0.00159309
0.00181316
0.00209394
0.00376851
0.00166632
0.00173759
0.00194782
0.00220773
0.00413001
0.00182398
0.00188487
0.00208776
0.00232539
0.00446626
0.00197357
0.00202948
0.00222902
0.00245226
0.00476954
0.00211096
0.00216586
0.00236582
0.00258495
0.00503192
0.00223256
0.00228869
0.0024908
0.00271459
0.00524578
0.00233501
0.00239288
0.00259469
0.00282359
0.0054058
0.00241597
0.00247512
0.00267195
0.00289804
0.00551082
0.00247542
0.00253594
0.00272429
0.00294076
0.00556298
0.00251501
0.00257798
0.0027559
0.00295761
0.00556674
0.00253718
0.0026047
0.00277181
0.00295589
0.00552798
0.00254463
0.00261957
0.00277688
0.0029429
0.00545302
0.00253985
0.00262543
0.00277482
0.0029241
0.00534789
0.0025248
0.0026242
0.00276801
0.0029028
0.00521783
0.00250085
0.00261688
0.00275754
0.00288057
0.00506687
0.00246874
0.00260368
0.00274353
0.00285767
0.00489769
0.00242859
0.00258412
0.00272535
0.00283351
0.00471151
0.00238
0.00255721
0.00270186
0.002807
0.00450823
0.00232213
0.00252155
0.00267161
0.00277673
0.0042866
0.00225381
0.00247548
0.00263291
0.0027411
0.00404426
0.00217358
0.00241719
0.00258399
0.00269843
0.00377786
0.00207986
0.00234486
0.00252307
0.00264701
0.00348307
0.00197103
0.0022567
0.00244837
0.00258501
0.00315473
0.00184561
0.0021511
0.00235814
0.00251047
0.00278709
0.00170247
0.00202681
0.00225065
0.00242106
0.00237972
0.00154161
0.00188334
0.00212451
0.00231428
0.00197137
0.00136698
0.00172202
0.00197916
0.00218773
0.00175778
0.00119316
0.00154791
0.00181575
0.00203917
0.00165017
0.00102986
0.00136903
0.00163886
0.00187031
0.00164155
0.000881513
0.00119544
0.00145597
0.00168568
0.00167482
0.000812756
0.00104732
0.00127813
0.00149198
0.00169663
0.000816259
0.000920282
0.00111187
0.00129706
0.00168425
0.000808734
0.000816038
0.000965057
0.00111263
0.00164923
0.000805568
0.000846331
0.00086969
0.000983764
0.00162531
0.000835214
0.000906064
0.000943691
0.000982554
0.00249426
0.00183596
0.00200968
0.00208069
0.00212628
0.000999183
0.000721967
0.000808897
0.000889721
0.000716194
0.000391137
0.000452517
0.000513463
0.000797573
0.000442969
0.000518014
0.000575677
0.000874814
0.000488415
0.000564561
0.000608565
0.000625782
0.000957462
0.000528054
0.000599653
0.000633911
0.000631385
0.00105477
0.000568777
0.000635299
0.000663367
0.000652093
0.00116668
0.00061377
0.000675062
0.000699198
0.000684885
0.00129062
0.000662889
0.000718119
0.000738892
0.000723899
0.00142442
0.000716227
0.000764508
0.000782285
0.000768642
0.00156427
0.000773099
0.000813453
0.000828321
0.000817846
0.00170573
0.00083306
0.000864857
0.000876878
0.000872285
0.00184181
0.000894035
0.000916572
0.000924158
0.000924135
0.00196528
0.000953056
0.000967502
0.000968161
0.000966561
0.00207046
0.001007
0.00101732
0.00100993
0.00100293
0.00215387
0.00105405
0.00106499
0.00104975
0.00103532
0.00221409
0.00109264
0.00110875
0.00108671
0.00106427
0.00225173
0.00112172
0.00114633
0.00111905
0.00108935
0.00226911
0.0011409
0.00117483
0.00114512
0.00110945
0.00226993
0.00115061
0.00119237
0.00116369
0.00112359
0.00225894
0.00115241
0.0012006
0.00117454
0.00113156
0.0022412
0.0011485
0.00120162
0.00117852
0.00113397
0.00222133
0.00114125
0.00119777
0.0011773
0.00113168
0.00220294
0.00113283
0.00119139
0.00117305
0.00112702
0.00218847
0.00112497
0.00118454
0.00116794
0.00112217
0.00217913
0.00111885
0.00117883
0.00116382
0.00111883
0.00217509
0.00111511
0.00117539
0.00116206
0.00111835
0.00217558
0.00111386
0.00117475
0.00116343
0.00112156
0.002179
0.00111473
0.00117691
0.00116814
0.00112877
0.00218301
0.00111688
0.00118135
0.00117584
0.00113982
0.00218456
0.00111908
0.00118706
0.0011856
0.00115394
0.00217983
0.00111968
0.00119252
0.00119593
0.00116966
0.00216411
0.00111658
0.00119573
0.00120492
0.00118461
0.00213153
0.00110722
0.00119425
0.00121032
0.00119613
0.00207456
0.00108842
0.00118516
0.00120985
0.00120309
0.00198318
0.00105605
0.00116464
0.00120133
0.00120425
0.00184398
0.0010045
0.00112704
0.00118012
0.00119559
0.00164276
0.000928511
0.0010654
0.00113167
0.0011671
0.0013753
0.00082123
0.000968708
0.00104493
0.00109705
0.00110524
0.000676394
0.000831173
0.000910817
0.000973614
0.000983648
0.000512802
0.000636897
0.000716747
0.00078989
0.00151502
0.00106156
0.00113993
0.00126011
0.00140498
0.000656727
0.000342396
0.000388064
0.000446365
0.000347266
0.000912251
0.00142225
0.00170899
0.000396022
0.00134024
0.00192096
0.0022368
0.00044054
0.00161307
0.00220252
0.00249023
0.000482654
0.00175701
0.00235589
0.0026173
0.00254577
0.000528325
0.00184317
0.00244607
0.00268163
0.00257185
0.000577047
0.00188892
0.00249543
0.00271223
0.0025783
0.000628848
0.00190391
0.00251415
0.00271742
0.00257131
0.000683748
0.00189262
0.00250623
0.00270285
0.00255533
0.000741
0.00185606
0.0024719
0.00267192
0.00253739
0.000799585
0.00179584
0.00240907
0.00262041
0.00251314
0.000857444
0.00171267
0.00231651
0.0025483
0.00249348
0.000912061
0.00160134
0.00220056
0.00245539
0.00246012
0.000961049
0.00146844
0.00206889
0.00234641
0.00241161
0.00100224
0.00134511
0.00193133
0.00222818
0.00234853
0.00103401
0.00124455
0.00179712
0.00210923
0.00227667
0.00105563
0.00116795
0.00167348
0.00199777
0.00220505
0.00106747
0.00111211
0.001555
0.00189981
0.00214262
0.00107088
0.00107222
0.00143728
0.0018191
0.00209651
0.00106793
0.00104414
0.0013411
0.00175797
0.00207067
0.00106105
0.00102464
0.00127144
0.00171877
0.00206224
0.0010526
0.00101161
0.0012282
0.00169934
0.00206781
0.0010445
0.0010036
0.00120504
0.00169535
0.00208247
0.00103813
0.000999637
0.00119637
0.00170189
0.00210037
0.00103425
0.000998918
0.00119736
0.00171418
0.00211887
0.00103313
0.00100059
0.00120357
0.00172741
0.00213324
0.00103457
0.00100372
0.00121105
0.00173796
0.00214093
0.00103805
0.00100735
0.00121672
0.00174378
0.00214178
0.00104274
0.00101067
0.00121864
0.0017443
0.00213721
0.00104757
0.00101321
0.00121625
0.00174074
0.00212911
0.00105115
0.00101489
0.00120999
0.0017362
0.0021218
0.00105171
0.00101592
0.00120039
0.00173233
0.00211842
0.00104691
0.00101685
0.00118796
0.00173095
0.00210921
0.00103353
0.00101826
0.00117078
0.00173157
0.00208199
0.00100684
0.00102127
0.0011518
0.00171376
0.00203104
0.000959859
0.00102629
0.00113523
0.00165513
0.00194943
0.000883851
0.00103244
0.00111688
0.00151572
0.00182838
0.0007724
0.0010326
0.00110282
0.00138584
0.00163077
0.000633018
0.00102008
0.00109588
0.00129965
0.00147394
0.000535414
0.00097866
0.00108796
0.00124318
0.0013633
0.00112279
0.000597481
0.000653457
0.000700616
0.000749566
0.000678071
0.000346261
0.000385432
0.000510307
0.000361678
0.00119755
0.00171212
0.00196425
0.000410962
0.00169066
0.00235478
0.00268265
0.000457136
0.00197542
0.00269823
0.00300871
0.000502972
0.00214099
0.00288061
0.00316343
0.000551904
0.00224197
0.00298972
0.00324652
0.00308479
0.000603293
0.00229895
0.00305663
0.003292
0.00310005
0.000657102
0.00232256
0.00309266
0.00330797
0.0030957
0.000713271
0.00231641
0.00310182
0.00330222
0.00307676
0.000771023
0.00227973
0.00308476
0.00328338
0.00306276
0.000829619
0.00221257
0.00303916
0.00324763
0.00304999
0.000887561
0.00211431
0.00296404
0.00319707
0.00306031
0.000943008
0.00199523
0.00286749
0.00313055
0.00307334
0.00099393
0.00186581
0.00275756
0.00305516
0.00308362
0.0010381
0.00173231
0.00264353
0.00297741
0.00308635
0.0010736
0.00160238
0.00253313
0.00290659
0.00308501
0.00109932
0.00148595
0.00243328
0.00285072
0.00308845
0.0011151
0.00138881
0.00234804
0.00281557
0.00310482
0.00112183
0.00131278
0.00227887
0.00280437
0.00313869
0.00112137
0.00125693
0.00222755
0.00281713
0.00318923
0.00111614
0.00121917
0.00219595
0.0028471
0.00325017
0.00110871
0.00119688
0.00217591
0.00288489
0.00331186
0.00110131
0.00118721
0.0021679
0.00292382
0.00336485
0.00109556
0.0011871
0.00216985
0.00295948
0.00340083
0.00109243
0.00119347
0.00217875
0.00298751
0.00341571
0.00109227
0.00120317
0.00219058
0.0030036
0.00341135
0.00109495
0.00121309
0.00220007
0.00300654
0.00339062
0.00109999
0.00122058
0.00220375
0.00299672
0.00335667
0.00110664
0.00122384
0.00220049
0.00297468
0.00331195
0.00111396
0.00122227
0.00219284
0.00294243
0.00325606
0.00112085
0.00121605
0.00218392
0.00290323
0.00318595
0.00112589
0.001206
0.00217318
0.00285024
0.00310172
0.00112729
0.00119316
0.00216567
0.00276899
0.00300065
0.00112246
0.00117979
0.00213971
0.00266433
0.00288133
0.00110689
0.00117686
0.00206466
0.00253795
0.0027438
0.00107167
0.001165
0.00194292
0.00239339
0.0025933
0.00100954
0.00115099
0.00178429
0.00223589
0.00244019
0.000911891
0.00114312
0.00162106
0.00203335
0.00227328
0.000777357
0.0011478
0.00150365
0.00183713
0.00205898
0.000644639
0.00115058
0.00142351
0.00165678
0.0018069
0.00132745
0.00068196
0.000736557
0.000779634
0.000823357
0.000701826
0.00036164
0.000449996
0.000596079
0.000377015
0.00128819
0.00178289
0.00203867
0.000425754
0.00181268
0.00249155
0.0028183
0.000474149
0.00210343
0.00285036
0.00314208
0.000522957
0.00226519
0.00302286
0.00328234
0.000574779
0.00235844
0.00311543
0.00335609
0.00062899
0.00240787
0.00316758
0.00339069
0.00319117
0.00068543
0.00242423
0.00318969
0.00339274
0.00317358
0.000743839
0.00240957
0.00318357
0.00337108
0.00313598
0.000803229
0.00236149
0.00314902
0.00333838
0.00312072
0.000863008
0.00227972
0.00308307
0.00328723
0.00311484
0.000921959
0.0021637
0.00298593
0.00321833
0.00313366
0.000978538
0.00202672
0.00286991
0.00313418
0.00315354
0.00103095
0.00188044
0.00274245
0.00304581
0.00316455
0.00107693
0.00174275
0.00261193
0.00296556
0.00316569
0.00111355
0.00160938
0.00249512
0.00290487
0.00316889
0.0011399
0.00149516
0.00240544
0.00287356
0.00319011
0.0011565
0.00140689
0.00235131
0.00287723
0.00323806
0.00116459
0.0013458
0.0023368
0.0029166
0.00331239
0.00116497
0.00130135
0.00236042
0.00298635
0.00340395
0.00116015
0.0012703
0.00241601
0.00307539
0.003498
0.0011531
0.001259
0.00248198
0.00316833
0.00357879
0.00114626
0.00126467
0.00254895
0.00325122
0.00363509
0.00114133
0.00128192
0.00261198
0.00331319
0.00366246
0.0011392
0.00130521
0.00266671
0.00334752
0.0036604
0.00114009
0.00132895
0.00270656
0.00335674
0.0036317
0.00114367
0.00134864
0.00273063
0.00334384
0.00358107
0.00114932
0.00136139
0.00273943
0.00331122
0.00351308
0.00115623
0.00136622
0.0027365
0.00325773
0.00343121
0.00116355
0.00136334
0.00272267
0.00318352
0.00333754
0.00117044
0.00135381
0.00269224
0.00309212
0.00323371
0.00117615
0.00135096
0.00262881
0.00298466
0.00311949
0.00118
0.00136147
0.00253596
0.00286285
0.00299406
0.00118064
0.00138258
0.00242599
0.00272872
0.00285545
0.00117353
0.00138912
0.00230046
0.00258087
0.00270129
0.00115206
0.00136093
0.00215404
0.00241876
0.0025353
0.00110746
0.00130219
0.00198469
0.00224942
0.00237188
0.00102831
0.00123776
0.00179924
0.00209011
0.00223885
0.000909206
0.00119936
0.00165219
0.00194849
0.00212664
0.000767574
0.00120404
0.00154583
0.00177795
0.00191386
0.00155261
0.000758817
0.000810141
0.000852797
0.000894728
0.000718181
0.000377892
0.000542324
0.000687271
0.000388806
0.00134609
0.00185365
0.00211066
0.00043984
0.00190336
0.00259181
0.00291561
0.000493156
0.00219985
0.00293587
0.00321663
0.000546603
0.00234487
0.00309072
0.00333316
0.000602991
0.00242187
0.00316572
0.00339286
0.000660634
0.00245793
0.00319798
0.00341668
0.000718979
0.00246253
0.00320093
0.00340562
0.00320097
0.000777696
0.00243563
0.00317339
0.00336947
0.00315746
0.000836067
0.00237368
0.00311388
0.00332192
0.00315444
0.000894532
0.00227689
0.00301947
0.00324957
0.00315722
0.000951972
0.00214468
0.00289304
0.00315261
0.00318053
0.00100701
0.00199433
0.00274435
0.00304427
0.00319059
0.00105612
0.00181424
0.00258924
0.00294001
0.00317628
0.00109759
0.00164485
0.00244975
0.0028571
0.00315217
0.00113009
0.00150533
0.00234147
0.0028083
0.0031439
0.00115312
0.0014006
0.0022751
0.00280155
0.00317042
0.00116727
0.00132906
0.00225597
0.00283715
0.00323258
0.00117397
0.00128684
0.00228437
0.00290914
0.0033201
0.00117509
0.00127163
0.00235451
0.00300511
0.00341602
0.00117279
0.00128129
0.00245529
0.00310863
0.00350219
0.00116811
0.0013039
0.00256983
0.00320294
0.00356398
0.00116287
0.0013292
0.00268077
0.00327571
0.00359442
0.00115937
0.00135723
0.00277403
0.0033208
0.00359407
0.00115859
0.00138948
0.00283798
0.00333626
0.00356644
0.00116055
0.001419
0.00287667
0.00332421
0.00351664
0.00116465
0.00144161
0.00289343
0.00328866
0.00345028
0.00117005
0.00145939
0.00288649
0.00323336
0.00337214
0.00117591
0.00147923
0.002853
0.00316172
0.00328596
0.00118153
0.00150519
0.00279853
0.00307777
0.00319422
0.00118659
0.00154425
0.00272933
0.00298556
0.0030981
0.00119146
0.00160467
0.00265257
0.00288781
0.00299642
0.00119749
0.00169693
0.00257283
0.00278423
0.0028858
0.00120498
0.00179258
0.00248493
0.00266905
0.00275939
0.00120897
0.0018278
0.00237395
0.00253377
0.00261142
0.00120178
0.00177094
0.00222941
0.00237646
0.00244518
0.00117415
0.00162747
0.00205131
0.00220425
0.00227585
0.00111488
0.00143265
0.00183771
0.00202452
0.00212301
0.00101798
0.00127159
0.00163812
0.0018683
0.00201618
0.000888452
0.00119847
0.00151278
0.00172032
0.00184507
0.00179351
0.000844511
0.000888409
0.000931667
0.000973548
0.000741564
0.000423703
0.000629358
0.000772492
0.000400076
0.00138839
0.00194193
0.00219618
0.000456201
0.00197822
0.0026914
0.00301054
0.000518991
0.00227554
0.00300768
0.00328239
0.000580202
0.00240763
0.00313616
0.00337484
0.000640345
0.00246735
0.00319466
0.00342209
0.000699585
0.0024899
0.00320787
0.00343818
0.00075801
0.00248184
0.0031916
0.0034191
0.000815662
0.00244146
0.00314188
0.00337273
0.00322046
0.000871648
0.00236535
0.00305661
0.00331023
0.00323453
0.0009257
0.00225547
0.00293496
0.00321448
0.00323417
0.000978201
0.00210798
0.00277978
0.00309306
0.00325501
0.0010265
0.00192236
0.00261634
0.00297145
0.00324413
0.00106843
0.001744
0.00246938
0.00286774
0.00319715
0.00110239
0.00159958
0.00235962
0.00280308
0.00315559
0.00112764
0.00149579
0.00229611
0.00278544
0.00315138
0.00114439
0.00143052
0.00228189
0.00281385
0.00319213
0.00115376
0.00139853
0.00231322
0.00287793
0.00326275
0.0011575
0.00139477
0.00238235
0.0029639
0.00334488
0.00115762
0.00141285
0.00247757
0.00305555
0.0034209
0.00115607
0.00144842
0.00258405
0.00313753
0.00347723
0.00115426
0.00149928
0.00268671
0.00319867
0.00350633
0.00115245
0.00155304
0.00277234
0.0032337
0.00350725
0.00115164
0.00159793
0.0028336
0.00324257
0.00348378
0.00115281
0.00163538
0.00286811
0.00322788
0.00344078
0.00115585
0.00166802
0.00287729
0.00319369
0.00338341
0.00116006
0.00169993
0.00286499
0.00314473
0.00331654
0.00116461
0.00173737
0.00283601
0.0030857
0.00324439
0.00116888
0.00178877
0.00279607
0.00302126
0.0031702
0.00117291
0.00186397
0.00275128
0.00295513
0.00309565
0.00117802
0.00196943
0.0027047
0.00288803
0.00301941
0.00118581
0.00208378
0.00265439
0.00281682
0.0029373
0.00119624
0.00215868
0.00259051
0.00273399
0.00284191
0.00120624
0.00215331
0.00249986
0.00263002
0.00272364
0.00121225
0.00208074
0.00238083
0.00250137
0.0025788
0.00120986
0.00196458
0.00224014
0.00235324
0.0024142
0.00119336
0.00181189
0.00208156
0.00219539
0.00224805
0.00115372
0.00159259
0.00188667
0.00202238
0.00208792
0.00108592
0.00133587
0.00161961
0.00180781
0.00193507
0.000987716
0.00118277
0.00144517
0.00162868
0.00174233
0.00201908
0.000935201
0.00097159
0.00101694
0.00106091
0.000802407
0.000511526
0.00070912
0.000848583
0.000424476
0.0014309
0.00204477
0.00229142
0.000490478
0.00204355
0.00278583
0.00310247
0.000558255
0.00233572
0.0030665
0.00334194
0.00062115
0.0024551
0.00316885
0.00341421
0.000681648
0.00250127
0.00320953
0.00345068
0.000739943
0.00251185
0.00320474
0.00346176
0.000796163
0.00249186
0.00317035
0.00343992
0.000850401
0.00243926
0.00310011
0.00338632
0.00090192
0.00235192
0.00299285
0.00330799
0.00334998
0.000951131
0.00223306
0.00285208
0.00319205
0.0033381
0.000996574
0.00206221
0.00268479
0.00305965
0.00335324
0.00103639
0.00188707
0.00253691
0.0029406
0.00331584
0.00106899
0.00174274
0.00242728
0.00285555
0.00324246
0.00109334
0.00164513
0.00237
0.0028246
0.00320345
0.00110952
0.00159307
0.00236322
0.00284366
0.00321768
0.0011186
0.00158145
0.00240046
0.00289926
0.00327113
0.00112233
0.00160324
0.0024688
0.00297293
0.00333805
0.00112273
0.00165156
0.00255401
0.00304893
0.00340192
0.00112174
0.001719
0.00264161
0.00311405
0.00345118
0.00112094
0.00179715
0.00271994
0.00315979
0.00347954
0.00112128
0.00187511
0.00278136
0.00318297
0.00348534
0.0011229
0.00194144
0.00282245
0.00318476
0.00347042
0.00112572
0.00199616
0.00284324
0.00316823
0.00343851
0.00112925
0.00203459
0.00284527
0.00313748
0.00339388
0.00113344
0.00206837
0.00283262
0.00309694
0.00334067
0.00113793
0.00210687
0.00280985
0.003051
0.00328284
0.00114245
0.00215681
0.00278129
0.00300347
0.00322373
0.00114717
0.00221914
0.00275067
0.00295709
0.00316534
0.00115249
0.0022819
0.00271782
0.00291168
0.00310732
0.00115798
0.00230684
0.00267564
0.00286237
0.00304545
0.00116287
0.00228567
0.00261858
0.00280328
0.00297386
0.00116597
0.00223251
0.0025474
0.00272934
0.00288445
0.00116583
0.0021614
0.00246416
0.00263641
0.00276859
0.0011633
0.00208248
0.00237033
0.0025236
0.00262471
0.00115965
0.00199705
0.00226609
0.00239473
0.00246111
0.00115458
0.00189487
0.00215107
0.00226042
0.00230103
0.00113689
0.00175074
0.00201752
0.00212675
0.00215669
0.0011026
0.00143756
0.00170096
0.00185297
0.00194427
0.00105222
0.00120055
0.00142096
0.0015745
0.00166411
0.00219957
0.00102386
0.00105766
0.00110753
0.001156
0.000916107
0.000595082
0.000781123
0.000914323
0.000479916
0.00147502
0.00214508
0.00239213
0.000542839
0.00210554
0.00286947
0.00318942
0.000607379
0.00238701
0.00311191
0.00339575
0.000667313
0.00249224
0.003188
0.0034517
0.000724786
0.00252646
0.00321164
0.00348085
0.000779711
0.00252618
0.00319137
0.00348825
0.00083191
0.00249538
0.00314098
0.00346687
0.000881246
0.00243276
0.00305455
0.00340871
0.000926797
0.00233834
0.00293371
0.00331646
0.000969094
0.00221094
0.00278341
0.00319354
0.0034638
0.00100628
0.00204206
0.00262845
0.00306284
0.00347287
0.0010359
0.00190022
0.00251681
0.00295871
0.0034084
0.00105737
0.00180504
0.00245585
0.0029022
0.00332402
0.00107127
0.00176307
0.00245022
0.00290501
0.00330334
0.00107811
0.00176652
0.00248641
0.00294834
0.00333295
0.00107981
0.00180636
0.00254968
0.00301064
0.00338722
0.00107862
0.00187073
0.00262311
0.00307409
0.00344451
0.00107664
0.00194756
0.00269348
0.00312791
0.00349322
0.00107538
0.00202561
0.00275122
0.00316549
0.00352684
0.0010757
0.00209641
0.00279155
0.00318455
0.00354294
0.00107781
0.00215472
0.0028134
0.00318593
0.00354175
0.00108143
0.00219921
0.00281911
0.00317265
0.00352531
0.00108609
0.00223165
0.00281238
0.00314858
0.00349674
0.00109121
0.00225531
0.00279674
0.00311749
0.00345956
0.00109637
0.00227336
0.00277538
0.00308297
0.00341711
0.00110123
0.0022874
0.00275079
0.00304801
0.00337234
0.00110551
0.00229542
0.00272409
0.00301447
0.00332726
0.00110885
0.00229383
0.00269585
0.00298275
0.00328231
0.0011105
0.00227858
0.00266519
0.0029511
0.00323567
0.0011091
0.00225014
0.00263163
0.00291593
0.00318289
0.00110292
0.00221418
0.00259537
0.00287256
0.00311729
0.00109283
0.00217843
0.00255538
0.00281478
0.00302886
0.00108601
0.00214799
0.0025083
0.00273596
0.0029072
0.00111175
0.00212133
0.00244943
0.0026336
0.00275202
0.0011776
0.00208976
0.0023762
0.0025136
0.00257773
0.00122473
0.00203483
0.00229236
0.00239306
0.00241416
0.00117118
0.00194204
0.00220594
0.00228712
0.0022798
0.00108781
0.00174058
0.0020347
0.0021042
0.00207967
0.00107364
0.00128679
0.00149147
0.00160139
0.00163674
0.00231166
0.00109626
0.00113796
0.00119733
0.00125401
0.00107326
0.000668841
0.000843117
0.000969546
0.000543821
0.00152742
0.00224232
0.00249689
0.000599576
0.00216938
0.0029439
0.00327092
0.000658204
0.00243371
0.00314604
0.00344526
0.000713048
0.00252339
0.00319602
0.00348904
0.000765773
0.0025459
0.00320266
0.00351463
0.000815994
0.00253496
0.00317174
0.00352049
0.000863225
0.00249457
0.00310914
0.00349906
0.000906982
0.00242483
0.00301362
0.00344078
0.000946193
0.00232775
0.00288592
0.00334456
0.000981581
0.00219164
0.00274457
0.00322681
0.0010104
0.00204629
0.00261671
0.00310681
0.00361464
0.00102993
0.00194987
0.00254732
0.00302361
0.00352772
0.00103947
0.00190534
0.0025288
0.00299535
0.00345375
0.00104026
0.00191155
0.00255644
0.00301868
0.00344813
0.0010366
0.00195289
0.00260963
0.00306722
0.0034844
0.00103131
0.00201552
0.00267036
0.00312302
0.00353782
0.00102586
0.00208481
0.00272625
0.0031733
0.00359124
0.00102198
0.00214919
0.00277065
0.00321205
0.00363641
0.00102048
0.00220202
0.00280047
0.00323655
0.00366904
0.00102146
0.00224066
0.00281561
0.00324681
0.00368763
0.00102448
0.00226499
0.00281767
0.00324447
0.00369239
0.00102886
0.0022772
0.0028096
0.0032323
0.00368485
0.0010339
0.00228049
0.00279467
0.00321352
0.00366752
0.00103893
0.00227782
0.00277589
0.00319132
0.00364346
0.00104337
0.00227121
0.00275587
0.00316863
0.00361548
0.00104662
0.00226184
0.00273678
0.00314782
0.00358586
0.00104792
0.002249
0.00272003
0.00313015
0.00355579
0.00104603
0.00223462
0.00270705
0.00311549
0.00352472
0.00103939
0.00222031
0.00269789
0.00310148
0.00348956
0.00102824
0.00221114
0.00269183
0.00308357
0.00344435
0.00102007
0.00221382
0.00268658
0.00305482
0.00337939
0.00105387
0.00223005
0.00267585
0.00300567
0.00328129
0.00116829
0.00225791
0.00265143
0.00292694
0.00313718
0.00133158
0.00228016
0.00260637
0.00281622
0.00294866
0.00148015
0.00227642
0.00254081
0.00268356
0.00273861
0.00155114
0.00223965
0.00246657
0.00255316
0.0025475
0.00147352
0.00217232
0.00239805
0.00244513
0.00239502
0.00115294
0.00206393
0.00231167
0.00232
0.00221354
0.00106521
0.00155276
0.00179226
0.00181688
0.00170504
0.00234677
0.00114454
0.0012056
0.00127904
0.00134266
0.00121651
0.000731061
0.000894903
0.00101477
0.000602979
0.00159292
0.00233692
0.00260443
0.000652034
0.00223639
0.00300754
0.00334672
0.000704775
0.00247674
0.00316873
0.00349189
0.000754111
0.00254935
0.00319481
0.00352821
0.000801575
0.00256075
0.00318598
0.00355446
0.000846765
0.00253869
0.00314723
0.00356262
0.000889011
0.00249024
0.00308084
0.00354298
0.000927517
0.00241668
0.0029831
0.00348716
0.000961627
0.00231088
0.00286206
0.00339711
0.000991479
0.00218401
0.00274084
0.00329475
0.00101329
0.00207246
0.00264594
0.00319179
0.00102415
0.00201996
0.00261285
0.00313038
0.00368964
0.00102353
0.00201332
0.0026218
0.00311987
0.0036276
0.0010127
0.00204416
0.00266062
0.00315099
0.00363327
0.000995068
0.00209164
0.00270878
0.0031991
0.00367682
0.000976232
0.00214401
0.00275576
0.00325032
0.00373562
0.000962533
0.0021916
0.00279473
0.00329592
0.00379522
0.00095483
0.00222824
0.00282329
0.00333212
0.00384846
0.000951635
0.00225394
0.00284104
0.00335732
0.0038913
0.000952134
0.00226947
0.00284882
0.00337161
0.00392197
0.000955078
0.00227584
0.00284829
0.00337632
0.00394027
0.000959246
0.00227489
0.00284178
0.00337373
0.00394745
0.000963607
0.00226871
0.00283196
0.0033667
0.00394588
0.000967272
0.00225938
0.00282147
0.00335826
0.00393854
0.000969412
0.00224898
0.00281292
0.00335124
0.00392808
0.000969258
0.00224009
0.00280885
0.00334785
0.00391645
0.000966331
0.00223607
0.00281137
0.00334905
0.00390417
0.00096176
0.00224146
0.00282163
0.00335386
0.00388949
0.000963716
0.00226001
0.00283836
0.00335839
0.00386732
0.00100922
0.00229511
0.00285745
0.00335554
0.00382879
0.00114024
0.002349
0.00287228
0.00333509
0.00375953
0.00133307
0.00240789
0.00287222
0.00328434
0.00364151
0.00154338
0.00245052
0.00284721
0.00319188
0.00345759
0.00174052
0.00246832
0.00279474
0.00305569
0.00321057
0.00188963
0.00246042
0.00272082
0.00288883
0.00293348
0.0019485
0.00243144
0.0026409
0.00272155
0.00268283
0.00186628
0.00238777
0.00257242
0.00258414
0.00249185
0.00157199
0.00232363
0.0025079
0.00246572
0.0023181
0.00108229
0.0021232
0.00229296
0.00214337
0.00187578
0.00233554
0.00117973
0.00125707
0.00134043
0.00141284
0.00133699
0.000781731
0.000937005
0.00105073
0.000653427
0.00167029
0.00242811
0.00271317
0.00069696
0.00230408
0.00305898
0.00341678
0.000744348
0.00251382
0.00318058
0.00353697
0.000788251
0.00256774
0.00318662
0.00357094
0.000830519
0.00256761
0.00316707
0.00360248
0.000871119
0.00253685
0.00312403
0.00361758
0.000909365
0.00248262
0.00305749
0.00360514
0.00094455
0.00240374
0.00296739
0.00355853
0.000976769
0.00229413
0.00286442
0.00348195
0.00100353
0.00219211
0.00277132
0.00339795
0.00102057
0.00211588
0.00270903
0.00331436
0.00102484
0.0020966
0.00269956
0.00326883
0.00101605
0.00210938
0.00272062
0.00327026
0.00384579
0.00099578
0.00214394
0.00276029
0.0033076
0.00386466
0.000967555
0.00217922
0.00280296
0.00335953
0.0039214
0.00093597
0.00221011
0.00284239
0.00341462
0.00399433
0.000906083
0.00223429
0.00287525
0.00346578
0.00406963
0.000883737
0.00225299
0.00290081
0.00350956
0.00413982
0.000871986
0.0022669
0.00291887
0.00354408
0.00420029
0.000868713
0.00227591
0.00292989
0.00356899
0.00424876
0.000870987
0.0022806
0.00293528
0.00358536
0.00428485
0.000876246
0.00228214
0.00293717
0.00359543
0.00430994
0.000882773
0.00228226
0.00293817
0.00360229
0.00432675
0.000890007
0.00228316
0.00294111
0.00360932
0.00433866
0.000899096
0.00228767
0.00294876
0.00361963
0.00434863
0.000914659
0.00229955
0.00296352
0.00363539
0.00435854
0.000948694
0.00232376
0.00298686
0.00365706
0.00436834
0.00102498
0.00236567
0.00301843
0.00368253
0.00437496
0.00116616
0.0024259
0.00305438
0.003706
0.00437075
0.00135217
0.00249354
0.00308658
0.00371765
0.00434277
0.00156489
0.00255492
0.00310562
0.00370397
0.00427003
0.00178082
0.00260084
0.00310309
0.00364947
0.00412717
0.00198739
0.00262663
0.00307253
0.00353899
0.00388883
0.00216827
0.00263158
0.00301139
0.00336624
0.00355516
0.00230205
0.00261859
0.00292339
0.00314271
0.00316982
0.0023578
0.00259474
0.00282197
0.00290385
0.00281339
0.00228857
0.00256889
0.00272553
0.0026923
0.00254055
0.00201998
0.00253316
0.00262866
0.00251407
0.0023242
0.00142146
0.00235099
0.00240391
0.00224873
0.00198418
0.00239958
0.00118461
0.00127551
0.00136828
0.00145339
0.00143284
0.000821309
0.000970217
0.00107815
0.000694448
0.00175511
0.00251603
0.00282107
0.000733521
0.00236746
0.00309718
0.00348103
0.000775737
0.00254047
0.00318242
0.00358148
0.000814219
0.00257423
0.00317374
0.00361839
0.000851823
0.00256243
0.0031498
0.00365994
0.000889359
0.00252459
0.00310915
0.00368697
0.000926522
0.0024657
0.00305088
0.00368757
0.000963403
0.00238227
0.00297602
0.00365642
0.000997114
0.00229111
0.00289629
0.00359856
0.00102399
0.00221806
0.00283046
0.00353497
0.00103989
0.00217279
0.00279393
0.00346937
0.00104219
0.00217493
0.00280001
0.00343754
0.00103161
0.00219512
0.00282911
0.00345088
0.00101124
0.00222495
0.0028716
0.00349849
0.00415029
0.000986664
0.00225336
0.00291621
0.00356135
0.00422765
0.00096427
0.00227904
0.00295873
0.00362881
0.00432307
0.000949505
0.0023012
0.00299631
0.00369363
0.00442201
0.000945618
0.00232028
0.00302773
0.00375165
0.00451595
0.000951072
0.00233636
0.00305243
0.00380037
0.00459947
0.000963728
0.00234964
0.00307082
0.00383906
0.00466984
0.000981564
0.00236112
0.00308433
0.00386872
0.0047267
0.00100449
0.0023724
0.00309533
0.00389194
0.00477189
0.00103352
0.00238582
0.00310683
0.00391248
0.00480895
0.00107252
0.00240419
0.00312201
0.00393458
0.00484223
0.00112714
0.00243039
0.00314371
0.00396208
0.00487553
0.00120377
0.00246661
0.00317367
0.00399751
0.0049113
0.00130856
0.00251345
0.00321187
0.00404112
0.00494936
0.00144556
0.002569
0.00325601
0.00408998
0.00498546
0.00161349
0.00262841
0.00330134
0.00413706
0.00500908
0.00180457
0.00268494
0.00334117
0.00417063
0.00500201
0.00200982
0.00273196
0.00336764
0.00417331
0.00493395
0.0022168
0.00276436
0.00337227
0.00412325
0.00476735
0.00241246
0.00277938
0.00334613
0.00399609
0.00446189
0.00258223
0.00277713
0.00328164
0.00377617
0.00401023
0.00270812
0.00276107
0.00317605
0.00347091
0.00346698
0.00276492
0.0027392
0.0030381
0.00312386
0.00294991
0.0027128
0.00272356
0.00288907
0.00279973
0.00255353
0.00248171
0.00271585
0.00274033
0.00253426
0.00227341
0.00194386
0.00259177
0.00250043
0.00224735
0.00198759
0.00276039
0.0014201
0.00154104
0.00148706
0.00150798
0.00150502
0.000850436
0.000994645
0.00109842
0.000726504
0.00184625
0.00259803
0.0029254
0.000761598
0.00242077
0.00312153
0.00353934
0.000798223
0.00255102
0.00317542
0.00362597
0.000831316
0.00256517
0.00315852
0.00367098
0.000865841
0.00254248
0.0031371
0.00372712
0.000904216
0.00249924
0.00310584
0.00377093
0.000946763
0.00243905
0.00306254
0.00378998
0.000989962
0.00237016
0.0030084
0.00377969
0.00102899
0.00230639
0.00295344
0.00374465
0.00106075
0.00226083
0.00291239
0.00370339
0.00108204
0.00224167
0.0028971
0.00365605
0.00109208
0.00225604
0.00291599
0.00363887
0.0010941
0.00228228
0.00295401
0.00366697
0.00109452
0.00231563
0.00300381
0.00373008
0.00110079
0.00234974
0.00305644
0.00381026
0.00460254
0.00111909
0.00238334
0.00310781
0.00389645
0.00472806
0.00114957
0.00241469
0.00315464
0.00398055
0.00485753
0.00118989
0.0024427
0.00319501
0.00405736
0.00498109
0.00123109
0.00246681
0.00322797
0.00412354
0.00509237
0.00127142
0.00248737
0.00325377
0.00417792
0.00518819
0.00131099
0.0025058
0.00327397
0.00422152
0.00526835
0.00135181
0.00252406
0.00329126
0.00425746
0.00533539
0.00139738
0.00254453
0.00330911
0.00429057
0.00539408
0.00145241
0.00256968
0.00333129
0.00432652
0.00545034
0.00152249
0.00260163
0.00336109
0.00437072
0.00550963
0.00161329
0.00264151
0.00340063
0.00442715
0.00557586
0.00172946
0.00268891
0.00345015
0.00449701
0.00564957
0.00187315
0.00274144
0.00350773
0.00457756
0.00572572
0.00204245
0.00279496
0.00356922
0.00466061
0.00579045
0.0022311
0.00284437
0.00362841
0.00473119
0.00581852
0.00243037
0.00288451
0.00367693
0.00476523
0.00576704
0.00262906
0.00291136
0.00370405
0.00473043
0.00558114
0.00281502
0.00292262
0.00369562
0.00458814
0.0052009
0.00297523
0.0029184
0.00363549
0.00430877
0.00460509
0.00309465
0.00290167
0.00350993
0.00389407
0.00385425
0.00315267
0.00287976
0.00331911
0.00340045
0.00311316
0.00311538
0.00286623
0.00308816
0.002928
0.00254803
0.00291621
0.00287538
0.00286078
0.00256373
0.002193
0.00241829
0.00283315
0.00263879
0.00230548
0.00196082
0.00371782
0.00199493
0.002141
0.00197012
0.00169051
0.00155533
0.000869934
0.00101102
0.00111249
0.000750285
0.00194251
0.00267086
0.00302332
0.000781015
0.00245348
0.00313196
0.00359141
0.000811362
0.00254496
0.00316135
0.00367047
0.000839731
0.00254099
0.00314342
0.00372845
0.000875507
0.00251026
0.00313144
0.00380336
0.000923249
0.00246558
0.0031158
0.00386842
0.000976686
0.00242056
0.00309261
0.00391084
0.00103019
0.00237617
0.00306191
0.00392616
0.00107964
0.00233896
0.0030316
0.00391782
0.00112358
0.00231779
0.00301347
0.00390168
0.00116046
0.00231867
0.00301675
0.00387483
0.00119275
0.00234501
0.00304839
0.00387555
0.00122547
0.00238084
0.00309719
0.00392287
0.00126628
0.00242247
0.003157
0.00400711
0.00131745
0.00246446
0.00321991
0.00411056
0.00137818
0.0025044
0.00328156
0.00422125
0.00521507
0.00143962
0.00254037
0.00333833
0.00432987
0.00538157
0.00149949
0.00257155
0.00338784
0.00442991
0.00554019
0.00155567
0.00259811
0.00342877
0.00451703
0.0056836
0.00160808
0.00262097
0.00346114
0.00458946
0.00580823
0.00165833
0.00264169
0.00348653
0.00464819
0.00591406
0.00170924
0.00266232
0.00350802
0.00469705
0.00600449
0.0017647
0.00268516
0.00352988
0.0047423
0.0060858
0.00182944
0.00271252
0.00355694
0.00479173
0.00616595
0.00190867
0.00274622
0.00359374
0.00485325
0.0062528
0.00200741
0.00278711
0.00364365
0.00493337
0.00635262
0.00212943
0.00283457
0.00370812
0.00503529
0.00646749
0.00227597
0.00288631
0.00378625
0.00515701
0.00659201
0.0024448
0.0029386
0.00387461
0.00528892
0.00670855
0.00262992
0.00298694
0.00396709
0.00541133
0.00678325
0.00282267
0.0030269
0.00405397
0.00549061
0.00675821
0.00301245
0.00305506
0.00412078
0.00547964
0.0065582
0.00318801
0.00306945
0.00414545
0.00532053
0.00610173
0.00333786
0.00306976
0.00409874
0.00496578
0.00534824
0.0034495
0.00305736
0.00395002
0.00441211
0.00435741
0.00350628
0.00303657
0.00368622
0.00373753
0.00334867
0.00347965
0.00301793
0.00333802
0.00308943
0.00257297
0.00330785
0.00302099
0.00298911
0.00260714
0.00211315
0.00285144
0.00301444
0.00274091
0.00234926
0.00188145
0.00474043
0.00247563
0.00260729
0.00231072
0.00175695
0.00158605
0.000880749
0.00102052
0.00112088
0.000766415
0.00203477
0.00273106
0.00311201
0.000791819
0.00246362
0.00312942
0.00363674
0.000815034
0.00252176
0.0031422
0.00371449
0.000841857
0.00250183
0.00313062
0.00378979
0.000889568
0.00246718
0.00313442
0.00388711
0.000952735
0.00244079
0.00313941
0.00397729
0.00102143
0.00241868
0.00313919
0.00404734
0.0010905
0.00239846
0.00313303
0.00409261
0.00115711
0.00238534
0.00312723
0.00411516
0.00122235
0.00238571
0.00313122
0.0041282
0.0012859
0.00240412
0.00315243
0.00412644
0.00135302
0.00244209
0.00319782
0.00415069
0.00142525
0.00248683
0.00325916
0.00422362
0.00150731
0.00253443
0.00333121
0.00433612
0.00158942
0.00258022
0.00340683
0.00447025
0.00167044
0.00262217
0.00348144
0.00461267
0.00174709
0.00265924
0.00355091
0.00475249
0.00599562
0.00181786
0.00269121
0.00361206
0.00488159
0.00619397
0.00188276
0.00271845
0.00366279
0.00499436
0.00637332
0.00194297
0.00274201
0.00370266
0.00508827
0.00652986
0.00200073
0.00276351
0.00373324
0.00516423
0.00666377
0.00205911
0.00278503
0.00375817
0.0052268
0.00677916
0.00212199
0.0028089
0.00378284
0.00528392
0.00688367
0.00219383
0.00283741
0.00381367
0.00534596
0.00698741
0.00227939
0.00287236
0.00385714
0.00542418
0.00710098
0.00238303
0.00291458
0.00391865
0.00552863
0.00723369
0.00250784
0.00296349
0.0040016
0.0056655
0.00738994
0.00265447
0.003017
0.0041068
0.00583415
0.00756447
0.00282036
0.00307178
0.00423197
0.00602331
0.00773566
0.00299955
0.0031239
0.00437111
0.00620708
0.00785999
0.00318348
0.00316967
0.00451263
0.00633922
0.00786317
0.00336201
0.0032064
0.00463654
0.00635347
0.00764938
0.00352471
0.00323242
0.00470917
0.00616879
0.00711824
0.00366151
0.00324668
0.00468215
0.00571873
0.00620976
0.00376215
0.00324768
0.00450118
0.00500139
0.00499694
0.00381351
0.00323326
0.00413823
0.00412785
0.00373043
0.00379225
0.00320448
0.00364007
0.00330079
0.00272889
0.00364299
0.00317759
0.00314124
0.00269857
0.00214074
0.00322693
0.00315507
0.00283289
0.00240849
0.00185915
0.00561836
0.00287508
0.00298062
0.00256002
0.00178274
0.00160004
0.000884169
0.00102465
0.00112383
0.000775407
0.00210632
0.00277532
0.00318841
0.000794006
0.00245561
0.00311562
0.00367451
0.000810049
0.00248234
0.00312026
0.003757
0.000846344
0.00244904
0.00312218
0.00385327
0.000913352
0.0024334
0.00314697
0.00397582
0.000997945
0.00243047
0.00317506
0.00409402
0.00108687
0.00243138
0.00319927
0.00419511
0.00117745
0.00243394
0.00321863
0.00427428
0.00126791
0.00244262
0.00323793
0.00433226
0.00136225
0.00246188
0.00326466
0.00437996
0.00145871
0.00249498
0.00330503
0.0044105
0.00156357
0.00254197
0.00336674
0.00446668
0.00166846
0.00259241
0.00344416
0.00457412
0.0017724
0.00264299
0.00353302
0.004724
0.0018725
0.00269026
0.00362654
0.00489767
0.00196606
0.00273325
0.00371961
0.00508006
0.00205174
0.00277123
0.00380694
0.0052584
0.00212951
0.00280405
0.00388403
0.00542286
0.00692598
0.0022005
0.00283201
0.00394765
0.00556654
0.00714413
0.0022666
0.00285612
0.00399677
0.00568611
0.00733584
0.00233041
0.00287802
0.004033
0.00578227
0.0075013
0.00239503
0.00289991
0.00406075
0.00586011
0.00764471
0.00246411
0.00292426
0.00408686
0.00592908
0.00777426
0.00254168
0.00295348
0.00411979
0.00600225
0.00790145
0.00263186
0.00298955
0.00416859
0.00609464
0.00803932
0.00273829
0.00303347
0.00424151
0.00622073
0.0082004
0.00286341
0.00308495
0.00434473
0.00639062
0.00839204
0.00300738
0.0031423
0.00448153
0.00660562
0.00860968
0.00316738
0.00320281
0.00465135
0.00685259
0.00882796
0.00333749
0.00326338
0.00484841
0.00709781
0.00899337
0.00350933
0.00332137
0.00505838
0.00727964
0.00901502
0.00367324
0.00337511
0.00525315
0.00730952
0.00877784
0.00381958
0.00342349
0.00538236
0.00708275
0.00816762
0.00393956
0.00346455
0.00537122
0.00651992
0.007125
0.00402488
0.00349226
0.00513643
0.00563144
0.00573667
0.00406564
0.0034926
0.00464101
0.00456454
0.00427188
0.00404413
0.00344755
0.00397272
0.00359046
0.00311072
0.00391414
0.00336382
0.00332306
0.00288557
0.0023877
0.0035422
0.00327753
0.0029384
0.00252413
0.00202697
0.00635356
0.00320003
0.00327194
0.00274271
0.0019961
0.00160106
0.000882727
0.00102496
0.00112198
0.000777861
0.0021431
0.00280016
0.00324894
0.000787403
0.00243072
0.00309294
0.00370339
0.000800827
0.00242929
0.00309817
0.00379631
0.000858022
0.00240321
0.00312003
0.00391631
0.000953322
0.00241327
0.00316823
0.00406557
0.00106492
0.00243391
0.00322052
0.00421336
0.00117811
0.00245647
0.00327022
0.00434772
0.00129524
0.0024798
0.00331635
0.00446389
0.00141331
0.00250771
0.00336246
0.00456177
0.00153953
0.00254282
0.00341445
0.00465042
0.00166713
0.00258739
0.00347777
0.00472253
0.00179456
0.00264088
0.00356127
0.00482143
0.00191949
0.00269508
0.0036614
0.00497387
0.00203841
0.00274812
0.00377468
0.00517065
0.00214899
0.00279761
0.00389407
0.00539212
0.00224992
0.00284282
0.00401312
0.00562141
0.0023411
0.002883
0.00412482
0.0058442
0.00242354
0.00291773
0.00422296
0.00604942
0.00249911
0.00294701
0.00430304
0.00622931
0.00794947
0.00257019
0.00297176
0.00436338
0.00637981
0.00818141
0.00263951
0.00299376
0.00440575
0.00650109
0.00838548
0.00271005
0.00301546
0.00443556
0.00659813
0.00856463
0.00278501
0.00303962
0.00446136
0.0066811
0.00872581
0.00286783
0.00306896
0.00449403
0.0067651
0.0088801
0.0029618
0.00310579
0.00454569
0.0068688
0.00904159
0.00306972
0.00315152
0.00462814
0.00701137
0.00922545
0.00319328
0.00320636
0.00475121
0.00720751
0.00944216
0.00333214
0.00326933
0.00492139
0.00746103
0.00968866
0.0034833
0.00333867
0.00514033
0.00775675
0.00993677
0.00364093
0.00341252
0.00540234
0.00805204
0.0101241
0.00379702
0.00348974
0.00568882
0.0082682
0.0101451
0.00394249
0.00357017
0.00595989
0.00829425
0.00987005
0.00406851
0.00365371
0.00614227
0.00800683
0.00917861
0.00416744
0.00373732
0.00612809
0.00732619
0.00803186
0.00423262
0.00380797
0.0058053
0.00628514
0.00653006
0.00425702
0.00383036
0.00514348
0.00509806
0.00500898
0.0042291
0.00375401
0.00432408
0.00402648
0.00375429
0.0041159
0.0035823
0.00355952
0.00321561
0.00288485
0.00379706
0.00339459
0.00308512
0.00276073
0.00238719
0.00696247
0.00346411
0.00350357
0.00298465
0.00235995
0.00159252
0.000878116
0.00102282
0.00111714
0.000774292
0.00216244
0.00280686
0.00328913
0.000772111
0.00239311
0.00306455
0.003721
0.000796769
0.0023686
0.00307875
0.00382984
0.000886072
0.00237158
0.00312493
0.00397508
0.00101635
0.00240803
0.00319716
0.00415085
0.00115811
0.00245009
0.00327398
0.004328
0.00129732
0.00249196
0.0033501
0.004496
0.00144312
0.00253356
0.00342484
0.00465057
0.00158738
0.00257789
0.00350087
0.00479141
0.00173404
0.00262646
0.00358303
0.00492637
0.00188169
0.00268045
0.00367616
0.00504935
0.00202561
0.0027396
0.00378998
0.00520175
0.00216249
0.00279858
0.00392251
0.00540823
0.00228954
0.00285617
0.00407004
0.00565812
0.00240551
0.00291045
0.00422461
0.00593111
0.00251022
0.00296041
0.00437779
0.00620949
0.00260452
0.00300494
0.00452051
0.00647876
0.00269016
0.00304308
0.00464474
0.00672795
0.00276957
0.00307439
0.00474479
0.00694927
0.0028454
0.00309972
0.00481848
0.00713808
0.00899023
0.00292037
0.00312114
0.00486785
0.00729339
0.00924623
0.00299713
0.00314159
0.0048995
0.00741884
0.00947682
0.00307834
0.0031644
0.00492383
0.00752365
0.009685
0.00316658
0.00319276
0.0049542
0.00762329
0.00987844
0.00326419
0.00322955
0.00500599
0.00773882
0.0100696
0.00337294
0.0032768
0.00509511
0.00789356
0.0102745
0.00349361
0.00333548
0.00523572
0.00810683
0.0105061
0.00362531
0.00340563
0.00543812
0.00838537
0.0107637
0.00376488
0.00348685
0.00570647
0.00871226
0.0110183
0.00390673
0.00357902
0.00603454
0.00903596
0.0112015
0.0040434
0.00368301
0.00639735
0.00926155
0.011198
0.00416658
0.00380085
0.00673902
0.00925976
0.0108704
0.00426835
0.00393388
0.00695781
0.00889882
0.0101018
0.00434207
0.00407749
0.00691063
0.0081156
0.00888224
0.0043823
0.00420697
0.00645763
0.00696736
0.00737818
0.00438414
0.00423804
0.00565205
0.00571704
0.00586825
0.00434232
0.00408628
0.0047284
0.0045608
0.00455478
0.00424266
0.0038083
0.00384797
0.00362947
0.00353011
0.0039904
0.00351845
0.00326692
0.00305236
0.00284694
0.00746006
0.00367726
0.00370649
0.00326059
0.00274558
0.00157766
0.000872318
0.00102105
0.00111193
0.00076477
0.00217194
0.00280196
0.0033048
0.000751277
0.0023482
0.00303523
0.00372359
0.00080295
0.00232371
0.00306619
0.00385248
0.000938511
0.00235888
0.0031378
0.00402146
0.0011061
0.00241849
0.0032333
0.00422043
0.00127836
0.00247838
0.00333451
0.00442379
0.00144035
0.00253658
0.00343796
0.00462295
0.00160295
0.00259411
0.00354375
0.00481458
0.0017663
0.00265267
0.00365417
0.00499876
0.00192895
0.0027134
0.0037734
0.00518243
0.00208877
0.00277715
0.00390577
0.00536227
0.00224117
0.00284416
0.00406051
0.00557483
0.00238328
0.00291136
0.00423596
0.00583794
0.00251326
0.00297766
0.00442721
0.0061389
0.00263084
0.00304087
0.00462492
0.00645845
0.00273678
0.00309919
0.00481853
0.00678031
0.00283263
0.00315083
0.00499701
0.00709222
0.0029207
0.00319416
0.005151
0.00738538
0.00300377
0.00322814
0.00527417
0.00765311
0.00308464
0.00325361
0.00536412
0.00789033
0.00316584
0.00327321
0.00542312
0.00809402
0.00999018
0.00324955
0.00329075
0.00545894
0.00826494
0.0102957
0.00333769
0.00331043
0.00548364
0.00840886
0.0105762
0.00343189
0.00333617
0.00551259
0.00853875
0.0108321
0.00353333
0.00337163
0.00556401
0.00867563
0.01107
0.0036426
0.00341971
0.00565801
0.00884486
0.0113035
0.00375946
0.00348243
0.0058135
0.00906916
0.0115462
0.00388237
0.00356119
0.00604492
0.00935821
0.0117997
0.00400798
0.00365738
0.00635885
0.00969437
0.0120368
0.00413109
0.00377312
0.00674756
0.0100192
0.0121888
0.004245
0.00391194
0.00717725
0.0102255
0.0121379
0.00434239
0.0040786
0.0075723
0.0101738
0.011751
0.00441641
0.00427616
0.00780043
0.00973489
0.0109335
0.00446134
0.00449608
0.00769023
0.00885927
0.00969419
0.00447255
0.00468646
0.00708887
0.00767604
0.00824233
0.0044451
0.00466525
0.00620263
0.00639042
0.00677101
0.0043887
0.00442619
0.00518319
0.00515379
0.00540316
0.00430412
0.00405633
0.00417768
0.00408709
0.00420624
0.00411802
0.0036499
0.00346617
0.00336222
0.00330356
0.00785505
0.00384308
0.00388605
0.00353528
0.00313393
0.00155944
0.000868055
0.00102113
0.00110654
0.000749725
0.0021749
0.00278967
0.00329026
0.000738176
0.00229596
0.00300922
0.00370615
0.000831269
0.00230262
0.00306401
0.00386143
0.00102032
0.00236726
0.00316079
0.00405192
0.00122098
0.00244442
0.00327877
0.00426982
0.00140467
0.00251867
0.00340456
0.00449444
0.00158447
0.00259047
0.00353645
0.00471941
0.00176222
0.00266189
0.00367579
0.00494243
0.00193751
0.00273421
0.0038252
0.00516411
0.00210861
0.00280829
0.00398837
0.00539036
0.00227327
0.00288481
0.0041686
0.00562181
0.00242779
0.00296429
0.00437244
0.00588933
0.00257005
0.00304529
0.00459716
0.00619884
0.00269914
0.00312628
0.00483583
0.00653672
0.00281569
0.00320395
0.00507816
0.00688754
0.00292119
0.0032751
0.00531245
0.0072391
0.00301773
0.003337
0.0055265
0.00758365
0.00310801
0.00338751
0.00571085
0.00791654
0.00319504
0.00342484
0.00585984
0.00823337
0.00328155
0.00344985
0.00597122
0.008529
0.00336974
0.00346614
0.00604667
0.00879801
0.00346116
0.00347873
0.00609478
0.00903745
0.0109243
0.0035569
0.0034932
0.00612866
0.00924703
0.0113062
0.00365752
0.00351441
0.00616468
0.00943352
0.0116562
0.00376293
0.00354704
0.00622193
0.00961492
0.0119697
0.00387245
0.00359513
0.00632415
0.00981446
0.0122524
0.00398473
0.00366206
0.006495
0.0100545
0.0125148
0.00409752
0.00375096
0.00675273
0.0103464
0.0127585
0.00420728
0.00386546
0.00710574
0.0106732
0.0129611
0.00430925
0.00401043
0.00754354
0.0109734
0.0130602
0.0043977
0.00419254
0.00802134
0.0111354
0.0129465
0.00446657
0.00441959
0.00844202
0.011021
0.0125005
0.00451027
0.00469551
0.00864531
0.0105161
0.0116516
0.00452401
0.00500452
0.00841995
0.00958917
0.0104613
0.0045039
0.00521774
0.00774611
0.00840488
0.00908948
0.00444763
0.00511074
0.00679894
0.00709887
0.00766102
0.00438278
0.00482
0.00568918
0.00578335
0.00623656
0.00430965
0.00434672
0.00454714
0.00457086
0.0048682
0.00417869
0.00379274
0.00367886
0.00367784
0.00374522
0.00814807
0.00395989
0.00403575
0.00379549
0.00351174
0.00153912
0.000866594
0.00102382
0.00110328
0.000728791
0.00218381
0.00277792
0.00323892
0.000732003
0.00226708
0.00299387
0.00364923
0.000889931
0.00230821
0.0030735
0.00381602
0.00112356
0.00239534
0.00319274
0.00401009
0.00133066
0.00248535
0.00333205
0.00423209
0.00152828
0.0025713
0.00348259
0.0044671
0.00171962
0.0026559
0.00364412
0.00470986
0.00190574
0.00274117
0.00381889
0.00495888
0.0020861
0.00282856
0.00400993
0.00521501
0.0022591
0.00291915
0.00422018
0.00548213
0.00242277
0.00301349
0.00445094
0.00576418
0.00257468
0.0031118
0.00470309
0.00607655
0.0027135
0.00321344
0.00497185
0.00641463
0.00283917
0.00331617
0.00524843
0.00676908
0.00295303
0.00341457
0.00552398
0.00713185
0.00305716
0.00350318
0.0057889
0.00749587
0.00315406
0.00357823
0.00603096
0.00785863
0.00324675
0.00363821
0.00624183
0.00822094
0.00333829
0.00368032
0.00641864
0.00858184
0.00343115
0.00370524
0.00656004
0.00893751
0.00352699
0.00371772
0.00666472
0.00928073
0.00362661
0.00372417
0.00674133
0.00960718
0.00373021
0.00373222
0.00680349
0.00990918
0.0117768
0.00383723
0.0037478
0.00686771
0.0101831
0.0122501
0.00394629
0.00377678
0.0069495
0.0104433
0.0126726
0.00405542
0.00382475
0.00707403
0.0107057
0.0130359
0.00416225
0.00389678
0.00726936
0.0109844
0.013343
0.00426378
0.00399806
0.00755588
0.011288
0.0135884
0.0043563
0.00413493
0.00794202
0.0116007
0.0137547
0.00443554
0.00431537
0.00841316
0.0118628
0.0137944
0.00449688
0.00454927
0.00891256
0.0119679
0.01362
0.0045357
0.00484659
0.00932401
0.0117918
0.0131357
0.00454793
0.00520705
0.00947383
0.0112289
0.0122965
0.00452975
0.00558622
0.00913366
0.0103132
0.0111875
0.00447591
0.00573244
0.00842835
0.00915325
0.00990464
0.00440293
0.00560898
0.00744229
0.00783734
0.00851403
0.00433071
0.00526584
0.00624684
0.00644415
0.0070318
0.00426395
0.00468196
0.00495854
0.00507693
0.005504
0.00417547
0.00395972
0.00390527
0.00399351
0.00416646
0.00833086
0.00402327
0.00414903
0.0040325
0.00387189
0.00152275
0.000871008
0.00102216
0.00109546
0.000707357
0.002196
0.00277299
0.00317463
0.000739643
0.00227102
0.00299639
0.00356936
0.000972627
0.00234408
0.00310247
0.00373393
0.00120746
0.00244601
0.00324566
0.00393036
0.00142401
0.00254606
0.00340953
0.00415608
0.00162941
0.00264386
0.00358731
0.00439771
0.00182626
0.00274187
0.00377868
0.00465052
0.00201529
0.00284226
0.00398584
0.00491398
0.00219594
0.0029469
0.00421134
0.0051894
0.00236677
0.00305738
0.00445665
0.00547914
0.00252628
0.00317434
0.00472054
0.00578542
0.00267311
0.00329688
0.00499968
0.00611018
0.00280665
0.00342395
0.00528774
0.00644897
0.00292759
0.00355367
0.00557395
0.00679772
0.003038
0.00367748
0.0058551
0.00715522
0.0031404
0.0037865
0.00613033
0.00751547
0.00323754
0.0038752
0.00638664
0.00787868
0.00333299
0.00394701
0.00661507
0.00825133
0.00342967
0.00399804
0.00681818
0.0086359
0.00352959
0.00402727
0.00699887
0.00903264
0.00363353
0.00404029
0.00714773
0.00943877
0.00374128
0.00404359
0.00727259
0.0098494
0.00385236
0.00404802
0.00738771
0.0102546
0.00396505
0.00406035
0.00751339
0.0106317
0.0125084
0.00407667
0.00408781
0.00765236
0.0109994
0.0130653
0.00418413
0.00413806
0.00782654
0.0113659
0.0135415
0.00428429
0.00421835
0.00806878
0.0117244
0.0139341
0.00437352
0.00433623
0.00839781
0.0120728
0.0142167
0.00444799
0.00450098
0.00881736
0.0123941
0.0143716
0.00450395
0.00472363
0.00930707
0.0126314
0.0143699
0.00453791
0.00501626
0.00979979
0.0126902
0.0141584
0.00454679
0.00538844
0.0101631
0.012472
0.0136623
0.0045283
0.00582962
0.0102005
0.0119089
0.0128943
0.00448028
0.00621492
0.00983861
0.011047
0.011894
0.0044013
0.00628468
0.00913477
0.00993343
0.0107031
0.004317
0.00614913
0.00812905
0.00861875
0.00934654
0.0042383
0.00575372
0.00685781
0.0071501
0.00780728
0.00417292
0.00505925
0.00541763
0.00561458
0.00612062
0.00410957
0.00415852
0.00414991
0.00430915
0.00456691
0.00838691
0.00402819
0.00422002
0.0042379
0.00420496
0.00149919
0.000869299
0.00100524
0.00107368
0.000681883
0.00219517
0.00275614
0.00309854
0.000774987
0.00227543
0.00299161
0.00347846
0.00103049
0.00237662
0.00312474
0.00364491
0.0012672
0.00249239
0.0032932
0.00384406
0.001487
0.00260766
0.00348288
0.00407
0.00169477
0.00272243
0.0036861
0.00431001
0.00189249
0.00283892
0.00390144
0.00456015
0.00208063
0.00295939
0.00412996
0.00482056
0.0022585
0.0030859
0.00437272
0.00509261
0.00242476
0.00322034
0.00462937
0.00537749
0.00257834
0.00336369
0.00489614
0.00567618
0.00271866
0.00351173
0.00516911
0.00598793
0.00284564
0.00366049
0.00544531
0.00630959
0.00296096
0.00381412
0.00570645
0.00663845
0.00306741
0.00396118
0.0059574
0.00697506
0.00316791
0.00408813
0.00620175
0.00731995
0.00326481
0.00418243
0.00643669
0.00767505
0.00336316
0.0042632
0.00666209
0.00804307
0.00346555
0.00433039
0.0068779
0.00842632
0.00357324
0.00438321
0.0070854
0.00882641
0.00368561
0.00441692
0.00728737
0.00924448
0.00380086
0.00443179
0.00748946
0.00968178
0.0039184
0.00444664
0.00769934
0.0101395
0.00403535
0.00446761
0.00792111
0.0106165
0.00414779
0.00450332
0.00815074
0.0111088
0.0130166
0.00425163
0.00456441
0.00840162
0.0116061
0.0136365
0.00434359
0.00466118
0.00871876
0.0120871
0.0141616
0.00441962
0.0048036
0.0091152
0.0125306
0.0145429
0.00447588
0.00500361
0.00957996
0.0129188
0.0147465
0.00450921
0.00527398
0.0100854
0.0131899
0.014755
0.00451722
0.00562472
0.0105635
0.0132464
0.0145551
0.00449816
0.00605738
0.0108406
0.0130477
0.0141316
0.00445153
0.006506
0.0108313
0.0125663
0.0134819
0.00437625
0.00677662
0.0105038
0.0118013
0.0126154
0.00428655
0.00685165
0.00984278
0.0107632
0.0115298
0.00419581
0.00670405
0.00884445
0.00946959
0.0102127
0.00411233
0.00626014
0.00751814
0.00793606
0.00863242
0.00404461
0.0054657
0.00593073
0.0062159
0.00678592
0.00398695
0.00439506
0.00442199
0.00463473
0.00496592
0.00829396
0.0039711
0.00424435
0.00440264
0.00449899
0.0014777
0.000858587
0.000978891
0.0010407
0.000660144
0.00216963
0.00271066
0.00299689
0.000813497
0.00227034
0.00295901
0.00335669
0.00106264
0.00239445
0.00311455
0.00351889
0.00129599
0.00252841
0.0033038
0.00371224
0.00151339
0.00266428
0.00351204
0.00392892
0.00171895
0.00280079
0.00372965
0.00415729
0.00191389
0.00293953
0.00395358
0.00439422
0.00209819
0.00308247
0.00418332
0.00464021
0.00227091
0.00323054
0.00441844
0.0048968
0.00243066
0.00338397
0.00465891
0.0051643
0.0025768
0.0035479
0.00489796
0.00544387
0.00270938
0.00371154
0.00513333
0.00573515
0.00282796
0.00385302
0.00536991
0.00603601
0.00293616
0.00398556
0.00560634
0.00634535
0.00303784
0.00411136
0.00584072
0.00666313
0.00313655
0.00422754
0.00607076
0.00699004
0.00323574
0.00433242
0.00629452
0.00732729
0.00333825
0.00442648
0.00651121
0.0076761
0.00344585
0.00451147
0.00672164
0.00803765
0.00355916
0.00459039
0.00692896
0.00841354
0.00367764
0.00466687
0.00713888
0.00880705
0.00379965
0.00474451
0.00735926
0.00922402
0.00392252
0.00482631
0.00759918
0.00967258
0.0040424
0.00491292
0.0078678
0.0101607
0.0041539
0.00499946
0.0081743
0.010693
0.0042519
0.00509106
0.00852974
0.0112659
0.0132672
0.00433422
0.00522019
0.00894576
0.0118637
0.0139164
0.00439662
0.00539876
0.00942291
0.0124523
0.0144483
0.00443546
0.00564015
0.00994535
0.0129787
0.0148022
0.0044482
0.00595548
0.0104727
0.0133746
0.0149459
0.0044336
0.00634202
0.0109356
0.0135716
0.0148751
0.00439064
0.00674809
0.0112429
0.0135199
0.0145921
0.00432034
0.00707291
0.0113091
0.0131908
0.0141005
0.00423371
0.00730825
0.011075
0.0125679
0.0133835
0.00413963
0.00738413
0.0104952
0.0116439
0.0124274
0.0040466
0.00722097
0.0095402
0.0104074
0.0111897
0.00396065
0.00673603
0.00819344
0.00883151
0.0096024
0.00388881
0.00586621
0.00648509
0.00691132
0.00758059
0.00381806
0.00466454
0.00473088
0.00498479
0.00538516
0.00803917
0.00385322
0.0042193
0.00451673
0.00473861
0.00147042
0.000837945
0.000942809
0.000996657
0.000664299
0.00210123
0.00261516
0.00284669
0.000826508
0.00223343
0.00286926
0.0031733
0.00106396
0.00237691
0.00303684
0.00332044
0.00128782
0.00253279
0.00323482
0.00349835
0.00149846
0.00269162
0.0034464
0.00369861
0.00169857
0.00285017
0.0036609
0.00391107
0.00188814
0.00300867
0.00387443
0.00413233
0.00206638
0.00316888
0.00408589
0.0043623
0.00223202
0.00332891
0.0042928
0.00460291
0.00238293
0.00347304
0.00450252
0.00485358
0.00251978
0.00361668
0.00471554
0.00511337
0.00264397
0.00376014
0.00493094
0.00538113
0.00275769
0.0039012
0.00514739
0.00565599
0.00286395
0.00403793
0.00536312
0.00593771
0.00296596
0.00416818
0.00557624
0.00622669
0.00306694
0.00429027
0.00578496
0.00652344
0.00316975
0.00440368
0.0059881
0.00682838
0.00327654
0.00450945
0.00618562
0.00714173
0.00338839
0.00460998
0.0063793
0.00746419
0.00350526
0.00470859
0.00657324
0.00779812
0.00362591
0.00480889
0.00677382
0.00814874
0.00374805
0.00491426
0.0069891
0.00852465
0.00386849
0.00502786
0.00722811
0.00893717
0.00398342
0.00515297
0.0075006
0.00939855
0.0040886
0.00529365
0.00781739
0.00992021
0.0041796
0.00545552
0.00819034
0.0105102
0.00425204
0.00564593
0.00863037
0.0111674
0.0132916
0.00430173
0.00587238
0.00914201
0.0118715
0.0140066
0.00432537
0.00614112
0.00971477
0.0125722
0.0145978
0.00432117
0.00645367
0.0103134
0.0131894
0.0149916
0.00428933
0.00680173
0.0108728
0.0136306
0.0151522
0.00423243
0.00716131
0.0113058
0.0138204
0.0150739
0.0041555
0.00748908
0.0115185
0.013714
0.0147671
0.00406573
0.00772459
0.0114271
0.0132881
0.0142312
0.00397094
0.00779144
0.0109672
0.0125241
0.0134452
0.00387845
0.00760712
0.0100926
0.011385
0.0123428
0.0037921
0.00709088
0.00877001
0.00979477
0.010788
0.00371602
0.00618677
0.00700605
0.00767707
0.00855486
0.00361798
0.00493604
0.00507245
0.00536802
0.00583718
0.00762639
0.00368219
0.00414445
0.00457069
0.00490706
0.00147794
0.000814726
0.000896866
0.000940918
0.00067483
0.00198572
0.00245568
0.00263589
0.00081533
0.00214276
0.00270312
0.00291853
0.00102865
0.00230462
0.00287015
0.00304391
0.00123727
0.00248084
0.00306151
0.00320116
0.00143779
0.00265772
0.00326004
0.00338271
0.00163021
0.00282921
0.00345603
0.00357986
0.00181242
0.00298989
0.00364615
0.00378667
0.00198251
0.0031386
0.00383629
0.00400099
0.00213983
0.00328546
0.00402722
0.00422254
0.00228434
0.00343087
0.00421927
0.00445056
0.00241671
0.00357529
0.00441191
0.00468378
0.00253841
0.00371796
0.00460407
0.00492091
0.00265167
0.00385753
0.00479447
0.00516121
0.00275925
0.00399261
0.00498187
0.00540467
0.00286406
0.00412217
0.00516524
0.00565181
0.00296886
0.00424592
0.00534398
0.00590312
0.00307595
0.00436461
0.00551826
0.00615913
0.00318683
0.00448003
0.00568951
0.00642085
0.00330199
0.0045947
0.00586073
0.00669058
0.00342079
0.00471138
0.00603653
0.00697291
0.00354152
0.00483261
0.00622269
0.00727498
0.00366157
0.00496055
0.00642558
0.00760592
0.00377766
0.00509724
0.00665201
0.0079761
0.00388605
0.00524509
0.00690967
0.00839693
0.00398276
0.00540747
0.00720806
0.00888154
0.00406375
0.00558911
0.00755903
0.00944483
0.00412509
0.00579613
0.00797588
0.0101002
0.00416338
0.00603531
0.00846978
0.0108499
0.0131726
0.00417616
0.00631238
0.00904223
0.0116697
0.0140305
0.00416241
0.00662875
0.00967399
0.0124936
0.0147565
0.00412298
0.00697673
0.0103141
0.0132166
0.0152578
0.00406074
0.00733378
0.0108773
0.0137207
0.0154778
0.00398064
0.00765765
0.0112542
0.0139121
0.0154037
0.00388938
0.00788447
0.0113343
0.0137448
0.0150842
0.00379454
0.00793332
0.0110218
0.0131799
0.0145058
0.00370289
0.00772246
0.0102503
0.0121536
0.0135805
0.00361648
0.00718591
0.00899304
0.010553
0.0120536
0.00353549
0.00630501
0.00729344
0.00829732
0.0095567
0.00340354
0.00513258
0.00539625
0.00575421
0.00629832
0.0070808
0.00347188
0.00402242
0.00455865
0.00499214
0.00147205
0.000780674
0.00084734
0.000884965
0.000668669
0.00177852
0.00220021
0.00234122
0.000758683
0.00198036
0.00245172
0.00259655
0.00094408
0.00215695
0.00260905
0.00270043
0.00113296
0.00234535
0.00278061
0.00283257
0.00132113
0.00252873
0.0029553
0.00299237
0.00150476
0.00269562
0.00312929
0.00317274
0.00167972
0.0028524
0.00330526
0.00336209
0.00184468
0.00300345
0.00347918
0.00355455
0.00199857
0.00314982
0.00365114
0.00375018
0.00214117
0.00329229
0.00382138
0.00394893
0.00227314
0.00343118
0.00398935
0.00414958
0.00239601
0.00356633
0.00415391
0.00435032
0.0025119
0.00369742
0.0043139
0.00454967
0.00262332
0.00382429
0.00446855
0.00474699
0.00273283
0.00394732
0.00461786
0.00494264
0.00284274
0.00406755
0.00476273
0.00513774
0.00295485
0.00418665
0.0049051
0.00533425
0.00307017
0.00430666
0.0050479
0.00553538
0.00318877
0.00442957
0.00519491
0.00574584
0.0033097
0.00455701
0.0053502
0.00597173
0.00343106
0.00469008
0.00551776
0.00621991
0.0035502
0.00482956
0.00570138
0.00649741
0.0036639
0.00497628
0.00590502
0.00681161
0.00376861
0.00513163
0.0061337
0.00717123
0.0038606
0.005298
0.00639435
0.00758792
0.00393612
0.00547907
0.00669654
0.00807726
0.00399166
0.00567988
0.00705234
0.00865798
0.0040242
0.0059063
0.00747472
0.00934701
0.00403166
0.00616375
0.00797298
0.0101478
0.0126818
0.00401329
0.0064545
0.00854446
0.0110326
0.0137147
0.00396995
0.00677336
0.00916274
0.0119276
0.0146089
0.00390435
0.0071015
0.0097644
0.0127089
0.0152488
0.00382108
0.00740062
0.0102455
0.0132231
0.0155041
0.00372662
0.00760838
0.0104751
0.0133566
0.0154501
0.00362875
0.00763771
0.0103108
0.0130073
0.0150903
0.00353455
0.00740543
0.00965035
0.0120546
0.0142793
0.00344488
0.00686954
0.00850212
0.0104102
0.0126037
0.00335313
0.00608367
0.0070411
0.00820905
0.00980372
0.00318994
0.00512085
0.00555961
0.00599282
0.00659022
0.00644756
0.0032413
0.00386051
0.00448299
0.00499403
0.00141788
0.000729473
0.000783404
0.00081832
0.000642103
0.00147351
0.00182612
0.00193229
0.000652305
0.0017218
0.00211719
0.00222011
0.000778785
0.0019195
0.0022612
0.00230394
0.000952319
0.00210507
0.00239682
0.00239445
0.00112647
0.00228352
0.00253678
0.00251834
0.00130256
0.00244643
0.00268986
0.00267591
0.00147379
0.00260542
0.00285013
0.00284608
0.00163791
0.0027555
0.00300507
0.00301414
0.00179271
0.0028969
0.00315504
0.00318052
0.00193744
0.00303114
0.00330118
0.00334679
0.00207262
0.0031594
0.00344359
0.00351287
0.00219975
0.00328241
0.00358144
0.0036771
0.00232084
0.00340079
0.00371368
0.00383732
0.0024382
0.00351547
0.00383987
0.00399208
0.00255412
0.00362785
0.0039608
0.0041415
0.00267065
0.00373979
0.0040785
0.00428747
0.00278927
0.00385329
0.00419598
0.00443336
0.00291083
0.00397013
0.00431664
0.00458358
0.00303542
0.00409154
0.00444366
0.00474277
0.00316212
0.00421807
0.00457948
0.00491517
0.00328911
0.00434969
0.00472573
0.00510425
0.00341382
0.00448608
0.00488357
0.00531306
0.00353309
0.00462706
0.00505428
0.0055451
0.00364332
0.00477291
0.00523996
0.00580542
0.0037407
0.00492463
0.00544417
0.00610186
0.00382133
0.00508418
0.00567243
0.00644597
0.00388145
0.00525462
0.00593255
0.00685343
0.00391781
0.00543993
0.00623415
0.00734275
0.00392798
0.00564427
0.00658687
0.00793071
0.00391082
0.00587035
0.00699617
0.0086221
0.00386677
0.00611621
0.00745535
0.00939294
0.0119715
0.00379805
0.0063703
0.00793405
0.0101753
0.01295
0.00370886
0.00660496
0.00836313
0.0108332
0.0136718
0.00360566
0.00677132
0.00863559
0.0111877
0.0139077
0.00349725
0.0067852
0.00858832
0.0110462
0.013746
0.00339222
0.00656345
0.00808384
0.0101896
0.0128488
0.00329057
0.00608455
0.00717077
0.00868169
0.0108781
0.00317992
0.00547921
0.00616329
0.00701561
0.00825706
0.00298048
0.00485022
0.00536653
0.00582222
0.00633994
0.00578856
0.0030121
0.00367476
0.00436127
0.00493421
0.00128135
0.000654041
0.000700284
0.000735873
0.00058804
0.00104168
0.0012997
0.00135971
0.000566357
0.0012784
0.00159336
0.0016945
0.000564509
0.00151794
0.00179134
0.0018249
0.000629813
0.00169158
0.00186539
0.00184261
0.000794521
0.00183643
0.00194357
0.00189743
0.00095802
0.0019943
0.002063
0.00201997
0.00112292
0.00215962
0.00221108
0.00217893
0.00128653
0.0023114
0.00235145
0.00233245
0.00144306
0.00244994
0.00248408
0.00247865
0.00159031
0.0025777
0.00261138
0.00262031
0.00172843
0.00269722
0.00273501
0.00275966
0.00185984
0.00281035
0.00285566
0.00289751
0.00198671
0.00291856
0.00297349
0.00303375
0.00211153
0.00302342
0.00308887
0.00316812
0.00223674
0.00312679
0.00320302
0.00330126
0.00236442
0.00323084
0.00331806
0.00343509
0.00249591
0.00333782
0.00343669
0.00357253
0.0026317
0.00344972
0.00356142
0.00371651
0.0027727
0.00356774
0.00369414
0.00386913
0.00291877
0.00369221
0.00383556
0.00403105
0.00306818
0.00382273
0.00398525
0.00420163
0.00321825
0.00395818
0.00414189
0.00437927
0.00336524
0.00409699
0.00430364
0.00456212
0.00350475
0.00423759
0.00446856
0.00474866
0.00363193
0.00437827
0.004635
0.00493845
0.00374163
0.00451755
0.0048021
0.00513276
0.00382872
0.00465445
0.00497027
0.00533535
0.00388847
0.00478874
0.00514149
0.0055529
0.00391703
0.00492094
0.00531929
0.00579486
0.00391193
0.00505191
0.0055078
0.00607133
0.0038725
0.00518164
0.00570913
0.0063876
0.0038002
0.00530684
0.00591808
0.00673288
0.00796969
0.00369886
0.00541723
0.00611445
0.00706101
0.00847416
0.00357522
0.00549166
0.0062633
0.00732213
0.00888545
0.00344045
0.00547968
0.00626736
0.00732899
0.00889978
0.00330627
0.00532254
0.00602735
0.00690451
0.00821732
0.00316999
0.00499963
0.00556618
0.00617786
0.00705848
0.00302831
0.00465091
0.00515651
0.00560883
0.00612783
0.00277348
0.00426936
0.00483417
0.00527668
0.00565442
0.00517989
0.00280241
0.00351324
0.00425262
0.00488894
0.00172497
0.00119679
0.00128816
0.00136825
0.00112193
0.000557661
0.00059223
0.000621123
0.00112631
0.000565445
0.000594557
0.00061569
0.00113243
0.000578163
0.000596162
0.000611301
0.0011443
0.000575948
0.000591485
0.000602868
0.00118475
0.000578126
0.000589592
0.000599324
0.00127321
0.000628408
0.000699727
0.000719092
0.00144985
0.00077164
0.000874386
0.000923302
0.00174497
0.000927391
0.00105282
0.00113286
0.00207091
0.00108144
0.00122469
0.00133141
0.00238835
0.00122901
0.00138861
0.00151371
0.00269143
0.00136935
0.00154447
0.00167863
0.00297593
0.00150349
0.00169277
0.0018298
0.00324536
0.00163424
0.00183675
0.00197295
0.00350583
0.00176551
0.00198107
0.00211585
0.00376501
0.00190188
0.00213097
0.00226702
0.00403175
0.00204813
0.00229143
0.00243446
0.00431563
0.0022084
0.00246681
0.00262476
0.00462704
0.00238419
0.00266154
0.00284273
0.0049688
0.0025764
0.00287771
0.00309107
0.00534001
0.00278428
0.00311582
0.00337026
0.00573909
0.0030055
0.00337467
0.00367829
0.00616246
0.00323627
0.00365126
0.00401064
0.00659636
0.00347342
0.00394087
0.00436033
0.00702656
0.00371144
0.00423695
0.00471808
0.007437
0.00394369
0.00453122
0.00507254
0.0078103
0.00416257
0.00481387
0.00541063
0.0081286
0.00435989
0.005074
0.00571824
0.00837473
0.00452724
0.00530033
0.00598135
0.0085336
0.00465667
0.00548225
0.00618748
0.00859364
0.00474138
0.00561108
0.0063275
0.00854813
0.0047766
0.00568133
0.00639729
0.00839613
0.00476025
0.00569169
0.00639887
0.00814311
0.00469358
0.00564541
0.00633958
0.00679397
0.00780228
0.00458211
0.00555226
0.00623802
0.00666567
0.00739962
0.00444133
0.00543726
0.00613343
0.00656089
0.00696172
0.00427224
0.00529767
0.00603798
0.00652884
0.00651896
0.00405706
0.00510102
0.00588684
0.00644466
0.00611737
0.00379061
0.00480868
0.00561195
0.00621846
0.00545284
0.00325
0.00420284
0.00502467
0.00568737
0.00752901
0.00565413
0.00727039
0.00897995
0.010513
)
;

boundaryField
{
    floor
    {
        type            zeroGradient;
    }
    ceiling
    {
        type            zeroGradient;
    }
    fixedWalls
    {
        type            zeroGradient;
    }
    rack2796428BA49E0232CAC645AEBC8DA5C1_fixedWall
    {
        type            zeroGradient;
    }
    rack2796428BA49E0232CAC645AEBC8DA5C1_inlet
    {
        type            calculated;
        value           nonuniform 0();
    }
    rack2796428BA49E0232CAC645AEBC8DA5C1_outlet
    {
        type            calculated;
        value           nonuniform 0();
    }
    acu380F56D59CF2B3DF6EFF9D0E6E8D39CB_inlet
    {
        type            calculated;
        value           nonuniform 0();
    }
    acu380F56D59CF2B3DF6EFF9D0E6E8D39CB_outlet
    {
        type            calculated;
        value           nonuniform 0();
    }
    acu380F56D59CF2B3DF6EFF9D0E6E8D39CB_fixedWall
    {
        type            zeroGradient;
    }
    baffleFaces_master
    {
        type            nutkWallFunction;
        Cmu             0.09;
        kappa           0.41;
        E               9.8;
        value           nonuniform 0();
    }
    baffleFaces_slave
    {
        type            nutkWallFunction;
        Cmu             0.09;
        kappa           0.41;
        E               9.8;
        value           nonuniform 0();
    }
    procBoundary0to1
    {
        type            processor;
        value           nonuniform List<scalar> 
1536
(
0.00462047
0.0022778
0.00224697
0.00206712
0.00192764
0.00204308
0.00220369
0.00238412
0.00258015
0.00278843
0.00301066
0.0032481
0.00347551
0.00366066
0.00378783
0.00384759
0.00384139
0.00377847
0.00367211
0.00353636
0.00338374
0.00322408
0.00306409
0.00290755
0.00275461
0.00260835
0.00246697
0.00232767
0.00218703
0.00204164
0.00188921
0.00173081
0.00157438
0.00144057
0.0013501
0.0012872
0.00124024
0.00118948
0.00114398
0.00111709
0.00234639
0.00212603
0.00155554
0.00134603
0.00151949
0.00153232
0.00177523
0.00207358
0.00231736
0.00247556
0.00253667
0.00249766
0.00238552
0.00220647
0.00200337
0.00187719
0.00182418
0.0018173
0.00183251
0.00185478
0.00187642
0.00189447
0.00190862
0.00191984
0.0019295
0.001939
0.00194952
0.00196203
0.00197725
0.00199624
0.00202074
0.00205411
0.00210225
0.00217541
0.00228749
0.00244612
0.00263959
0.00279449
0.00286524
0.00284978
0.00261311
0.001202
0.00214039
0.00142908
0.00143453
0.00141584
0.00128288
0.00130821
0.00147047
0.00167677
0.00186025
0.00197957
0.00201227
0.00201742
0.00202498
0.00203666
0.00200676
0.00191906
0.00181854
0.00173483
0.00167518
0.00163624
0.00161224
0.00159817
0.00159047
0.00158698
0.00158671
0.0015894
0.00159543
0.00160667
0.00162485
0.00165093
0.00168658
0.00173451
0.00179835
0.00188344
0.00199558
0.00213864
0.00231302
0.00252106
0.00274927
0.00279941
0.00123914
0.00212136
0.00144139
0.00143602
0.00143549
0.00131469
0.00123609
0.00122983
0.0012681
0.00131936
0.00136275
0.00138651
0.00140843
0.00143591
0.00147785
0.0015312
0.00159041
0.00163816
0.00166586
0.0016748
0.00167085
0.00165988
0.00164606
0.00163178
0.00161834
0.00160649
0.00159686
0.00159022
0.00158773
0.00159096
0.0016018
0.00162239
0.00165545
0.00170294
0.0017672
0.00185116
0.00195806
0.00209284
0.00226562
0.00250874
0.00267948
0.00122154
0.00200497
0.0016163
0.00160161
0.00154256
0.00147391
0.00145299
0.00147625
0.00152848
0.00156817
0.00157237
0.00152944
0.00147181
0.00142925
0.00140555
0.00139522
0.00139332
0.00139865
0.00140891
0.00142184
0.00143575
0.00144958
0.00146282
0.00147532
0.00148723
0.00149891
0.00151099
0.0015244
0.00154054
0.00156132
0.00158955
0.00162865
0.00168341
0.00175739
0.0018525
0.00196987
0.00210896
0.00226661
0.00243209
0.00259166
0.00260441
0.00120658
0.00384371
0.00181062
0.00193041
0.00202826
0.00214352
0.00226186
0.00238588
0.00251246
0.00264526
0.00278519
0.002928
0.00304862
0.00311288
0.00313597
0.00312816
0.00310052
0.00306392
0.003025
0.0029873
0.00295232
0.0029203
0.00289064
0.00286228
0.00283393
0.00280393
0.00277059
0.00273211
0.00268651
0.00263152
0.00256399
0.00248017
0.00237572
0.00224404
0.00208535
0.00190228
0.00169804
0.00147899
0.00125765
0.0010996
0.0010791
0.00229683
0.0010339
0.000571697
0.000617924
0.000617924
0.000615515
0.00246461
0.000591735
0.000603525
0.0006357
0.000677951
0.000729798
0.000790372
0.000863675
0.000929228
0.000973725
0.00100694
0.00103426
0.00105769
0.0010771
0.0010913
0.00109922
0.00110062
0.00109661
0.00109001
0.00108313
0.00107772
0.00107497
0.00107568
0.0010807
0.00109061
0.00110542
0.00112412
0.00114555
0.00116762
0.00118822
0.00120503
0.00121601
0.00121766
0.00120174
0.00114964
0.00103853
0.000867503
0.00157474
0.000528682
0.00180786
0.00229935
0.00246461
0.00246461
0.00205002
0.00304668
0.00202655
0.0019992
0.00196689
0.00193506
0.00191691
0.001911
0.00201912
0.0021327
0.00222625
0.00228165
0.00229852
0.00228994
0.00227243
0.00225992
0.00226058
0.00227607
0.00230272
0.00233485
0.00236714
0.00239152
0.00240605
0.00241136
0.00240931
0.00240264
0.00239381
0.00237971
0.00235665
0.00232193
0.00227105
0.00219829
0.00209939
0.00197257
0.00179706
0.00159592
0.00144168
0.000802876
0.000598774
0.0020698
0.00275024
0.0029545
0.00304668
0.00304668
0.00237821
0.00318357
0.00235729
0.00232099
0.00227779
0.00225491
0.00224913
0.00242253
0.00263623
0.0028485
0.00302032
0.00314349
0.00323341
0.00330951
0.00338497
0.00346281
0.00353771
0.00360067
0.00364477
0.00366764
0.00366839
0.0036486
0.00361197
0.00356206
0.00350155
0.00343067
0.00334732
0.00324736
0.00313127
0.00299964
0.00285261
0.00269658
0.00254459
0.00240708
0.00220062
0.00189513
0.000867366
0.000684906
0.00214063
0.00287736
0.00307597
0.00315074
0.00318357
0.00318357
0.00243479
0.00322929
0.00239107
0.00233915
0.00232855
0.00234053
0.00256495
0.00283423
0.00307732
0.00324692
0.00335354
0.00343612
0.0035225
0.00362096
0.00372368
0.00381539
0.003881
0.00391245
0.00391045
0.00387902
0.00382414
0.00375206
0.00366737
0.00357289
0.00346899
0.0033546
0.00322721
0.00308989
0.002941
0.00277759
0.00260484
0.00244207
0.00232622
0.00224163
0.00199003
0.000934213
0.000770783
0.00220686
0.00296274
0.00314196
0.00319636
0.0032235
0.00322929
0.00322929
0.00242028
0.00325404
0.00235258
0.0023748
0.00242862
0.0027244
0.00303949
0.00326516
0.00337214
0.00341901
0.00346999
0.00354569
0.00363893
0.00373185
0.00380649
0.00384946
0.00385594
0.00383004
0.00377916
0.00371044
0.00362906
0.00353862
0.00344144
0.00333836
0.00322868
0.00311122
0.0029864
0.00284606
0.0026838
0.00250355
0.00232755
0.00219104
0.00212261
0.00191785
0.00101056
0.00084906
0.00228771
0.00304795
0.00320478
0.0032446
0.00326941
0.00328081
0.00325404
0.00325404
0.00239729
0.00332739
0.00246684
0.00255627
0.00293051
0.00327051
0.00343491
0.00346057
0.00346446
0.00350479
0.00357479
0.00365259
0.00372115
0.00376856
0.00378792
0.00377763
0.00374147
0.00368649
0.0036187
0.00354118
0.00345689
0.00336826
0.00327665
0.0031811
0.00308061
0.00297006
0.00283542
0.00267009
0.00247986
0.00229244
0.00213487
0.00203338
0.00180994
0.00109711
0.000917932
0.00238086
0.00313593
0.00327101
0.00330396
0.00333169
0.0033532
0.00334258
0.00332739
0.00332739
0.00261906
0.00347846
0.00272284
0.0031763
0.00351056
0.00358341
0.00354931
0.0035475
0.00359131
0.0036533
0.00371486
0.00376406
0.00379414
0.00380173
0.00378632
0.00375096
0.0037013
0.00364043
0.0035711
0.00349621
0.00341817
0.00333767
0.0032535
0.00316414
0.00305929
0.00292102
0.00274355
0.00253586
0.00233486
0.00216778
0.00201336
0.00171217
0.00119327
0.000977314
0.0024835
0.00322637
0.00334235
0.00337517
0.00341218
0.00344653
0.00345905
0.00346402
0.00347846
0.00347846
0.00292145
0.0036147
0.00345139
0.00374554
0.0037257
0.00367704
0.003686
0.00373286
0.00379092
0.00384583
0.00388923
0.00391648
0.00392497
0.0039141
0.00388605
0.00384525
0.0037942
0.00373531
0.00367097
0.0036028
0.00353104
0.00345405
0.0033679
0.00325803
0.00310193
0.00289475
0.00265364
0.00242964
0.00225517
0.00205806
0.00163571
0.00129509
0.00102777
0.00259377
0.00331909
0.00341983
0.0034582
0.00350903
0.0035595
0.00359462
0.00361612
0.00362004
0.0036147
0.0036147
0.00374671
0.00378376
0.00397066
0.00389998
0.00385997
0.00388023
0.00393377
0.00399676
0.00405707
0.00410748
0.00414356
0.00416255
0.00416373
0.00414887
0.00412167
0.00408431
0.00403875
0.00398668
0.00392884
0.00386415
0.00378993
0.00369775
0.00356881
0.00337493
0.00311235
0.00281101
0.00253998
0.0023295
0.00209542
0.00156732
0.00138556
0.00107011
0.00271003
0.00341387
0.00350385
0.00355254
0.00362037
0.00368827
0.00374107
0.00377385
0.00378338
0.00379217
0.00378376
0.00378376
0.00420596
0.0038955
0.00412612
0.00409974
0.00413493
0.00420268
0.00428056
0.00435678
0.00442391
0.00447712
0.00451357
0.00453261
0.00453603
0.00452713
0.00450783
0.00447965
0.00444346
0.00439879
0.00434255
0.00426936
0.0041642
0.0040026
0.00374848
0.0033983
0.00299989
0.00264815
0.0023833
0.00212415
0.00160897
0.0014615
0.00110516
0.00283062
0.00351027
0.00359425
0.00365738
0.00374488
0.00383195
0.00390251
0.00395046
0.00397453
0.00399993
0.00398782
0.0038955
0.0038955
0.00440917
0.00411351
0.0044014
0.00445796
0.00454852
0.00465036
0.00475096
0.00484214
0.00491874
0.00497799
0.00501964
0.00504578
0.00505974
0.00506343
0.00505809
0.00504386
0.00501883
0.00497719
0.00490896
0.00478979
0.004587
0.00425221
0.00377497
0.00322405
0.0027398
0.00239076
0.00210266
0.00168187
0.00151541
0.00113368
0.00295369
0.00360766
0.00369046
0.00377174
0.00388157
0.00399035
0.00408151
0.00414987
0.00419474
0.00424069
0.00423284
0.00414785
0.00411351
0.00411351
0.00477149
0.00449741
0.00485693
0.00497858
0.00511236
0.00524439
0.00536568
0.00547081
0.00555727
0.00562546
0.00567819
0.00571931
0.00575117
0.00577517
0.00579106
0.00579551
0.00577934
0.00572618
0.00560005
0.00535443
0.00491386
0.00426601
0.00349968
0.00282271
0.0023526
0.00203462
0.00171346
0.00155573
0.00115642
0.00307719
0.00370527
0.00379167
0.00389448
0.00402939
0.00416311
0.00427907
0.00437307
0.00444454
0.00451662
0.00452165
0.00445019
0.00443624
0.00449741
0.00449741
0.00533801
0.00505247
0.0054984
0.00567101
0.00584034
0.00599657
0.00613411
0.00625095
0.00634835
0.00643025
0.00650161
0.00656577
0.00662492
0.006679
0.00672355
0.0067454
0.00672089
0.0066001
0.00631166
0.00576528
0.00494176
0.00391371
0.00292969
0.00228261
0.00192973
0.00169587
0.00161025
0.00117398
0.00319895
0.00380229
0.00389699
0.00402442
0.00418703
0.00434899
0.00449413
0.00461909
0.00472325
0.00482824
0.00485575
0.00480577
0.00481887
0.00491193
0.00505247
0.00505247
0.00610967
0.00578668
0.00632623
0.00653674
0.0067307
0.00690261
0.00705112
0.00717863
0.00729045
0.00739305
0.00749115
0.00758828
0.00768514
0.00777645
0.00784524
0.00785954
0.00775417
0.00743596
0.00680522
0.00582272
0.00448965
0.00314927
0.00224154
0.00181296
0.00162014
0.00157417
0.00118691
0.00331658
0.00389795
0.00400572
0.0041605
0.00435309
0.00454619
0.00472445
0.00488529
0.00502805
0.00517311
0.00523386
0.00521515
0.00526369
0.00539668
0.00558038
0.00578668
0.00578668
0.00706576
0.00668542
0.00731803
0.00754962
0.00775553
0.00793529
0.00809241
0.0082335
0.0083664
0.00849715
0.00863085
0.00876939
0.00890713
0.00902372
0.00907882
0.00899248
0.00865688
0.00797353
0.00681669
0.00526951
0.00364324
0.00242596
0.00179635
0.00154295
0.00147654
0.0011959
0.00342724
0.00399163
0.00411751
0.00430206
0.00452624
0.00475239
0.00496642
0.00516659
0.00535244
0.00554349
0.00564826
0.00567155
0.00576448
0.00594459
0.00617692
0.00643112
0.00668542
0.00668542
0.00814451
0.00769015
0.00841064
0.00864871
0.00885925
0.00904642
0.00921729
0.00938006
0.00954131
0.00970729
0.00988128
0.0100579
0.0102143
0.0103029
0.0102304
0.00987276
0.00911278
0.00783714
0.00614609
0.0044087
0.00302517
0.00215642
0.00171783
0.00156518
0.00120194
0.00352723
0.00408274
0.00423263
0.0044492
0.00470556
0.00496487
0.0052149
0.00545466
0.00568431
0.00592285
0.00607899
0.00615286
0.00629664
0.00652702
0.00680828
0.00710899
0.00740741
0.00769015
0.00769015
0.00924137
0.0087092
0.00951079
0.00975502
0.00997775
0.0101846
0.0103819
0.0105748
0.0107697
0.010971
0.0111744
0.011356
0.0114637
0.0113948
0.011012
0.0101705
0.0087996
0.00707615
0.00536739
0.00394192
0.00288227
0.00219003
0.00193878
0.00120576
0.00361058
0.00417019
0.00435256
0.00460359
0.0048913
0.00518123
0.00546352
0.00573761
0.00600427
0.00628185
0.00648741
0.00661382
0.00680842
0.00708453
0.007407
0.00774597
0.00808234
0.00840539
0.0087092
0.0087092
0.0102478
0.00966329
0.0105356
0.0108087
0.011068
0.0113144
0.0115486
0.0117748
0.0119977
0.0122148
0.0124038
0.0125123
0.0124325
0.0120201
0.0111123
0.00970345
0.00805991
0.00645878
0.00504824
0.00383021
0.00287875
0.00236051
0.00120968
0.00366782
0.00425013
0.00447651
0.00476235
0.00507663
0.00538928
0.00569341
0.00598833
0.00627505
0.00656933
0.00680633
0.00697883
0.00721756
0.00752808
0.00787794
0.00824231
0.00860775
0.00896839
0.00932123
0.00966329
0.00966329
0.0111078
0.0105199
0.0114564
0.0117968
0.012119
0.0124155
0.012685
0.0129306
0.0131515
0.0133302
0.0134195
0.0133125
0.0128608
0.0119218
0.0105727
0.00906537
0.00759298
0.00619355
0.00479191
0.00349945
0.00280849
0.00120876
0.00368167
0.00431785
0.00462173
0.00494765
0.00528701
0.00561472
0.00592757
0.00622224
0.00649614
0.00675873
0.00697469
0.00717398
0.00744309
0.00777308
0.00813523
0.00851196
0.00889698
0.00929092
0.00969447
0.0101058
0.0105199
0.0105199
0.0118486
0.0112752
0.0123055
0.0127387
0.0131288
0.0134648
0.0137438
0.0139659
0.0141207
0.0141732
0.014029
0.0135492
0.0126293
0.0113988
0.010047
0.00868774
0.00726904
0.00566999
0.00406139
0.00325998
0.00120245
0.003591
0.00427481
0.0046161
0.00492402
0.00524243
0.00555612
0.00585943
0.00614501
0.00640631
0.00664344
0.00685457
0.00711412
0.00742746
0.00777753
0.00814688
0.00852872
0.00892444
0.00934311
0.00978948
0.0102634
0.0107643
0.0112752
0.0112752
0.0125423
0.0119011
0.0131173
0.0136355
0.0140699
0.014403
0.0146335
0.0147592
0.0147645
0.0145838
0.0140924
0.0132553
0.0121724
0.0109706
0.00969169
0.00821976
0.00643855
0.00456527
0.00370766
0.00118399
0.00343473
0.00406339
0.00434125
0.00460334
0.00488439
0.00517171
0.00545832
0.00573905
0.00601215
0.00628283
0.00656418
0.00688278
0.00722746
0.00758969
0.00796056
0.00834131
0.00873612
0.00915708
0.00961706
0.0101254
0.0106838
0.0112826
0.0119011
0.0119011
0.0132077
0.0123498
0.0138742
0.0144402
0.014856
0.0151176
0.0152256
0.0151892
0.0149809
0.0145298
0.0138188
0.0128952
0.0118281
0.0106011
0.00905794
0.00709616
0.00501678
0.00413798
0.00115125
0.00327182
0.00382435
0.00404344
0.0042676
0.0045174
0.0047811
0.00505372
0.00533364
0.00562175
0.00592104
0.00623701
0.00657444
0.00692326
0.00728567
0.00765261
0.00802817
0.00842223
0.00884697
0.00931396
0.00983128
0.0104014
0.0110197
0.0116751
0.0123498
0.0123498
0.0138298
0.0125665
0.0144987
0.0150253
0.0153585
0.0154848
0.0154401
0.0152564
0.0149069
0.0143478
0.0135853
0.0126419
0.0114605
0.00986542
0.00776203
0.00546543
0.00453378
0.00110682
0.00310835
0.00358608
0.0037625
0.00395983
0.00418796
0.00443494
0.00469641
0.0049716
0.00526153
0.00556474
0.00588094
0.00621544
0.00655678
0.00690321
0.00725738
0.00762578
0.00801735
0.00844103
0.00890382
0.00940968
0.00995975
0.0105533
0.0111893
0.0118643
0.0125665
0.0125665
0.0143009
0.0125328
0.0149138
0.015344
0.015556
0.0155882
0.0155039
0.0152878
0.0148873
0.014282
0.0134673
0.0123642
0.0107801
0.00857553
0.00595513
0.00487383
0.00105094
0.0029146
0.00331378
0.00345409
0.00362992
0.0038418
0.0040763
0.00432736
0.00459305
0.00487712
0.00517298
0.00547695
0.0057868
0.00610154
0.00642306
0.00675617
0.00710713
0.00748239
0.00788697
0.00832397
0.0087952
0.0093025
0.00984955
0.0104427
0.0110883
0.0117883
0.0125328
0.0125328
0.0146001
0.0122873
0.0151794
0.0155687
0.0157634
0.0158273
0.0157547
0.0155027
0.0150502
0.0143876
0.0134346
0.0119637
0.0096718
0.0065007
0.0051339
0.000981973
0.00267341
0.00299393
0.00310388
0.0032612
0.00345866
0.0036813
0.0039192
0.00416923
0.0044303
0.00469944
0.00497336
0.00524998
0.00552953
0.00581481
0.00611052
0.00642153
0.00675204
0.00710529
0.0074843
0.0078933
0.008339
0.00883042
0.00937774
0.00999082
0.0106783
0.0114456
0.0122873
0.0122873
0.0148631
0.0116378
0.015525
0.0159698
0.0162318
0.0163237
0.0162209
0.0159221
0.0154371
0.014706
0.0134446
0.0110192
0.00707072
0.00529559
0.000917067
0.00236174
0.00262828
0.00271416
0.0028501
0.00302846
0.00323099
0.00344373
0.00366215
0.00388729
0.00411864
0.00435362
0.00458936
0.00482452
0.00506007
0.00529882
0.0055442
0.00579983
0.00606997
0.00636066
0.00668032
0.00703935
0.00744881
0.00791962
0.00846323
0.00909307
0.00982499
0.0106732
0.0116378
0.0116378
0.0148898
0.0098548
0.0157147
0.0108978
0.0162566
0.0165874
0.016695
0.0165887
0.0162913
0.0157576
0.014612
0.0117521
0.00742478
0.00535771
0.000846019
0.00193349
0.00222781
0.00229023
0.00238323
0.00252499
0.00270185
0.00288838
0.00307159
0.00325444
0.00344014
0.00362888
0.00381816
0.00400477
0.00418668
0.00436418
0.00453969
0.00471735
0.00490266
0.00510216
0.00532275
0.00557115
0.00585389
0.00617834
0.00655436
0.00699607
0.00752315
0.00816056
0.00893366
0.0098548
0.0108978
0.0108978
0.0143753
0.00739352
0.0150318
0.0154268
0.0155772
0.0154717
0.0149977
0.0134594
0.00998116
0.00700204
0.0053445
0.000762725
0.00132065
0.00171144
0.00180881
0.0018179
0.00188891
0.00203534
0.00221403
0.0023811
0.00253652
0.00268576
0.00283322
0.00298099
0.0031291
0.00327672
0.0034239
0.00357235
0.00372517
0.00388563
0.00405596
0.00423685
0.00442756
0.00462664
0.00483288
0.00504632
0.0052692
0.00550702
0.00576964
0.00607194
0.00643303
0.00687153
0.00739352
0.00739352
0.00964455
0.00689161
0.0101069
0.0103973
0.0104374
0.00997641
0.00839087
0.00682684
0.0060283
0.00536754
0.00143022
0.000641717
0.000630411
0.000623783
0.000616144
0.00061778
0.000749022
0.00101562
0.00126873
0.00149825
0.00170017
0.0018748
0.00202677
0.00216465
0.00230002
0.00244576
0.00261395
0.00281409
0.00305226
0.00333111
0.00364988
0.00400446
0.00438756
0.00478898
0.00519605
0.00559395
0.00596638
0.00629639
0.00656792
0.00676775
0.00688766
0.00692652
0.00689161
0.00689161
0.00702472
0.00685522
0.00674305
0.00678506
0.00678782
0.00663145
0.00617294
0.0117315
)
;
    }
}


// ************************************************************************* //
