/*--------------------------------*- C++ -*----------------------------------*\
| =========                 |                                                 |
| \\      /  F ield         | OpenFOAM: The Open Source CFD Toolbox           |
|  \\    /   O peration     | Version:  2.3.1                                 |
|   \\  /    A nd           | Web:      www.OpenFOAM.org                      |
|    \\/     M anipulation  |                                                 |
\*---------------------------------------------------------------------------*/
FoamFile
{
    version     2.0;
    format      ascii;
    class       volScalarField;
    location    "600";
    object      p;
}
// * * * * * * * * * * * * * * * * * * * * * * * * * * * * * * * * * * * * * //

dimensions      [0 2 -2 0 0 0 0];

internalField   nonuniform List<scalar> 
6852
(
77.8474
77.8447
77.8416
77.8387
77.8386
77.8517
77.8466
77.841
77.8352
77.8322
77.8536
77.8461
77.8372
77.8279
77.8219
77.8521
77.8423
77.8301
77.8182
77.8127
77.8464
77.8349
77.8208
77.8081
77.8046
77.837
77.8243
77.8094
77.7975
77.7971
77.8229
77.8093
77.7935
77.7814
77.7821
77.8043
77.7905
77.7741
77.7613
77.7612
77.7819
77.7682
77.7514
77.7377
77.736
77.7565
77.7433
77.7265
77.7118
77.7076
77.7293
77.717
77.7006
77.6851
77.6784
77.7015
77.6903
77.6747
77.6587
77.6493
77.6743
77.6644
77.65
77.6342
77.6233
77.6487
77.64
77.6271
77.6122
77.6007
77.6251
77.6176
77.6063
77.5927
77.5814
77.604
77.5975
77.5878
77.5755
77.5649
77.5852
77.5797
77.5713
77.5605
77.5506
77.5688
77.564
77.5568
77.5472
77.5382
77.5545
77.5504
77.5441
77.5356
77.5273
77.5421
77.5387
77.533
77.5254
77.5177
77.5316
77.5285
77.5235
77.5165
77.5093
77.5228
77.5198
77.5154
77.5088
77.5019
77.5155
77.5127
77.5086
77.5024
77.4955
77.5098
77.5072
77.5032
77.497
77.4901
77.5055
77.5031
77.4991
77.493
77.4858
77.5027
77.5005
77.4965
77.4902
77.4827
77.5014
77.4993
77.4953
77.4887
77.4808
77.5014
77.4993
77.4954
77.4886
77.4802
77.5027
77.5007
77.4967
77.4897
77.4809
77.5052
77.5032
77.4993
77.4921
77.4829
77.5086
77.5068
77.5027
77.4955
77.4861
77.5124
77.511
77.5067
77.4997
77.4904
77.5168
77.5157
77.5114
77.5043
77.4954
77.5212
77.5204
77.5164
77.5094
77.5009
77.5251
77.5247
77.5213
77.5153
77.5071
77.5287
77.5288
77.5261
77.5213
77.514
77.5322
77.5325
77.5305
77.5272
77.5216
77.5361
77.5362
77.535
77.5332
77.53
77.5403
77.5402
77.5398
77.5397
77.539
77.5442
77.5441
77.5448
77.5465
77.5483
77.547
77.5475
77.5497
77.5534
77.5572
76.8347
76.8311
76.8274
76.8227
76.82
76.8414
76.8337
76.8266
76.8194
76.8134
76.8429
76.8323
76.8206
76.8076
76.7957
76.8396
76.826
76.8097
76.7919
76.7776
76.8315
76.816
76.7971
76.7779
76.7664
76.8206
76.8036
76.7835
76.7649
76.7568
76.8063
76.788
76.7667
76.7479
76.7406
76.7884
76.7693
76.7472
76.7279
76.7197
76.7671
76.748
76.7252
76.7049
76.6946
76.7431
76.7245
76.7014
76.6802
76.667
76.7173
76.6998
76.677
76.6553
76.6393
76.6908
76.6748
76.6529
76.6312
76.6131
76.6648
76.6505
76.6303
76.6094
76.5914
76.64
76.6275
76.6094
76.5902
76.5732
76.6171
76.6063
76.5904
76.5731
76.5576
76.5963
76.587
76.5733
76.5579
76.5441
76.5776
76.5696
76.5579
76.5445
76.532
76.5611
76.5541
76.5441
76.5324
76.5213
76.5465
76.5404
76.5319
76.5216
76.5116
76.5338
76.5284
76.5211
76.5119
76.5028
76.5229
76.5181
76.5117
76.5034
76.495
76.5137
76.5093
76.5036
76.496
76.488
76.5058
76.5021
76.4968
76.4897
76.482
76.4994
76.4964
76.4913
76.4845
76.4769
76.4945
76.4922
76.4872
76.4805
76.4728
76.4913
76.4893
76.4845
76.4777
76.4698
76.4896
76.4878
76.4832
76.4762
76.4679
76.4894
76.4878
76.4832
76.4758
76.4673
76.4906
76.4892
76.4845
76.4768
76.4678
76.493
76.4919
76.4871
76.4791
76.4697
76.4965
76.4957
76.4909
76.4826
76.4728
76.5007
76.5001
76.4956
76.4871
76.477
76.5055
76.505
76.5009
76.4925
76.4823
76.5096
76.5094
76.5061
76.4986
76.4886
76.5131
76.5133
76.5108
76.5048
76.4959
76.5162
76.5169
76.5151
76.5105
76.5035
76.5192
76.52
76.5187
76.5158
76.5108
76.5227
76.523
76.5219
76.5208
76.5182
76.5266
76.5262
76.526
76.5264
76.5263
76.5307
76.5299
76.5302
76.5324
76.5352
76.5343
76.5338
76.5362
76.5412
76.5465
75.819
75.8156
75.8116
75.8052
75.7991
75.8249
75.8172
75.8096
75.8004
75.7906
75.824
75.8134
75.8003
75.7841
75.7674
75.8158
75.8022
75.7837
75.7622
75.7431
75.8021
75.7872
75.7666
75.7454
75.7297
75.7861
75.77
75.7483
75.7285
75.7159
75.768
75.7509
75.7281
75.7086
75.6967
75.7482
75.7303
75.7062
75.686
75.6735
75.7268
75.7085
75.6829
75.6611
75.6466
75.7042
75.686
75.6592
75.6352
75.6178
75.681
75.6635
75.6361
75.6104
75.5899
75.6579
75.6418
75.6148
75.5881
75.565
75.6356
75.6214
75.5961
75.5701
75.5466
75.6147
75.6025
75.5796
75.5554
75.533
75.5952
75.585
75.5649
75.5431
75.5228
75.5772
75.5689
75.5516
75.5323
75.5141
75.5609
75.5541
75.5395
75.5227
75.5065
75.5461
75.5406
75.5283
75.5138
75.4994
75.5327
75.5283
75.5181
75.5054
75.4926
75.5209
75.5173
75.5087
75.4976
75.4861
75.5104
75.5075
75.5002
75.4904
75.4798
75.5013
75.499
75.4927
75.4838
75.474
75.4936
75.4919
75.4862
75.4781
75.4687
75.4874
75.4861
75.4809
75.4732
75.464
75.4827
75.4815
75.4768
75.4692
75.4602
75.4795
75.4784
75.474
75.4665
75.4572
75.4779
75.4767
75.4725
75.4648
75.4553
75.4776
75.4764
75.4723
75.4643
75.4545
75.4787
75.4776
75.4734
75.4652
75.4549
75.481
75.48
75.4758
75.4674
75.4567
75.4843
75.4834
75.4793
75.4708
75.4598
75.4883
75.4876
75.4837
75.4752
75.4642
75.4928
75.4923
75.4886
75.4805
75.4698
75.4975
75.4972
75.4939
75.4864
75.4764
75.5017
75.5017
75.4991
75.4927
75.4838
75.5046
75.5049
75.5039
75.4991
75.4918
75.5069
75.5079
75.508
75.5055
75.5006
75.51
75.5111
75.5115
75.5116
75.5099
75.5135
75.5143
75.515
75.5177
75.5195
75.5175
75.5168
75.5188
75.5244
75.5297
75.522
75.5214
75.5266
75.5363
75.5459
74.8029
74.8003
74.7965
74.79
74.7829
74.8067
74.8006
74.7942
74.7852
74.7745
74.8039
74.7955
74.7838
74.7681
74.7502
74.7934
74.7824
74.7653
74.7438
74.7213
74.7772
74.7648
74.7447
74.7223
74.7008
74.7585
74.7449
74.7226
74.7006
74.6805
74.7383
74.7236
74.6993
74.6776
74.6565
74.717
74.7016
74.6753
74.6533
74.6299
74.6952
74.6792
74.651
74.6278
74.6019
74.6732
74.657
74.6273
74.602
74.5735
74.6515
74.6357
74.6052
74.5778
74.5476
74.6306
74.6159
74.5856
74.5568
74.5264
74.6109
74.5977
74.5695
74.5412
74.5131
74.5925
74.5812
74.5558
74.5296
74.504
74.5754
74.566
74.5438
74.5201
74.497
74.5595
74.5518
74.5329
74.512
74.4915
74.5448
74.5387
74.5228
74.5045
74.4864
74.5312
74.5264
74.5132
74.4973
74.4813
74.5189
74.5151
74.5041
74.4903
74.4759
74.5077
74.5048
74.4956
74.4834
74.4704
74.4978
74.4955
74.4878
74.4769
74.4649
74.4891
74.4873
74.4807
74.4708
74.4596
74.4818
74.4802
74.4745
74.4654
74.4546
74.4758
74.4745
74.4694
74.4606
74.4501
74.4712
74.47
74.4653
74.4568
74.4463
74.468
74.4669
74.4625
74.4541
74.4433
74.4662
74.4653
74.461
74.4525
74.4414
74.4659
74.465
74.4608
74.4521
74.4406
74.4669
74.4661
74.4619
74.453
74.4411
74.4691
74.4684
74.4643
74.4553
74.443
74.4723
74.4718
74.4679
74.4589
74.4464
74.4762
74.4759
74.4723
74.4635
74.4512
74.4806
74.4805
74.4774
74.4692
74.4576
74.485
74.4852
74.4827
74.4756
74.4652
74.4893
74.4895
74.4877
74.4821
74.4734
74.4922
74.4926
74.4922
74.4885
74.4821
74.4944
74.4955
74.4962
74.4948
74.4912
74.4973
74.499
74.4999
74.5009
74.5006
74.5008
74.5021
74.5035
74.5074
74.5107
74.5048
74.5043
74.5076
74.5149
74.5218
74.5097
74.5093
74.5163
74.529
74.5412
73.7882
73.7866
73.7834
73.7779
73.7714
73.7909
73.7869
73.7819
73.7745
73.765
73.7873
73.7817
73.7718
73.7586
73.742
73.7764
73.7684
73.753
73.7334
73.7087
73.7599
73.7503
73.7309
73.7085
73.6802
73.7409
73.7301
73.7073
73.6847
73.6559
73.7207
73.7091
73.6833
73.6599
73.631
73.6998
73.6877
73.6597
73.6343
73.6065
73.6784
73.6662
73.6366
73.6089
73.5806
73.657
73.6449
73.6144
73.5841
73.553
73.636
73.6245
73.5941
73.5619
73.5283
73.6157
73.6052
73.5759
73.5434
73.5085
73.5967
73.5876
73.5608
73.53
73.4982
73.5788
73.5714
73.5477
73.5197
73.4911
73.5622
73.5564
73.5361
73.5112
73.4857
73.5468
73.5424
73.5254
73.5037
73.4813
73.5324
73.5293
73.5153
73.4966
73.477
73.5191
73.5171
73.5057
73.4895
73.4722
73.507
73.5057
73.4965
73.4825
73.4671
73.4959
73.4952
73.4878
73.4755
73.4617
73.486
73.4857
73.4796
73.4688
73.456
73.4774
73.4773
73.4722
73.4624
73.4504
73.47
73.4701
73.4657
73.4566
73.445
73.4639
73.4641
73.4601
73.4514
73.44
73.4593
73.4594
73.4557
73.4472
73.4357
73.456
73.4561
73.4525
73.444
73.4323
73.4542
73.4542
73.4506
73.442
73.4298
73.4538
73.4537
73.4501
73.4413
73.4286
73.4547
73.4546
73.451
73.4419
73.4287
73.4569
73.4568
73.4532
73.444
73.4303
73.4601
73.4601
73.4565
73.4474
73.4337
73.464
73.4641
73.4608
73.452
73.4386
73.4684
73.4686
73.4657
73.4578
73.4454
73.4725
73.4729
73.4707
73.4641
73.4535
73.4758
73.4765
73.4754
73.4705
73.4622
73.4785
73.4797
73.4796
73.4768
73.4712
73.4813
73.483
73.4835
73.4829
73.4802
73.4848
73.4867
73.4872
73.4886
73.4891
73.489
73.4894
73.4908
73.4943
73.4976
73.4931
73.492
73.4949
73.5008
73.507
73.4972
73.4965
73.5011
73.5107
73.5202
72.7751
72.7744
72.7715
72.7668
72.7612
72.778
72.7759
72.7708
72.7641
72.7552
72.7742
72.7709
72.7612
72.7491
72.7334
72.7638
72.7584
72.7425
72.7232
72.6978
72.7482
72.7413
72.7205
72.6966
72.663
72.7301
72.7222
72.6982
72.6731
72.6363
72.7107
72.7021
72.6761
72.6503
72.613
72.6905
72.6816
72.6542
72.6277
72.5917
72.6698
72.6609
72.6326
72.6049
72.5696
72.6488
72.6401
72.6115
72.5821
72.5463
72.628
72.6199
72.5916
72.5607
72.5244
72.6077
72.6006
72.5735
72.5413
72.5037
72.5885
72.5829
72.5583
72.5281
72.495
72.5705
72.5664
72.545
72.5177
72.4887
72.5536
72.551
72.5329
72.5089
72.4835
72.5378
72.5366
72.5216
72.501
72.4788
72.5231
72.523
72.5109
72.4932
72.4738
72.5095
72.5102
72.5005
72.4854
72.4683
72.497
72.4983
72.4906
72.4776
72.4624
72.4857
72.4873
72.4811
72.4699
72.4561
72.4755
72.4773
72.4722
72.4624
72.4496
72.4666
72.4684
72.4641
72.4552
72.4431
72.459
72.4606
72.4569
72.4486
72.4368
72.4527
72.4541
72.4507
72.4427
72.4309
72.4478
72.449
72.4457
72.4377
72.4257
72.4443
72.4452
72.4419
72.4338
72.4214
72.4423
72.4429
72.4395
72.4312
72.4182
72.4417
72.442
72.4386
72.4299
72.4164
72.4425
72.4426
72.439
72.4301
72.416
72.4445
72.4444
72.4409
72.4318
72.4172
72.4475
72.4473
72.4439
72.435
72.4204
72.4511
72.451
72.4478
72.4394
72.4252
72.4549
72.4551
72.4524
72.4449
72.4322
72.4588
72.4594
72.4572
72.4511
72.4404
72.4624
72.4635
72.4616
72.4574
72.4492
72.4658
72.4667
72.4655
72.4634
72.458
72.4691
72.4696
72.4698
72.4692
72.4666
72.473
72.4733
72.4739
72.4745
72.4748
72.477
72.4769
72.478
72.4802
72.4822
72.4808
72.4804
72.4822
72.4861
72.4902
72.4837
72.484
72.4872
72.4931
72.499
-7.91227
-7.9122
-7.91191
-7.91148
-7.91213
-7.91209
-7.9116
-7.91087
-7.912
-7.9119
-7.91114
-7.91013
-7.91184
-7.91162
-7.91051
-7.90926
-7.90882
-7.9119
-7.91154
-7.91026
-7.90901
-7.90884
-7.91222
-7.91173
-7.91031
-7.90904
-7.90901
-7.91306
-7.91249
-7.91104
-7.90982
-7.91002
-7.91447
-7.91385
-7.91238
-7.9112
-7.91155
-7.91648
-7.91584
-7.91437
-7.9132
-7.91362
-7.91912
-7.9185
-7.91707
-7.91591
-7.9164
-7.9223
-7.92172
-7.92034
-7.91917
-7.91959
-7.92594
-7.92546
-7.92422
-7.92324
-7.92405
-7.92976
-7.92937
-7.92811
-7.92694
-7.92696
-7.93359
-7.93328
-7.93199
-7.93064
-7.92994
-7.93729
-7.93704
-7.93576
-7.93433
-7.93315
-7.94076
-7.94056
-7.93931
-7.93784
-7.93642
-7.94396
-7.94379
-7.94259
-7.94109
-7.93955
-7.94689
-7.94673
-7.9456
-7.94404
-7.94243
-7.94957
-7.94942
-7.94833
-7.9467
-7.94503
-7.95205
-7.95189
-7.95082
-7.94915
-7.94742
-7.95438
-7.95422
-7.95317
-7.95147
-7.94966
-7.95662
-7.95648
-7.95546
-7.95376
-7.95186
-7.95883
-7.95871
-7.95773
-7.95606
-7.9541
-7.96105
-7.96096
-7.96005
-7.95843
-7.95644
-7.96332
-7.96327
-7.96244
-7.96089
-7.95888
-7.96565
-7.96565
-7.96492
-7.96346
-7.96147
-7.96807
-7.96811
-7.96749
-7.96615
-7.96424
-7.97056
-7.97066
-7.97015
-7.96896
-7.96718
-7.9731
-7.97325
-7.97288
-7.97187
-7.97029
-7.97567
-7.97587
-7.97563
-7.97483
-7.97356
-7.9782
-7.97845
-7.97835
-7.97777
-7.97693
-7.98063
-7.98092
-7.98096
-7.98062
-7.9803
-7.98286
-7.98318
-7.98336
-7.98327
-7.98341
-7.98478
-7.98512
-7.98543
-7.98558
-7.98609
-7.98624
-7.98657
-7.98702
-7.98741
-7.98819
-7.98711
-7.9874
-7.98796
-7.98861
-7.98962
-7.98724
-7.98741
-7.98799
-7.9888
-7.99001
-7.98662
-7.98655
-7.987
-7.98774
-7.98908
-7.98548
-7.98491
-7.98497
-7.98533
-7.98648
-7.9843
-7.98353
-7.98309
-7.98302
-7.98393
-7.98292
-7.98178
-7.98073
-7.98046
-7.98133
-8.92254
-8.92256
-8.92242
-8.92206
-8.92251
-8.92259
-8.92231
-8.9219
-8.92257
-8.92262
-8.92221
-8.9217
-8.92259
-8.92256
-8.92197
-8.92121
-8.92278
-8.92268
-8.92205
-8.92129
-8.92108
-8.92324
-8.92309
-8.92239
-8.92159
-8.92138
-8.92417
-8.92399
-8.92331
-8.92258
-8.92252
-8.92565
-8.92546
-8.9248
-8.92411
-8.92417
-8.92772
-8.92753
-8.9269
-8.92623
-8.92636
-8.93042
-8.93026
-8.92968
-8.92905
-8.92931
-8.93365
-8.93353
-8.933
-8.93236
-8.9326
-8.93732
-8.93729
-8.93692
-8.93655
-8.93734
-8.94114
-8.94114
-8.94077
-8.94019
-8.94027
-8.94493
-8.94499
-8.94459
-8.94382
-8.94336
-8.94856
-8.94867
-8.94823
-8.94732
-8.94651
-8.95196
-8.95209
-8.9516
-8.9506
-8.94955
-8.95508
-8.95519
-8.95464
-8.95357
-8.95236
-8.95792
-8.958
-8.95737
-8.95625
-8.9549
-8.96053
-8.96055
-8.95985
-8.95866
-8.95717
-8.96294
-8.96293
-8.96216
-8.96089
-8.9593
-8.96522
-8.96518
-8.96438
-8.96302
-8.96136
-8.96742
-8.96738
-8.96659
-8.96517
-8.96345
-8.9696
-8.96959
-8.96884
-8.9674
-8.96567
-8.9718
-8.97183
-8.97116
-8.96976
-8.96802
-8.97406
-8.97415
-8.97358
-8.97226
-8.97052
-8.97638
-8.97654
-8.97611
-8.97491
-8.97321
-8.97879
-8.97903
-8.97874
-8.97771
-8.9761
-8.98128
-8.98159
-8.98147
-8.98063
-8.97919
-8.98382
-8.9842
-8.98427
-8.98365
-8.98244
-8.98638
-8.98682
-8.98707
-8.9867
-8.98584
-8.98892
-8.98941
-8.98984
-8.98973
-8.98931
-8.99137
-8.99189
-8.9925
-8.99269
-8.99277
-8.99364
-8.99417
-8.99492
-8.99548
-8.99605
-8.99561
-8.99613
-8.99707
-8.99798
-8.99897
-8.99716
-8.99763
-8.99879
-9.00008
-9.00136
-8.99812
-8.99854
-8.99984
-9.00142
-9.00312
-8.99832
-8.99861
-8.99988
-9.00156
-9.00354
-8.99769
-8.99774
-8.99871
-9.00018
-9.00217
-8.99646
-8.99589
-8.99623
-8.99706
-8.99868
-8.99516
-8.99371
-8.9931
-8.99318
-8.99452
-8.99291
-8.98992
-8.98781
-8.98734
-8.98861
-9.93297
-9.93298
-9.93277
-9.9326
-9.93302
-9.93303
-9.93274
-9.93254
-9.93321
-9.93313
-9.93281
-9.9326
-9.9334
-9.93326
-9.93283
-9.93238
-9.93379
-9.93362
-9.93319
-9.93275
-9.93444
-9.93425
-9.93377
-9.93324
-9.93305
-9.93555
-9.93536
-9.93489
-9.93439
-9.9343
-9.9372
-9.93702
-9.93656
-9.93605
-9.93602
-9.93945
-9.93929
-9.93885
-9.93831
-9.93828
-9.94234
-9.94223
-9.94185
-9.94132
-9.94135
-9.94575
-9.94571
-9.94537
-9.94481
-9.94471
-9.94959
-9.94967
-9.94954
-9.94932
-9.94983
-9.95351
-9.95365
-9.95352
-9.95319
-9.95307
-9.95734
-9.95753
-9.9574
-9.95702
-9.95659
-9.96092
-9.96115
-9.961
-9.9605
-9.95985
-9.96419
-9.96443
-9.96425
-9.9636
-9.96281
-9.96717
-9.96739
-9.9671
-9.9663
-9.96538
-9.96988
-9.97003
-9.96961
-9.96865
-9.9676
-9.97237
-9.97243
-9.97186
-9.97076
-9.96956
-9.97469
-9.97468
-9.97397
-9.97276
-9.97141
-9.97691
-9.97684
-9.97602
-9.97476
-9.97326
-9.97907
-9.97898
-9.97813
-9.97685
-9.97524
-9.98123
-9.98116
-9.98036
-9.97907
-9.97743
-9.98342
-9.9834
-9.98271
-9.98145
-9.97984
-9.98567
-9.98573
-9.98519
-9.984
-9.98242
-9.988
-9.98816
-9.9878
-9.98673
-9.98518
-9.9904
-9.99067
-9.99052
-9.98959
-9.98814
-9.99286
-9.99324
-9.99329
-9.99255
-9.99126
-9.99537
-9.99584
-9.99608
-9.99558
-9.99454
-9.99789
-9.99843
-9.9988
-9.99859
-9.99795
-10.0004
-10.001
-10.0015
-10.0016
-10.0014
-10.0028
-10.0034
-10.004
-10.0045
-10.0048
-10.0051
-10.0057
-10.0064
-10.0074
-10.0082
-10.0073
-10.0079
-10.0088
-10.0101
-10.0114
-10.0091
-10.0096
-10.011
-10.0127
-10.0143
-10.0104
-10.0109
-10.0128
-10.015
-10.017
-10.0108
-10.0114
-10.0137
-10.0162
-10.0185
-10.0103
-10.0107
-10.0129
-10.0154
-10.0179
-10.0087
-10.0085
-10.0097
-10.0116
-10.014
-10.0072
-10.0053
-10.0051
-10.0061
-10.0084
-10.0045
-9.9997
-9.99765
-9.99794
-10.0006
-10.9435
-10.9435
-10.9432
-10.9431
-10.9436
-10.9434
-10.9432
-10.9431
-10.9438
-10.9436
-10.9434
-10.9433
-10.9442
-10.9439
-10.9436
-10.9433
-10.9448
-10.9445
-10.9442
-10.9439
-10.9456
-10.9454
-10.945
-10.9445
-10.9469
-10.9467
-10.9463
-10.9459
-10.9458
-10.9488
-10.9486
-10.9482
-10.9477
-10.9476
-10.9513
-10.9511
-10.9507
-10.9501
-10.95
-10.9545
-10.9544
-10.954
-10.9534
-10.9532
-10.9581
-10.9581
-10.9578
-10.9571
-10.9567
-10.9621
-10.9623
-10.9622
-10.9621
-10.9623
-10.9662
-10.9664
-10.9664
-10.9662
-10.9659
-10.97
-10.9703
-10.9703
-10.9702
-10.9698
-10.9735
-10.9738
-10.9738
-10.9735
-10.973
-10.9766
-10.9769
-10.9769
-10.9764
-10.9758
-10.9795
-10.9797
-10.9795
-10.9788
-10.9781
-10.982
-10.9821
-10.9818
-10.9809
-10.9801
-10.9844
-10.9844
-10.9838
-10.9828
-10.9818
-10.9867
-10.9865
-10.9858
-10.9846
-10.9834
-10.9889
-10.9886
-10.9878
-10.9865
-10.9852
-10.991
-10.9907
-10.9899
-10.9885
-10.9871
-10.9932
-10.9929
-10.9921
-10.9908
-10.9892
-10.9954
-10.9952
-10.9945
-10.9933
-10.9916
-10.9977
-10.9976
-10.997
-10.9959
-10.9942
-11
-11.0001
-10.9997
-10.9986
-10.997
-11.0024
-11.0026
-11.0023
-11.0014
-11
-11.0048
-11.0051
-11.005
-11.0043
-11.0031
-11.0072
-11.0076
-11.0075
-11.0072
-11.0062
-11.0096
-11.01
-11.01
-11.0101
-11.0094
-11.012
-11.0123
-11.0124
-11.0128
-11.0127
-11.0144
-11.0146
-11.0148
-11.0155
-11.0159
-11.0168
-11.0167
-11.0173
-11.0183
-11.0193
-11.0192
-11.0189
-11.02
-11.0212
-11.0228
-11.0215
-11.0211
-11.023
-11.0244
-11.0266
-11.0235
-11.0234
-11.0262
-11.028
-11.0305
-11.0246
-11.0252
-11.0288
-11.0312
-11.0337
-11.0246
-11.0257
-11.0295
-11.0322
-11.0348
-11.0229
-11.0237
-11.0264
-11.029
-11.0317
-11.0213
-11.0199
-11.021
-11.0229
-11.0258
-11.0182
-11.013
-11.0124
-11.0139
-11.0174
-11.9539
-11.9538
-11.9537
-11.9536
-11.9541
-11.9538
-11.9538
-11.9538
-11.9544
-11.9541
-11.9541
-11.9542
-11.9549
-11.9546
-11.9544
-11.9542
-11.9557
-11.9554
-11.9552
-11.955
-11.9568
-11.9565
-11.9562
-11.9559
-11.9584
-11.9581
-11.9578
-11.9574
-11.9605
-11.9603
-11.9599
-11.9594
-11.9593
-11.9633
-11.9631
-11.9627
-11.962
-11.9616
-11.9667
-11.9666
-11.9663
-11.9656
-11.9651
-11.9706
-11.9707
-11.9703
-11.9696
-11.9687
-11.9748
-11.975
-11.9751
-11.9749
-11.9748
-11.9789
-11.9792
-11.9793
-11.9791
-11.9787
-11.9826
-11.983
-11.9832
-11.9831
-11.9827
-11.986
-11.9863
-11.9865
-11.9863
-11.9858
-11.989
-11.9893
-11.9893
-11.9889
-11.9884
-11.9917
-11.9918
-11.9916
-11.9911
-11.9905
-11.9942
-11.9942
-11.9937
-11.9929
-11.9923
-11.9965
-11.9963
-11.9956
-11.9947
-11.9939
-11.9987
-11.9984
-11.9976
-11.9965
-11.9954
-12.0009
-12.0005
-11.9996
-11.9983
-11.9971
-12.0031
-12.0026
-12.0017
-12.0004
-11.999
-12.0053
-12.0049
-12.0041
-12.0027
-12.0012
-12.0076
-12.0073
-12.0065
-12.0052
-12.0036
-12.0099
-12.0097
-12.0091
-12.0078
-12.0062
-12.0122
-12.0121
-12.0116
-12.0105
-12.0089
-12.0145
-12.0145
-12.0142
-12.0132
-12.0117
-12.0168
-12.0168
-12.0166
-12.0159
-12.0146
-12.0191
-12.019
-12.0189
-12.0185
-12.0176
-12.0214
-12.021
-12.0212
-12.021
-12.0205
-12.0237
-12.0229
-12.0233
-12.0234
-12.0235
-12.026
-12.0246
-12.0255
-12.0258
-12.0267
-12.0285
-12.0264
-12.0278
-12.0285
-12.0303
-12.0313
-12.0288
-12.0307
-12.0319
-12.0344
-12.0343
-12.032
-12.0344
-12.0361
-12.0391
-12.0372
-12.0361
-12.0391
-12.0413
-12.0445
-12.0394
-12.0401
-12.0439
-12.0465
-12.0495
-12.0404
-12.0425
-12.0469
-12.05
-12.0527
-12.0392
-12.0416
-12.0456
-12.0487
-12.0513
-12.0376
-12.0379
-12.0403
-12.0429
-12.0457
-12.0348
-12.0312
-12.0323
-12.0346
-12.0382
-12.9643
-12.9642
-12.9642
-12.9641
-12.9645
-12.9643
-12.9643
-12.9645
-12.965
-12.9647
-12.9648
-12.965
-12.9657
-12.9654
-12.9653
-12.9651
-12.9667
-12.9664
-12.9663
-12.9661
-12.968
-12.9677
-12.9675
-12.9673
-12.9698
-12.9696
-12.9693
-12.969
-12.9723
-12.9721
-12.9717
-12.9712
-12.9753
-12.9752
-12.9747
-12.974
-12.9733
-12.979
-12.979
-12.9786
-12.9778
-12.977
-12.9831
-12.9832
-12.9829
-12.9821
-12.9808
-12.9874
-12.9877
-12.9879
-12.9876
-12.9871
-12.9914
-12.9919
-12.9921
-12.9918
-12.9911
-12.9951
-12.9956
-12.9959
-12.9957
-12.9952
-12.9984
-12.9987
-12.9989
-12.9986
-12.9982
-13.0013
-13.0014
-13.0014
-13.0011
-13.0007
-13.0039
-13.0038
-13.0036
-13.0031
-13.0027
-13.0063
-13.006
-13.0056
-13.0049
-13.0044
-13.0085
-13.0082
-13.0075
-13.0066
-13.006
-13.0108
-13.0104
-13.0095
-13.0085
-13.0076
-13.013
-13.0126
-13.0116
-13.0104
-13.0093
-13.0153
-13.0148
-13.0139
-13.0125
-13.0112
-13.0176
-13.0171
-13.0163
-13.0149
-13.0134
-13.02
-13.0194
-13.0188
-13.0173
-13.0157
-13.0223
-13.0218
-13.0213
-13.0199
-13.0182
-13.0246
-13.0241
-13.0238
-13.0224
-13.0209
-13.0268
-13.0262
-13.0262
-13.0249
-13.0236
-13.029
-13.0282
-13.0284
-13.0273
-13.0263
-13.0312
-13.0299
-13.0304
-13.0296
-13.029
-13.0333
-13.0314
-13.0322
-13.0318
-13.0318
-13.0356
-13.0327
-13.034
-13.0341
-13.0349
-13.0381
-13.0345
-13.0361
-13.0366
-13.0383
-13.041
-13.0371
-13.0386
-13.0399
-13.0423
-13.0443
-13.0405
-13.042
-13.044
-13.0473
-13.0479
-13.0449
-13.0465
-13.0493
-13.053
-13.0514
-13.05
-13.0521
-13.0557
-13.0596
-13.0546
-13.0553
-13.0584
-13.0624
-13.0662
-13.0568
-13.0595
-13.0637
-13.0679
-13.0711
-13.0567
-13.0606
-13.0654
-13.0692
-13.0716
-13.0554
-13.0574
-13.0608
-13.064
-13.0666
-13.0529
-13.0516
-13.0541
-13.057
-13.0602
-13.9747
-13.9746
-13.9746
-13.9745
-13.975
-13.9749
-13.9749
-13.9752
-13.9756
-13.9754
-13.9755
-13.9759
-13.9764
-13.9762
-13.9761
-13.9761
-13.9777
-13.9774
-13.9773
-13.9773
-13.9793
-13.979
-13.9788
-13.9785
-13.9814
-13.9811
-13.9808
-13.9805
-13.9841
-13.9839
-13.9835
-13.9829
-13.9875
-13.9873
-13.9868
-13.9859
-13.9914
-13.9914
-13.991
-13.99
-13.9888
-13.9956
-13.9957
-13.9954
-13.9944
-13.9927
-14
-14.0003
-14.0005
-14
-13.9991
-14.0039
-14.0043
-14.0045
-14.0041
-14.0031
-14.0076
-14.0079
-14.0081
-14.0078
-14.0072
-14.0107
-14.0109
-14.0109
-14.0106
-14.0101
-14.0135
-14.0135
-14.0134
-14.013
-14.0127
-14.0161
-14.0158
-14.0155
-14.015
-14.0147
-14.0185
-14.018
-14.0175
-14.0169
-14.0166
-14.0208
-14.0202
-14.0195
-14.0187
-14.0183
-14.0232
-14.0224
-14.0217
-14.0207
-14.02
-14.0255
-14.0247
-14.0239
-14.0227
-14.0218
-14.0279
-14.0271
-14.0263
-14.0249
-14.0238
-14.0303
-14.0295
-14.0287
-14.0272
-14.0259
-14.0327
-14.0318
-14.0312
-14.0297
-14.0282
-14.0351
-14.0341
-14.0337
-14.0321
-14.0307
-14.0374
-14.0361
-14.036
-14.0345
-14.0332
-14.0396
-14.038
-14.0381
-14.0368
-14.0358
-14.0417
-14.0397
-14.04
-14.0391
-14.0384
-14.0439
-14.0412
-14.0418
-14.0413
-14.0412
-14.0462
-14.0429
-14.0436
-14.0436
-14.0442
-14.0487
-14.045
-14.0456
-14.0462
-14.0477
-14.0514
-14.0475
-14.048
-14.0494
-14.0517
-14.0544
-14.0508
-14.051
-14.0534
-14.0566
-14.0576
-14.0548
-14.0551
-14.0584
-14.0624
-14.0608
-14.0594
-14.0603
-14.0646
-14.0691
-14.0645
-14.0646
-14.0667
-14.0719
-14.0766
-14.0682
-14.0698
-14.0735
-14.0793
-14.0839
-14.0718
-14.0751
-14.0804
-14.0863
-14.09
-14.0736
-14.0771
-14.0822
-14.0875
-14.091
-14.0732
-14.0759
-14.0802
-14.0843
-14.0871
-14.071
-14.0714
-14.0749
-14.0784
-14.0817
-14.9852
-14.9851
-14.985
-14.9848
-14.9855
-14.9855
-14.9855
-14.9857
-14.9862
-14.9861
-14.9863
-14.9867
-14.9873
-14.9871
-14.987
-14.9871
-14.9887
-14.9885
-14.9884
-14.9884
-14.9906
-14.9903
-14.9901
-14.9898
-14.993
-14.9927
-14.9924
-14.9919
-14.996
-14.9958
-14.9953
-14.9946
-14.9997
-14.9995
-14.9988
-14.9978
-15.0038
-15.0037
-15.0032
-15.0021
-15.0081
-15.0082
-15.0078
-15.0064
-15.0042
-15.0124
-15.0128
-15.0128
-15.012
-15.0106
-15.0164
-15.0167
-15.0167
-15.0159
-15.0146
-15.0199
-15.0201
-15.0201
-15.0196
-15.0188
-15.023
-15.0229
-15.0228
-15.0224
-15.0219
-15.0258
-15.0255
-15.0253
-15.0249
-15.0247
-15.0285
-15.0279
-15.0275
-15.027
-15.027
-15.031
-15.0302
-15.0296
-15.0291
-15.0291
-15.0335
-15.0325
-15.0318
-15.0311
-15.031
-15.036
-15.0349
-15.0341
-15.0332
-15.0329
-15.0385
-15.0373
-15.0365
-15.0354
-15.0348
-15.041
-15.0397
-15.0389
-15.0377
-15.0369
-15.0435
-15.0422
-15.0414
-15.04
-15.039
-15.046
-15.0445
-15.0438
-15.0424
-15.0414
-15.0484
-15.0467
-15.0461
-15.0448
-15.0438
-15.0508
-15.0488
-15.0483
-15.0472
-15.0464
-15.053
-15.0508
-15.0504
-15.0495
-15.049
-15.0553
-15.0527
-15.0524
-15.0519
-15.0519
-15.0576
-15.0546
-15.0543
-15.0544
-15.055
-15.0599
-15.0567
-15.0563
-15.0571
-15.0586
-15.0623
-15.0592
-15.0587
-15.0604
-15.0627
-15.0647
-15.0621
-15.0616
-15.0643
-15.0677
-15.0672
-15.0655
-15.0653
-15.0692
-15.0734
-15.0699
-15.0692
-15.07
-15.0751
-15.0801
-15.0733
-15.0735
-15.0758
-15.0819
-15.0874
-15.0776
-15.0785
-15.0825
-15.0897
-15.0954
-15.0827
-15.0841
-15.0895
-15.0972
-15.1027
-15.0878
-15.0899
-15.0963
-15.1042
-15.1093
-15.0905
-15.0918
-15.0979
-15.1049
-15.1095
-15.0914
-15.0941
-15.0988
-15.1036
-15.1067
-15.0892
-15.0905
-15.0944
-15.0986
-15.102
-15.9956
-15.9955
-15.9953
-15.9949
-15.996
-15.9961
-15.9961
-15.9962
-15.9969
-15.9968
-15.997
-15.9974
-15.9982
-15.998
-15.9979
-15.9979
-15.9998
-15.9996
-15.9995
-15.9994
-16.002
-16.0017
-16.0014
-16.001
-16.0047
-16.0043
-16.0039
-16.0033
-16.008
-16.0077
-16.0071
-16.0061
-16.0118
-16.0115
-16.0108
-16.0094
-16.0161
-16.016
-16.0153
-16.0138
-16.0205
-16.0205
-16.0198
-16.018
-16.0249
-16.0251
-16.0248
-16.0235
-16.0216
-16.0288
-16.0288
-16.0285
-16.0274
-16.0258
-16.0323
-16.0322
-16.0319
-16.0312
-16.0303
-16.0355
-16.035
-16.0347
-16.0341
-16.0338
-16.0384
-16.0377
-16.0372
-16.0369
-16.037
-16.0412
-16.0402
-16.0397
-16.0394
-16.0397
-16.0439
-16.0427
-16.0421
-16.0418
-16.0422
-16.0466
-16.0453
-16.0445
-16.0441
-16.0445
-16.0493
-16.0478
-16.0469
-16.0464
-16.0466
-16.052
-16.0504
-16.0494
-16.0487
-16.0487
-16.0546
-16.053
-16.0519
-16.0511
-16.0509
-16.0572
-16.0555
-16.0544
-16.0536
-16.0532
-16.0597
-16.0579
-16.0568
-16.056
-16.0556
-16.0622
-16.0603
-16.0592
-16.0585
-16.0581
-16.0645
-16.0625
-16.0615
-16.061
-16.0609
-16.0669
-16.0647
-16.0636
-16.0636
-16.0638
-16.0691
-16.0668
-16.0658
-16.0663
-16.0671
-16.0713
-16.069
-16.068
-16.0692
-16.0709
-16.0735
-16.0714
-16.0706
-16.0727
-16.0752
-16.0755
-16.074
-16.0735
-16.0768
-16.0803
-16.0775
-16.0768
-16.0772
-16.0817
-16.0862
-16.08
-16.08
-16.0816
-16.0875
-16.0929
-16.0836
-16.0839
-16.087
-16.0941
-16.1003
-16.0883
-16.0888
-16.0932
-16.1014
-16.1079
-16.0936
-16.0945
-16.1001
-16.109
-16.1157
-16.099
-16.1002
-16.1068
-16.1162
-16.1227
-16.1041
-16.105
-16.1122
-16.1217
-16.1282
-16.1064
-16.1074
-16.115
-16.1238
-16.129
-16.1075
-16.1056
-16.1104
-16.1187
-16.1241
-16.1064
-16.107
-16.1112
-16.1168
-16.1212
-17.0059
-17.0059
-17.0054
-17.0048
-17.0066
-17.0066
-17.0065
-17.0065
-17.0076
-17.0075
-17.0077
-17.0081
-17.0091
-17.0089
-17.0088
-17.0087
-17.011
-17.0107
-17.0105
-17.0104
-17.0134
-17.013
-17.0126
-17.0121
-17.0163
-17.0159
-17.0154
-17.0145
-17.0199
-17.0194
-17.0187
-17.0175
-17.024
-17.0235
-17.0226
-17.0209
-17.0283
-17.0281
-17.0272
-17.0253
-17.0327
-17.0327
-17.0317
-17.0293
-17.0372
-17.0372
-17.0365
-17.0348
-17.0411
-17.0409
-17.0402
-17.0387
-17.0369
-17.0448
-17.0443
-17.0437
-17.0429
-17.0421
-17.0481
-17.0473
-17.0467
-17.0462
-17.0461
-17.0513
-17.0502
-17.0495
-17.0494
-17.05
-17.0543
-17.053
-17.0522
-17.0523
-17.0532
-17.0572
-17.0558
-17.0549
-17.0551
-17.0562
-17.0601
-17.0585
-17.0576
-17.0578
-17.0589
-17.0629
-17.0613
-17.0603
-17.0604
-17.0614
-17.0656
-17.064
-17.0629
-17.063
-17.0638
-17.0683
-17.0667
-17.0655
-17.0656
-17.0662
-17.071
-17.0694
-17.0681
-17.0682
-17.0687
-17.0736
-17.0719
-17.0707
-17.0708
-17.0713
-17.076
-17.0744
-17.0732
-17.0735
-17.0741
-17.0784
-17.0768
-17.0756
-17.0762
-17.0772
-17.0806
-17.0791
-17.078
-17.0791
-17.0806
-17.0827
-17.0814
-17.0805
-17.0824
-17.0844
-17.0846
-17.0837
-17.0832
-17.0861
-17.089
-17.0865
-17.086
-17.0864
-17.0904
-17.0943
-17.0887
-17.0887
-17.0901
-17.0955
-17.1004
-17.0917
-17.0919
-17.0947
-17.1015
-17.1074
-17.0958
-17.0962
-17.1002
-17.1083
-17.115
-17.1007
-17.1013
-17.1065
-17.1157
-17.123
-17.1061
-17.107
-17.1132
-17.1233
-17.1308
-17.1116
-17.1129
-17.12
-17.1307
-17.1382
-17.1168
-17.118
-17.1258
-17.137
-17.1444
-17.1206
-17.1214
-17.1295
-17.1409
-17.1484
-17.1221
-17.1228
-17.131
-17.1425
-17.1492
-17.1205
-17.1179
-17.1238
-17.1341
-17.1422
-17.1226
-17.1242
-17.1289
-17.1352
-17.1407
-18.0161
-18.0161
-18.0153
-18.0144
-18.017
-18.017
-18.0168
-18.0167
-18.0183
-18.0181
-18.0183
-18.0186
-18.02
-18.0197
-18.0196
-18.0194
-18.0222
-18.0218
-18.0215
-18.0213
-18.0248
-18.0243
-18.0238
-18.0231
-18.028
-18.0274
-18.0267
-18.0256
-18.0318
-18.0312
-18.0302
-18.0286
-18.036
-18.0354
-18.0342
-18.032
-18.0404
-18.0401
-18.0388
-18.0364
-18.0449
-18.0447
-18.0432
-18.0403
-18.0495
-18.0493
-18.0481
-18.046
-18.0536
-18.053
-18.0519
-18.0503
-18.0574
-18.0566
-18.0557
-18.0549
-18.0544
-18.061
-18.0599
-18.059
-18.0589
-18.0593
-18.0644
-18.0631
-18.0623
-18.0627
-18.0639
-18.0676
-18.0662
-18.0654
-18.0662
-18.0679
-18.0707
-18.0693
-18.0685
-18.0695
-18.0715
-18.0737
-18.0723
-18.0715
-18.0727
-18.0748
-18.0766
-18.0752
-18.0744
-18.0757
-18.0777
-18.0794
-18.0781
-18.0773
-18.0785
-18.0805
-18.0821
-18.0809
-18.0801
-18.0813
-18.0831
-18.0847
-18.0836
-18.0828
-18.0841
-18.0859
-18.0872
-18.0862
-18.0855
-18.087
-18.0887
-18.0896
-18.0887
-18.0881
-18.0899
-18.0918
-18.0919
-18.0911
-18.0908
-18.093
-18.0953
-18.0941
-18.0935
-18.0936
-18.0964
-18.0992
-18.0963
-18.0959
-18.0966
-18.1003
-18.1038
-18.0987
-18.0986
-18.1
-18.1048
-18.1091
-18.1017
-18.1017
-18.1041
-18.1102
-18.1155
-18.1053
-18.1056
-18.109
-18.1164
-18.1227
-18.1096
-18.1102
-18.1148
-18.1237
-18.1308
-18.1146
-18.1156
-18.1214
-18.1316
-18.1393
-18.1202
-18.1215
-18.1285
-18.1398
-18.148
-18.1259
-18.1276
-18.1357
-18.1478
-18.156
-18.1313
-18.1334
-18.1424
-18.155
-18.1632
-18.1358
-18.1379
-18.1476
-18.1606
-18.1687
-18.1384
-18.1401
-18.1501
-18.1634
-18.1718
-18.139
-18.1399
-18.1493
-18.1624
-18.1714
-18.1359
-18.1373
-18.1452
-18.1561
-18.1648
-18.1389
-18.1391
-18.1436
-18.1533
-18.1608
-19.0263
-19.0261
-19.0251
-19.0238
-19.0274
-19.0274
-19.027
-19.0266
-19.0289
-19.0286
-19.0287
-19.0289
-19.0309
-19.0304
-19.0302
-19.0299
-19.0333
-19.0327
-19.0324
-19.032
-19.0362
-19.0355
-19.0348
-19.034
-19.0397
-19.0389
-19.0379
-19.0366
-19.0435
-19.0429
-19.0416
-19.0396
-19.0478
-19.0473
-19.0456
-19.043
-19.0524
-19.052
-19.0502
-19.0473
-19.057
-19.0566
-19.0546
-19.0511
-19.0618
-19.0613
-19.0596
-19.0574
-19.0661
-19.0653
-19.0638
-19.0622
-19.0702
-19.0692
-19.0681
-19.0676
-19.0741
-19.0728
-19.0719
-19.0724
-19.0735
-19.0777
-19.0764
-19.0758
-19.077
-19.0791
-19.0812
-19.0799
-19.0794
-19.0812
-19.084
-19.0845
-19.0833
-19.083
-19.0852
-19.0884
-19.0878
-19.0866
-19.0864
-19.0889
-19.0923
-19.0908
-19.0898
-19.0897
-19.0923
-19.0957
-19.0938
-19.0929
-19.0928
-19.0955
-19.0988
-19.0966
-19.0958
-19.0959
-19.0986
-19.1018
-19.0994
-19.0987
-19.0988
-19.1017
-19.1048
-19.102
-19.1014
-19.1017
-19.1047
-19.108
-19.1046
-19.1041
-19.1047
-19.108
-19.1114
-19.1072
-19.1069
-19.1077
-19.1115
-19.1152
-19.1099
-19.1097
-19.111
-19.1155
-19.1196
-19.1129
-19.1128
-19.1147
-19.1201
-19.1249
-19.1162
-19.1164
-19.1191
-19.1255
-19.1311
-19.1201
-19.1205
-19.1242
-19.1319
-19.1384
-19.1245
-19.1253
-19.1301
-19.1393
-19.1466
-19.1297
-19.1309
-19.137
-19.1477
-19.1558
-19.1353
-19.137
-19.1446
-19.1566
-19.1652
-19.1411
-19.1434
-19.1525
-19.1656
-19.1745
-19.1469
-19.1497
-19.1601
-19.174
-19.1828
-19.1519
-19.1552
-19.1668
-19.1813
-19.19
-19.1556
-19.1592
-19.1715
-19.1865
-19.1952
-19.1574
-19.1607
-19.1732
-19.1887
-19.1977
-19.1571
-19.1593
-19.1708
-19.1862
-19.196
-19.155
-19.1565
-19.1657
-19.1794
-19.1888
-19.1553
-19.1547
-19.1595
-19.1696
-19.181
-20.0363
-20.036
-20.0346
-20.0329
-20.0377
-20.0376
-20.037
-20.0363
-20.0396
-20.039
-20.039
-20.039
-20.0418
-20.0411
-20.0407
-20.0403
-20.0445
-20.0437
-20.0431
-20.0426
-20.0476
-20.0467
-20.0457
-20.0447
-20.0511
-20.0503
-20.049
-20.0474
-20.0551
-20.0544
-20.0527
-20.0504
-20.0594
-20.0589
-20.0568
-20.0538
-20.0642
-20.0637
-20.0615
-20.0582
-20.0691
-20.0685
-20.066
-20.0621
-20.0741
-20.0734
-20.0714
-20.0691
-20.0787
-20.0778
-20.0761
-20.0749
-20.0832
-20.0822
-20.0811
-20.0813
-20.0874
-20.0863
-20.0857
-20.0871
-20.0915
-20.0905
-20.0903
-20.0926
-20.096
-20.0954
-20.0945
-20.0946
-20.0977
-20.1019
-20.0992
-20.0983
-20.0988
-20.1024
-20.1071
-20.1028
-20.1021
-20.1027
-20.1067
-20.1116
-20.1063
-20.1057
-20.1064
-20.1106
-20.1155
-20.1096
-20.1091
-20.1099
-20.1142
-20.119
-20.1128
-20.1123
-20.1132
-20.1176
-20.1223
-20.1158
-20.1154
-20.1165
-20.1209
-20.1255
-20.1188
-20.1185
-20.1197
-20.1242
-20.1288
-20.1218
-20.1216
-20.123
-20.1278
-20.1324
-20.1248
-20.1248
-20.1264
-20.1317
-20.1366
-20.128
-20.1281
-20.1303
-20.1362
-20.1414
-20.1316
-20.1319
-20.1347
-20.1414
-20.1472
-20.1355
-20.1361
-20.1398
-20.1476
-20.1541
-20.1401
-20.141
-20.1458
-20.1549
-20.1622
-20.1451
-20.1466
-20.1527
-20.1633
-20.1713
-20.1507
-20.1528
-20.1605
-20.1727
-20.1814
-20.1566
-20.1594
-20.1689
-20.1823
-20.1916
-20.1625
-20.166
-20.1773
-20.1919
-20.2014
-20.168
-20.1722
-20.1851
-20.2006
-20.2099
-20.1725
-20.1774
-20.1917
-20.2078
-20.2168
-20.1756
-20.1809
-20.1961
-20.213
-20.2219
-20.1767
-20.1819
-20.1976
-20.2152
-20.2246
-20.1762
-20.1802
-20.1947
-20.2125
-20.2228
-20.1747
-20.1774
-20.1888
-20.2046
-20.2152
-20.1738
-20.1751
-20.1818
-20.1939
-20.2058
-21.0463
-21.0459
-21.0439
-21.0418
-21.0479
-21.0476
-21.0468
-21.0459
-21.0502
-21.0493
-21.0492
-21.049
-21.0527
-21.0517
-21.0511
-21.0505
-21.0556
-21.0546
-21.0537
-21.053
-21.0588
-21.0579
-21.0565
-21.0552
-21.0623
-21.0616
-21.0599
-21.058
-21.0665
-21.0658
-21.0637
-21.0611
-21.071
-21.0704
-21.0679
-21.0646
-21.0761
-21.0754
-21.0728
-21.0692
-21.0812
-21.0805
-21.0776
-21.0734
-21.0865
-21.0858
-21.0836
-21.0816
-21.0916
-21.0907
-21.0891
-21.0884
-21.0965
-21.0957
-21.095
-21.0962
-21.1013
-21.1005
-21.1005
-21.1031
-21.1059
-21.1053
-21.1059
-21.1098
-21.1105
-21.1099
-21.111
-21.1158
-21.1216
-21.1148
-21.1144
-21.1159
-21.1213
-21.1276
-21.1189
-21.1186
-21.1204
-21.1262
-21.1327
-21.1228
-21.1226
-21.1246
-21.1305
-21.1371
-21.1265
-21.1264
-21.1284
-21.1344
-21.1408
-21.1299
-21.13
-21.132
-21.138
-21.1442
-21.1333
-21.1334
-21.1355
-21.1415
-21.1475
-21.1366
-21.1368
-21.139
-21.145
-21.1508
-21.14
-21.1403
-21.1426
-21.1487
-21.1545
-21.1434
-21.1439
-21.1464
-21.1529
-21.1588
-21.1471
-21.1477
-21.1507
-21.1577
-21.1638
-21.1512
-21.152
-21.1557
-21.1635
-21.17
-21.1556
-21.1569
-21.1614
-21.1703
-21.1773
-21.1606
-21.1623
-21.1681
-21.1783
-21.186
-21.1661
-21.1684
-21.1757
-21.1873
-21.1957
-21.1719
-21.1749
-21.1842
-21.1973
-21.2064
-21.1777
-21.1816
-21.1929
-21.2074
-21.217
-21.1832
-21.1881
-21.2014
-21.2171
-21.227
-21.188
-21.1938
-21.209
-21.2256
-21.2352
-21.1917
-21.1983
-21.2152
-21.2325
-21.2419
-21.194
-21.2012
-21.2193
-21.2375
-21.2469
-21.1946
-21.2019
-21.2206
-21.2399
-21.2497
-21.1942
-21.2004
-21.2181
-21.2378
-21.2487
-21.1935
-21.1983
-21.2129
-21.2312
-21.2425
-21.1928
-21.1968
-21.2066
-21.2223
-21.2335
-22.0562
-22.0556
-22.0531
-22.0505
-22.0583
-22.0577
-22.0566
-22.0553
-22.0608
-22.0597
-22.0593
-22.0589
-22.0636
-22.0624
-22.0614
-22.0606
-22.0665
-22.0655
-22.0642
-22.0633
-22.0697
-22.0689
-22.0671
-22.0657
-22.0735
-22.0727
-22.0706
-22.0686
-22.0778
-22.0771
-22.0746
-22.0718
-22.0826
-22.0819
-22.0791
-22.0755
-22.0879
-22.0872
-22.0842
-22.0806
-22.0934
-22.0926
-22.0895
-22.0854
-22.0992
-22.0985
-22.0964
-22.0949
-22.1047
-22.1041
-22.1029
-22.1032
-22.1103
-22.1098
-22.1098
-22.1124
-22.1158
-22.1154
-22.1164
-22.1207
-22.1212
-22.121
-22.1228
-22.1285
-22.1263
-22.1263
-22.1288
-22.1355
-22.1312
-22.1314
-22.1343
-22.1417
-22.1498
-22.1358
-22.1361
-22.1394
-22.1471
-22.1554
-22.1401
-22.1405
-22.1439
-22.1517
-22.1599
-22.1441
-22.1446
-22.1481
-22.1558
-22.1637
-22.1479
-22.1485
-22.1519
-22.1595
-22.167
-22.1515
-22.1522
-22.1555
-22.163
-22.1702
-22.1551
-22.1559
-22.1592
-22.1665
-22.1733
-22.1587
-22.1596
-22.1629
-22.1702
-22.1768
-22.1625
-22.1636
-22.167
-22.1745
-22.181
-22.1666
-22.1678
-22.1716
-22.1794
-22.1861
-22.1709
-22.1724
-22.1769
-22.1854
-22.1923
-22.1757
-22.1776
-22.1831
-22.1925
-22.1998
-22.1809
-22.1833
-22.1902
-22.2008
-22.2087
-22.1864
-22.1895
-22.1981
-22.2102
-22.2187
-22.1919
-22.196
-22.2066
-22.2203
-22.2296
-22.1973
-22.2024
-22.2152
-22.2302
-22.2402
-22.202
-22.2081
-22.2232
-22.2394
-22.2496
-22.2057
-22.2129
-22.2299
-22.247
-22.257
-22.208
-22.2162
-22.2351
-22.2529
-22.2623
-22.2091
-22.218
-22.2384
-22.2567
-22.265
-22.2089
-22.2181
-22.2393
-22.2575
-22.2661
-22.2085
-22.2166
-22.2366
-22.2549
-22.2647
-22.2082
-22.2149
-22.2316
-22.249
-22.2595
-22.2077
-22.2134
-22.2248
-22.2408
-22.2529
-23.0662
-23.0653
-23.0623
-23.0593
-23.0686
-23.0677
-23.0663
-23.0647
-23.0715
-23.07
-23.0693
-23.0688
-23.0744
-23.073
-23.0716
-23.0707
-23.0773
-23.0764
-23.0746
-23.0735
-23.0806
-23.0798
-23.0777
-23.076
-23.0845
-23.0837
-23.0814
-23.0791
-23.089
-23.0883
-23.0856
-23.0826
-23.0942
-23.0934
-23.0903
-23.0868
-23.0998
-23.0991
-23.096
-23.0924
-23.1057
-23.105
-23.1019
-23.0981
-23.112
-23.1116
-23.1099
-23.1093
-23.1183
-23.118
-23.1176
-23.1193
-23.1247
-23.1246
-23.1257
-23.1301
-23.1309
-23.1311
-23.1335
-23.1397
-23.137
-23.1374
-23.1409
-23.1487
-23.1427
-23.1434
-23.1476
-23.1564
-23.1481
-23.149
-23.1538
-23.1632
-23.1531
-23.1541
-23.1592
-23.1689
-23.1789
-23.1577
-23.1589
-23.164
-23.1736
-23.1835
-23.1619
-23.1632
-23.1683
-23.1777
-23.1871
-23.1659
-23.1673
-23.1722
-23.1812
-23.19
-23.1698
-23.1712
-23.1759
-23.1845
-23.1928
-23.1735
-23.1751
-23.1795
-23.1878
-23.1955
-23.1773
-23.179
-23.1833
-23.1914
-23.1986
-23.1813
-23.183
-23.1874
-23.1955
-23.2025
-23.1855
-23.1874
-23.1921
-23.2004
-23.2073
-23.19
-23.1922
-23.1975
-23.2063
-23.2133
-23.1948
-23.1975
-23.2037
-23.2134
-23.2207
-23.1999
-23.2032
-23.2108
-23.2217
-23.2296
-23.205
-23.2091
-23.2186
-23.2309
-23.2395
-23.21
-23.2151
-23.2268
-23.2406
-23.2502
-23.2144
-23.2206
-23.2346
-23.2499
-23.2601
-23.2177
-23.2251
-23.2414
-23.2578
-23.2683
-23.2197
-23.2283
-23.2465
-23.2637
-23.2738
-23.2202
-23.2299
-23.2501
-23.2675
-23.2758
-23.2194
-23.2301
-23.2513
-23.2681
-23.2753
-23.2178
-23.229
-23.25
-23.2663
-23.2736
-23.217
-23.227
-23.2463
-23.262
-23.2702
-23.2169
-23.2251
-23.2413
-23.2559
-23.2642
-23.2169
-23.2237
-23.2346
-23.2487
-23.2585
-24.0764
-24.0751
-24.0716
-24.0682
-24.0792
-24.0778
-24.0761
-24.0742
-24.0823
-24.0805
-24.0793
-24.0787
-24.085
-24.0838
-24.0819
-24.0808
-24.0879
-24.0871
-24.085
-24.0838
-24.0914
-24.0906
-24.0883
-24.0865
-24.0955
-24.0947
-24.0922
-24.0899
-24.1003
-24.0995
-24.0967
-24.0938
-24.1057
-24.105
-24.102
-24.0986
-24.1118
-24.1112
-24.1082
-24.1051
-24.1182
-24.1177
-24.115
-24.112
-24.1252
-24.125
-24.1243
-24.1251
-24.1322
-24.1323
-24.1332
-24.1367
-24.1393
-24.1398
-24.1426
-24.1491
-24.1462
-24.1471
-24.1514
-24.1599
-24.1529
-24.1541
-24.1596
-24.1697
-24.1591
-24.1606
-24.167
-24.178
-24.1648
-24.1666
-24.1735
-24.185
-24.1701
-24.1721
-24.1792
-24.1907
-24.1748
-24.177
-24.184
-24.1953
-24.2067
-24.1792
-24.1814
-24.1883
-24.1991
-24.2098
-24.1833
-24.1856
-24.192
-24.2023
-24.2122
-24.1872
-24.1895
-24.1955
-24.2052
-24.2143
-24.191
-24.1934
-24.199
-24.2082
-24.2165
-24.1949
-24.1973
-24.2026
-24.2114
-24.2191
-24.1989
-24.2014
-24.2067
-24.2152
-24.2224
-24.2031
-24.2058
-24.2112
-24.2198
-24.2267
-24.2075
-24.2105
-24.2165
-24.2255
-24.2324
-24.2121
-24.2156
-24.2226
-24.2323
-24.2396
-24.2168
-24.2209
-24.2294
-24.2402
-24.2481
-24.2213
-24.2263
-24.2366
-24.2489
-24.2576
-24.2252
-24.2313
-24.2439
-24.2578
-24.2677
-24.2281
-24.2354
-24.2504
-24.2658
-24.2765
-24.2296
-24.2382
-24.2554
-24.272
-24.283
-24.2293
-24.2392
-24.2585
-24.276
-24.2858
-24.2272
-24.2385
-24.2596
-24.2761
-24.2845
-24.2238
-24.2366
-24.2574
-24.2732
-24.2815
-24.2199
-24.2335
-24.253
-24.2687
-24.2771
-24.2184
-24.2306
-24.2475
-24.262
-24.2707
-24.2184
-24.2282
-24.2423
-24.2544
-24.2623
-24.2194
-24.2269
-24.2364
-24.2478
-24.2551
-25.0868
-25.085
-25.081
-25.0774
-25.0899
-25.0879
-25.086
-25.0839
-25.093
-25.0911
-25.0894
-25.0887
-25.0956
-25.0945
-25.0921
-25.0909
-25.0985
-25.0977
-25.0954
-25.094
-25.1021
-25.1014
-25.0989
-25.097
-25.1065
-25.1058
-25.1032
-25.1008
-25.1117
-25.111
-25.1082
-25.1053
-25.1175
-25.1169
-25.1141
-25.111
-25.124
-25.1235
-25.1211
-25.1186
-25.131
-25.1307
-25.1289
-25.127
-25.1385
-25.1388
-25.1394
-25.142
-25.1462
-25.1469
-25.1496
-25.1553
-25.1539
-25.1552
-25.16
-25.1688
-25.1613
-25.1631
-25.1696
-25.1806
-25.1683
-25.1705
-25.1784
-25.1908
-25.1748
-25.1773
-25.186
-25.1992
-25.1806
-25.1835
-25.1926
-25.2061
-25.1859
-25.1889
-25.1982
-25.2115
-25.1907
-25.1938
-25.2029
-25.2157
-25.1951
-25.1982
-25.2068
-25.219
-25.2309
-25.1991
-25.2023
-25.2103
-25.2216
-25.2325
-25.203
-25.2062
-25.2135
-25.224
-25.2339
-25.2067
-25.21
-25.2168
-25.2265
-25.2353
-25.2106
-25.2138
-25.2202
-25.2293
-25.2373
-25.2145
-25.2178
-25.224
-25.2327
-25.24
-25.2185
-25.222
-25.2283
-25.2369
-25.2439
-25.2226
-25.2265
-25.2333
-25.2422
-25.2492
-25.2268
-25.2312
-25.239
-25.2486
-25.2559
-25.2308
-25.2359
-25.2452
-25.256
-25.264
-25.2343
-25.2403
-25.2515
-25.2639
-25.273
-25.2369
-25.244
-25.2575
-25.2716
-25.2821
-25.2379
-25.2464
-25.2622
-25.2781
-25.2896
-25.237
-25.2469
-25.2651
-25.2825
-25.2943
-25.2339
-25.2454
-25.2661
-25.2836
-25.2942
-25.2285
-25.242
-25.2632
-25.2804
-25.2907
-25.2218
-25.2371
-25.2576
-25.275
-25.285
-25.215
-25.2313
-25.2506
-25.2675
-25.2775
-25.2128
-25.2269
-25.2431
-25.2583
-25.2679
-25.2127
-25.2242
-25.2369
-25.249
-25.2571
-25.2151
-25.2232
-25.2319
-25.2422
-25.2496
-26.0973
-26.0951
-26.0909
-26.0876
-26.1007
-26.0983
-26.0963
-26.0947
-26.1036
-26.102
-26.1
-26.1
-26.106
-26.1052
-26.103
-26.1026
-26.1091
-26.1085
-26.1066
-26.1062
-26.113
-26.1124
-26.1105
-26.1097
-26.1178
-26.1172
-26.1153
-26.1141
-26.1233
-26.1228
-26.1209
-26.1195
-26.1295
-26.1292
-26.1275
-26.1262
-26.1363
-26.1363
-26.1353
-26.1349
-26.1437
-26.144
-26.144
-26.1447
-26.1517
-26.1527
-26.1554
-26.1608
-26.1598
-26.1614
-26.1664
-26.1751
-26.1678
-26.17
-26.1774
-26.189
-26.1754
-26.1782
-26.1873
-26.2009
-26.1824
-26.1857
-26.1961
-26.2109
-26.1888
-26.1925
-26.2036
-26.2189
-26.1946
-26.1985
-26.2099
-26.2252
-26.1996
-26.2037
-26.2151
-26.2299
-26.2042
-26.2084
-26.2193
-26.2334
-26.2084
-26.2125
-26.2228
-26.236
-26.2122
-26.2164
-26.2259
-26.238
-26.2497
-26.216
-26.2201
-26.2288
-26.2399
-26.2503
-26.2196
-26.2238
-26.2317
-26.2419
-26.2512
-26.2233
-26.2275
-26.2349
-26.2443
-26.2526
-26.2271
-26.2314
-26.2385
-26.2474
-26.2549
-26.2309
-26.2354
-26.2426
-26.2513
-26.2584
-26.2347
-26.2395
-26.2473
-26.2562
-26.2633
-26.2382
-26.2436
-26.2524
-26.2621
-26.2696
-26.2413
-26.2474
-26.2578
-26.2688
-26.2773
-26.2436
-26.2506
-26.263
-26.2757
-26.2856
-26.2444
-26.2527
-26.2674
-26.2822
-26.2937
-26.2432
-26.253
-26.2701
-26.287
-26.2997
-26.2395
-26.251
-26.2708
-26.2894
-26.3022
-26.233
-26.2466
-26.2685
-26.2871
-26.2996
-26.2237
-26.2398
-26.2617
-26.2813
-26.2938
-26.2132
-26.2314
-26.253
-26.2728
-26.2851
-26.2037
-26.2225
-26.243
-26.2621
-26.2743
-26.2005
-26.2165
-26.2334
-26.25
-26.2614
-26.1998
-26.2135
-26.2261
-26.239
-26.2483
-26.2041
-26.213
-26.2212
-26.2319
-26.2399
-27.108
-27.1052
-27.101
-27.0981
-27.1116
-27.1089
-27.1066
-27.1052
-27.1142
-27.1127
-27.1103
-27.11
-27.1165
-27.1157
-27.1133
-27.1122
-27.1198
-27.1191
-27.1171
-27.1156
-27.1241
-27.1234
-27.1215
-27.1195
-27.1292
-27.1286
-27.1268
-27.1247
-27.135
-27.1346
-27.1331
-27.1312
-27.1415
-27.1414
-27.1405
-27.1394
-27.1486
-27.1489
-27.1492
-27.1497
-27.1562
-27.1571
-27.1591
-27.1617
-27.1643
-27.1661
-27.1711
-27.179
-27.1724
-27.1749
-27.1826
-27.194
-27.1803
-27.1835
-27.1935
-27.2078
-27.1876
-27.1915
-27.2032
-27.2192
-27.1943
-27.1987
-27.2115
-27.2284
-27.2002
-27.205
-27.2184
-27.2355
-27.2055
-27.2105
-27.224
-27.2408
-27.2101
-27.2152
-27.2285
-27.2446
-27.2143
-27.2194
-27.232
-27.2472
-27.2181
-27.2232
-27.235
-27.2491
-27.2217
-27.2268
-27.2376
-27.2505
-27.2252
-27.2303
-27.2402
-27.2519
-27.2629
-27.2287
-27.2338
-27.2429
-27.2536
-27.2633
-27.2323
-27.2375
-27.246
-27.2558
-27.2644
-27.2359
-27.2412
-27.2495
-27.2588
-27.2665
-27.2394
-27.245
-27.2535
-27.2625
-27.2699
-27.2428
-27.2488
-27.2579
-27.2672
-27.2746
-27.2456
-27.2522
-27.2625
-27.2727
-27.2807
-27.2477
-27.2551
-27.2671
-27.2787
-27.288
-27.2484
-27.2569
-27.271
-27.2846
-27.2955
-27.2472
-27.2571
-27.2736
-27.2896
-27.3024
-27.2434
-27.255
-27.2741
-27.2928
-27.3068
-27.2366
-27.2501
-27.2722
-27.2923
-27.3066
-27.2263
-27.2425
-27.2657
-27.287
-27.3019
-27.2126
-27.2317
-27.2556
-27.2782
-27.2932
-27.1984
-27.2195
-27.2434
-27.2662
-27.2813
-27.1857
-27.2072
-27.2301
-27.252
-27.2669
-27.1813
-27.1996
-27.2183
-27.2371
-27.2507
-27.18
-27.196
-27.2098
-27.2243
-27.2352
-27.1862
-27.1961
-27.2047
-27.2166
-27.2259
-28.1189
-28.1157
-28.112
-28.1108
-28.1225
-28.1198
-28.1182
-28.1186
-28.1248
-28.1239
-28.1226
-28.125
-28.1273
-28.1271
-28.127
-28.1308
-28.1311
-28.1311
-28.1319
-28.1366
-28.1358
-28.136
-28.1374
-28.1427
-28.1412
-28.1417
-28.1436
-28.1496
-28.1472
-28.148
-28.1507
-28.1576
-28.1538
-28.155
-28.1587
-28.1668
-28.1608
-28.1625
-28.1676
-28.1774
-28.1682
-28.1705
-28.1773
-28.1889
-28.1759
-28.1789
-28.1879
-28.202
-28.1834
-28.1872
-28.1982
-28.2143
-28.1905
-28.195
-28.2079
-28.2255
-28.1971
-28.2021
-28.2163
-28.2349
-28.2029
-28.2085
-28.2235
-28.2425
-28.208
-28.2139
-28.2294
-28.2482
-28.2125
-28.2186
-28.234
-28.2522
-28.2164
-28.2226
-28.2376
-28.2548
-28.2199
-28.2261
-28.2403
-28.2564
-28.2232
-28.2294
-28.2426
-28.2575
-28.2265
-28.2327
-28.2448
-28.2584
-28.2298
-28.2359
-28.2471
-28.2597
-28.2332
-28.2394
-28.2498
-28.2614
-28.2712
-28.2366
-28.243
-28.253
-28.2636
-28.2726
-28.2401
-28.2467
-28.2566
-28.2667
-28.275
-28.2433
-28.2504
-28.2606
-28.2706
-28.2785
-28.2462
-28.2538
-28.2649
-28.2753
-28.2834
-28.2483
-28.2566
-28.2691
-28.2805
-28.2894
-28.2491
-28.2585
-28.2728
-28.2859
-28.2963
-28.2482
-28.2587
-28.2753
-28.2908
-28.3031
-28.2447
-28.2568
-28.276
-28.2942
-28.3087
-28.2381
-28.2521
-28.2743
-28.2951
-28.3107
-28.2277
-28.2442
-28.2688
-28.2912
-28.3078
-28.2131
-28.2326
-28.2583
-28.2829
-28.3004
-28.195
-28.2176
-28.2445
-28.2706
-28.2886
-28.1768
-28.2011
-28.2285
-28.2549
-28.2731
-28.1605
-28.1854
-28.2118
-28.2372
-28.255
-28.1546
-28.1761
-28.1978
-28.2195
-28.2354
-28.1528
-28.1717
-28.188
-28.2049
-28.2178
-28.1608
-28.1724
-28.1824
-28.1965
-28.2077
-29.1298
-29.126
-29.1227
-29.1226
-29.1332
-29.1307
-29.1293
-29.1308
-29.1352
-29.1345
-29.134
-29.1374
-29.138
-29.1379
-29.1389
-29.1439
-29.1422
-29.1423
-29.1443
-29.1504
-29.147
-29.1474
-29.1503
-29.1574
-29.1524
-29.1533
-29.157
-29.1652
-29.1583
-29.1597
-29.1644
-29.1739
-29.1647
-29.1665
-29.1726
-29.1837
-29.1714
-29.1739
-29.1815
-29.1944
-29.1782
-29.1814
-29.1909
-29.2057
-29.185
-29.189
-29.2005
-29.2172
-29.1916
-29.1963
-29.2096
-29.228
-29.1976
-29.2031
-29.218
-29.2374
-29.2029
-29.2091
-29.2251
-29.2453
-29.2076
-29.2142
-29.231
-29.2512
-29.2115
-29.2185
-29.2355
-29.2554
-29.2147
-29.2221
-29.2387
-29.2578
-29.2177
-29.2251
-29.2411
-29.2591
-29.2204
-29.2279
-29.2429
-29.2596
-29.2232
-29.2306
-29.2445
-29.26
-29.226
-29.2334
-29.2464
-29.2607
-29.229
-29.2365
-29.2488
-29.262
-29.2322
-29.2399
-29.2519
-29.264
-29.2355
-29.2435
-29.2555
-29.267
-29.2765
-29.2387
-29.2472
-29.2595
-29.2709
-29.2795
-29.2416
-29.2507
-29.2637
-29.2755
-29.284
-29.2439
-29.2539
-29.2679
-29.2805
-29.2896
-29.2451
-29.2561
-29.2717
-29.2856
-29.2959
-29.2447
-29.2568
-29.2746
-29.2905
-29.3024
-29.2419
-29.2555
-29.2757
-29.2943
-29.3081
-29.236
-29.2514
-29.2746
-29.2958
-29.3114
-29.2262
-29.244
-29.2699
-29.2935
-29.3107
-29.2119
-29.2326
-29.26
-29.2863
-29.3053
-29.1928
-29.2165
-29.246
-29.2745
-29.2948
-29.1703
-29.197
-29.2282
-29.2584
-29.2796
-29.1478
-29.1763
-29.2084
-29.2391
-29.2607
-29.1273
-29.157
-29.1883
-29.2179
-29.2392
-29.1197
-29.1459
-29.172
-29.1976
-29.2167
-29.1174
-29.1403
-29.1606
-29.181
-29.1968
-29.1273
-29.1415
-29.1541
-29.1715
-29.1855
-30.1411
-30.1366
-30.134
-30.1351
-30.1441
-30.1419
-30.1409
-30.1436
-30.1458
-30.1455
-30.146
-30.1504
-30.149
-30.1491
-30.1512
-30.1572
-30.1532
-30.1536
-30.1568
-30.164
-30.1579
-30.1587
-30.163
-30.1713
-30.163
-30.1643
-30.1696
-30.1792
-30.1685
-30.1704
-30.1768
-30.1879
-30.1742
-30.1767
-30.1846
-30.1975
-30.1801
-30.1833
-30.1928
-30.2076
-30.1859
-30.1899
-30.2012
-30.2178
-30.1915
-30.1963
-30.2094
-30.2275
-30.1966
-30.2022
-30.217
-30.2365
-30.201
-30.2076
-30.2237
-30.2441
-30.2047
-30.2121
-30.2291
-30.25
-30.2076
-30.2157
-30.2332
-30.254
-30.2099
-30.2186
-30.2359
-30.2561
-30.2118
-30.2209
-30.2376
-30.2569
-30.2136
-30.2227
-30.2387
-30.2568
-30.2155
-30.2245
-30.2396
-30.2566
-30.2175
-30.2265
-30.2408
-30.2567
-30.2198
-30.2289
-30.2427
-30.2576
-30.2224
-30.2318
-30.2453
-30.2595
-30.2253
-30.2351
-30.2488
-30.2625
-30.2283
-30.2387
-30.2529
-30.2667
-30.2311
-30.2424
-30.2574
-30.2715
-30.2817
-30.2335
-30.2459
-30.2622
-30.2768
-30.2872
-30.235
-30.2486
-30.2668
-30.2823
-30.2933
-30.2351
-30.2501
-30.2704
-30.2876
-30.2997
-30.2331
-30.2498
-30.2725
-30.292
-30.3057
-30.2282
-30.2468
-30.2721
-30.2942
-30.3099
-30.2195
-30.2403
-30.2682
-30.2931
-30.3106
-30.2062
-30.2296
-30.2597
-30.2875
-30.3071
-30.1877
-30.2139
-30.2462
-30.277
-30.2985
-30.1642
-30.1935
-30.2282
-30.2614
-30.2846
-30.1374
-30.1694
-30.2065
-30.2416
-30.2662
-30.1102
-30.1445
-30.1829
-30.219
-30.2444
-30.0854
-30.1216
-30.1594
-30.1947
-30.2202
-30.0757
-30.1085
-30.1407
-30.172
-30.1955
-30.0725
-30.1012
-30.1272
-30.1526
-30.1727
-30.0855
-30.1031
-30.1194
-30.1415
-30.1595
-31.1526
-31.1479
-31.1458
-31.1477
-31.1552
-31.1534
-31.1528
-31.156
-31.1569
-31.1567
-31.1578
-31.1624
-31.1601
-31.1603
-31.1628
-31.1686
-31.1639
-31.1645
-31.1681
-31.1748
-31.1681
-31.1691
-31.1737
-31.1814
-31.1726
-31.1741
-31.1797
-31.1887
-31.1773
-31.1794
-31.1861
-31.1967
-31.182
-31.1848
-31.193
-31.2053
-31.1867
-31.1902
-31.2001
-31.2144
-31.191
-31.1955
-31.2072
-31.2233
-31.195
-31.2005
-31.2139
-31.2316
-31.1982
-31.205
-31.2198
-31.2389
-31.2008
-31.2087
-31.2246
-31.2446
-31.2026
-31.2115
-31.228
-31.2485
-31.2039
-31.2134
-31.2302
-31.2506
-31.2048
-31.2146
-31.2313
-31.2511
-31.2054
-31.2154
-31.2316
-31.2506
-31.2059
-31.2159
-31.2317
-31.2497
-31.2066
-31.2167
-31.2319
-31.2491
-31.2076
-31.2178
-31.2328
-31.2493
-31.2089
-31.2196
-31.2346
-31.2507
-31.2106
-31.2219
-31.2374
-31.2535
-31.2126
-31.2249
-31.2412
-31.2577
-31.2146
-31.2282
-31.2457
-31.2628
-31.2163
-31.2316
-31.2507
-31.2686
-31.2175
-31.2347
-31.2557
-31.2747
-31.2882
-31.2177
-31.2368
-31.2601
-31.2806
-31.2948
-31.2161
-31.2373
-31.2631
-31.2857
-31.3011
-31.2121
-31.2355
-31.264
-31.289
-31.306
-31.2046
-31.2304
-31.2616
-31.2891
-31.3079
-31.1927
-31.221
-31.2547
-31.2854
-31.3058
-31.1757
-31.2066
-31.2429
-31.2766
-31.2988
-31.1533
-31.1867
-31.2259
-31.2623
-31.2864
-31.1258
-31.1619
-31.2041
-31.243
-31.2691
-31.0945
-31.1337
-31.1787
-31.22
-31.248
-31.0628
-31.1049
-31.1516
-31.1946
-31.2243
-31.0337
-31.0784
-31.1248
-31.1678
-31.1986
-31.0218
-31.0631
-31.1034
-31.1424
-31.1721
-31.018
-31.0536
-31.087
-31.119
-31.1449
-31.0353
-31.0567
-31.0778
-31.1055
-31.1286
-32.1645
-32.1603
-32.1588
-32.1612
-32.1668
-32.1654
-32.1654
-32.1687
-32.1685
-32.1684
-32.17
-32.1743
-32.1715
-32.1717
-32.1744
-32.1794
-32.1747
-32.1753
-32.1788
-32.1846
-32.1781
-32.1792
-32.1835
-32.1901
-32.1816
-32.1832
-32.1884
-32.1961
-32.1851
-32.1873
-32.1937
-32.2028
-32.1885
-32.1915
-32.1992
-32.21
-32.1917
-32.1957
-32.2049
-32.2176
-32.1944
-32.1996
-32.2104
-32.2249
-32.1967
-32.203
-32.2152
-32.2315
-32.1984
-32.2058
-32.2193
-32.2368
-32.1994
-32.2077
-32.2222
-32.2406
-32.1997
-32.2087
-32.2239
-32.2427
-32.1995
-32.2089
-32.2244
-32.2433
-32.1988
-32.2085
-32.2241
-32.2425
-32.1979
-32.2078
-32.2233
-32.2411
-32.197
-32.2071
-32.2225
-32.2397
-32.1962
-32.2067
-32.2221
-32.239
-32.1956
-32.2067
-32.2226
-32.2395
-32.1953
-32.2073
-32.2241
-32.2416
-32.1951
-32.2085
-32.2267
-32.2452
-32.1951
-32.2103
-32.2303
-32.2501
-32.195
-32.2123
-32.2344
-32.256
-32.1944
-32.2142
-32.2389
-32.2624
-32.1932
-32.2157
-32.2431
-32.2686
-32.1908
-32.2162
-32.2465
-32.2743
-32.2937
-32.1863
-32.2148
-32.2482
-32.2784
-32.2991
-32.1792
-32.2107
-32.2472
-32.2801
-32.3022
-32.1683
-32.2028
-32.2424
-32.278
-32.3012
-32.153
-32.1901
-32.2328
-32.2711
-32.2954
-32.1323
-32.1721
-32.2179
-32.2588
-32.2841
-32.1061
-32.1485
-32.1974
-32.2408
-32.2678
-32.0749
-32.1201
-32.1723
-32.2184
-32.2475
-32.0398
-32.0885
-32.1437
-32.1929
-32.2248
-32.0043
-32.0565
-32.1137
-32.1657
-32.2006
-31.9719
-32.027
-32.0839
-32.1365
-32.1744
-31.958
-32.0094
-32.0593
-32.1078
-32.1457
-31.9544
-31.9977
-32.0392
-32.0788
-32.1116
-31.9778
-32.0028
-32.029
-32.0624
-32.0909
-33.177
-33.1736
-33.1728
-33.1751
-33.1791
-33.1782
-33.1786
-33.1815
-33.1807
-33.1808
-33.1824
-33.1859
-33.1831
-33.1835
-33.1859
-33.1899
-33.1856
-33.1863
-33.1893
-33.1937
-33.1881
-33.1891
-33.1927
-33.1977
-33.1905
-33.192
-33.1964
-33.2023
-33.1927
-33.195
-33.2003
-33.2073
-33.1949
-33.198
-33.2043
-33.2129
-33.1968
-33.2008
-33.2084
-33.2187
-33.1984
-33.2033
-33.2122
-33.2242
-33.1994
-33.2052
-33.2154
-33.2289
-33.1998
-33.2064
-33.2178
-33.2325
-33.1994
-33.2069
-33.2191
-33.2347
-33.1984
-33.2065
-33.2194
-33.2355
-33.1968
-33.2054
-33.2188
-33.2349
-33.1947
-33.2037
-33.2174
-33.2334
-33.1923
-33.2018
-33.2157
-33.2315
-33.1897
-33.1997
-33.2141
-33.2299
-33.1871
-33.1978
-33.213
-33.2292
-33.1844
-33.1962
-33.2127
-33.2298
-33.1816
-33.195
-33.2132
-33.2319
-33.1787
-33.194
-33.2146
-33.2354
-33.1754
-33.1932
-33.2167
-33.2401
-33.1717
-33.1924
-33.2192
-33.2454
-33.1671
-33.1912
-33.2217
-33.251
-33.1615
-33.1892
-33.2237
-33.2562
-33.1544
-33.1861
-33.2247
-33.2603
-33.1451
-33.181
-33.2236
-33.2625
-33.2898
-33.1331
-33.173
-33.2197
-33.2615
-33.29
-33.1175
-33.1613
-33.2117
-33.2563
-33.2854
-33.0976
-33.1449
-33.1988
-33.246
-33.2752
-33.0728
-33.1235
-33.1806
-33.2302
-33.2596
-33.0432
-33.0969
-33.1573
-33.2091
-33.2395
-33.0091
-33.066
-33.1296
-33.1844
-33.2171
-32.972
-33.0323
-33.0991
-33.1577
-33.1941
-32.9348
-32.9986
-33.0674
-33.1295
-33.1707
-32.9016
-32.9675
-33.0353
-33.0986
-33.1448
-32.8869
-32.9482
-33.0075
-33.0656
-33.1121
-32.8857
-32.9357
-32.984
-33.0304
-33.0695
-32.9163
-32.9436
-32.9743
-33.0115
-33.0439
-34.1899
-34.1878
-34.1875
-34.1894
-34.1917
-34.1914
-34.1921
-34.1944
-34.1931
-34.1933
-34.1948
-34.1974
-34.1951
-34.1955
-34.1974
-34.2002
-34.1968
-34.1974
-34.1997
-34.2028
-34.1985
-34.1994
-34.2021
-34.2055
-34.1999
-34.2014
-34.2045
-34.2085
-34.2014
-34.2034
-34.2071
-34.2121
-34.2028
-34.2053
-34.2099
-34.2161
-34.2039
-34.2071
-34.2127
-34.2202
-34.2046
-34.2086
-34.2152
-34.224
-34.2048
-34.2096
-34.2172
-34.2272
-34.2043
-34.2098
-34.2184
-34.2295
-34.2032
-34.2094
-34.2187
-34.2306
-34.2013
-34.2082
-34.2181
-34.2305
-34.1988
-34.2062
-34.2167
-34.2294
-34.1957
-34.2037
-34.2148
-34.2276
-34.1921
-34.2008
-34.2126
-34.2257
-34.1881
-34.1976
-34.2103
-34.2241
-34.1835
-34.1942
-34.2083
-34.2232
-34.1784
-34.1906
-34.2066
-34.2232
-34.1727
-34.1868
-34.2052
-34.2243
-34.166
-34.1826
-34.2042
-34.2263
-34.1584
-34.1779
-34.2032
-34.2289
-34.1494
-34.1725
-34.2021
-34.2317
-34.1389
-34.1662
-34.2005
-34.2344
-34.1267
-34.1586
-34.1981
-34.2364
-34.1124
-34.1494
-34.1943
-34.237
-34.0956
-34.138
-34.1884
-34.2353
-34.0761
-34.124
-34.1796
-34.2302
-34.266
-34.0534
-34.1066
-34.167
-34.2209
-34.2573
-34.0274
-34.0854
-34.1502
-34.2067
-34.2425
-33.9979
-34.0603
-34.1288
-34.1876
-34.2226
-33.9653
-34.0314
-34.1032
-34.1644
-34.1995
-33.9302
-33.9995
-34.0744
-34.1386
-34.1759
-33.8938
-33.9661
-34.0439
-34.1121
-34.1541
-33.8587
-33.9334
-34.0123
-34.0842
-34.1322
-33.8294
-33.9036
-33.9797
-34.0518
-34.1057
-33.8169
-33.8847
-33.9498
-34.0141
-34.0664
-33.8214
-33.8742
-33.9249
-33.9749
-34.0171
-33.8585
-33.8866
-33.919
-33.9555
-33.9872
-35.2025
-35.2018
-35.202
-35.2033
-35.2039
-35.2042
-35.205
-35.2066
-35.2053
-35.2057
-35.2069
-35.2086
-35.207
-35.2074
-35.2087
-35.2104
-35.2084
-35.2088
-35.2102
-35.212
-35.2096
-35.2101
-35.2117
-35.2137
-35.2107
-35.2115
-35.2132
-35.2156
-35.2119
-35.213
-35.2151
-35.2181
-35.213
-35.2145
-35.2172
-35.221
-35.214
-35.216
-35.2192
-35.2239
-35.2147
-35.2171
-35.221
-35.2266
-35.2148
-35.2178
-35.2224
-35.2289
-35.2144
-35.2179
-35.2231
-35.2303
-35.2132
-35.2172
-35.223
-35.2308
-35.2113
-35.2159
-35.2222
-35.2304
-35.2087
-35.2138
-35.2206
-35.2293
-35.2054
-35.211
-35.2185
-35.2276
-35.2013
-35.2077
-35.216
-35.2257
-35.1965
-35.2037
-35.2131
-35.2238
-35.1908
-35.1991
-35.2101
-35.2223
-35.1839
-35.1937
-35.2067
-35.221
-35.1757
-35.1875
-35.2031
-35.2201
-35.1657
-35.18
-35.1989
-35.2193
-35.1538
-35.1711
-35.1939
-35.2184
-35.1395
-35.1605
-35.1879
-35.217
-35.1225
-35.1479
-35.1806
-35.2147
-35.1025
-35.1331
-35.1716
-35.2112
-35.0794
-35.1159
-35.1607
-35.2058
-35.0531
-35.096
-35.1474
-35.1978
-35.0237
-35.0734
-35.1313
-35.1865
-34.9915
-35.048
-35.1121
-35.1712
-34.9571
-35.02
-35.0895
-35.1517
-35.1922
-34.9216
-34.99
-35.064
-35.1286
-35.1673
-34.8859
-34.9588
-35.0365
-35.1036
-35.1408
-34.8513
-34.9272
-35.0077
-35.0774
-35.1164
-34.8191
-34.8967
-34.9792
-35.0524
-35.0968
-34.7912
-34.8686
-34.9503
-35.0254
-35.0758
-34.7718
-34.8448
-34.9202
-34.9924
-35.0467
-34.7672
-34.8314
-34.8938
-34.956
-35.0066
-34.7799
-34.8274
-34.8735
-34.9201
-34.9587
-34.8186
-34.8442
-34.8738
-34.9047
-34.9287
-36.2138
-36.2136
-36.214
-36.2148
-36.2151
-36.2155
-36.2162
-36.2171
-36.2167
-36.2168
-36.2175
-36.2185
-36.2181
-36.2181
-36.219
-36.22
-36.2192
-36.2196
-36.2207
-36.2217
-36.2205
-36.221
-36.2219
-36.223
-36.2218
-36.2222
-36.2232
-36.2245
-36.2232
-36.2238
-36.225
-36.2268
-36.2246
-36.2255
-36.2271
-36.2293
-36.2259
-36.2272
-36.2292
-36.232
-36.2269
-36.2286
-36.231
-36.2344
-36.2275
-36.2296
-36.2325
-36.2364
-36.2274
-36.23
-36.2333
-36.2377
-36.2266
-36.2298
-36.2334
-36.2383
-36.2252
-36.2289
-36.2329
-36.2382
-36.2231
-36.2273
-36.2318
-36.2376
-36.2202
-36.2251
-36.2302
-36.2365
-36.2166
-36.2222
-36.2281
-36.2351
-36.212
-36.2186
-36.2255
-36.2336
-36.2064
-36.2141
-36.2224
-36.232
-36.1993
-36.2085
-36.2185
-36.23
-36.1904
-36.2014
-36.2136
-36.2276
-36.1791
-36.1924
-36.2073
-36.2244
-36.1651
-36.1811
-36.1992
-36.22
-36.1476
-36.167
-36.1889
-36.2138
-36.1263
-36.1495
-36.176
-36.2055
-36.1006
-36.1284
-36.16
-36.1945
-36.0703
-36.1033
-36.1407
-36.1804
-36.0356
-36.0744
-36.1179
-36.1629
-35.9968
-36.042
-36.0918
-36.1418
-35.9551
-36.0068
-36.0629
-36.1172
-35.9122
-35.9701
-36.0319
-36.0897
-35.8702
-35.9336
-36.0003
-36.0608
-36.099
-35.8318
-35.8992
-35.9696
-36.0324
-36.0698
-35.7993
-35.8688
-35.9415
-36.0067
-36.0447
-35.7746
-35.8441
-35.9177
-35.9854
-36.0284
-35.7586
-35.8254
-35.8959
-35.9625
-36.0081
-35.7524
-35.8131
-35.8754
-35.9358
-35.9797
-35.7576
-35.8087
-35.8586
-35.9083
-35.9465
-35.7755
-35.8127
-35.849
-35.8852
-35.9115
-35.8066
-35.8277
-35.8517
-35.8749
-35.8884
-37.2237
-37.2231
-37.2234
-37.224
-37.2246
-37.2249
-37.2255
-37.2261
-37.2265
-37.227
-37.2277
-37.2282
-37.2285
-37.2291
-37.2296
-37.23
-37.2302
-37.2307
-37.231
-37.2313
-37.2317
-37.2319
-37.2321
-37.2324
-37.2332
-37.2334
-37.2335
-37.234
-37.2348
-37.2353
-37.2358
-37.2364
-37.2366
-37.2375
-37.2381
-37.2392
-37.2384
-37.2396
-37.2406
-37.2421
-37.24
-37.2415
-37.2428
-37.2449
-37.2411
-37.2429
-37.2445
-37.2472
-37.2416
-37.2438
-37.2457
-37.2489
-37.2416
-37.244
-37.2463
-37.2499
-37.2409
-37.2436
-37.2462
-37.2502
-37.2395
-37.2425
-37.2454
-37.2499
-37.2375
-37.2407
-37.2441
-37.249
-37.2347
-37.2383
-37.2423
-37.2479
-37.2311
-37.2352
-37.2399
-37.2464
-37.2265
-37.2312
-37.2368
-37.2446
-37.2206
-37.2262
-37.233
-37.2424
-37.213
-37.2198
-37.228
-37.2395
-37.203
-37.2114
-37.2214
-37.2354
-37.1904
-37.2005
-37.2127
-37.2297
-37.1743
-37.1865
-37.2014
-37.2218
-37.1541
-37.1688
-37.187
-37.211
-37.1292
-37.1469
-37.1688
-37.1969
-37.0993
-37.1204
-37.1465
-37.1787
-37.0642
-37.0892
-37.12
-37.1561
-37.0245
-37.0536
-37.0892
-37.1289
-36.9811
-37.0146
-37.055
-37.0974
-36.936
-36.9737
-37.0185
-37.0627
-36.892
-36.9333
-36.9818
-37.027
-36.8522
-36.8961
-36.9472
-36.9928
-37.0079
-36.8201
-36.8651
-36.9178
-36.9645
-36.9799
-36.7977
-36.8425
-36.896
-36.9449
-36.9639
-36.7862
-36.8287
-36.8796
-36.9278
-36.9502
-36.7841
-36.8217
-36.8664
-36.9113
-36.9364
-36.79
-36.8211
-36.8576
-36.8957
-36.9188
-36.8049
-36.8277
-36.8547
-36.8833
-36.8992
-36.8237
-36.838
-36.8564
-36.8735
-36.8779
)
;

boundaryField
{
    floor
    {
        type            calculated;
        value           nonuniform List<scalar> 
205
(
78.3539
78.3581
78.3601
78.3586
78.3528
78.3434
78.3293
78.3108
78.2884
78.263
78.2358
78.208
78.1808
78.1551
78.1316
78.1104
78.0917
78.0753
78.0609
78.0486
78.0381
78.0292
78.022
78.0162
78.012
78.0092
78.0078
78.0078
78.0091
78.0116
78.015
78.0189
78.0233
78.0276
78.0315
78.0351
78.0387
78.0426
78.0467
78.0506
78.0535
78.3511
78.3531
78.3526
78.3488
78.3414
78.3308
78.3158
78.2969
78.2746
78.2498
78.2235
78.1968
78.1708
78.1464
78.1241
78.104
78.0861
78.0705
78.0569
78.0451
78.035
78.0263
78.0192
78.0137
78.0096
78.007
78.0057
78.0058
78.0071
78.0097
78.0133
78.0174
78.0222
78.0268
78.0311
78.0352
78.0389
78.0426
78.0467
78.0506
78.0539
78.3481
78.3474
78.3436
78.3365
78.3273
78.3159
78.3
78.2805
78.2579
78.233
78.2071
78.1812
78.1564
78.1336
78.1128
78.0943
78.0778
78.0633
78.0506
78.0395
78.03
78.0218
78.015
78.0096
78.0056
78.003
78.0017
78.0018
78.0032
78.0058
78.0091
78.0131
78.0178
78.0228
78.0278
78.0326
78.037
78.0414
78.0463
78.0513
78.0562
78.3452
78.3417
78.3344
78.3246
78.3146
78.3039
78.2879
78.2677
78.2442
78.2182
78.1916
78.1651
78.1407
78.1186
78.0991
78.082
78.0669
78.0537
78.0421
78.0319
78.023
78.0153
78.0088
78.0035
77.9994
77.9967
77.9952
77.995
77.9962
77.9986
78.002
78.0062
78.0108
78.0159
78.0217
78.0277
78.0336
78.0397
78.0461
78.0529
78.0599
78.3451
78.3387
78.3284
78.3192
78.311
78.3036
78.2886
78.2677
78.2425
78.2141
78.1848
78.1558
78.1298
78.1072
78.0879
78.0713
78.0571
78.0447
78.0338
78.0242
78.0157
78.0083
78.002
77.9966
77.9923
77.9891
77.9873
77.9866
77.9873
77.9894
77.9926
77.9968
78.0018
78.0073
78.0136
78.0205
78.0281
78.0365
78.0454
78.0547
78.0637
)
;
    }
    ceiling
    {
        type            calculated;
        value           nonuniform List<scalar> 
172
(
-37.7286
-37.7296
-37.7315
-37.7335
-37.7353
-37.7369
-37.7385
-37.7403
-37.7422
-37.7441
-37.7457
-37.7469
-37.7475
-37.7475
-37.7468
-37.7455
-37.7435
-37.7408
-37.7372
-37.7326
-37.7267
-37.7191
-37.7092
-37.6965
-37.6804
-37.6602
-37.6354
-37.6055
-37.5704
-37.5306
-37.4872
-37.4422
-37.3981
-37.3584
-37.3262
-37.3039
-37.2924
-37.2903
-37.2962
-37.3111
-37.3299
-37.728
-37.7298
-37.732
-37.734
-37.7357
-37.737
-37.7386
-37.7407
-37.743
-37.7452
-37.7472
-37.7487
-37.7497
-37.7499
-37.7495
-37.7485
-37.7467
-37.7444
-37.7413
-37.7373
-37.7323
-37.7259
-37.7175
-37.7066
-37.6926
-37.675
-37.6531
-37.6266
-37.5954
-37.5598
-37.5208
-37.4799
-37.4395
-37.4023
-37.3713
-37.3487
-37.3349
-37.3278
-37.3273
-37.3339
-37.3442
-37.7282
-37.7303
-37.7325
-37.7344
-37.7358
-37.737
-37.7385
-37.7408
-37.7433
-37.7459
-37.7482
-37.7501
-37.7514
-37.752
-37.752
-37.7513
-37.75
-37.7482
-37.7459
-37.7429
-37.739
-37.734
-37.7275
-37.7188
-37.7076
-37.6931
-37.6749
-37.6527
-37.6261
-37.5954
-37.5612
-37.5247
-37.4879
-37.4534
-37.424
-37.4022
-37.3858
-37.3726
-37.3638
-37.3609
-37.3626
-37.7287
-37.7308
-37.733
-37.7347
-37.736
-37.737
-37.7383
-37.7408
-37.7437
-37.7468
-37.7497
-37.7522
-37.7541
-37.7553
-37.7557
-37.7555
-37.7548
-37.7537
-37.7523
-37.7506
-37.7484
-37.7455
-37.7414
-37.7358
-37.7279
-37.7172
-37.703
-37.6848
-37.6623
-37.6351
-37.6036
-37.5689
-37.5332
-37.499
-37.4707
-37.4511
-37.434
-37.4175
-37.4019
-37.3895
-37.3797
-37.5141
-37.4861
-37.4701
-37.4564
-37.4426
-37.425
-37.4054
-37.3841
)
;
    }
    fixedWalls
    {
        type            calculated;
        value           nonuniform List<scalar> 
2213
(
77.8474
77.8447
77.8416
77.8387
77.8386
77.8474
77.8517
77.8536
77.8521
77.8464
77.837
77.8229
77.8043
77.7819
77.7565
77.7293
77.7015
77.6743
77.6487
77.6251
77.604
77.5852
77.5688
77.5545
77.5421
77.5316
77.5228
77.5155
77.5098
77.5055
77.5027
77.5014
77.5014
77.5027
77.5052
77.5086
77.5124
77.5168
77.5212
77.5251
77.5287
77.5322
77.5361
77.5403
77.5442
77.547
77.547
77.5475
77.5497
77.5534
77.5572
76.8347
76.8311
76.8274
76.8227
76.82
76.8347
76.8414
76.8429
76.8396
76.8315
76.8206
76.8063
76.7884
76.7671
76.7431
76.7173
76.6908
76.6648
76.64
76.6171
76.5963
76.5776
76.5611
76.5465
76.5338
76.5229
76.5137
76.5058
76.4994
76.4945
76.4913
76.4896
76.4894
76.4906
76.493
76.4965
76.5007
76.5055
76.5096
76.5131
76.5162
76.5192
76.5227
76.5266
76.5307
76.5343
76.5343
76.5338
76.5362
76.5412
76.5465
75.819
75.8156
75.8116
75.8052
75.7991
75.819
75.8249
75.824
75.8158
75.8021
75.7861
75.768
75.7482
75.7268
75.7042
75.681
75.6579
75.6356
75.6147
75.5952
75.5772
75.5609
75.5461
75.5327
75.5209
75.5104
75.5013
75.4936
75.4874
75.4827
75.4795
75.4779
75.4776
75.4787
75.481
75.4843
75.4883
75.4928
75.4975
75.5017
75.5046
75.5069
75.51
75.5135
75.5175
75.522
75.522
75.5214
75.5266
75.5363
75.5459
74.8029
74.8003
74.7965
74.79
74.7829
74.8029
74.8067
74.8039
74.7934
74.7772
74.7585
74.7383
74.717
74.6952
74.6732
74.6515
74.6306
74.6109
74.5925
74.5754
74.5595
74.5448
74.5312
74.5189
74.5077
74.4978
74.4891
74.4818
74.4758
74.4712
74.468
74.4662
74.4659
74.4669
74.4691
74.4723
74.4762
74.4806
74.485
74.4893
74.4922
74.4944
74.4973
74.5008
74.5048
74.5097
74.5097
74.5093
74.5163
74.529
74.5412
73.7882
73.7866
73.7834
73.7779
73.7714
73.7882
73.7909
73.7873
73.7764
73.7599
73.7409
73.7207
73.6998
73.6784
73.657
73.636
73.6157
73.5967
73.5788
73.5622
73.5468
73.5324
73.5191
73.507
73.4959
73.486
73.4774
73.47
73.4639
73.4593
73.456
73.4542
73.4538
73.4547
73.4569
73.4601
73.464
73.4684
73.4725
73.4758
73.4785
73.4813
73.4848
73.489
73.4931
73.4972
73.4972
73.4965
73.5011
73.5107
73.5202
72.7751
72.7744
72.7715
72.7668
72.7612
72.7751
72.778
72.7742
72.7638
72.7482
72.7301
72.7107
72.6905
72.6698
72.6488
72.628
72.6077
72.5885
72.5705
72.5536
72.5378
72.5231
72.5095
72.497
72.4857
72.4755
72.4666
72.459
72.4527
72.4478
72.4443
72.4423
72.4417
72.4425
72.4445
72.4475
72.4511
72.4549
72.4588
72.4624
72.4658
72.4691
72.473
72.477
72.4808
72.4837
72.4837
72.484
72.4872
72.4931
72.499
-7.91227
-7.9122
-7.91191
-7.91148
-7.91227
-7.91213
-7.912
-7.91184
-7.9119
-7.91222
-7.91306
-7.91447
-7.91648
-7.91912
-7.9223
-7.92594
-7.92976
-7.93359
-7.93729
-7.94076
-7.94396
-7.94689
-7.94957
-7.95205
-7.95438
-7.95662
-7.95883
-7.96105
-7.96332
-7.96565
-7.96807
-7.97056
-7.9731
-7.97567
-7.9782
-7.98063
-7.98286
-7.98478
-7.98624
-7.98711
-7.98724
-7.98662
-7.98548
-7.9843
-7.98292
-7.98292
-7.98178
-7.98073
-7.98046
-7.98133
-8.92254
-8.92256
-8.92242
-8.92206
-8.92254
-8.92251
-8.92257
-8.92259
-8.92278
-8.92324
-8.92417
-8.92565
-8.92772
-8.93042
-8.93365
-8.93732
-8.94114
-8.94493
-8.94856
-8.95196
-8.95508
-8.95792
-8.96053
-8.96294
-8.96522
-8.96742
-8.9696
-8.9718
-8.97406
-8.97638
-8.97879
-8.98128
-8.98382
-8.98638
-8.98892
-8.99137
-8.99364
-8.99561
-8.99716
-8.99812
-8.99832
-8.99769
-8.99646
-8.99516
-8.99291
-8.99291
-8.98992
-8.98781
-8.98734
-8.98861
-9.93297
-9.93298
-9.93277
-9.9326
-9.93297
-9.93302
-9.93321
-9.9334
-9.93379
-9.93444
-9.93555
-9.9372
-9.93945
-9.94234
-9.94575
-9.94959
-9.95351
-9.95734
-9.96092
-9.96419
-9.96717
-9.96988
-9.97237
-9.97469
-9.97691
-9.97907
-9.98123
-9.98342
-9.98567
-9.988
-9.9904
-9.99286
-9.99537
-9.99789
-10.0004
-10.0028
-10.0051
-10.0073
-10.0091
-10.0104
-10.0108
-10.0103
-10.0087
-10.0072
-10.0045
-10.0045
-9.9997
-9.99765
-9.99794
-10.0006
-10.9435
-10.9435
-10.9432
-10.9431
-10.9435
-10.9436
-10.9438
-10.9442
-10.9448
-10.9456
-10.9469
-10.9488
-10.9513
-10.9545
-10.9581
-10.9621
-10.9662
-10.97
-10.9735
-10.9766
-10.9795
-10.982
-10.9844
-10.9867
-10.9889
-10.991
-10.9932
-10.9954
-10.9977
-11
-11.0024
-11.0048
-11.0072
-11.0096
-11.012
-11.0144
-11.0168
-11.0192
-11.0215
-11.0235
-11.0246
-11.0246
-11.0229
-11.0213
-11.0182
-11.0182
-11.013
-11.0124
-11.0139
-11.0174
-11.9539
-11.9538
-11.9537
-11.9536
-11.9539
-11.9541
-11.9544
-11.9549
-11.9557
-11.9568
-11.9584
-11.9605
-11.9633
-11.9667
-11.9706
-11.9748
-11.9789
-11.9826
-11.986
-11.989
-11.9917
-11.9942
-11.9965
-11.9987
-12.0009
-12.0031
-12.0053
-12.0076
-12.0099
-12.0122
-12.0145
-12.0168
-12.0191
-12.0214
-12.0237
-12.026
-12.0285
-12.0313
-12.0343
-12.0372
-12.0394
-12.0404
-12.0392
-12.0376
-12.0348
-12.0348
-12.0312
-12.0323
-12.0346
-12.0382
-12.9643
-12.9642
-12.9642
-12.9641
-12.9643
-12.9645
-12.965
-12.9657
-12.9667
-12.968
-12.9698
-12.9723
-12.9753
-12.979
-12.9831
-12.9874
-12.9914
-12.9951
-12.9984
-13.0013
-13.0039
-13.0063
-13.0085
-13.0108
-13.013
-13.0153
-13.0176
-13.02
-13.0223
-13.0246
-13.0268
-13.029
-13.0312
-13.0333
-13.0356
-13.0381
-13.041
-13.0443
-13.0479
-13.0514
-13.0546
-13.0568
-13.0567
-13.0554
-13.0529
-13.0529
-13.0516
-13.0541
-13.057
-13.0602
-13.9747
-13.9746
-13.9746
-13.9745
-13.9747
-13.975
-13.9756
-13.9764
-13.9777
-13.9793
-13.9814
-13.9841
-13.9875
-13.9914
-13.9956
-14
-14.0039
-14.0076
-14.0107
-14.0135
-14.0161
-14.0185
-14.0208
-14.0232
-14.0255
-14.0279
-14.0303
-14.0327
-14.0351
-14.0374
-14.0396
-14.0417
-14.0439
-14.0462
-14.0487
-14.0514
-14.0544
-14.0576
-14.0608
-14.0645
-14.0682
-14.0718
-14.0736
-14.0732
-14.071
-14.071
-14.0714
-14.0749
-14.0784
-14.0817
-14.9852
-14.9851
-14.985
-14.9848
-14.9852
-14.9855
-14.9862
-14.9873
-14.9887
-14.9906
-14.993
-14.996
-14.9997
-15.0038
-15.0081
-15.0124
-15.0164
-15.0199
-15.023
-15.0258
-15.0285
-15.031
-15.0335
-15.036
-15.0385
-15.041
-15.0435
-15.046
-15.0484
-15.0508
-15.053
-15.0553
-15.0576
-15.0599
-15.0623
-15.0647
-15.0672
-15.0699
-15.0733
-15.0776
-15.0827
-15.0878
-15.0905
-15.0914
-15.0892
-15.0892
-15.0905
-15.0944
-15.0986
-15.102
-15.9956
-15.9955
-15.9953
-15.9949
-15.9956
-15.996
-15.9969
-15.9982
-15.9998
-16.002
-16.0047
-16.008
-16.0118
-16.0161
-16.0205
-16.0249
-16.0288
-16.0323
-16.0355
-16.0384
-16.0412
-16.0439
-16.0466
-16.0493
-16.052
-16.0546
-16.0572
-16.0597
-16.0622
-16.0645
-16.0669
-16.0691
-16.0713
-16.0735
-16.0755
-16.0775
-16.08
-16.0836
-16.0883
-16.0936
-16.099
-16.1041
-16.1064
-16.1075
-16.1064
-16.1064
-16.107
-16.1112
-16.1168
-16.1212
-17.0059
-17.0059
-17.0054
-17.0048
-17.0059
-17.0066
-17.0076
-17.0091
-17.011
-17.0134
-17.0163
-17.0199
-17.024
-17.0283
-17.0327
-17.0372
-17.0411
-17.0448
-17.0481
-17.0513
-17.0543
-17.0572
-17.0601
-17.0629
-17.0656
-17.0683
-17.071
-17.0736
-17.076
-17.0784
-17.0806
-17.0827
-17.0846
-17.0865
-17.0887
-17.0917
-17.0958
-17.1007
-17.1061
-17.1116
-17.1168
-17.1206
-17.1221
-17.1205
-17.1226
-17.1226
-17.1242
-17.1289
-17.1352
-17.1407
-18.0161
-18.0161
-18.0153
-18.0144
-18.0161
-18.017
-18.0183
-18.02
-18.0222
-18.0248
-18.028
-18.0318
-18.036
-18.0404
-18.0449
-18.0495
-18.0536
-18.0574
-18.061
-18.0644
-18.0676
-18.0707
-18.0737
-18.0766
-18.0794
-18.0821
-18.0847
-18.0872
-18.0896
-18.0919
-18.0941
-18.0963
-18.0987
-18.1017
-18.1053
-18.1096
-18.1146
-18.1202
-18.1259
-18.1313
-18.1358
-18.1384
-18.139
-18.1359
-18.1389
-18.1389
-18.1391
-18.1436
-18.1533
-18.1608
-19.0263
-19.0261
-19.0251
-19.0238
-19.0263
-19.0274
-19.0289
-19.0309
-19.0333
-19.0362
-19.0397
-19.0435
-19.0478
-19.0524
-19.057
-19.0618
-19.0661
-19.0702
-19.0741
-19.0777
-19.0812
-19.0845
-19.0878
-19.0908
-19.0938
-19.0966
-19.0994
-19.102
-19.1046
-19.1072
-19.1099
-19.1129
-19.1162
-19.1201
-19.1245
-19.1297
-19.1353
-19.1411
-19.1469
-19.1519
-19.1556
-19.1574
-19.1571
-19.155
-19.1553
-19.1553
-19.1547
-19.1595
-19.1696
-19.181
-20.0363
-20.036
-20.0346
-20.0329
-20.0363
-20.0377
-20.0396
-20.0418
-20.0445
-20.0476
-20.0511
-20.0551
-20.0594
-20.0642
-20.0691
-20.0741
-20.0787
-20.0832
-20.0874
-20.0915
-20.0954
-20.0992
-20.1028
-20.1063
-20.1096
-20.1128
-20.1158
-20.1188
-20.1218
-20.1248
-20.128
-20.1316
-20.1355
-20.1401
-20.1451
-20.1507
-20.1566
-20.1625
-20.168
-20.1725
-20.1756
-20.1767
-20.1762
-20.1747
-20.1738
-20.1738
-20.1751
-20.1818
-20.1939
-20.2058
-21.0463
-21.0459
-21.0439
-21.0418
-21.0463
-21.0479
-21.0502
-21.0527
-21.0556
-21.0588
-21.0623
-21.0665
-21.071
-21.0761
-21.0812
-21.0865
-21.0916
-21.0965
-21.1013
-21.1059
-21.1105
-21.1148
-21.1189
-21.1228
-21.1265
-21.1299
-21.1333
-21.1366
-21.14
-21.1434
-21.1471
-21.1512
-21.1556
-21.1606
-21.1661
-21.1719
-21.1777
-21.1832
-21.188
-21.1917
-21.194
-21.1946
-21.1942
-21.1935
-21.1928
-21.1928
-21.1968
-21.2066
-21.2223
-21.2335
-22.0562
-22.0556
-22.0531
-22.0505
-22.0562
-22.0583
-22.0608
-22.0636
-22.0665
-22.0697
-22.0735
-22.0778
-22.0826
-22.0879
-22.0934
-22.0992
-22.1047
-22.1103
-22.1158
-22.1212
-22.1263
-22.1312
-22.1358
-22.1401
-22.1441
-22.1479
-22.1515
-22.1551
-22.1587
-22.1625
-22.1666
-22.1709
-22.1757
-22.1809
-22.1864
-22.1919
-22.1973
-22.202
-22.2057
-22.208
-22.2091
-22.2089
-22.2085
-22.2082
-22.2077
-22.2077
-22.2134
-22.2248
-22.2408
-22.2529
-23.0662
-23.0653
-23.0623
-23.0593
-23.0662
-23.0686
-23.0715
-23.0744
-23.0773
-23.0806
-23.0845
-23.089
-23.0942
-23.0998
-23.1057
-23.112
-23.1183
-23.1247
-23.1309
-23.137
-23.1427
-23.1481
-23.1531
-23.1577
-23.1619
-23.1659
-23.1698
-23.1735
-23.1773
-23.1813
-23.1855
-23.19
-23.1948
-23.1999
-23.205
-23.21
-23.2144
-23.2177
-23.2197
-23.2202
-23.2194
-23.2178
-23.217
-23.2169
-23.2169
-23.2169
-23.2237
-23.2346
-23.2487
-23.2585
-24.0764
-24.0751
-24.0716
-24.0682
-24.0764
-24.0792
-24.0823
-24.085
-24.0879
-24.0914
-24.0955
-24.1003
-24.1057
-24.1118
-24.1182
-24.1252
-24.1322
-24.1393
-24.1462
-24.1529
-24.1591
-24.1648
-24.1701
-24.1748
-24.1792
-24.1833
-24.1872
-24.191
-24.1949
-24.1989
-24.2031
-24.2075
-24.2121
-24.2168
-24.2213
-24.2252
-24.2281
-24.2296
-24.2293
-24.2272
-24.2238
-24.2199
-24.2184
-24.2184
-24.2194
-24.2194
-24.2269
-24.2364
-24.2478
-24.2551
-25.0868
-25.085
-25.081
-25.0774
-25.0868
-25.0899
-25.093
-25.0956
-25.0985
-25.1021
-25.1065
-25.1117
-25.1175
-25.124
-25.131
-25.1385
-25.1462
-25.1539
-25.1613
-25.1683
-25.1748
-25.1806
-25.1859
-25.1907
-25.1951
-25.1991
-25.203
-25.2067
-25.2106
-25.2145
-25.2185
-25.2226
-25.2268
-25.2308
-25.2343
-25.2369
-25.2379
-25.237
-25.2339
-25.2285
-25.2218
-25.215
-25.2128
-25.2127
-25.2151
-25.2151
-25.2232
-25.2319
-25.2422
-25.2496
-26.0973
-26.0951
-26.0909
-26.0876
-26.0973
-26.1007
-26.1036
-26.106
-26.1091
-26.113
-26.1178
-26.1233
-26.1295
-26.1363
-26.1437
-26.1517
-26.1598
-26.1678
-26.1754
-26.1824
-26.1888
-26.1946
-26.1996
-26.2042
-26.2084
-26.2122
-26.216
-26.2196
-26.2233
-26.2271
-26.2309
-26.2347
-26.2382
-26.2413
-26.2436
-26.2444
-26.2432
-26.2395
-26.233
-26.2237
-26.2132
-26.2037
-26.2005
-26.1998
-26.2041
-26.2041
-26.213
-26.2212
-26.2319
-26.2399
-27.108
-27.1052
-27.101
-27.0981
-27.108
-27.1116
-27.1142
-27.1165
-27.1198
-27.1241
-27.1292
-27.135
-27.1415
-27.1486
-27.1562
-27.1643
-27.1724
-27.1803
-27.1876
-27.1943
-27.2002
-27.2055
-27.2101
-27.2143
-27.2181
-27.2217
-27.2252
-27.2287
-27.2323
-27.2359
-27.2394
-27.2428
-27.2456
-27.2477
-27.2484
-27.2472
-27.2434
-27.2366
-27.2263
-27.2126
-27.1984
-27.1857
-27.1813
-27.18
-27.1862
-27.1862
-27.1961
-27.2047
-27.2166
-27.2259
-28.1189
-28.1157
-28.112
-28.1108
-28.1189
-28.1225
-28.1248
-28.1273
-28.1311
-28.1358
-28.1412
-28.1472
-28.1538
-28.1608
-28.1682
-28.1759
-28.1834
-28.1905
-28.1971
-28.2029
-28.208
-28.2125
-28.2164
-28.2199
-28.2232
-28.2265
-28.2298
-28.2332
-28.2366
-28.2401
-28.2433
-28.2462
-28.2483
-28.2491
-28.2482
-28.2447
-28.2381
-28.2277
-28.2131
-28.195
-28.1768
-28.1605
-28.1546
-28.1528
-28.1608
-28.1608
-28.1724
-28.1824
-28.1965
-28.2077
-29.1298
-29.126
-29.1227
-29.1226
-29.1298
-29.1332
-29.1352
-29.138
-29.1422
-29.147
-29.1524
-29.1583
-29.1647
-29.1714
-29.1782
-29.185
-29.1916
-29.1976
-29.2029
-29.2076
-29.2115
-29.2147
-29.2177
-29.2204
-29.2232
-29.226
-29.229
-29.2322
-29.2355
-29.2387
-29.2416
-29.2439
-29.2451
-29.2447
-29.2419
-29.236
-29.2262
-29.2119
-29.1928
-29.1703
-29.1478
-29.1273
-29.1197
-29.1174
-29.1273
-29.1273
-29.1415
-29.1541
-29.1715
-29.1855
-30.1411
-30.1366
-30.134
-30.1351
-30.1411
-30.1441
-30.1458
-30.149
-30.1532
-30.1579
-30.163
-30.1685
-30.1742
-30.1801
-30.1859
-30.1915
-30.1966
-30.201
-30.2047
-30.2076
-30.2099
-30.2118
-30.2136
-30.2155
-30.2175
-30.2198
-30.2224
-30.2253
-30.2283
-30.2311
-30.2335
-30.235
-30.2351
-30.2331
-30.2282
-30.2195
-30.2062
-30.1877
-30.1642
-30.1374
-30.1102
-30.0854
-30.0757
-30.0725
-30.0855
-30.0855
-30.1031
-30.1194
-30.1415
-30.1595
-31.1526
-31.1479
-31.1458
-31.1477
-31.1526
-31.1552
-31.1569
-31.1601
-31.1639
-31.1681
-31.1726
-31.1773
-31.182
-31.1867
-31.191
-31.195
-31.1982
-31.2008
-31.2026
-31.2039
-31.2048
-31.2054
-31.2059
-31.2066
-31.2076
-31.2089
-31.2106
-31.2126
-31.2146
-31.2163
-31.2175
-31.2177
-31.2161
-31.2121
-31.2046
-31.1927
-31.1757
-31.1533
-31.1258
-31.0945
-31.0628
-31.0337
-31.0218
-31.018
-31.0353
-31.0353
-31.0567
-31.0778
-31.1055
-31.1286
-32.1645
-32.1603
-32.1588
-32.1612
-32.1645
-32.1668
-32.1685
-32.1715
-32.1747
-32.1781
-32.1816
-32.1851
-32.1885
-32.1917
-32.1944
-32.1967
-32.1984
-32.1994
-32.1997
-32.1995
-32.1988
-32.1979
-32.197
-32.1962
-32.1956
-32.1953
-32.1951
-32.1951
-32.195
-32.1944
-32.1932
-32.1908
-32.1863
-32.1792
-32.1683
-32.153
-32.1323
-32.1061
-32.0749
-32.0398
-32.0043
-31.9719
-31.958
-31.9544
-31.9778
-31.9778
-32.0028
-32.029
-32.0624
-32.0909
-33.177
-33.1736
-33.1728
-33.1751
-33.177
-33.1791
-33.1807
-33.1831
-33.1856
-33.1881
-33.1905
-33.1927
-33.1949
-33.1968
-33.1984
-33.1994
-33.1998
-33.1994
-33.1984
-33.1968
-33.1947
-33.1923
-33.1897
-33.1871
-33.1844
-33.1816
-33.1787
-33.1754
-33.1717
-33.1671
-33.1615
-33.1544
-33.1451
-33.1331
-33.1175
-33.0976
-33.0728
-33.0432
-33.0091
-32.972
-32.9348
-32.9016
-32.8869
-32.8857
-32.9163
-32.9163
-32.9436
-32.9743
-33.0115
-33.0439
-34.1899
-34.1878
-34.1875
-34.1894
-34.1899
-34.1917
-34.1931
-34.1951
-34.1968
-34.1985
-34.1999
-34.2014
-34.2028
-34.2039
-34.2046
-34.2048
-34.2043
-34.2032
-34.2013
-34.1988
-34.1957
-34.1921
-34.1881
-34.1835
-34.1784
-34.1727
-34.166
-34.1584
-34.1494
-34.1389
-34.1267
-34.1124
-34.0956
-34.0761
-34.0534
-34.0274
-33.9979
-33.9653
-33.9302
-33.8938
-33.8587
-33.8294
-33.8169
-33.8214
-33.8585
-33.8585
-33.8866
-33.919
-33.9555
-33.9872
-35.2025
-35.2018
-35.202
-35.2033
-35.2025
-35.2039
-35.2053
-35.207
-35.2084
-35.2096
-35.2107
-35.2119
-35.213
-35.214
-35.2147
-35.2148
-35.2144
-35.2132
-35.2113
-35.2087
-35.2054
-35.2013
-35.1965
-35.1908
-35.1839
-35.1757
-35.1657
-35.1538
-35.1395
-35.1225
-35.1025
-35.0794
-35.0531
-35.0237
-34.9915
-34.9571
-34.9216
-34.8859
-34.8513
-34.8191
-34.7912
-34.7718
-34.7672
-34.7799
-34.8186
-34.8186
-34.8442
-34.8738
-34.9047
-34.9287
-36.2138
-36.2136
-36.214
-36.2148
-36.2138
-36.2151
-36.2167
-36.2181
-36.2192
-36.2205
-36.2218
-36.2232
-36.2246
-36.2259
-36.2269
-36.2275
-36.2274
-36.2266
-36.2252
-36.2231
-36.2202
-36.2166
-36.212
-36.2064
-36.1993
-36.1904
-36.1791
-36.1651
-36.1476
-36.1263
-36.1006
-36.0703
-36.0356
-35.9968
-35.9551
-35.9122
-35.8702
-35.8318
-35.7993
-35.7746
-35.7586
-35.7524
-35.7576
-35.7755
-35.8066
-35.8066
-35.8277
-35.8517
-35.8749
-35.8884
-37.2237
-37.2231
-37.2234
-37.224
-37.2237
-37.2246
-37.2265
-37.2285
-37.2302
-37.2317
-37.2332
-37.2348
-37.2366
-37.2384
-37.24
-37.2411
-37.2416
-37.2416
-37.2409
-37.2395
-37.2375
-37.2347
-37.2311
-37.2265
-37.2206
-37.213
-37.203
-37.1904
-37.1743
-37.1541
-37.1292
-37.0993
-37.0642
-37.0245
-36.9811
-36.936
-36.892
-36.8522
-36.8201
-36.7977
-36.7862
-36.7841
-36.79
-36.8049
-36.8237
-36.8237
-36.838
-36.8564
-36.8735
-36.8779
72.2687
72.2679
72.265
72.2604
72.2547
72.2715
72.2694
72.2644
72.2576
72.2487
72.2677
72.2644
72.2547
72.2426
72.2269
72.2573
72.252
72.2361
72.2167
72.1913
72.2417
72.2348
72.214
72.1901
72.1566
72.2237
72.2157
72.1918
72.1666
72.1298
72.2043
72.1957
72.1696
72.1438
72.1066
72.1841
72.1752
72.1477
72.1212
72.0853
72.1633
72.1544
72.1261
72.0984
72.0631
72.1423
72.1337
72.105
72.0757
72.0398
72.1215
72.1135
72.0852
72.0542
72.0179
72.1012
72.0942
72.067
72.0349
71.9972
72.082
72.0764
72.0518
72.0216
71.9885
72.064
72.0599
72.0385
72.0113
71.9823
72.0471
72.0446
72.0264
72.0025
71.9771
72.0313
72.0301
72.0152
71.9945
71.9723
72.0166
72.0165
72.0044
71.9867
71.9673
72.003
72.0038
71.994
71.979
71.9618
71.9905
71.9919
71.9841
71.9712
71.9559
71.9792
71.9809
71.9746
71.9634
71.9496
71.969
71.9708
71.9658
71.9559
71.9431
71.9601
71.9619
71.9577
71.9487
71.9366
71.9525
71.9542
71.9504
71.9421
71.9303
71.9462
71.9477
71.9442
71.9362
71.9245
71.9413
71.9425
71.9392
71.9312
71.9193
71.9379
71.9388
71.9355
71.9273
71.915
71.9358
71.9364
71.9331
71.9247
71.9118
71.9352
71.9356
71.9321
71.9235
71.9099
71.936
71.9361
71.9326
71.9237
71.9095
71.938
71.9379
71.9344
71.9254
71.9108
71.9411
71.9409
71.9374
71.9285
71.9139
71.9446
71.9445
71.9414
71.9329
71.9187
71.9485
71.9487
71.9459
71.9385
71.9257
71.9524
71.953
71.9507
71.9446
71.934
71.956
71.957
71.9552
71.9509
71.9427
71.9593
71.9602
71.9591
71.957
71.9516
71.9627
71.9631
71.9634
71.9628
71.9602
71.9665
71.9669
71.9674
71.9681
71.9684
71.9705
71.9705
71.9715
71.9737
71.9757
71.9743
71.974
71.9758
71.9797
71.9837
71.9773
71.9775
71.9807
71.9866
71.9926
-7.40733
-7.40727
-7.40699
-7.40656
-7.40719
-7.40716
-7.40667
-7.40594
-7.40706
-7.40696
-7.4062
-7.40519
-7.4069
-7.40667
-7.40557
-7.40432
-7.40388
-7.40695
-7.40658
-7.4053
-7.40405
-7.4039
-7.40726
-7.40676
-7.40535
-7.40407
-7.40406
-7.4081
-7.40752
-7.40606
-7.40485
-7.40505
-7.40949
-7.40887
-7.40739
-7.40622
-7.40657
-7.4115
-7.41085
-7.40937
-7.4082
-7.40864
-7.41413
-7.4135
-7.41206
-7.4109
-7.4114
-7.4173
-7.41671
-7.41531
-7.41413
-7.41458
-7.42093
-7.42044
-7.41918
-7.41819
-7.41901
-7.42475
-7.42434
-7.42306
-7.42188
-7.4219
-7.42858
-7.42825
-7.42693
-7.42556
-7.42485
-7.43226
-7.432
-7.43068
-7.42923
-7.42805
-7.43572
-7.43551
-7.43423
-7.43273
-7.43129
-7.43892
-7.43873
-7.4375
-7.43596
-7.43439
-7.44184
-7.44166
-7.4405
-7.43889
-7.43725
-7.44451
-7.44434
-7.44321
-7.44154
-7.43983
-7.44698
-7.4468
-7.44569
-7.44398
-7.4422
-7.4493
-7.44912
-7.44803
-7.44628
-7.44442
-7.45153
-7.45136
-7.4503
-7.44854
-7.44659
-7.45372
-7.45358
-7.45256
-7.45083
-7.44881
-7.45593
-7.45582
-7.45486
-7.45317
-7.45112
-7.45818
-7.45811
-7.45722
-7.4556
-7.45353
-7.4605
-7.46047
-7.45968
-7.45815
-7.45609
-7.4629
-7.46292
-7.46222
-7.46081
-7.45883
-7.46538
-7.46544
-7.46486
-7.4636
-7.46174
-7.4679
-7.46802
-7.46756
-7.46648
-7.46483
-7.47045
-7.47062
-7.47029
-7.46941
-7.46807
-7.47297
-7.47318
-7.47299
-7.47233
-7.47142
-7.47538
-7.47563
-7.47559
-7.47517
-7.47477
-7.4776
-7.47788
-7.47797
-7.4778
-7.47786
-7.4795
-7.4798
-7.48003
-7.4801
-7.48052
-7.48096
-7.48125
-7.48162
-7.48192
-7.48262
-7.48182
-7.48207
-7.48255
-7.48311
-7.48404
-7.48193
-7.48208
-7.48258
-7.4833
-7.48443
-7.4813
-7.48121
-7.48159
-7.48225
-7.48352
-7.48013
-7.47955
-7.47956
-7.47985
-7.48093
-7.47892
-7.47815
-7.47766
-7.47755
-7.4784
-7.47753
-7.47638
-7.4753
-7.47499
-7.47582
)
;
    }
    rack2796428BA49E0232CAC645AEBC8DA5C1_fixedWall
    {
        type            calculated;
        value           nonuniform 0();
    }
    rack2796428BA49E0232CAC645AEBC8DA5C1_inlet
    {
        type            calculated;
        value           nonuniform 0();
    }
    rack2796428BA49E0232CAC645AEBC8DA5C1_outlet
    {
        type            calculated;
        value           nonuniform 0();
    }
    acu380F56D59CF2B3DF6EFF9D0E6E8D39CB_inlet
    {
        type            calculated;
        value           nonuniform 0();
    }
    acu380F56D59CF2B3DF6EFF9D0E6E8D39CB_outlet
    {
        type            calculated;
        value           nonuniform 0();
    }
    acu380F56D59CF2B3DF6EFF9D0E6E8D39CB_fixedWall
    {
        type            calculated;
        value           nonuniform 0();
    }
    baffleFaces_master
    {
        type            calculated;
        value           nonuniform 0();
    }
    baffleFaces_slave
    {
        type            calculated;
        value           nonuniform 0();
    }
    procBoundary0to1
    {
        type            processor;
        value           nonuniform List<scalar> 
1536
(
77.8431
77.834
77.8219
77.8193
77.8176
77.8149
77.8015
77.7797
77.7521
77.72
77.6866
77.6519
77.6217
77.596
77.575
77.5577
77.5433
77.531
77.5203
77.5108
77.5024
77.4949
77.4883
77.4827
77.478
77.4742
77.4717
77.4703
77.4704
77.4718
77.4747
77.4789
77.4843
77.4905
77.4974
77.5048
77.5137
77.5245
77.5364
77.5486
77.5593
76.821
76.8103
76.7881
76.7745
76.7714
76.7675
76.7529
76.7314
76.7037
76.6718
76.639
76.607
76.5823
76.5626
76.5471
76.5342
76.5229
76.5127
76.5035
76.495
76.4873
76.4804
76.4742
76.4688
76.4643
76.4608
76.4584
76.4571
76.457
76.4583
76.461
76.465
76.4703
76.4768
76.4843
76.4933
76.5032
76.5132
76.5242
76.5357
76.5495
75.7952
75.7824
75.7538
75.7324
75.7274
75.7195
75.7024
75.6792
75.6501
75.6172
75.5846
75.5545
75.535
75.5205
75.5099
75.5018
75.495
75.4888
75.4827
75.4765
75.4705
75.4647
75.4593
75.4543
75.45
75.4465
75.444
75.4425
75.4421
75.4432
75.4458
75.4498
75.4557
75.4631
75.4715
75.4812
75.4924
75.5051
75.5185
75.532
75.5517
74.7768
74.7643
74.7342
74.7041
74.6901
74.6756
74.6538
74.6278
74.5961
74.5615
74.5304
74.5054
74.4936
74.4865
74.4817
74.4779
74.4741
74.4698
74.4652
74.4601
74.4547
74.4492
74.4439
74.439
74.4345
74.4308
74.428
74.4263
74.4258
74.4267
74.4295
74.4341
74.4412
74.4502
74.4604
74.4717
74.4839
74.4971
74.511
74.5257
74.5494
73.7655
73.7557
73.7269
73.6885
73.662
73.6414
73.6183
73.5945
73.5672
73.5385
73.5095
73.4815
73.4734
73.4695
73.4671
73.465
73.4623
73.4587
73.4544
73.4496
73.4443
73.4388
73.4332
73.4277
73.4227
73.4183
73.4148
73.4123
73.4112
73.4115
73.414
73.4184
73.4264
73.4368
73.4484
73.4609
73.4736
73.4866
73.4985
73.5108
73.5266
72.7564
72.7462
72.7188
72.6744
72.6462
72.6266
72.6049
72.583
72.5595
72.5319
72.5012
72.4662
72.4639
72.4629
72.4621
72.4607
72.458
72.4542
72.4493
72.4437
72.4376
72.4312
72.4247
72.4182
72.4121
72.4066
72.4021
72.3987
72.3968
72.3966
72.3989
72.4032
72.4119
72.4229
72.435
72.4478
72.4601
72.4722
72.4824
72.4925
72.5029
-7.91144
-7.91061
-7.90985
-7.90985
-7.90914
-8.9208
-7.90942
-7.90967
-7.91089
-7.91264
-7.91491
-7.91802
-7.92158
-7.92784
-7.9292
-7.93087
-7.93314
-7.9358
-7.93859
-7.94127
-7.94373
-7.94599
-7.94813
-7.95025
-7.95244
-7.95476
-7.95718
-7.95976
-7.96256
-7.9656
-7.96892
-7.97251
-7.9763
-7.98022
-7.98376
-7.98678
-7.98924
-7.99112
-7.99176
-7.99109
-7.98837
-7.98578
-7.98333
-8.92202
-8.9218
-8.92162
-8.9208
-8.9208
-8.92108
-9.93264
-8.92138
-8.92269
-8.92449
-8.9268
-8.92997
-8.93343
-8.94018
-8.94172
-8.94389
-8.94635
-8.94895
-8.9515
-8.95384
-8.95596
-8.95792
-8.95984
-8.96185
-8.96402
-8.96641
-8.96893
-8.97165
-8.9746
-8.97781
-8.9813
-8.98506
-8.98901
-8.99301
-8.9967
-9.00001
-9.00277
-9.00499
-9.00571
-9.00465
-9.00093
-8.99672
-8.99103
-9.93265
-9.93264
-9.93277
-9.93211
-9.93264
-9.93264
-9.93294
-10.9445
-9.9343
-9.93612
-9.93841
-9.94159
-9.94494
-9.95209
-9.95408
-9.95698
-9.95974
-9.9624
-9.96477
-9.96682
-9.96862
-9.9703
-9.97199
-9.97384
-9.97592
-9.97828
-9.98081
-9.9836
-9.98664
-9.98992
-9.99345
-9.9972
-10.0011
-10.0052
-10.0091
-10.0128
-10.0161
-10.0192
-10.0208
-10.0205
-10.0166
-10.0112
-10.004
-10.9434
-10.9435
-10.9438
-10.9432
-10.9439
-10.9445
-10.9445
-10.9459
-11.9574
-10.9477
-10.9499
-10.9532
-10.9565
-10.9642
-10.9668
-10.9702
-10.9731
-10.9756
-10.9778
-10.9795
-10.9811
-10.9825
-10.984
-10.9857
-10.9877
-10.99
-10.9925
-10.9953
-10.9983
-11.0015
-11.0049
-11.0085
-11.0123
-11.0162
-11.0203
-11.0244
-11.0285
-11.0328
-11.0358
-11.0369
-11.034
-11.0284
-11.0209
-11.954
-11.9543
-11.9549
-11.9543
-11.9552
-11.9559
-11.9574
-11.9574
-11.9593
-12.9709
-11.9614
-11.9647
-11.968
-11.9763
-11.9794
-11.9832
-11.986
-11.9884
-11.9903
-11.992
-11.9934
-11.9947
-11.9961
-11.9977
-11.9996
-12.0019
-12.0043
-12.007
-12.0099
-12.0129
-12.0162
-12.0196
-12.0233
-12.0272
-12.0316
-12.0364
-12.0415
-12.047
-12.0516
-12.0544
-12.0528
-12.0478
-12.0411
-12.9646
-12.9652
-12.966
-12.9654
-12.9664
-12.9673
-12.9689
-12.9709
-12.9709
-12.9728
-13.9849
-12.9762
-12.9795
-12.9883
-12.9917
-12.9956
-12.9984
-13.0008
-13.0027
-13.0043
-13.0057
-13.0071
-13.0084
-13.01
-13.0118
-13.014
-13.0163
-13.0189
-13.0217
-13.0247
-13.0278
-13.0312
-13.035
-13.0392
-13.0441
-13.0497
-13.0557
-13.0623
-13.0682
-13.0724
-13.0723
-13.0679
-13.0622
-13.975
-13.9759
-13.9771
-13.9765
-13.9777
-13.9786
-13.9803
-13.9824
-13.9849
-13.9849
-13.9876
-15.0005
-13.9908
-13.9998
-14.0034
-14.0075
-14.0103
-14.013
-14.015
-14.0168
-14.0183
-14.0197
-14.0211
-14.0227
-14.0245
-14.0266
-14.0289
-14.0315
-14.0342
-14.0372
-14.0405
-14.0442
-14.0484
-14.0531
-14.0587
-14.0651
-14.0719
-14.0793
-14.0858
-14.0909
-14.0916
-14.0879
-14.0831
-14.9852
-14.9866
-14.988
-14.9876
-14.9888
-14.9898
-14.9916
-14.9938
-14.9964
-15.0005
-15.0005
-15.0016
-16.0152
-15.0108
-15.0146
-15.0191
-15.0222
-15.0252
-15.0276
-15.0297
-15.0314
-15.033
-15.0345
-15.0361
-15.038
-15.0401
-15.0425
-15.0451
-15.048
-15.0513
-15.055
-15.0592
-15.0641
-15.0696
-15.0759
-15.083
-15.0903
-15.098
-15.1046
-15.1102
-15.1105
-15.1074
-15.1033
-15.9952
-15.9971
-15.9989
-15.9985
-15.9999
-16.001
-16.0028
-16.005
-16.0077
-16.0119
-16.0152
-16.0152
-16.0213
-17.0326
-16.0256
-16.0307
-16.0344
-16.0379
-16.0408
-16.0433
-16.0454
-16.0472
-16.0489
-16.0507
-16.0527
-16.055
-16.0575
-16.0604
-16.0637
-16.0674
-16.0717
-16.0767
-16.0824
-16.0889
-16.0958
-16.1034
-16.1108
-16.1183
-16.1247
-16.1295
-16.13
-16.1257
-16.1227
-17.0049
-17.0074
-17.0097
-17.0093
-17.0109
-17.0119
-17.0138
-17.0161
-17.0186
-17.0228
-17.0257
-17.0326
-17.0326
-17.0367
-18.0484
-17.0428
-17.0472
-17.0514
-17.0549
-17.058
-17.0606
-17.0628
-17.0648
-17.0669
-17.0691
-17.0716
-17.0744
-17.0777
-17.0814
-17.0857
-17.0907
-17.0966
-17.1032
-17.1106
-17.1183
-17.1263
-17.1336
-17.1405
-17.146
-17.1497
-17.1502
-17.1446
-17.1425
-18.0144
-18.0175
-18.0203
-18.02
-18.0217
-18.0228
-18.0247
-18.0269
-18.0293
-18.0334
-18.0359
-18.0435
-18.0484
-18.0484
-18.0555
-19.0676
-18.0609
-18.0661
-18.0704
-18.0742
-18.0773
-18.08
-18.0825
-18.0848
-18.0874
-18.0902
-18.0933
-18.0969
-18.1011
-18.1061
-18.1118
-18.1186
-18.1261
-18.1345
-18.1429
-18.1512
-18.1584
-18.1648
-18.1697
-18.1726
-18.1724
-18.1665
-18.1631
-19.0236
-19.0274
-19.0307
-19.0305
-19.0323
-19.0335
-19.0353
-19.0375
-19.0399
-19.0439
-19.0462
-19.0547
-19.0605
-19.0676
-19.0676
-19.076
-20.0892
-19.0823
-19.0876
-19.0921
-19.0959
-19.0992
-19.102
-19.1047
-19.1075
-19.1106
-19.114
-19.1179
-19.1226
-19.1281
-19.1345
-19.1421
-19.1504
-19.1597
-19.1687
-19.1774
-19.1848
-19.1911
-19.1955
-19.1977
-19.1966
-19.1903
-19.1846
-20.0325
-20.0371
-20.041
-20.0408
-20.0428
-20.0439
-20.0458
-20.048
-20.0503
-20.0544
-20.0566
-20.0665
-20.0735
-20.0821
-20.0892
-20.0892
-20.1003
-21.1147
-20.1066
-20.112
-20.1165
-20.1203
-20.1235
-20.1264
-20.1294
-20.1326
-20.1361
-20.1402
-20.1452
-20.1511
-20.1581
-20.1663
-20.1752
-20.1853
-20.1949
-20.204
-20.2115
-20.2174
-20.2215
-20.2237
-20.2226
-20.2166
-20.2092
-21.0412
-21.0466
-21.0511
-21.0509
-21.0531
-21.0542
-21.0562
-21.0584
-21.0608
-21.0651
-21.0676
-21.0792
-21.0878
-21.098
-21.1066
-21.1147
-21.1147
-21.1277
-22.1431
-21.1339
-21.139
-21.1431
-21.1465
-21.1496
-21.1525
-21.1556
-21.159
-21.1632
-21.1682
-21.1743
-21.1815
-21.1902
-21.1996
-21.2102
-21.2202
-21.2294
-21.2364
-21.2416
-21.2453
-21.2476
-21.2472
-21.2426
-21.2361
-22.0498
-22.0561
-22.0611
-22.0609
-22.0632
-22.0644
-22.0665
-22.0688
-22.0714
-22.0763
-22.0794
-22.0931
-22.1035
-22.1157
-22.1259
-22.1352
-22.1431
-22.1431
-22.1576
-23.1732
-22.163
-22.1673
-22.1707
-22.1735
-22.1762
-22.179
-22.1821
-22.186
-22.1908
-22.1968
-22.2041
-22.2129
-22.2225
-22.2333
-22.2434
-22.2521
-22.258
-22.2615
-22.2632
-22.264
-22.2627
-22.2577
-22.2518
-23.0585
-23.0655
-23.0711
-23.0708
-23.0732
-23.0745
-23.0767
-23.0793
-23.0825
-23.0881
-23.0923
-23.1083
-23.121
-23.1351
-23.1469
-23.1574
-23.1661
-23.1732
-23.1732
-23.188
-24.2025
-23.1921
-23.1952
-23.1975
-23.1997
-23.2019
-23.2045
-23.2078
-23.2122
-23.2179
-23.2251
-23.2337
-23.2434
-23.254
-23.2636
-23.2712
-23.2752
-23.2759
-23.2746
-23.2726
-23.2686
-23.2614
-23.2546
-24.0675
-24.0752
-24.0812
-24.0808
-24.0832
-24.0846
-24.0872
-24.0903
-24.0942
-24.1009
-24.1066
-24.1254
-24.1403
-24.1562
-24.1694
-24.1807
-24.1898
-24.197
-24.2025
-24.2025
-24.2166
-25.2285
-24.219
-24.2207
-24.222
-24.2235
-24.2253
-24.228
-24.2318
-24.2371
-24.2439
-24.2523
-24.2617
-24.2719
-24.2807
-24.2868
-24.2885
-24.2866
-24.2828
-24.2779
-24.2708
-24.2612
-24.2538
-25.077
-25.0851
-25.0911
-25.0903
-25.0927
-25.0943
-25.0973
-25.1012
-25.1063
-25.1145
-25.1222
-25.1438
-25.161
-25.1785
-25.1925
-25.2041
-25.2132
-25.2201
-25.225
-25.2285
-25.2285
-25.2412
-26.249
-25.2419
-25.2423
-25.2429
-25.2439
-25.2459
-25.2491
-25.2539
-25.2603
-25.2684
-25.2774
-25.2871
-25.2949
-25.2992
-25.2986
-25.2945
-25.2881
-25.2802
-25.2699
-25.2585
-25.2509
-26.0883
-26.0968
-26.1034
-26.103
-26.1059
-26.1083
-26.1121
-26.1171
-26.1236
-26.1331
-26.1425
-26.1658
-26.1842
-26.2018
-26.2157
-26.2268
-26.2351
-26.2411
-26.2451
-26.2476
-26.249
-26.249
-26.26
-27.263
-26.2594
-26.2592
-26.2596
-26.261
-26.2638
-26.2682
-26.2743
-26.2821
-26.2907
-26.2996
-26.3062
-26.3086
-26.3058
-26.2994
-26.2901
-26.2788
-26.2653
-26.2519
-26.243
-27.0999
-27.1075
-27.1117
-27.1089
-27.1105
-27.1128
-27.1173
-27.1239
-27.1328
-27.1451
-27.159
-27.1854
-27.2057
-27.2234
-27.2368
-27.2468
-27.2539
-27.2586
-27.2614
-27.2628
-27.2631
-27.263
-27.263
-27.2727
-28.2707
-27.2718
-27.2717
-27.2728
-27.2755
-27.2797
-27.2857
-27.2934
-27.3016
-27.3096
-27.3146
-27.3148
-27.31
-27.3008
-27.2882
-27.2732
-27.2561
-27.2403
-27.2304
-28.1156
-28.1237
-28.1303
-28.1364
-28.1421
-28.1483
-28.1556
-28.1643
-28.1749
-28.1876
-28.2015
-28.218
-28.2329
-28.2457
-28.2558
-28.2634
-28.2685
-28.2715
-28.2727
-28.2726
-28.2719
-28.2711
-28.2707
-28.2707
-28.2798
-29.2745
-28.2798
-28.2814
-28.2844
-28.2889
-28.2951
-28.3027
-28.3104
-28.3171
-28.3201
-28.318
-28.3106
-28.2983
-28.2821
-28.2632
-28.2427
-28.2242
-28.2135
-29.1289
-29.137
-29.1437
-29.151
-29.158
-29.1657
-29.1744
-29.1845
-29.1962
-29.2093
-29.2231
-29.2368
-29.2495
-29.2599
-29.2681
-29.2737
-29.2769
-29.278
-29.2775
-29.2761
-29.2746
-29.2736
-29.2735
-29.2745
-29.2745
-29.284
-30.2772
-29.2864
-29.29
-29.2952
-29.302
-29.3096
-29.3165
-29.3212
-29.3219
-29.3173
-29.3069
-29.2913
-29.2717
-29.2494
-29.226
-29.205
-29.1933
-30.1425
-30.1507
-30.1577
-30.1653
-30.1728
-30.1812
-30.1905
-30.2012
-30.2129
-30.2255
-30.2381
-30.2494
-30.2597
-30.2679
-30.2739
-30.2773
-30.2783
-30.2775
-30.2757
-30.2735
-30.2717
-30.271
-30.2717
-30.2738
-30.2772
-30.2772
-30.2891
-31.2817
-30.2941
-30.3003
-30.3074
-30.3143
-30.3197
-30.3219
-30.3199
-30.312
-30.2983
-30.2796
-30.2572
-30.2324
-30.2073
-30.1837
-30.1701
-31.1551
-31.1628
-31.1692
-31.176
-31.1829
-31.1906
-31.1994
-31.2095
-31.2205
-31.232
-31.2433
-31.2533
-31.262
-31.2685
-31.2723
-31.2737
-31.273
-31.2709
-31.2682
-31.2657
-31.2644
-31.2647
-31.2669
-31.2707
-31.2757
-31.2817
-31.2817
-31.2972
-32.287
-31.3041
-31.311
-31.3166
-31.3197
-31.3186
-31.3125
-31.3007
-31.2835
-31.2625
-31.2388
-31.2134
-31.1879
-31.1601
-31.1431
-32.1678
-32.1747
-32.1801
-32.1855
-32.1912
-32.1977
-32.2052
-32.2139
-32.2235
-32.2335
-32.2432
-32.2517
-32.2584
-32.2629
-32.2649
-32.2648
-32.2629
-32.26
-32.2571
-32.2551
-32.2548
-32.2566
-32.2604
-32.2659
-32.2726
-32.2797
-32.287
-32.287
-32.3064
-33.2862
-32.3122
-32.3154
-32.3147
-32.3092
-32.298
-32.2817
-32.2615
-32.2395
-32.2165
-32.1924
-32.1672
-32.1326
-32.1097
-33.1805
-33.1861
-33.1903
-33.1943
-33.1985
-33.2034
-33.2093
-33.2162
-33.2239
-33.2319
-33.2396
-33.2461
-33.251
-33.2538
-33.2545
-33.2534
-33.251
-33.248
-33.2456
-33.2444
-33.2451
-33.248
-33.2529
-33.2592
-33.2663
-33.2737
-33.2805
-33.2862
-33.2862
-33.3068
-34.2698
-33.3065
-33.3009
-33.2895
-33.2725
-33.2515
-33.2291
-33.208
-33.1878
-33.1671
-33.1403
-33.0958
-33.0654
-34.1932
-34.1976
-34.2005
-34.2032
-34.2059
-34.2092
-34.2134
-34.2184
-34.2241
-34.2301
-34.2357
-34.2404
-34.2438
-34.2454
-34.2453
-34.2439
-34.2417
-34.2393
-34.2375
-34.237
-34.2381
-34.241
-34.2454
-34.2507
-34.2564
-34.262
-34.2667
-34.2696
-34.2698
-34.2698
-34.2869
-35.2271
-34.2756
-35.2123
-34.2577
-34.2345
-34.2088
-34.1851
-34.1667
-34.1507
-34.1321
-34.0992
-34.0462
-34.0072
-35.2056
-35.2086
-35.2104
-35.2121
-35.2139
-35.2159
-35.2186
-35.2221
-35.2261
-35.2304
-35.2345
-35.2378
-35.24
-35.241
-35.2407
-35.2394
-35.2376
-35.2357
-35.2344
-35.2338
-35.2343
-35.2357
-35.2379
-35.2403
-35.2426
-35.2441
-35.2443
-35.2421
-35.2367
-35.2271
-35.2123
-35.2123
-35.2058
-36.1281
-35.1752
-35.1437
-35.1188
-35.1041
-35.0913
-35.073
-35.0369
-34.9828
-34.9396
-36.2162
-36.2183
-36.2194
-36.2209
-36.2226
-36.2243
-36.2263
-36.2292
-36.2324
-36.2359
-36.2392
-36.2419
-36.2437
-36.2447
-36.2448
-36.2442
-36.2433
-36.2423
-36.2416
-36.2411
-36.2409
-36.2407
-36.2402
-36.2388
-36.2361
-36.2313
-36.2238
-36.2131
-36.1983
-36.1791
-36.1554
-36.1281
-36.1281
-36.1039
-37.0455
-36.0677
-36.0401
-36.0293
-36.0178
-35.998
-35.9653
-35.9208
-35.885
-37.225
-37.2269
-37.2288
-37.2304
-37.2317
-37.2328
-37.2345
-37.2373
-37.2407
-37.2444
-37.2479
-37.2509
-37.2531
-37.2544
-37.2549
-37.2548
-37.2543
-37.2535
-37.2527
-37.252
-37.2512
-37.2501
-37.2483
-37.2451
-37.2398
-37.2317
-37.22
-37.2038
-37.1824
-37.1552
-37.1223
-37.0848
-37.0455
-37.0455
-36.9805
-36.9502
-36.9385
-36.9341
-36.9317
-36.9185
-36.8946
-36.862
)
;
    }
}


// ************************************************************************* //
