/*--------------------------------*- C++ -*----------------------------------*\
| =========                 |                                                 |
| \\      /  F ield         | OpenFOAM: The Open Source CFD Toolbox           |
|  \\    /   O peration     | Version:  2.3.1                                 |
|   \\  /    A nd           | Web:      www.OpenFOAM.org                      |
|    \\/     M anipulation  |                                                 |
\*---------------------------------------------------------------------------*/
FoamFile
{
    version     2.0;
    format      ascii;
    class       volScalarField;
    location    "600";
    object      T;
}
// * * * * * * * * * * * * * * * * * * * * * * * * * * * * * * * * * * * * * //

dimensions      [0 0 0 1 0 0 0];

internalField   nonuniform List<scalar> 
6852
(
289.15
289.15
289.15
289.15
289.15
289.15
289.15
289.15
289.15
289.15
289.15
289.15
289.15
289.15
289.15
289.15
289.15
289.15
289.15
289.15
289.15
289.15
289.15
289.15
289.15
289.15
289.15
289.15
289.15
289.15
289.15
289.15
289.15
289.15
289.15
289.15
289.15
289.15
289.15
289.15
289.15
289.15
289.15
289.15
289.15
289.15
289.15
289.15
289.15
289.15
289.15
289.15
289.15
289.15
289.15
289.15
289.15
289.15
289.15
289.15
289.15
289.15
289.15
289.15
289.15
289.15
289.15
289.15
289.15
289.15
289.15
289.15
289.15
289.15
289.15
289.15
289.15
289.15
289.15
289.15
289.15
289.15
289.15
289.15
289.15
289.15
289.15
289.15
289.15
289.15
289.15
289.15
289.15
289.15
289.15
289.15
289.15
289.15
289.15
289.15
289.15
289.15
289.15
289.15
289.15
289.15
289.15
289.15
289.15
289.15
289.15
289.15
289.15
289.15
289.15
289.15
289.15
289.15
289.15
289.15
289.15
289.15
289.15
289.15
289.15
289.15
289.15
289.15
289.15
289.15
289.15
289.15
289.15
289.15
289.15
289.15
289.15
289.15
289.15
289.15
289.15
289.15
289.15
289.15
289.15
289.15
289.15
289.15
289.15
289.15
289.15
289.15
289.15
289.15
289.15
289.15
289.15
289.15
289.15
289.15
289.15
289.15
289.15
289.15
289.15
289.15
289.15
289.15
289.15
289.15
289.15
289.15
289.15
289.15
289.15
289.15
289.15
289.15
289.15
289.15
289.15
289.15
289.15
289.15
289.15
289.15
289.15
289.15
289.15
289.15
289.15
289.15
289.15
289.15
289.15
289.15
289.15
289.15
289.15
289.15
289.15
289.15
289.15
289.15
289.15
289.15
289.15
289.15
289.15
289.15
289.15
289.15
289.15
289.15
289.15
289.15
289.15
289.15
289.15
289.15
289.15
289.15
289.15
289.15
289.15
289.15
289.15
289.15
289.15
289.15
289.15
289.15
289.15
289.15
289.15
289.15
289.15
289.15
289.15
289.15
289.15
289.15
289.15
289.15
289.15
289.15
289.15
289.15
289.15
289.15
289.15
289.15
289.15
289.15
289.15
289.15
289.15
289.15
289.15
289.15
289.15
289.15
289.15
289.15
289.15
289.15
289.15
289.15
289.15
289.15
289.15
289.15
289.15
289.15
289.15
289.15
289.15
289.15
289.15
289.15
289.15
289.15
289.15
289.15
289.15
289.15
289.15
289.15
289.15
289.15
289.15
289.15
289.15
289.15
289.15
289.15
289.15
289.15
289.15
289.15
289.15
289.15
289.15
289.15
289.15
289.15
289.15
289.15
289.15
289.15
289.15
289.15
289.15
289.15
289.15
289.15
289.15
289.15
289.15
289.15
289.15
289.15
289.15
289.15
289.15
289.15
289.15
289.15
289.15
289.15
289.15
289.15
289.15
289.15
289.15
289.15
289.15
289.15
289.15
289.15
289.15
289.15
289.15
289.15
289.15
289.15
289.15
289.15
289.15
289.15
289.15
289.15
289.15
289.15
289.15
289.15
289.15
289.15
289.15
289.15
289.15
289.15
289.15
289.15
289.15
289.15
289.15
289.15
289.15
289.15
289.15
289.15
289.15
289.15
289.15
289.15
289.15
289.15
289.15
289.15
289.15
289.15
289.15
289.15
289.15
289.15
289.15
289.15
289.15
289.15
289.15
289.15
289.15
289.15
289.15
289.15
289.15
289.15
289.15
289.15
289.15
289.15
289.15
289.15
289.15
289.15
289.15
289.15
289.15
289.15
289.15
289.15
289.15
289.15
289.15
289.15
289.15
289.15
289.15
289.15
289.15
289.15
289.15
289.15
289.15
289.15
289.15
289.15
289.15
289.15
289.15
289.15
289.15
289.15
289.15
289.15
289.15
289.15
289.15
289.15
289.15
289.15
289.15
289.15
289.15
289.15
289.15
289.15
289.15
289.15
289.15
289.15
289.15
289.15
289.15
289.15
289.15
289.15
289.15
289.15
289.15
289.15
289.15
289.15
289.15
289.15
289.15
289.15
289.15
289.15
289.15
289.15
289.15
289.15
289.15
289.15
289.15
289.15
289.15
289.15
289.15
289.15
289.15
289.15
289.15
289.15
289.15
289.15
289.15
289.15
289.15
289.15
289.15
289.15
289.15
289.15
289.15
289.15
289.15
289.15
289.15
289.15
289.15
289.15
289.15
289.15
289.15
289.15
289.15
289.15
289.15
289.15
289.15
289.15
289.15
289.15
289.15
289.15
289.15
289.15
289.15
289.15
289.15
289.15
289.15
289.15
289.15
289.15
289.15
289.15
289.15
289.15
289.15
289.15
289.15
289.15
289.15
289.15
289.15
289.15
289.15
289.15
289.15
289.15
289.15
289.15
289.15
289.15
289.15
289.15
289.15
289.15
289.15
289.15
289.15
289.15
289.15
289.15
289.15
289.15
289.15
289.15
289.15
289.15
289.15
289.15
289.15
289.15
289.15
289.15
289.15
289.15
289.15
289.15
289.15
289.15
289.15
289.15
289.15
289.15
289.15
289.15
289.15
289.15
289.15
289.15
289.15
289.15
289.15
289.15
289.15
289.15
289.15
289.15
289.15
289.15
289.15
289.15
289.15
289.15
289.15
289.15
289.15
289.15
289.15
289.15
289.15
289.15
289.15
289.15
289.15
289.15
289.15
289.15
289.15
289.15
289.15
289.15
289.15
289.15
289.15
289.15
289.15
289.15
289.15
289.15
289.15
289.15
289.15
289.15
289.15
289.15
289.15
289.15
289.15
289.15
289.15
289.15
289.15
289.15
289.15
289.15
289.15
289.15
289.15
289.15
289.15
289.15
289.15
289.15
289.15
289.15
289.15
289.15
289.15
289.15
289.15
289.15
289.15
289.15
289.15
289.15
289.15
289.15
289.15
289.15
289.15
289.15
289.15
289.15
289.15
289.15
289.15
289.15
289.15
289.15
289.15
289.15
289.15
289.15
289.15
289.15
289.15
289.15
289.15
289.15
289.15
289.15
289.15
289.15
289.15
289.15
289.15
289.15
289.15
289.15
289.15
289.15
289.15
289.15
289.15
289.15
289.15
289.15
289.15
289.15
289.15
289.15
289.15
289.15
289.15
289.15
289.15
289.15
289.15
289.15
289.15
289.15
289.15
289.15
289.15
289.15
289.15
289.15
289.15
289.15
289.15
289.15
289.15
289.15
289.15
289.15
289.15
289.15
289.15
289.15
289.15
289.15
289.15
289.15
289.15
289.15
289.15
289.15
289.15
289.15
289.15
289.15
289.15
289.15
289.15
289.15
289.15
289.15
289.15
289.15
289.15
289.15
289.15
289.15
289.15
289.15
289.15
289.15
289.15
289.15
289.15
289.15
289.15
289.15
289.15
289.15
289.15
289.15
289.15
289.15
289.15
289.15
289.15
289.15
289.15
289.15
289.15
289.15
289.15
289.15
289.15
289.15
289.15
289.15
289.15
289.15
289.15
289.15
289.15
289.15
289.15
289.15
289.15
289.15
289.15
289.15
289.15
289.15
289.15
289.15
289.15
289.15
289.15
289.15
289.15
289.15
289.15
289.15
289.15
289.15
289.15
289.15
289.15
289.15
289.15
289.15
289.15
289.15
289.15
289.15
289.15
289.15
289.15
289.15
289.15
289.15
289.15
289.15
289.15
289.15
289.15
289.15
289.15
289.15
289.15
289.15
289.15
289.15
289.15
289.15
289.15
289.15
289.15
289.15
289.15
289.15
289.15
289.15
289.15
289.15
289.15
289.15
289.15
289.15
289.15
289.15
289.15
289.15
289.15
289.15
289.15
289.15
289.15
289.15
289.15
289.15
289.15
289.15
289.15
289.15
289.15
289.15
289.15
289.15
289.15
289.15
289.15
289.15
289.15
289.15
289.15
289.15
289.15
289.15
289.15
289.15
289.15
289.15
289.15
289.15
289.15
289.15
289.15
289.15
289.15
289.15
289.15
289.15
289.15
289.15
289.15
289.15
289.15
289.15
289.15
289.15
289.15
289.15
289.15
289.15
289.15
289.15
289.15
289.15
289.15
289.15
289.15
289.15
289.15
289.15
289.15
289.15
289.15
289.15
289.15
289.15
289.15
289.15
289.15
289.15
289.15
289.15
289.15
289.15
289.15
289.15
289.15
289.15
289.15
289.15
289.15
289.15
289.15
289.15
289.15
289.15
289.15
289.15
289.15
289.15
289.15
289.15
289.15
289.15
289.15
289.15
289.15
289.15
289.15
289.15
289.15
289.15
289.15
289.15
289.15
289.15
289.15
289.15
289.15
289.15
289.15
289.15
289.15
289.15
289.15
289.15
289.15
289.15
289.15
289.15
289.15
289.15
289.15
289.15
289.15
289.15
289.15
289.15
289.15
289.15
289.15
289.15
289.15
289.15
289.15
289.15
289.15
289.15
289.15
289.15
289.15
289.15
289.15
289.15
289.15
289.15
289.15
289.15
289.15
289.15
289.15
289.15
289.15
289.15
289.15
289.15
289.15
289.15
289.15
289.15
289.15
289.15
289.15
289.15
289.15
289.15
289.15
289.15
289.15
289.15
289.15
289.15
289.15
289.15
289.15
289.15
289.15
289.15
289.15
289.15
289.15
289.15
289.15
289.15
289.15
289.15
289.15
289.15
289.15
289.15
289.15
289.15
289.15
289.15
289.15
289.15
289.15
289.15
289.15
289.15
289.15
289.15
289.15
289.15
289.15
289.15
289.15
289.15
289.15
289.15
289.15
289.15
289.15
289.15
289.15
289.15
289.15
289.15
289.15
289.15
289.15
289.15
289.15
289.15
289.15
289.15
289.15
289.15
289.15
289.15
289.15
289.15
289.15
289.15
289.15
289.15
289.15
289.15
289.15
289.15
289.15
289.15
289.15
289.15
289.15
289.15
289.15
289.15
289.15
289.15
289.15
289.15
289.15
289.15
289.15
289.15
289.15
289.15
289.15
289.15
289.15
289.15
289.15
289.15
289.15
289.15
289.15
289.15
289.15
289.15
289.15
289.15
289.15
289.15
289.15
289.15
289.15
289.15
289.15
289.15
289.15
289.15
289.15
289.15
289.15
289.15
289.15
289.15
289.15
289.15
289.15
289.15
289.15
289.15
289.15
289.15
289.15
289.15
289.15
289.15
289.15
289.15
289.15
289.15
289.15
289.15
289.15
289.15
289.15
289.15
289.15
289.15
289.15
289.15
289.15
289.15
289.15
289.15
289.15
289.15
289.15
289.15
289.15
289.15
289.15
289.15
289.15
289.15
289.15
289.15
289.15
289.15
289.15
289.15
289.15
289.15
289.15
289.15
289.15
289.15
289.15
289.15
289.15
289.15
289.15
289.15
289.15
289.15
289.15
289.15
289.15
289.15
289.15
289.15
289.15
289.15
289.15
289.15
289.15
289.15
289.15
289.15
289.15
289.15
290.192
290.193
290.194
290.196
290.19
290.191
290.192
290.195
290.187
290.187
290.189
290.191
290.183
290.183
290.183
290.185
290.19
290.178
290.177
290.176
290.177
290.183
290.173
290.171
290.169
290.17
290.177
290.168
290.165
290.162
290.162
290.17
290.163
290.159
290.154
290.154
290.163
290.159
290.153
290.146
290.145
290.154
290.153
290.147
290.138
290.135
290.145
290.148
290.141
290.13
290.125
290.133
290.143
290.135
290.121
290.114
290.12
290.138
290.13
290.113
290.102
290.105
290.133
290.124
290.105
290.091
290.089
290.128
290.118
290.098
290.08
290.072
290.122
290.112
290.09
290.069
290.056
290.116
290.106
290.083
290.059
290.04
290.111
290.1
290.075
290.048
290.025
290.104
290.093
290.067
290.037
290.01
290.098
290.086
290.058
290.026
289.995
290.091
290.078
290.048
290.013
289.98
290.083
290.069
290.037
290
289.963
290.075
290.059
290.025
289.985
289.945
290.065
290.048
290.011
289.968
289.926
290.056
290.037
289.996
289.951
289.907
290.045
290.024
289.981
289.933
289.887
290.034
290.012
289.965
289.914
289.868
290.023
289.998
289.949
289.896
289.849
290.011
289.985
289.933
289.879
289.83
290
289.972
289.918
289.862
289.813
289.989
289.96
289.904
289.848
289.798
289.978
289.95
289.893
289.835
289.784
289.969
289.94
289.883
289.825
289.771
289.96
289.933
289.876
289.817
289.761
289.953
289.927
289.87
289.811
289.754
289.946
289.923
289.867
289.807
289.752
289.939
289.919
289.865
289.807
289.756
289.929
289.913
289.865
289.811
289.764
289.911
289.905
289.863
289.816
289.776
289.892
289.888
289.859
289.822
289.791
289.883
289.873
289.852
289.824
289.802
290.192
290.193
290.195
290.199
290.191
290.192
290.194
290.197
290.187
290.188
290.189
290.192
290.183
290.182
290.182
290.185
290.178
290.175
290.174
290.176
290.183
290.172
290.168
290.165
290.167
290.175
290.167
290.16
290.155
290.157
290.166
290.161
290.152
290.145
290.145
290.156
290.156
290.143
290.134
290.133
290.144
290.15
290.135
290.122
290.119
290.129
290.144
290.127
290.11
290.104
290.112
290.139
290.119
290.098
290.087
290.092
290.134
290.112
290.087
290.071
290.07
290.129
290.106
290.077
290.055
290.047
290.124
290.101
290.067
290.039
290.024
290.119
290.096
290.058
290.025
290.003
290.114
290.09
290.05
290.011
289.983
290.109
290.085
290.042
289.998
289.964
290.104
290.079
290.035
289.986
289.946
290.098
290.073
290.027
289.973
289.927
290.091
290.066
290.018
289.96
289.909
290.084
290.058
290.008
289.945
289.891
290.077
290.05
289.996
289.93
289.873
290.068
290.04
289.982
289.913
289.855
290.059
290.028
289.968
289.896
289.836
290.05
290.016
289.953
289.878
289.818
290.039
290.004
289.937
289.861
289.799
290.029
289.991
289.921
289.844
289.782
290.018
289.978
289.906
289.828
289.766
290.007
289.966
289.892
289.813
289.751
289.996
289.954
289.88
289.801
289.737
289.986
289.944
289.869
289.79
289.725
289.977
289.935
289.861
289.78
289.715
289.969
289.929
289.855
289.772
289.709
289.961
289.923
289.851
289.767
289.706
289.954
289.92
289.847
289.767
289.708
289.947
289.916
289.847
289.774
289.717
289.938
289.912
289.85
289.784
289.732
289.923
289.907
289.853
289.796
289.75
289.901
289.897
289.853
289.808
289.77
289.887
289.884
289.852
289.816
289.788
290.193
290.195
290.198
290.204
290.192
290.193
290.196
290.2
290.188
290.188
290.189
290.193
290.183
290.181
290.181
290.184
290.178
290.173
290.17
290.174
290.171
290.163
290.159
290.162
290.173
290.164
290.153
290.146
290.149
290.162
290.157
290.142
290.132
290.134
290.148
290.15
290.13
290.118
290.118
290.132
290.143
290.119
290.102
290.099
290.111
290.136
290.108
290.086
290.078
290.087
290.13
290.098
290.07
290.056
290.059
290.124
290.09
290.055
290.033
290.029
290.119
290.082
290.042
290.012
289.998
290.114
290.076
290.029
289.991
289.969
290.11
290.071
290.018
289.973
289.942
290.105
290.067
290.008
289.956
289.917
290.101
290.062
289.998
289.939
289.895
290.096
290.057
289.988
289.923
289.874
290.091
290.051
289.978
289.907
289.854
290.085
290.044
289.968
289.891
289.834
290.079
290.036
289.956
289.875
289.814
290.071
290.027
289.944
289.858
289.795
290.063
290.017
289.93
289.842
289.776
290.054
290.005
289.916
289.825
289.759
290.045
289.993
289.901
289.809
289.742
290.035
289.981
289.887
289.794
289.727
290.024
289.968
289.873
289.78
289.712
290.014
289.956
289.86
289.767
289.699
290.004
289.945
289.849
289.756
289.687
289.994
289.935
289.838
289.745
289.678
289.985
289.927
289.829
289.735
289.67
289.976
289.919
289.819
289.727
289.663
289.969
289.913
289.809
289.72
289.658
289.961
289.907
289.803
289.716
289.655
289.954
289.903
289.802
289.717
289.658
289.947
289.9
289.81
289.729
289.671
289.939
289.899
289.821
289.75
289.695
289.927
289.897
289.832
289.772
289.724
289.907
289.892
289.841
289.792
289.752
289.89
289.885
289.844
289.808
289.779
290.194
290.196
290.203
290.209
290.193
290.194
290.198
290.202
290.189
290.189
290.189
290.194
290.184
290.18
290.179
290.183
290.177
290.169
290.166
290.171
290.169
290.157
290.151
290.157
290.16
290.144
290.135
290.14
290.158
290.151
290.129
290.118
290.122
290.141
290.142
290.115
290.099
290.1
290.119
290.133
290.1
290.079
290.076
290.092
290.125
290.086
290.058
290.048
290.059
290.117
290.074
290.038
290.02
290.023
290.111
290.063
290.019
289.991
289.984
290.106
290.054
290.001
289.964
289.945
290.101
290.046
289.986
289.939
289.909
290.097
290.04
289.972
289.917
289.877
290.093
290.036
289.959
289.896
289.849
290.089
290.032
289.947
289.877
289.824
290.085
290.027
289.935
289.858
289.8
290.08
290.022
289.922
289.839
289.778
290.074
290.016
289.908
289.82
289.757
290.067
290.008
289.894
289.801
289.737
290.06
289.998
289.88
289.782
289.719
290.052
289.987
289.867
289.766
289.701
290.042
289.975
289.853
289.751
289.685
290.033
289.962
289.84
289.737
289.67
290.023
289.95
289.828
289.725
289.658
290.013
289.939
289.817
289.714
289.647
290.003
289.928
289.806
289.705
289.639
289.993
289.918
289.795
289.696
289.631
289.984
289.91
289.784
289.688
289.624
289.975
289.901
289.772
289.68
289.617
289.966
289.891
289.76
289.669
289.609
289.957
289.88
289.747
289.658
289.6
289.948
289.869
289.735
289.648
289.592
289.94
289.861
289.73
289.646
289.593
289.933
289.86
289.742
289.661
289.608
289.928
289.865
289.77
289.697
289.645
289.921
289.873
289.799
289.737
289.69
289.907
289.877
289.821
289.773
289.733
289.889
289.879
289.835
289.8
289.771
290.196
290.199
290.206
290.214
290.195
290.196
290.199
290.205
290.19
290.188
290.189
290.194
290.184
290.178
290.176
290.183
290.176
290.164
290.16
290.168
290.166
290.149
290.142
290.151
290.155
290.132
290.123
290.132
290.143
290.115
290.102
290.109
290.134
290.131
290.096
290.078
290.083
290.107
290.12
290.078
290.053
290.052
290.073
290.11
290.061
290.027
290.018
290.031
290.102
290.046
290.002
289.983
289.986
290.095
290.032
289.979
289.948
289.938
290.089
290.021
289.958
289.915
289.892
290.084
290.011
289.938
289.885
289.85
290.079
290.003
289.92
289.857
289.813
290.074
289.995
289.903
289.831
289.78
290.069
289.988
289.887
289.807
289.752
290.064
289.983
289.87
289.785
289.726
290.059
289.976
289.853
289.763
289.703
290.054
289.968
289.836
289.741
289.681
290.047
289.96
289.819
289.722
289.662
290.039
289.95
289.803
289.704
289.644
290.031
289.94
289.789
289.689
289.629
290.021
289.929
289.776
289.676
289.616
290.012
289.918
289.766
289.666
289.605
290.002
289.908
289.756
289.657
289.596
289.992
289.898
289.747
289.65
289.589
289.982
289.888
289.739
289.643
289.583
289.972
289.877
289.73
289.636
289.577
289.962
289.865
289.718
289.627
289.569
289.95
289.85
289.702
289.614
289.56
289.938
289.826
289.682
289.598
289.547
289.924
289.796
289.658
289.579
289.534
289.911
289.764
289.635
289.564
289.523
289.9
289.746
289.625
289.558
289.521
289.894
289.755
289.638
289.574
289.538
289.895
289.788
289.687
289.623
289.584
289.9
289.824
289.747
289.69
289.65
289.898
289.851
289.795
289.749
289.713
289.886
289.867
289.825
289.791
289.763
290.199
290.203
290.21
290.218
290.197
290.197
290.2
290.208
290.192
290.188
290.188
290.195
290.184
290.174
290.172
290.182
290.174
290.158
290.154
290.166
290.161
290.14
290.133
290.147
290.147
290.12
290.11
290.124
290.132
290.098
290.085
290.098
290.118
290.076
290.057
290.067
290.097
290.104
290.054
290.027
290.03
290.055
290.092
290.033
289.996
289.989
290.006
290.083
290.014
289.966
289.947
289.952
290.074
289.997
289.938
289.905
289.896
290.066
289.982
289.912
289.866
289.843
290.059
289.969
289.887
289.829
289.795
290.052
289.955
289.863
289.796
289.753
290.045
289.942
289.839
289.765
289.718
290.038
289.929
289.816
289.737
289.687
290.032
289.916
289.793
289.71
289.659
290.025
289.904
289.772
289.686
289.635
290.018
289.893
289.752
289.664
289.614
290.011
289.883
289.734
289.645
289.596
290.002
289.873
289.719
289.629
289.58
289.993
289.864
289.706
289.617
289.567
289.984
289.855
289.697
289.607
289.557
289.975
289.847
289.689
289.599
289.548
289.965
289.838
289.682
289.593
289.542
289.955
289.829
289.675
289.587
289.537
289.944
289.817
289.666
289.581
289.531
289.932
289.802
289.654
289.571
289.524
289.918
289.778
289.636
289.558
289.514
289.902
289.744
289.612
289.541
289.502
289.884
289.705
289.584
289.521
289.488
289.866
289.665
289.556
289.501
289.475
289.847
289.632
289.533
289.487
289.465
289.832
289.615
289.523
289.482
289.465
289.825
289.623
289.536
289.499
289.483
289.834
289.68
289.592
289.552
289.533
289.857
289.76
289.69
289.646
289.617
289.877
289.819
289.767
289.728
289.698
289.878
289.853
289.815
289.785
289.759
290.202
290.206
290.212
290.223
290.199
290.198
290.201
290.211
290.193
290.186
290.186
290.197
290.183
290.17
290.169
290.182
290.17
290.151
290.148
290.164
290.155
290.129
290.124
290.144
290.138
290.105
290.098
290.119
290.12
290.08
290.069
290.089
290.102
290.055
290.037
290.052
290.086
290.029
290.002
290.01
290.042
290.071
290.004
289.966
289.963
289.985
290.058
289.981
289.931
289.914
289.923
290.047
289.959
289.897
289.866
289.86
290.036
289.938
289.864
289.82
289.8
290.025
289.918
289.832
289.778
289.748
290.015
289.897
289.801
289.739
289.704
290.005
289.876
289.77
289.704
289.667
289.994
289.854
289.741
289.672
289.635
289.984
289.833
289.714
289.644
289.607
289.973
289.813
289.689
289.619
289.583
289.963
289.794
289.667
289.597
289.563
289.953
289.779
289.65
289.58
289.545
289.944
289.768
289.636
289.566
289.531
289.935
289.759
289.625
289.554
289.519
289.927
289.753
289.617
289.546
289.51
289.918
289.747
289.611
289.54
289.503
289.908
289.739
289.604
289.534
289.497
289.898
289.727
289.596
289.527
289.491
289.886
289.71
289.584
289.519
289.485
289.872
289.684
289.568
289.507
289.476
289.856
289.655
289.547
289.493
289.467
289.836
289.622
289.523
289.477
289.456
289.814
289.588
289.499
289.461
289.445
289.788
289.555
289.477
289.447
289.436
289.758
289.528
289.46
289.437
289.431
289.725
289.51
289.453
289.436
289.434
289.706
289.513
289.463
289.451
289.452
289.725
289.561
289.512
289.5
289.5
289.778
289.684
289.635
289.611
289.596
289.838
289.782
289.741
289.712
289.69
289.86
289.838
289.806
289.78
289.757
290.206
290.209
290.215
290.229
290.202
290.199
290.202
290.214
290.193
290.184
290.185
290.199
290.18
290.165
290.165
290.183
290.165
290.142
290.142
290.164
290.147
290.117
290.115
290.141
290.127
290.09
290.086
290.114
290.106
290.062
290.054
290.082
290.085
290.032
290.018
290.041
290.066
290.002
289.979
289.994
290.048
289.973
289.938
289.942
289.971
290.03
289.945
289.897
289.887
289.901
290.012
289.917
289.857
289.832
289.832
289.996
289.889
289.818
289.781
289.768
289.981
289.86
289.779
289.734
289.716
289.965
289.83
289.741
289.692
289.672
289.949
289.8
289.705
289.655
289.634
289.934
289.771
289.672
289.622
289.601
289.919
289.744
289.642
289.593
289.573
289.905
289.72
289.617
289.569
289.549
289.892
289.699
289.596
289.548
289.529
289.88
289.683
289.579
289.531
289.511
289.87
289.669
289.565
289.517
289.497
289.862
289.659
289.555
289.506
289.485
289.853
289.651
289.547
289.497
289.476
289.845
289.643
289.54
289.49
289.468
289.837
289.633
289.532
289.483
289.461
289.827
289.621
289.523
289.476
289.455
289.815
289.605
289.511
289.468
289.449
289.8
289.584
289.496
289.458
289.442
289.782
289.559
289.479
289.447
289.434
289.757
289.531
289.461
289.436
289.427
289.724
289.503
289.443
289.426
289.421
289.671
289.474
289.428
289.418
289.418
289.593
289.447
289.417
289.414
289.417
289.521
289.429
289.413
289.415
289.423
289.484
289.427
289.421
289.429
289.441
289.517
289.461
289.456
289.467
289.482
289.646
289.572
289.553
289.558
289.569
289.775
289.736
289.714
289.7
289.687
289.83
289.819
289.797
289.777
289.758
290.208
290.211
290.217
290.235
290.203
290.199
290.203
290.219
290.192
290.181
290.184
290.203
290.177
290.159
290.161
290.186
290.159
290.133
290.136
290.165
290.137
290.105
290.107
290.141
290.115
290.075
290.076
290.112
290.091
290.043
290.041
290.077
290.067
290.01
290.001
290.035
290.044
289.976
289.959
289.984
290.022
289.942
289.914
289.927
289.999
289.909
289.868
289.866
289.888
289.975
289.874
289.822
289.807
289.816
289.95
289.839
289.777
289.754
289.755
289.924
289.801
289.733
289.706
289.703
289.901
289.762
289.69
289.663
289.658
289.879
289.725
289.651
289.625
289.62
289.858
289.691
289.617
289.591
289.587
289.839
289.661
289.587
289.562
289.558
289.823
289.637
289.563
289.537
289.533
289.809
289.616
289.542
289.516
289.512
289.797
289.601
289.525
289.498
289.493
289.787
289.588
289.512
289.484
289.478
289.779
289.578
289.501
289.472
289.465
289.772
289.57
289.493
289.463
289.454
289.765
289.562
289.485
289.455
289.445
289.757
289.552
289.477
289.448
289.438
289.748
289.54
289.468
289.441
289.432
289.735
289.525
289.458
289.434
289.427
289.716
289.507
289.446
289.427
289.422
289.689
289.485
289.434
289.42
289.417
289.645
289.461
289.422
289.413
289.414
289.569
289.436
289.411
289.409
289.412
289.488
289.413
289.403
289.406
289.412
289.435
289.399
289.398
289.406
289.415
289.408
289.392
289.398
289.409
289.423
289.4
289.396
289.405
289.421
289.44
289.421
289.418
289.43
289.452
289.477
289.526
289.487
289.496
289.522
289.55
289.717
289.688
289.675
289.673
289.674
289.792
289.791
289.78
289.769
289.755
290.21
290.213
290.22
290.242
290.203
290.199
290.204
290.225
290.19
290.178
290.183
290.208
290.173
290.153
290.158
290.19
290.152
290.124
290.131
290.169
290.128
290.092
290.101
290.144
290.102
290.059
290.067
290.114
290.075
290.024
290.03
290.077
290.048
289.987
289.989
290.032
290.021
289.95
289.943
289.979
289.993
289.912
289.894
289.92
289.964
289.874
289.844
289.856
289.932
289.833
289.794
289.797
289.819
289.899
289.791
289.746
289.743
289.759
289.864
289.746
289.7
289.695
289.708
289.828
289.702
289.657
289.652
289.664
289.795
289.661
289.617
289.614
289.625
289.768
289.624
289.583
289.58
289.591
289.746
289.593
289.553
289.55
289.561
289.728
289.568
289.527
289.524
289.534
289.713
289.549
289.506
289.501
289.51
289.702
289.533
289.489
289.482
289.489
289.693
289.521
289.475
289.466
289.472
289.686
289.511
289.463
289.453
289.457
289.68
289.503
289.454
289.442
289.445
289.673
289.495
289.446
289.433
289.435
289.664
289.485
289.438
289.426
289.427
289.651
289.474
289.43
289.42
289.421
289.631
289.461
289.422
289.415
289.416
289.596
289.444
289.415
289.41
289.413
289.534
289.426
289.407
289.407
289.411
289.464
289.408
289.401
289.405
289.411
289.421
289.396
289.397
289.404
289.412
289.398
289.388
289.395
289.405
289.414
289.385
289.384
289.394
289.406
289.419
289.38
289.383
289.394
289.41
289.426
289.381
289.385
289.398
289.417
289.439
289.395
289.396
289.411
289.437
289.468
289.446
289.434
289.45
289.486
289.527
289.645
289.546
289.553
289.599
289.635
289.734
289.742
289.744
289.745
289.742
290.211
290.215
290.223
290.25
290.203
290.199
290.205
290.232
290.188
290.175
290.182
290.215
290.168
290.146
290.156
290.197
290.144
290.114
290.127
290.176
290.118
290.079
290.096
290.15
290.089
290.043
290.061
290.119
290.058
290.005
290.023
290.082
290.027
289.966
289.98
290.036
289.995
289.927
289.933
289.982
289.961
289.885
289.882
289.923
289.925
289.842
289.83
289.859
289.887
289.797
289.779
289.801
289.845
289.751
289.731
289.749
289.779
289.801
289.702
289.685
289.702
289.73
289.755
289.657
289.642
289.66
289.686
289.71
289.614
289.603
289.621
289.647
289.667
289.577
289.568
289.586
289.612
289.631
289.545
289.537
289.555
289.579
289.605
289.519
289.511
289.527
289.55
289.589
289.498
289.488
289.502
289.523
289.578
289.481
289.469
289.48
289.499
289.57
289.468
289.453
289.462
289.478
289.564
289.458
289.44
289.446
289.46
289.557
289.449
289.43
289.434
289.446
289.547
289.44
289.421
289.424
289.434
289.53
289.431
289.414
289.417
289.425
289.502
289.421
289.408
289.411
289.419
289.465
289.41
289.403
289.407
289.415
289.428
289.4
289.399
289.405
289.412
289.407
289.393
289.396
289.404
289.412
289.392
289.388
289.395
289.405
289.413
289.384
289.385
289.395
289.406
289.416
289.379
289.383
289.395
289.408
289.42
289.376
289.381
289.395
289.411
289.424
289.374
289.38
289.395
289.413
289.431
289.374
289.379
289.395
289.417
289.44
289.379
289.382
289.399
289.426
289.459
289.4
289.397
289.415
289.451
289.499
289.482
289.449
289.47
289.517
289.582
289.638
289.659
289.674
289.692
289.709
290.213
290.217
290.226
290.258
290.203
290.198
290.207
290.24
290.185
290.171
290.183
290.223
290.163
290.139
290.155
290.206
290.137
290.103
290.125
290.185
290.107
290.067
290.094
290.16
290.075
290.028
290.058
290.13
290.04
289.989
290.02
290.092
290.004
289.948
289.976
290.047
289.966
289.906
289.929
289.994
289.926
289.862
289.879
289.936
289.884
289.816
289.827
289.875
289.839
289.769
289.777
289.82
289.792
289.721
289.73
289.77
289.741
289.675
289.686
289.725
289.768
289.689
289.631
289.644
289.683
289.725
289.638
289.59
289.606
289.645
289.685
289.589
289.553
289.572
289.609
289.648
289.547
289.521
289.54
289.576
289.613
289.513
289.494
289.512
289.545
289.58
289.487
289.471
289.487
289.517
289.549
289.467
289.452
289.466
289.492
289.521
289.451
289.437
289.447
289.47
289.496
289.439
289.425
289.433
289.451
289.474
289.429
289.415
289.421
289.436
289.456
289.421
289.407
289.412
289.425
289.442
289.412
289.401
289.405
289.416
289.431
289.403
289.395
289.4
289.411
289.423
289.395
289.391
289.397
289.407
289.418
289.388
289.388
289.396
289.406
289.416
289.384
289.386
289.395
289.406
289.416
289.38
289.385
289.395
289.408
289.418
289.378
289.384
289.396
289.41
289.421
289.376
289.382
289.397
289.414
289.426
289.374
289.381
289.398
289.417
289.432
289.372
289.379
289.397
289.419
289.439
289.37
289.377
289.396
289.421
289.445
289.37
289.376
289.395
289.423
289.455
289.375
289.378
289.397
289.43
289.477
289.403
289.396
289.415
289.459
289.528
289.509
289.488
289.501
289.568
289.629
290.214
290.219
290.229
290.267
290.202
290.197
290.21
290.249
290.183
290.166
290.184
290.233
290.158
290.131
290.156
290.217
290.129
290.093
290.126
290.198
290.096
290.054
290.094
290.175
290.059
290.014
290.059
290.145
290.019
289.974
290.021
290.109
289.977
289.932
289.979
290.066
289.934
289.889
289.933
290.016
289.89
289.844
289.884
289.961
289.844
289.798
289.834
289.904
289.795
289.752
289.787
289.852
289.744
289.707
289.742
289.805
289.691
289.663
289.701
289.762
289.639
289.621
289.661
289.722
289.78
289.591
289.583
289.624
289.683
289.739
289.548
289.548
289.589
289.646
289.7
289.512
289.518
289.556
289.61
289.661
289.484
289.491
289.526
289.575
289.624
289.461
289.468
289.499
289.543
289.588
289.442
289.448
289.475
289.513
289.554
289.427
289.432
289.454
289.487
289.523
289.415
289.419
289.437
289.465
289.496
289.405
289.409
289.423
289.447
289.474
289.398
289.401
289.413
289.432
289.455
289.392
289.395
289.406
289.422
289.441
289.388
289.391
289.401
289.415
289.431
289.384
289.388
289.398
289.411
289.425
289.382
289.386
289.396
289.409
289.421
289.379
289.385
289.396
289.409
289.421
289.378
289.384
289.397
289.411
289.423
289.376
289.383
289.398
289.415
289.427
289.374
289.382
289.4
289.419
289.434
289.372
289.381
289.401
289.424
289.441
289.37
289.379
289.401
289.427
289.449
289.368
289.377
289.399
289.429
289.456
289.366
289.374
289.396
289.428
289.46
289.365
289.371
289.392
289.425
289.465
289.372
289.372
289.389
289.423
289.477
289.404
289.387
289.396
289.429
289.518
290.214
290.22
290.233
290.277
290.201
290.195
290.213
290.26
290.18
290.16
290.187
290.245
290.153
290.123
290.158
290.231
290.121
290.083
290.129
290.214
290.083
290.043
290.098
290.193
290.04
290.002
290.064
290.166
289.994
289.961
290.028
290.133
289.947
289.92
289.988
290.093
289.901
289.877
289.944
290.047
289.854
289.833
289.898
289.996
289.807
289.789
289.852
289.944
289.758
289.745
289.808
289.897
289.708
289.703
289.766
289.853
289.658
289.662
289.727
289.812
289.611
289.624
289.689
289.773
289.57
289.588
289.652
289.734
289.808
289.535
289.555
289.616
289.694
289.766
289.505
289.525
289.581
289.655
289.724
289.48
289.498
289.549
289.616
289.681
289.458
289.474
289.518
289.579
289.639
289.439
289.453
289.491
289.544
289.599
289.424
289.435
289.467
289.512
289.561
289.412
289.421
289.446
289.484
289.527
289.402
289.409
289.43
289.462
289.498
289.395
289.401
289.418
289.444
289.474
289.389
289.395
289.409
289.43
289.455
289.385
289.39
289.403
289.421
289.442
289.382
289.387
289.4
289.415
289.433
289.38
289.386
289.398
289.413
289.428
289.378
289.384
289.398
289.413
289.426
289.376
289.384
289.399
289.415
289.428
289.375
289.383
289.4
289.419
289.433
289.373
289.382
289.402
289.425
289.441
289.371
289.381
289.404
289.431
289.451
289.369
289.38
289.404
289.436
289.462
289.366
289.377
289.403
289.44
289.473
289.364
289.373
289.4
289.44
289.479
289.361
289.369
289.394
289.436
289.48
289.361
289.366
289.387
289.427
289.478
289.37
289.367
289.382
289.418
289.476
290.215
290.221
290.237
290.288
290.2
290.192
290.217
290.272
290.177
290.156
290.191
290.26
290.148
290.116
290.163
290.249
290.112
290.075
290.134
290.234
290.067
290.033
290.105
290.216
290.017
289.993
290.074
290.192
289.966
289.952
290.04
290.163
289.917
289.911
290.002
290.128
289.87
289.871
289.962
290.087
289.823
289.829
289.92
290.042
289.777
289.788
289.878
289.996
289.73
289.747
289.838
289.953
289.684
289.708
289.799
289.914
289.639
289.67
289.762
289.875
289.6
289.634
289.725
289.837
289.566
289.6
289.687
289.796
289.534
289.567
289.65
289.754
289.849
289.506
289.536
289.613
289.711
289.802
289.481
289.508
289.577
289.667
289.754
289.459
289.482
289.542
289.623
289.704
289.44
289.46
289.511
289.582
289.655
289.425
289.44
289.483
289.543
289.609
289.412
289.425
289.459
289.509
289.566
289.402
289.412
289.439
289.481
289.529
289.394
289.403
289.425
289.458
289.498
289.388
289.396
289.414
289.441
289.473
289.384
289.391
289.406
289.428
289.455
289.381
289.387
289.402
289.421
289.442
289.379
289.385
289.4
289.417
289.435
289.377
289.384
289.399
289.416
289.432
289.375
289.383
289.4
289.418
289.433
289.374
289.383
289.402
289.423
289.438
289.372
289.382
289.404
289.429
289.447
289.37
289.381
289.406
289.436
289.459
289.368
289.38
289.407
289.443
289.474
289.365
289.377
289.406
289.449
289.49
289.362
289.373
289.403
289.451
289.502
289.359
289.368
289.397
289.448
289.509
289.357
289.363
289.388
289.439
289.509
289.359
289.361
289.38
289.426
289.501
290.215
290.222
290.242
290.299
290.198
290.189
290.222
290.286
290.174
290.151
290.196
290.277
290.143
290.109
290.169
290.269
290.099
290.067
290.142
290.258
290.046
290.025
290.115
290.243
289.99
289.985
290.087
290.224
289.938
289.946
290.056
290.199
289.889
289.908
290.023
290.17
289.843
289.869
289.987
290.136
289.798
289.831
289.95
290.098
289.755
289.792
289.912
290.058
289.711
289.755
289.875
290.021
289.671
289.719
289.84
289.986
289.633
289.683
289.804
289.95
289.598
289.648
289.768
289.912
289.566
289.614
289.729
289.871
289.535
289.581
289.69
289.826
289.508
289.549
289.65
289.778
289.898
289.483
289.519
289.61
289.728
289.842
289.461
289.492
289.571
289.678
289.784
289.442
289.468
289.535
289.628
289.726
289.426
289.447
289.502
289.582
289.669
289.413
289.429
289.474
289.54
289.616
289.402
289.415
289.451
289.505
289.568
289.394
289.405
289.433
289.476
289.528
289.388
289.397
289.419
289.453
289.496
289.383
289.391
289.41
289.437
289.471
289.38
289.388
289.404
289.427
289.453
289.378
289.385
289.401
289.421
289.442
289.376
289.384
289.4
289.419
289.437
289.374
289.383
289.401
289.421
289.437
289.372
289.382
289.403
289.425
289.441
289.371
289.382
289.405
289.431
289.45
289.369
289.381
289.407
289.438
289.463
289.367
289.379
289.408
289.446
289.48
289.364
289.377
289.408
289.453
289.496
289.361
289.373
289.406
289.456
289.509
289.358
289.368
289.399
289.453
289.516
289.354
289.362
289.389
289.445
289.516
289.355
289.358
289.378
289.431
289.509
290.214
290.222
290.248
290.31
290.196
290.186
290.229
290.301
290.171
290.147
290.204
290.297
290.135
290.104
290.178
290.293
290.083
290.061
290.154
290.286
290.022
290.019
290.129
290.276
289.963
289.98
290.104
290.261
289.911
289.944
290.077
290.243
289.864
289.908
290.049
290.22
289.821
289.872
290.018
290.193
289.779
289.837
289.985
290.163
289.739
289.802
289.952
290.131
289.702
289.767
289.919
290.1
289.666
289.733
289.887
290.069
289.631
289.699
289.853
290.036
289.598
289.665
289.816
289.999
289.567
289.63
289.777
289.957
289.537
289.596
289.735
289.909
289.51
289.563
289.691
289.856
289.485
289.532
289.647
289.799
289.949
289.463
289.502
289.603
289.741
289.881
289.443
289.476
289.562
289.683
289.811
289.427
289.454
289.524
289.627
289.742
289.413
289.435
289.491
289.577
289.676
289.403
289.419
289.464
289.533
289.617
289.394
289.407
289.442
289.497
289.565
289.388
289.399
289.426
289.469
289.523
289.383
289.392
289.415
289.448
289.49
289.379
289.388
289.407
289.434
289.467
289.377
289.385
289.403
289.426
289.451
289.375
289.384
289.401
289.422
289.443
289.373
289.383
289.401
289.422
289.44
289.371
289.382
289.403
289.425
289.443
289.37
289.381
289.404
289.431
289.451
289.368
289.38
289.406
289.438
289.463
289.366
289.379
289.408
289.445
289.477
289.363
289.377
289.407
289.449
289.49
289.36
289.373
289.404
289.45
289.5
289.356
289.368
289.397
289.445
289.503
289.353
289.36
289.387
289.435
289.496
289.352
289.355
289.375
289.421
289.482
290.212
290.22
290.255
290.323
290.194
290.184
290.237
290.319
290.167
290.144
290.213
290.32
290.124
290.1
290.19
290.322
290.061
290.056
290.168
290.32
289.995
290.016
290.147
290.315
289.936
289.979
290.126
290.306
289.888
289.945
290.103
290.293
289.844
289.911
290.079
290.277
289.804
289.879
290.053
290.258
289.767
289.846
290.026
290.237
289.731
289.814
289.997
290.212
289.696
289.782
289.968
290.188
289.662
289.749
289.938
290.162
289.63
289.716
289.905
290.132
289.598
289.682
289.869
290.095
289.567
289.647
289.828
290.052
289.538
289.612
289.784
290
289.511
289.578
289.737
289.942
289.486
289.544
289.688
289.879
289.464
289.513
289.639
289.812
289.994
289.444
289.485
289.592
289.744
289.911
289.428
289.461
289.549
289.679
289.828
289.414
289.44
289.511
289.619
289.748
289.403
289.423
289.479
289.566
289.674
289.394
289.41
289.453
289.521
289.609
289.387
289.4
289.434
289.486
289.556
289.382
289.393
289.42
289.46
289.513
289.379
289.388
289.41
289.442
289.482
289.376
289.385
289.405
289.43
289.46
289.374
289.383
289.402
289.424
289.448
289.372
289.382
289.401
289.423
289.443
289.37
289.381
289.402
289.425
289.444
289.368
289.38
289.403
289.429
289.449
289.367
289.38
289.405
289.434
289.458
289.365
289.378
289.405
289.439
289.469
289.362
289.376
289.404
289.441
289.478
289.359
289.372
289.4
289.439
289.483
289.355
289.366
289.392
289.433
289.48
289.351
289.358
289.381
289.42
289.468
289.35
289.352
289.369
289.405
289.45
290.209
290.217
290.264
290.336
290.192
290.182
290.247
290.341
290.162
290.141
290.226
290.348
290.108
290.097
290.206
290.356
290.035
290.054
290.188
290.361
289.968
290.015
290.17
290.361
289.913
289.981
290.152
290.358
289.869
289.949
290.133
290.351
289.83
289.918
290.113
290.342
289.794
289.888
290.092
290.331
289.759
289.858
290.069
290.317
289.725
289.828
290.045
290.301
289.692
289.797
290.019
290.283
289.66
289.766
289.991
290.261
289.628
289.733
289.96
290.233
289.597
289.699
289.923
290.197
289.567
289.664
289.881
290.152
289.539
289.628
289.834
290.097
289.512
289.592
289.783
290.034
289.487
289.557
289.73
289.963
289.465
289.524
289.675
289.887
289.445
289.494
289.623
289.81
290.024
289.428
289.468
289.574
289.735
289.926
289.414
289.446
289.531
289.664
289.829
289.403
289.428
289.494
289.601
289.74
289.394
289.413
289.465
289.548
289.66
289.387
289.403
289.442
289.505
289.593
289.382
289.395
289.425
289.473
289.539
289.378
289.389
289.414
289.45
289.499
289.375
289.385
289.406
289.435
289.471
289.373
289.383
289.403
289.426
289.453
289.371
289.381
289.401
289.423
289.445
289.369
289.38
289.401
289.423
289.443
289.367
289.379
289.401
289.426
289.446
289.366
289.378
289.402
289.429
289.452
289.364
289.377
289.402
289.431
289.458
289.361
289.374
289.399
289.431
289.464
289.358
289.37
289.394
289.428
289.464
289.354
289.364
289.386
289.419
289.457
289.349
289.356
289.374
289.405
289.442
289.348
289.35
289.363
289.39
289.423
290.206
290.213
290.275
290.352
290.189
290.181
290.259
290.367
290.153
290.141
290.242
290.384
290.086
290.096
290.227
290.401
290.007
290.054
290.212
290.412
289.944
290.019
290.198
290.418
289.898
289.987
290.184
290.42
289.857
289.957
290.168
290.418
289.82
289.927
290.151
290.415
289.785
289.899
290.133
290.41
289.752
289.87
290.114
290.403
289.719
289.842
290.093
290.392
289.688
289.813
290.07
290.379
289.656
289.782
290.044
290.36
289.626
289.75
290.012
290.334
289.596
289.716
289.975
290.298
289.566
289.68
289.932
290.251
289.538
289.643
289.883
290.193
289.512
289.606
289.828
290.124
289.487
289.569
289.77
290.046
289.465
289.535
289.711
289.962
289.445
289.503
289.653
289.876
289.428
289.475
289.599
289.791
290.03
289.414
289.452
289.551
289.71
289.917
289.403
289.432
289.51
289.638
289.811
289.394
289.417
289.477
289.576
289.716
289.387
289.405
289.45
289.525
289.634
289.381
289.396
289.431
289.486
289.568
289.377
289.39
289.417
289.458
289.517
289.374
289.386
289.408
289.44
289.482
289.372
289.383
289.403
289.428
289.459
289.37
289.381
289.4
289.423
289.446
289.368
289.379
289.399
289.421
289.441
289.366
289.378
289.399
289.422
289.441
289.365
289.377
289.399
289.423
289.444
289.362
289.376
289.397
289.423
289.447
289.36
289.373
289.394
289.421
289.449
289.357
289.368
289.388
289.416
289.446
289.353
289.362
289.379
289.406
289.437
289.348
289.354
289.368
289.392
289.42
289.346
289.347
289.357
289.377
289.401
290.202
290.207
290.288
290.371
290.186
290.182
290.275
290.399
290.14
290.141
290.264
290.428
290.058
290.097
290.253
290.455
289.982
290.059
290.244
290.475
289.93
290.026
290.233
290.487
289.887
289.996
290.22
290.492
289.848
289.967
290.206
290.494
289.812
289.938
290.191
290.493
289.778
289.911
290.175
290.491
289.745
289.883
290.158
290.488
289.714
289.856
290.139
290.482
289.683
289.827
290.118
290.471
289.653
289.797
290.092
290.453
289.623
289.765
290.06
290.427
289.593
289.731
290.022
290.39
289.565
289.695
289.977
290.341
289.537
289.657
289.925
290.279
289.511
289.618
289.867
290.205
289.486
289.58
289.805
290.121
289.464
289.544
289.742
290.03
289.445
289.511
289.68
289.936
289.428
289.482
289.622
289.842
289.414
289.457
289.57
289.753
290.004
289.403
289.436
289.525
289.672
289.882
289.394
289.42
289.488
289.602
289.771
289.386
289.407
289.458
289.545
289.675
289.381
289.398
289.436
289.5
289.597
289.377
289.391
289.421
289.467
289.536
289.373
289.386
289.41
289.444
289.493
289.371
289.383
289.403
289.43
289.464
289.369
289.38
289.4
289.422
289.447
289.367
289.379
289.397
289.418
289.438
289.365
289.377
289.396
289.417
289.436
289.363
289.376
289.395
289.416
289.436
289.361
289.374
289.393
289.415
289.436
289.359
289.37
289.389
289.412
289.435
289.356
289.366
289.382
289.405
289.43
289.352
289.359
289.373
289.394
289.418
289.347
289.352
289.362
289.38
289.401
289.345
289.345
289.352
289.366
289.383
290.199
290.205
290.302
290.397
290.182
290.183
290.295
290.44
290.122
290.144
290.291
290.486
290.029
290.103
290.288
290.526
289.968
290.069
290.284
290.556
289.921
290.038
290.276
290.572
289.879
290.008
290.265
290.579
289.841
289.979
290.25
290.58
289.805
289.951
290.234
290.578
289.771
289.923
290.218
290.575
289.739
289.896
290.2
290.57
289.708
289.868
290.181
290.563
289.678
289.84
290.158
290.55
289.648
289.81
290.131
290.531
289.619
289.778
290.098
290.502
289.59
289.744
290.058
290.464
289.562
289.707
290.012
290.413
289.535
289.668
289.959
290.347
289.509
289.628
289.899
290.269
289.485
289.589
289.833
290.179
289.463
289.552
289.767
290.083
289.444
289.518
289.701
289.982
289.428
289.487
289.639
289.883
289.414
289.462
289.584
289.788
289.402
289.44
289.536
289.7
289.943
289.393
289.423
289.497
289.623
289.82
289.386
289.41
289.465
289.561
289.711
289.38
289.399
289.441
289.511
289.622
289.376
289.392
289.424
289.474
289.552
289.372
289.386
289.412
289.448
289.502
289.37
289.382
289.404
289.431
289.468
289.368
289.38
289.399
289.421
289.447
289.366
289.378
289.396
289.415
289.435
289.364
289.376
289.394
289.412
289.43
289.362
289.374
289.391
289.41
289.427
289.36
289.372
289.388
289.408
289.426
289.358
289.368
289.384
289.403
289.422
289.355
289.363
289.377
289.395
289.415
289.35
289.357
289.368
289.384
289.403
289.345
289.349
289.357
289.37
289.386
289.343
289.344
289.348
289.357
289.369
290.197
290.206
290.316
290.423
290.176
290.186
290.317
290.484
290.093
290.147
290.322
290.547
290.012
290.111
290.327
290.602
289.958
290.081
290.328
290.641
289.913
290.051
290.322
290.661
289.872
290.022
290.31
290.668
289.834
289.992
290.294
290.665
289.798
289.963
290.276
290.658
289.764
289.935
290.256
290.649
289.732
289.907
290.235
290.638
289.701
289.879
290.213
290.625
289.672
289.85
290.187
290.607
289.642
289.819
290.158
290.583
289.614
289.788
290.123
290.55
289.586
289.754
290.08
290.504
289.558
289.716
290.028
290.444
289.531
289.676
289.97
290.372
289.506
289.636
289.906
290.287
289.482
289.596
289.839
290.193
289.461
289.558
289.772
290.094
289.442
289.523
289.707
289.993
289.426
289.492
289.647
289.894
289.413
289.465
289.592
289.8
289.402
289.443
289.544
289.713
289.393
289.426
289.504
289.637
289.845
289.385
289.412
289.471
289.571
289.733
289.38
289.401
289.445
289.519
289.638
289.375
289.393
289.426
289.479
289.563
289.372
289.387
289.413
289.451
289.507
289.369
289.382
289.404
289.432
289.469
289.367
289.379
289.398
289.42
289.445
289.365
289.377
289.394
289.412
289.431
289.363
289.375
289.391
289.408
289.423
289.361
289.373
289.388
289.404
289.419
289.359
289.37
289.384
289.4
289.416
289.357
289.366
289.379
289.395
289.411
289.353
289.361
289.372
289.387
289.402
289.349
289.355
289.363
289.375
289.39
289.344
289.348
289.353
289.362
289.373
289.342
289.342
289.345
289.351
289.358
290.195
290.207
290.328
290.45
290.167
290.188
290.337
290.526
290.069
290.152
290.351
290.606
290.001
290.121
290.364
290.676
289.95
290.093
290.37
290.724
289.906
290.064
290.367
290.747
289.865
290.035
290.354
290.751
289.827
290.005
290.335
290.742
289.791
289.975
290.312
290.727
289.757
289.945
290.287
290.708
289.725
289.915
290.26
290.686
289.694
289.886
290.233
290.662
289.664
289.856
290.201
290.634
289.636
289.824
290.163
290.597
289.608
289.788
290.119
290.55
289.58
289.75
290.068
290.492
289.553
289.71
290.01
290.422
289.526
289.669
289.948
290.34
289.502
289.628
289.883
290.25
289.479
289.589
289.817
290.154
289.458
289.553
289.753
290.056
289.44
289.521
289.692
289.96
289.425
289.492
289.636
289.869
289.412
289.467
289.586
289.783
289.401
289.445
289.542
289.703
289.392
289.428
289.504
289.632
289.385
289.413
289.473
289.571
289.727
289.379
289.402
289.448
289.52
289.636
289.374
289.393
289.428
289.48
289.562
289.371
289.387
289.414
289.451
289.506
289.368
289.382
289.404
289.431
289.468
289.366
289.379
289.397
289.417
289.442
289.364
289.376
289.392
289.409
289.426
289.362
289.373
289.388
289.403
289.417
289.36
289.371
289.384
289.398
289.411
289.358
289.368
289.38
289.394
289.406
289.355
289.364
289.375
289.388
289.4
289.352
289.359
289.368
289.379
289.391
289.348
289.353
289.359
289.368
289.379
289.343
289.346
289.35
289.356
289.363
289.341
289.341
289.342
289.346
289.35
290.191
290.207
290.336
290.47
290.151
290.19
290.352
290.559
290.055
290.156
290.374
290.653
289.993
290.128
290.394
290.737
289.943
290.102
290.405
290.794
289.899
290.075
290.404
290.821
289.859
290.046
290.391
290.822
289.821
290.015
290.368
290.804
289.784
289.984
290.341
290.777
289.75
289.953
290.308
290.744
289.717
289.919
290.271
290.707
289.686
289.884
290.23
290.665
289.656
289.848
290.184
290.616
289.626
289.809
290.134
290.56
289.597
289.769
290.079
290.495
289.569
289.728
290.02
290.42
289.542
289.687
289.957
290.336
289.516
289.646
289.893
290.246
289.493
289.607
289.829
290.152
289.472
289.572
289.767
290.059
289.453
289.539
289.71
289.969
289.436
289.51
289.658
289.884
289.422
289.484
289.61
289.807
289.41
289.462
289.568
289.735
289.4
289.443
289.53
289.67
289.391
289.427
289.497
289.61
289.384
289.413
289.469
289.557
289.378
289.402
289.445
289.512
289.613
289.374
289.393
289.427
289.476
289.548
289.37
289.387
289.413
289.448
289.498
289.367
289.381
289.402
289.428
289.461
289.365
289.377
289.394
289.414
289.436
289.363
289.374
289.389
289.404
289.42
289.361
289.372
289.384
289.398
289.41
289.359
289.369
289.381
289.392
289.403
289.357
289.366
289.376
289.387
289.397
289.354
289.362
289.371
289.381
289.391
289.351
289.357
289.364
289.373
289.382
289.347
289.35
289.356
289.362
289.37
289.342
289.344
289.347
289.351
289.356
289.34
289.34
289.34
289.342
289.345
290.186
290.206
290.337
290.478
290.138
290.189
290.358
290.573
290.046
290.157
290.384
290.677
289.987
290.131
290.41
290.774
289.937
290.106
290.427
290.842
289.893
290.08
290.43
290.876
289.852
290.052
290.419
290.875
289.813
290.021
290.391
290.848
289.776
289.985
290.352
290.805
289.741
289.947
290.305
290.752
289.706
289.906
290.253
290.691
289.672
289.863
290.196
290.623
289.64
289.82
290.135
290.549
289.608
289.776
290.071
290.467
289.579
289.732
290.005
290.38
289.551
289.689
289.939
290.287
289.525
289.648
289.873
290.192
289.501
289.61
289.81
290.097
289.48
289.575
289.751
290.006
289.461
289.544
289.698
289.922
289.444
289.516
289.65
289.846
289.43
289.492
289.608
289.78
289.418
289.471
289.571
289.72
289.407
289.453
289.538
289.666
289.397
289.436
289.508
289.617
289.389
289.422
289.482
289.572
289.383
289.41
289.458
289.531
289.377
289.4
289.438
289.494
289.372
289.391
289.422
289.464
289.523
289.369
289.384
289.408
289.44
289.481
289.365
289.379
289.398
289.421
289.45
289.363
289.375
289.391
289.408
289.427
289.361
289.372
289.385
289.398
289.411
289.359
289.369
289.38
289.391
289.401
289.357
289.366
289.376
289.386
289.394
289.355
289.363
289.372
289.381
289.388
289.352
289.359
289.367
289.375
289.382
289.349
289.354
289.36
289.367
289.374
289.345
289.348
289.352
289.357
289.363
289.341
289.342
289.344
289.347
289.35
289.339
289.338
289.338
289.339
289.34
290.182
290.204
290.326
290.463
290.135
290.185
290.347
290.557
290.046
290.154
290.374
290.665
289.985
290.128
290.403
290.771
289.934
290.102
290.425
290.855
289.886
290.075
290.435
290.901
289.843
290.045
290.42
290.897
289.802
290.009
290.384
290.858
289.762
289.967
290.334
290.797
289.723
289.921
290.273
290.721
289.685
289.872
290.204
290.634
289.649
289.823
290.131
290.537
289.615
289.773
290.055
290.434
289.583
289.725
289.979
290.327
289.553
289.679
289.904
290.218
289.526
289.637
289.834
290.111
289.503
289.599
289.769
290.01
289.482
289.565
289.712
289.919
289.463
289.536
289.662
289.839
289.447
289.511
289.62
289.771
289.433
289.489
289.584
289.715
289.421
289.47
289.553
289.667
289.411
289.453
289.526
289.626
289.401
289.438
289.501
289.589
289.393
289.425
289.479
289.555
289.386
289.413
289.459
289.523
289.38
289.403
289.441
289.494
289.374
289.394
289.425
289.468
289.37
289.386
289.411
289.445
289.366
289.38
289.4
289.426
289.456
289.363
289.375
289.391
289.41
289.432
289.361
289.371
289.384
289.399
289.413
289.359
289.368
289.379
289.39
289.4
289.357
289.365
289.374
289.383
289.391
289.355
289.362
289.371
289.378
289.384
289.353
289.359
289.367
289.374
289.379
289.35
289.356
289.362
289.368
289.373
289.347
289.351
289.356
289.361
289.366
289.343
289.346
289.349
289.352
289.356
289.34
289.34
289.341
289.343
289.345
289.339
289.337
289.336
289.336
289.337
290.181
290.204
290.304
290.421
290.148
290.184
290.315
290.491
290.067
290.151
290.339
290.597
290
290.121
290.366
290.709
289.939
290.088
290.387
290.809
289.883
290.054
290.399
290.869
289.831
290.016
290.382
290.872
289.783
289.972
290.339
290.827
289.737
289.923
290.279
290.752
289.695
289.871
290.207
290.655
289.654
289.817
290.126
290.542
289.617
289.764
290.041
290.419
289.582
289.711
289.954
290.29
289.551
289.662
289.87
290.161
289.523
289.618
289.792
290.038
289.499
289.579
289.724
289.926
289.478
289.546
289.666
289.83
289.46
289.518
289.618
289.751
289.445
289.495
289.579
289.688
289.432
289.476
289.547
289.638
289.421
289.459
289.521
289.599
289.411
289.445
289.499
289.567
289.402
289.432
289.479
289.539
289.394
289.42
289.462
289.514
289.387
289.41
289.446
289.492
289.381
289.401
289.431
289.471
289.375
289.392
289.418
289.451
289.37
289.385
289.406
289.434
289.366
289.378
289.396
289.418
289.363
289.373
289.387
289.404
289.36
289.368
289.38
289.393
289.357
289.365
289.374
289.384
289.394
289.355
289.362
289.37
289.377
289.384
289.354
289.359
289.366
289.372
289.377
289.352
289.357
289.363
289.368
289.372
289.35
289.355
289.36
289.365
289.368
289.348
289.352
289.356
289.36
289.363
289.345
289.347
289.351
289.354
289.357
289.341
289.343
289.344
289.346
289.348
289.339
289.338
289.338
289.339
289.34
289.338
289.336
289.335
289.334
289.334
290.183
290.207
290.282
290.369
290.162
290.192
290.276
290.392
290.12
290.163
290.282
290.459
290.081
290.128
290.301
290.565
289.994
290.078
290.311
290.664
289.907
290.026
290.312
290.751
289.833
289.969
290.294
290.781
289.766
289.91
290.245
290.742
289.708
289.853
290.179
290.662
289.659
289.797
290.102
290.555
289.616
289.742
290.018
290.428
289.578
289.689
289.93
290.289
289.544
289.64
289.843
290.146
289.515
289.595
289.761
290.007
289.491
289.556
289.689
289.882
289.47
289.524
289.628
289.775
289.453
289.497
289.579
289.69
289.439
289.476
289.542
289.626
289.427
289.458
289.512
289.578
289.416
289.444
289.489
289.542
289.407
289.431
289.47
289.514
289.399
289.42
289.453
289.491
289.392
289.41
289.439
289.471
289.385
289.401
289.426
289.453
289.379
289.393
289.414
289.437
289.374
289.386
289.403
289.423
289.369
289.379
289.393
289.41
289.365
289.373
289.385
289.398
289.361
289.368
289.377
289.387
289.358
289.363
289.37
289.378
289.355
289.359
289.365
289.371
289.353
289.356
289.36
289.365
289.351
289.354
289.357
289.36
289.363
289.349
289.352
289.354
289.357
289.358
289.348
289.35
289.352
289.354
289.355
289.346
289.348
289.35
289.352
289.353
289.345
289.346
289.347
289.349
289.35
289.342
289.343
289.343
289.344
289.345
289.339
289.339
289.339
289.339
289.34
289.338
289.336
289.335
289.335
289.335
289.337
289.335
289.334
289.332
289.331
290.188
290.213
290.27
290.338
290.173
290.198
290.256
290.332
290.15
290.179
290.245
290.338
290.122
290.155
290.235
290.352
290.076
290.123
290.228
290.391
290.014
290.073
290.221
290.467
289.93
289.975
290.173
290.574
289.831
289.866
290.09
290.555
289.734
289.781
290.007
290.494
289.666
289.713
289.929
290.402
289.613
289.657
289.856
290.287
289.571
289.608
289.787
290.156
289.535
289.566
289.72
290.021
289.506
289.531
289.657
289.893
289.482
289.501
289.602
289.779
289.462
289.477
289.557
289.685
289.446
289.458
289.52
289.613
289.432
289.443
289.492
289.559
289.42
289.43
289.47
289.521
289.41
289.419
289.452
289.491
289.402
289.41
289.437
289.469
289.394
289.401
289.424
289.45
289.387
289.393
289.413
289.434
289.381
289.386
289.402
289.419
289.375
289.38
289.392
289.406
289.37
289.374
289.384
289.394
289.365
289.368
289.375
289.383
289.361
289.363
289.368
289.373
289.357
289.358
289.362
289.365
289.354
289.354
289.356
289.358
289.351
289.351
289.351
289.352
289.349
289.348
289.347
289.347
289.347
289.346
289.344
289.343
289.345
289.344
289.342
289.341
289.338
289.344
289.342
289.341
289.339
289.337
289.343
289.341
289.34
289.338
289.336
289.341
289.34
289.338
289.337
289.335
289.339
289.338
289.337
289.335
289.333
289.338
289.336
289.335
289.333
289.332
289.337
289.335
289.333
289.331
289.33
289.337
289.335
289.333
289.331
289.33
)
;

boundaryField
{
    floor
    {
        type            zeroGradient;
    }
    ceiling
    {
        type            zeroGradient;
    }
    fixedWalls
    {
        type            zeroGradient;
    }
    rack2796428BA49E0232CAC645AEBC8DA5C1_fixedWall
    {
        type            zeroGradient;
    }
    rack2796428BA49E0232CAC645AEBC8DA5C1_inlet
    {
        type            zeroGradient;
    }
    rack2796428BA49E0232CAC645AEBC8DA5C1_outlet
    {
        type            groovyBC;
        refValue        nonuniform 0();
        refGradient     nonuniform 0();
        valueFraction   nonuniform 0();
        value           nonuniform 0();
        valueExpression "Trackinlet+2.00/(1.015*1.18*0.17)";
        gradientExpression "0";
        fractionExpression "1";
        evaluateDuringConstruction 0;
        variables       "Trackinlet{rack2796428BA49E0232CAC645AEBC8DA5C1_inlet}=sum(T*mag(Sf()))/sum(mag(Sf()));";
        timelines       (
);
        lookuptables    (
);
    }
    acu380F56D59CF2B3DF6EFF9D0E6E8D39CB_inlet
    {
        type            zeroGradient;
    }
    acu380F56D59CF2B3DF6EFF9D0E6E8D39CB_outlet
    {
        type            fixedValue;
        value           nonuniform 0();
    }
    acu380F56D59CF2B3DF6EFF9D0E6E8D39CB_fixedWall
    {
        type            zeroGradient;
    }
    baffleFaces_master
    {
        type            zeroGradient;
    }
    baffleFaces_slave
    {
        type            zeroGradient;
    }
    procBoundary0to1
    {
        type            processor;
        value           nonuniform List<scalar> 
1536
(
289.15
289.15
289.15
289.15
289.15
289.15
289.15
289.15
289.15
289.15
289.15
289.15
289.15
289.15
289.15
289.15
289.15
289.15
289.15
289.15
289.15
289.15
289.15
289.15
289.15
289.15
289.15
289.15
289.15
289.15
289.15
289.15
289.15
289.15
289.15
289.15
289.15
289.15
289.15
289.15
289.15
289.15
289.15
289.15
289.15
289.15
289.15
289.15
289.15
289.15
289.15
289.15
289.15
289.15
289.15
289.15
289.15
289.15
289.15
289.15
289.15
289.15
289.15
289.15
289.15
289.15
289.15
289.15
289.15
289.15
289.15
289.15
289.15
289.15
289.15
289.15
289.15
289.15
289.15
289.15
289.15
289.15
289.15
289.15
289.15
289.15
289.15
289.15
289.15
289.15
289.15
289.15
289.15
289.15
289.15
289.15
289.15
289.15
289.15
289.15
289.15
289.15
289.15
289.15
289.15
289.15
289.15
289.15
289.15
289.15
289.15
289.15
289.15
289.15
289.15
289.15
289.15
289.15
289.15
289.15
289.15
289.15
289.15
289.15
289.15
289.15
289.15
289.15
289.15
289.15
289.15
289.15
289.15
289.15
289.15
289.15
289.15
289.15
289.15
289.15
289.15
289.15
289.15
289.15
289.15
289.15
289.15
289.15
289.15
289.15
289.15
289.15
289.15
289.15
289.15
289.15
289.15
289.15
289.15
289.15
289.15
289.15
289.15
289.15
289.15
289.15
289.15
289.15
289.15
289.15
289.15
289.15
289.15
289.15
289.15
289.15
289.15
289.15
289.15
289.15
289.15
289.15
289.15
289.15
289.15
289.15
289.15
289.15
289.15
289.15
289.15
289.15
289.15
289.15
289.15
289.15
289.15
289.15
289.15
289.15
289.15
289.15
289.15
289.15
289.15
289.15
289.15
289.15
289.15
289.15
289.15
289.15
289.15
289.15
289.15
289.15
289.15
289.15
289.15
289.15
289.15
289.15
289.15
289.15
289.15
289.15
289.15
289.15
289.15
289.15
289.15
289.15
289.15
289.15
289.15
289.15
289.15
289.15
289.15
289.15
289.15
289.15
289.15
289.15
289.15
289.15
290.199
290.197
290.194
290.194
290.193
290.191
290.188
290.183
290.178
290.173
290.166
290.159
290.149
290.135
290.117
290.097
290.075
290.054
290.033
290.014
289.994
289.974
289.955
289.935
289.915
289.895
289.875
289.855
289.836
289.817
289.798
289.779
289.762
289.745
289.732
289.722
289.716
289.715
289.719
289.729
289.744
289.765
289.782
290.202
290.2
290.196
290.191
290.191
290.19
290.183
290.184
290.177
290.169
290.16
290.148
290.132
290.111
290.083
290.053
290.022
289.993
289.966
289.942
289.92
289.899
289.879
289.859
289.84
289.821
289.802
289.784
289.765
289.747
289.729
289.713
289.698
289.686
289.676
289.669
289.666
289.668
289.677
289.693
289.715
289.74
289.765
290.209
290.204
290.198
290.192
290.183
290.183
290.186
290.172
290.177
290.167
290.154
290.136
290.112
290.08
290.04
289.998
289.958
289.922
289.891
289.864
289.841
289.819
289.8
289.782
289.765
289.747
289.729
289.712
289.694
289.678
289.663
289.65
289.639
289.63
289.623
289.617
289.614
289.616
289.629
289.654
289.686
289.72
289.753
290.215
290.208
290.201
290.193
290.184
290.172
290.172
290.179
290.155
290.166
290.147
290.122
290.088
290.044
289.992
289.94
289.892
289.851
289.817
289.788
289.764
289.743
289.725
289.708
289.692
289.675
289.658
289.641
289.627
289.614
289.603
289.594
289.586
289.578
289.57
289.563
289.557
289.558
289.573
289.608
289.653
289.701
289.745
290.221
290.213
290.205
290.196
290.185
290.172
290.155
290.155
290.165
290.129
290.141
290.108
290.063
290.008
289.945
289.884
289.83
289.785
289.748
289.718
289.693
289.672
289.654
289.638
289.622
289.606
289.591
289.577
289.566
289.557
289.55
289.543
289.536
289.528
289.518
289.508
289.5
289.501
289.517
289.558
289.62
289.684
289.739
290.228
290.219
290.209
290.2
290.188
290.174
290.154
290.129
290.129
290.137
290.09
290.095
290.04
289.975
289.903
289.834
289.775
289.728
289.69
289.659
289.634
289.614
289.596
289.58
289.564
289.549
289.536
289.526
289.518
289.511
289.505
289.499
289.491
289.482
289.472
289.462
289.456
289.458
289.476
289.521
289.595
289.673
289.736
290.235
290.225
290.215
290.205
290.192
290.176
290.155
290.127
290.09
290.09
290.086
290.033
290.022
289.948
289.868
289.795
289.734
289.687
289.649
289.619
289.593
289.572
289.553
289.537
289.522
289.508
289.497
289.488
289.48
289.474
289.468
289.462
289.454
289.447
289.439
289.433
289.431
289.437
289.456
289.501
289.584
289.669
289.736
290.244
290.233
290.222
290.212
290.199
290.181
290.158
290.127
290.086
290.033
290.033
290.012
289.964
289.93
289.845
289.769
289.711
289.665
289.628
289.597
289.57
289.548
289.528
289.51
289.495
289.481
289.47
289.461
289.454
289.448
289.442
289.436
289.431
289.426
289.422
289.421
289.423
289.431
289.452
289.494
289.574
289.672
289.739
290.253
290.242
290.232
290.222
290.208
290.189
290.164
290.13
290.086
290.031
289.964
289.964
289.922
289.889
289.834
289.765
289.709
289.663
289.625
289.593
289.565
289.541
289.519
289.5
289.483
289.468
289.456
289.446
289.438
289.432
289.427
289.423
289.419
289.417
289.417
289.418
289.423
289.434
289.456
289.498
289.569
289.671
289.739
290.263
290.252
290.243
290.233
290.22
290.2
290.173
290.138
290.092
290.034
289.966
289.889
289.889
289.845
289.837
289.778
289.724
289.678
289.64
289.606
289.576
289.549
289.525
289.503
289.483
289.467
289.453
289.442
289.433
289.426
289.421
289.418
289.417
289.416
289.418
289.421
289.428
289.44
289.461
289.498
289.561
289.655
289.734
290.275
290.264
290.256
290.248
290.235
290.215
290.188
290.152
290.105
290.047
289.98
289.904
289.837
289.837
289.808
289.816
289.755
289.71
289.671
289.635
289.602
289.572
289.545
289.519
289.496
289.476
289.46
289.446
289.436
289.428
289.423
289.42
289.419
289.42
289.422
289.427
289.434
289.446
289.464
289.495
289.546
289.627
289.717
290.287
290.278
290.272
290.265
290.253
290.235
290.208
290.172
290.126
290.07
290.005
289.934
289.87
289.816
289.816
289.803
289.822
289.758
289.717
289.68
289.644
289.61
289.578
289.548
289.52
289.496
289.475
289.458
289.445
289.435
289.429
289.425
289.424
289.425
289.428
289.433
289.442
289.453
289.47
289.494
289.531
289.593
289.674
290.3
290.294
290.29
290.286
290.276
290.259
290.234
290.2
290.156
290.104
290.043
289.976
289.918
289.867
289.822
289.822
289.822
289.849
289.78
289.74
289.701
289.662
289.625
289.589
289.555
289.525
289.499
289.477
289.46
289.447
289.438
289.432
289.43
289.43
289.434
289.44
289.45
289.464
289.479
289.497
289.52
289.556
289.608
290.314
290.311
290.311
290.31
290.302
290.288
290.265
290.234
290.195
290.147
290.092
290.032
289.98
289.933
289.89
289.849
289.849
289.86
289.894
289.817
289.774
289.731
289.687
289.643
289.602
289.564
289.531
289.503
289.48
289.462
289.449
289.441
289.436
289.436
289.439
289.447
289.458
289.475
289.493
289.511
289.527
289.545
289.569
290.33
290.33
290.334
290.337
290.333
290.322
290.303
290.277
290.243
290.201
290.154
290.101
290.056
290.014
289.975
289.935
289.894
289.894
289.914
289.95
289.867
289.817
289.766
289.714
289.663
289.616
289.573
289.536
289.505
289.481
289.463
289.451
289.444
289.442
289.444
289.452
289.465
289.484
289.507
289.53
289.549
289.566
289.58
290.346
290.351
290.36
290.368
290.369
290.362
290.348
290.327
290.299
290.266
290.227
290.184
290.147
290.112
290.077
290.039
289.996
289.95
289.95
289.981
290.012
289.925
289.865
289.803
289.741
289.682
289.627
289.579
289.538
289.505
289.48
289.463
289.452
289.447
289.448
289.455
289.469
289.488
289.512
289.538
289.559
289.574
289.58
290.363
290.375
290.391
290.405
290.41
290.408
290.4
290.386
290.366
290.342
290.314
290.282
290.254
290.226
290.195
290.16
290.118
290.068
290.012
290.012
290.057
290.072
289.988
289.915
289.839
289.765
289.696
289.634
289.58
289.536
289.502
289.477
289.461
289.453
289.451
289.457
289.468
289.486
289.508
289.529
289.545
289.55
289.537
290.381
290.403
290.426
290.447
290.459
290.464
290.462
290.455
290.444
290.43
290.414
290.394
290.377
290.357
290.331
290.298
290.256
290.204
290.143
290.072
290.072
290.139
290.12
290.052
289.961
289.87
289.782
289.702
289.632
289.574
289.528
289.494
289.471
289.458
289.453
289.456
289.465
289.479
289.496
289.511
289.517
289.51
289.491
290.401
290.435
290.469
290.5
290.52
290.531
290.536
290.537
290.536
290.533
290.529
290.522
290.514
290.502
290.482
290.452
290.41
290.355
290.288
290.209
290.12
290.12
290.216
290.144
290.108
289.996
289.887
289.786
289.696
289.62
289.559
289.513
289.482
289.463
289.455
289.454
289.46
289.47
289.481
289.489
289.489
289.476
289.454
290.424
290.474
290.524
290.567
290.598
290.619
290.631
290.639
290.646
290.653
290.659
290.663
290.663
290.657
290.64
290.612
290.57
290.513
290.441
290.354
290.254
290.144
290.144
290.275
290.132
290.142
290.01
289.884
289.771
289.674
289.595
289.536
289.494
289.468
289.455
289.451
289.453
289.459
289.466
289.469
289.464
289.448
289.425
290.449
290.521
290.593
290.655
290.7
290.73
290.75
290.763
290.775
290.787
290.8
290.81
290.814
290.81
290.796
290.767
290.724
290.664
290.587
290.493
290.383
290.261
290.132
290.132
290.297
290.075
290.14
289.989
289.852
289.732
289.634
289.559
289.507
289.473
289.454
289.446
289.445
289.448
289.45
289.449
289.44
289.423
289.4
290.486
290.585
290.684
290.77
290.832
290.871
290.894
290.908
290.919
290.93
290.941
290.949
290.952
290.945
290.928
290.897
290.85
290.784
290.7
290.597
290.478
290.348
290.212
290.075
290.075
290.255
289.969
290.086
289.928
289.786
289.669
289.58
289.517
289.476
289.452
289.441
289.437
289.436
289.436
289.432
289.421
289.402
289.38
290.527
290.653
290.781
290.892
290.969
291.014
291.036
291.046
291.052
291.056
291.059
291.06
291.055
291.04
291.016
290.978
290.922
290.846
290.752
290.64
290.514
290.379
290.24
290.102
289.969
289.969
290.137
289.832
289.969
289.818
289.69
289.592
289.521
289.476
289.449
289.434
289.428
289.425
289.422
289.416
289.404
289.385
289.366
290.568
290.719
290.874
291.007
291.098
291.146
291.165
291.166
291.16
291.152
291.141
291.125
291.108
291.082
291.043
290.989
290.916
290.825
290.716
290.594
290.463
290.329
290.197
290.07
289.947
289.832
289.832
289.955
289.692
289.809
289.685
289.587
289.517
289.471
289.443
289.427
289.419
289.414
289.41
289.402
289.389
289.372
289.355
290.602
290.772
290.949
291.102
291.206
291.257
291.268
291.257
291.233
291.207
291.179
291.145
291.105
291.054
290.989
290.909
290.812
290.7
290.576
290.447
290.319
290.196
290.082
289.976
289.875
289.78
289.692
289.692
289.759
289.574
289.652
289.567
289.504
289.461
289.434
289.418
289.409
289.404
289.398
289.39
289.378
289.361
289.347
290.619
290.799
290.991
291.164
291.282
291.336
291.341
291.316
291.276
291.226
291.169
291.104
291.029
290.943
290.843
290.73
290.606
290.475
290.344
290.22
290.108
290.009
289.922
289.843
289.769
289.699
289.634
289.574
289.574
289.6
289.487
289.534
289.483
289.447
289.423
289.408
289.399
289.393
289.387
289.379
289.368
289.354
289.342
290.602
290.781
290.98
291.171
291.311
291.374
291.377
291.339
291.277
291.198
291.106
291.001
290.884
290.755
290.616
290.472
290.329
290.193
290.071
289.968
289.883
289.813
289.754
289.702
289.654
289.608
289.564
289.523
289.487
289.487
289.493
289.424
289.456
289.407
289.427
289.408
289.395
289.387
289.381
289.376
289.37
289.359
289.347
289.337
290.54
290.683
290.884
291.09
291.26
291.35
291.367
291.321
291.237
291.128
290.999
290.852
290.692
290.522
290.352
290.19
290.044
289.921
289.824
289.749
289.691
289.647
289.61
289.577
289.547
289.519
289.492
289.467
289.444
289.424
289.407
289.407
289.403
289.369
289.388
289.379
289.372
289.368
289.365
289.359
289.35
289.341
289.334
290.459
290.519
290.668
290.878
291.071
291.22
291.294
291.262
291.166
291.034
290.876
290.697
290.505
290.309
290.124
289.96
289.826
289.725
289.652
289.599
289.56
289.53
289.504
289.482
289.463
289.444
289.428
289.412
289.399
289.387
289.377
289.369
289.369
289.364
289.341
289.358
289.354
289.352
289.35
289.345
289.34
289.334
289.33
290.41
290.415
290.449
290.501
290.599
290.774
291.076
291.146
291.061
290.928
290.765
290.581
290.384
290.187
290.004
289.848
289.726
289.637
289.575
289.532
289.499
289.474
289.453
289.435
289.418
289.403
289.39
289.378
289.368
289.359
289.351
289.346
289.341
289.341
289.336
289.334
289.333
289.333
289.331
289.33
289.328
289.328
)
;
    }
}


// ************************************************************************* //
