#         Time rack2796428BA49E0232CAC645AEBC8DA5C1_inlet rack2796428BA49E0232CAC645AEBC8DA5C1_outlet
          0.5         0.17    -0.240245
            1         0.17     -0.26894
          1.5         0.17    -0.271186
            2         0.17    -0.271643
          2.5         0.17    -0.270186
            3         0.17     -0.26754
          3.5         0.17    -0.264417
            4         0.17    -0.261298
          4.5         0.17    -0.258447
            5         0.17    -0.255816
          5.5         0.17    -0.253255
            6         0.17    -0.249952
          6.5         0.17    -0.247576
            7         0.17     -0.24526
          7.5         0.17    -0.242984
            8         0.17     -0.24074
          8.5         0.17    -0.238539
            9         0.17    -0.236388
          9.5         0.17    -0.234292
           10         0.17    -0.232253
         10.5         0.17    -0.230271
           11         0.17    -0.228343
         11.5         0.17    -0.226467
           12         0.17    -0.224639
         12.5         0.17    -0.222856
           13         0.17    -0.221115
         13.5         0.17    -0.219416
           14         0.17    -0.217755
         14.5         0.17    -0.216133
           15         0.17    -0.214546
         15.5         0.17    -0.212996
           16         0.17    -0.211478
         16.5         0.17    -0.209995
           17         0.17    -0.208436
         17.5         0.17     -0.20705
           18         0.17    -0.205609
         18.5         0.17    -0.204136
           19         0.17    -0.202613
         19.5         0.17     -0.20105
           20         0.17    -0.199454
         20.5         0.17    -0.197813
           21         0.17    -0.196212
         21.5         0.17    -0.194697
           22         0.17    -0.193194
         22.5         0.17    -0.191757
           23         0.17    -0.190371
         23.5         0.17    -0.189005
           24         0.17    -0.187681
         24.5         0.17    -0.186409
           25         0.17     -0.18519
         25.5         0.17    -0.184018
           26         0.17    -0.182891
         26.5         0.17    -0.181808
           27         0.17    -0.180768
         27.5         0.17    -0.179768
           28         0.17    -0.178807
         28.5         0.17    -0.177885
           29         0.17    -0.177002
         29.5         0.17    -0.176158
           30         0.17    -0.175351
         30.5         0.17     -0.17458
           31         0.17    -0.173848
         31.5         0.17    -0.173154
           32         0.17    -0.172499
         32.5         0.17    -0.171881
           33         0.17      -0.1713
         33.5         0.17    -0.170755
           34         0.17    -0.170246
         34.5         0.17    -0.169774
           35         0.17    -0.169338
         35.5         0.17    -0.168938
           36         0.17    -0.168572
         36.5         0.17    -0.168242
           37         0.17    -0.167947
         37.5         0.17    -0.167688
           38         0.17    -0.167461
         38.5         0.17    -0.167263
           39         0.17    -0.167093
         39.5         0.17     -0.16695
           40         0.17    -0.166832
         40.5         0.17    -0.166736
           41         0.17    -0.166662
         41.5         0.17    -0.166606
           42         0.17    -0.166569
         42.5         0.17    -0.166547
           43         0.17     -0.16654
         43.5         0.17    -0.166547
           44         0.17    -0.166564
         44.5         0.17    -0.166593
           45         0.17     -0.16663
         45.5         0.17    -0.166676
           46         0.17    -0.166643
         46.5         0.17    -0.166938
           47         0.17    -0.167146
         47.5         0.17      -0.1673
           48         0.17    -0.167424
         48.5         0.17     -0.16753
           49         0.17    -0.167625
         49.5         0.17    -0.167714
           50         0.17      -0.1678
         50.5         0.17    -0.167883
           51         0.17    -0.167967
         51.5         0.17    -0.168051
           52         0.17    -0.168134
         52.5         0.17    -0.168218
           53         0.17    -0.168301
         53.5         0.17    -0.168385
           54         0.17    -0.168468
         54.5         0.17    -0.168551
           55         0.17    -0.168634
         55.5         0.17    -0.168717
           56         0.17    -0.168799
         56.5         0.17     -0.16888
           57         0.17    -0.168962
         57.5         0.17    -0.169041
           58         0.17    -0.169119
         58.5         0.17    -0.169193
           59         0.17    -0.169266
         59.5         0.17    -0.169337
           60         0.17    -0.169406
         60.5         0.17    -0.169474
           61         0.17    -0.169539
         61.5         0.17    -0.169604
           62         0.17    -0.169665
         62.5         0.17    -0.169725
           63         0.17    -0.169782
         63.5         0.17    -0.169836
           64         0.17    -0.169889
         64.5         0.17     -0.16994
           65         0.17     -0.16999
         65.5         0.17    -0.170038
           66         0.17    -0.170084
         66.5         0.17    -0.170129
           67         0.17    -0.170172
         67.5         0.17    -0.170215
           68         0.17    -0.170257
         68.5         0.17    -0.170297
           69         0.17    -0.170337
         69.5         0.17    -0.170376
           70         0.17    -0.170415
         70.5         0.17    -0.170453
           71         0.17    -0.170491
         71.5         0.17    -0.170528
           72         0.17    -0.170566
         72.5         0.17    -0.170603
           73         0.17     -0.17064
         73.5         0.17    -0.170677
           74         0.17    -0.170714
         74.5         0.17     -0.17075
           75         0.17    -0.170786
         75.5         0.17    -0.170821
           76         0.17    -0.170856
         76.5         0.17     -0.17089
           77         0.17    -0.170923
         77.5         0.17    -0.170954
           78         0.17    -0.170983
         78.5         0.17    -0.171033
           79         0.17    -0.171024
         79.5         0.17    -0.171039
           80         0.17    -0.171068
         80.5         0.17    -0.171104
           81         0.17    -0.171144
         81.5         0.17    -0.171187
           82         0.17    -0.171231
         82.5         0.17    -0.171276
           83         0.17     -0.17132
         83.5         0.17    -0.171365
           84         0.17    -0.171409
         84.5         0.17    -0.171453
           85         0.17    -0.171594
         85.5         0.17    -0.171656
           86         0.17    -0.171706
         86.5         0.17    -0.171749
           87         0.17    -0.171787
         87.5         0.17    -0.171824
           88         0.17    -0.171858
         88.5         0.17    -0.171892
           89         0.17    -0.171925
         89.5         0.17    -0.171957
           90         0.17    -0.171989
         90.5         0.17    -0.172021
           91         0.17    -0.172052
         91.5         0.17    -0.172083
           92         0.17    -0.172113
         92.5         0.17    -0.172142
           93         0.17    -0.172171
         93.5         0.17    -0.172199
           94         0.17    -0.172227
         94.5         0.17    -0.172254
           95         0.17    -0.172281
         95.5         0.17    -0.172307
           96         0.17    -0.172333
         96.5         0.17    -0.172359
           97         0.17    -0.172384
         97.5         0.17    -0.172408
           98         0.17    -0.172432
         98.5         0.17    -0.172455
           99         0.17    -0.172478
         99.5         0.17    -0.172501
          100         0.17    -0.172523
        100.5         0.17    -0.172545
          101         0.17    -0.172566
        101.5         0.17    -0.172587
          102         0.17    -0.172608
        102.5         0.17    -0.172628
          103         0.17    -0.172648
        103.5         0.17    -0.172668
          104         0.17    -0.172689
        104.5         0.17    -0.172709
          105         0.17    -0.172729
        105.5         0.17     -0.17275
          106         0.17     -0.17277
        106.5         0.17    -0.172791
          107         0.17    -0.172811
        107.5         0.17    -0.172832
          108         0.17    -0.172853
        108.5         0.17    -0.172874
          109         0.17    -0.172894
        109.5         0.17    -0.172915
          110         0.17    -0.172936
        110.5         0.17    -0.172958
          111         0.17    -0.172979
        111.5         0.17    -0.173002
          112         0.17    -0.173024
        112.5         0.17    -0.173047
          113         0.17    -0.173071
        113.5         0.17    -0.173096
          114         0.17     -0.17312
        114.5         0.17    -0.173145
          115         0.17     -0.17317
        115.5         0.17    -0.173195
          116         0.17    -0.173221
        116.5         0.17    -0.173247
          117         0.17    -0.173273
        117.5         0.17    -0.173299
          118         0.17    -0.173326
        118.5         0.17    -0.173353
          119         0.17    -0.173381
        119.5         0.17    -0.173409
          120         0.17    -0.173437
        120.5         0.17    -0.173467
          121         0.17    -0.173496
        121.5         0.17    -0.173526
          122         0.17    -0.173556
        122.5         0.17    -0.173587
          123         0.17    -0.173617
        123.5         0.17    -0.173648
          124         0.17    -0.173679
        124.5         0.17     -0.17371
          125         0.17    -0.173742
        125.5         0.17    -0.173773
          126         0.17    -0.173805
        126.5         0.17    -0.173837
          127         0.17     -0.17387
        127.5         0.17    -0.173902
          128         0.17    -0.173935
        128.5         0.17    -0.173967
          129         0.17       -0.174
        129.5         0.17    -0.174033
          130         0.17    -0.174066
        130.5         0.17    -0.174099
          131         0.17    -0.174132
        131.5         0.17    -0.174165
          132         0.17    -0.174197
        132.5         0.17    -0.174228
          133         0.17    -0.174258
        133.5         0.17    -0.174285
          134         0.17    -0.174315
        134.5         0.17    -0.174348
          135         0.17    -0.174382
        135.5         0.17    -0.174417
          136         0.17    -0.174453
        136.5         0.17     -0.17449
          137         0.17    -0.174529
        137.5         0.17    -0.174566
          138         0.17    -0.174604
        138.5         0.17    -0.174641
          139         0.17    -0.174679
        139.5         0.17    -0.174717
          140         0.17    -0.174755
        140.5         0.17    -0.174792
          141         0.17     -0.17483
        141.5         0.17    -0.174867
          142         0.17    -0.174904
        142.5         0.17     -0.17494
          143         0.17    -0.174976
        143.5         0.17    -0.175012
          144         0.17    -0.175048
        144.5         0.17    -0.175084
          145         0.17    -0.175119
        145.5         0.17    -0.175155
          146         0.17     -0.17519
        146.5         0.17    -0.175225
          147         0.17    -0.175259
        147.5         0.17    -0.175305
          148         0.17    -0.175344
        148.5         0.17    -0.175382
          149         0.17    -0.175418
        149.5         0.17    -0.175454
          150         0.17    -0.175489
        150.5         0.17    -0.175525
          151         0.17    -0.175561
        151.5         0.17    -0.175597
          152         0.17    -0.175633
        152.5         0.17    -0.175669
          153         0.17    -0.175705
        153.5         0.17    -0.175741
          154         0.17    -0.175777
        154.5         0.17    -0.175813
          155         0.17    -0.175848
        155.5         0.17    -0.175884
          156         0.17    -0.175919
        156.5         0.17    -0.175955
          157         0.17     -0.17599
        157.5         0.17    -0.176025
          158         0.17     -0.17606
        158.5         0.17    -0.176096
          159         0.17    -0.176131
        159.5         0.17    -0.176166
          160         0.17      -0.1762
        160.5         0.17    -0.176235
          161         0.17    -0.176269
        161.5         0.17    -0.176303
          162         0.17    -0.176337
        162.5         0.17     -0.17637
          163         0.17    -0.176403
        163.5         0.17    -0.176437
          164         0.17     -0.17647
        164.5         0.17    -0.176504
          165         0.17    -0.176539
        165.5         0.17    -0.176575
          166         0.17    -0.176609
        166.5         0.17    -0.176644
          167         0.17    -0.176678
        167.5         0.17    -0.176712
          168         0.17    -0.176745
        168.5         0.17    -0.176779
          169         0.17    -0.176812
        169.5         0.17    -0.176845
          170         0.17    -0.176878
        170.5         0.17     -0.17691
          171         0.17    -0.176943
        171.5         0.17    -0.176975
          172         0.17    -0.177007
        172.5         0.17     -0.17704
          173         0.17    -0.177072
        173.5         0.17    -0.177105
          174         0.17    -0.177137
        174.5         0.17    -0.177169
          175         0.17    -0.177201
        175.5         0.17    -0.177234
          176         0.17    -0.177266
        176.5         0.17    -0.177298
          177         0.17     -0.17733
        177.5         0.17    -0.177362
          178         0.17    -0.177394
        178.5         0.17    -0.177426
          179         0.17    -0.177457
        179.5         0.17    -0.177489
          180         0.17     -0.17752
        180.5         0.17    -0.177551
          181         0.17    -0.177583
        181.5         0.17    -0.177614
          182         0.17    -0.177645
        182.5         0.17    -0.177676
          183         0.17    -0.177707
        183.5         0.17    -0.177738
          184         0.17    -0.177769
        184.5         0.17      -0.1778
          185         0.17    -0.177831
        185.5         0.17    -0.177862
          186         0.17    -0.177892
        186.5         0.17    -0.177924
          187         0.17    -0.177955
        187.5         0.17    -0.177986
          188         0.17    -0.178018
        188.5         0.17    -0.178049
          189         0.17    -0.178079
        189.5         0.17     -0.17811
          190         0.17    -0.178141
        190.5         0.17    -0.178172
          191         0.17    -0.178203
        191.5         0.17    -0.178234
          192         0.17    -0.178265
        192.5         0.17    -0.178296
          193         0.17    -0.178327
        193.5         0.17    -0.178358
          194         0.17    -0.178389
        194.5         0.17    -0.178421
          195         0.17    -0.178451
        195.5         0.17    -0.178482
          196         0.17    -0.178513
        196.5         0.17    -0.178544
          197         0.17    -0.178575
        197.5         0.17    -0.178606
          198         0.17    -0.178636
        198.5         0.17    -0.178667
          199         0.17    -0.178698
        199.5         0.17    -0.178729
          200         0.17    -0.178759
        200.5         0.17     -0.17879
          201         0.17     -0.17882
        201.5         0.17    -0.178851
          202         0.17    -0.178881
        202.5         0.17    -0.178912
          203         0.17    -0.178942
        203.5         0.17    -0.178973
          204         0.17    -0.179003
        204.5         0.17    -0.179034
          205         0.17    -0.179064
        205.5         0.17    -0.179095
          206         0.17    -0.179125
        206.5         0.17    -0.179155
          207         0.17    -0.179185
        207.5         0.17    -0.179216
          208         0.17    -0.179246
        208.5         0.17    -0.179276
          209         0.17    -0.179306
        209.5         0.17    -0.179336
          210         0.17    -0.179366
        210.5         0.17    -0.179396
          211         0.17    -0.179425
        211.5         0.17    -0.179455
          212         0.17    -0.179485
        212.5         0.17    -0.179514
          213         0.17    -0.179543
        213.5         0.17    -0.179573
          214         0.17    -0.179603
        214.5         0.17    -0.179632
          215         0.17    -0.179662
        215.5         0.17    -0.179691
          216         0.17     -0.17972
        216.5         0.17     -0.17975
          217         0.17    -0.179779
        217.5         0.17    -0.179808
          218         0.17    -0.179837
        218.5         0.17    -0.179866
          219         0.17    -0.179895
        219.5         0.17    -0.179924
          220         0.17    -0.179952
        220.5         0.17    -0.179981
          221         0.17    -0.180009
        221.5         0.17    -0.180038
          222         0.17    -0.180066
        222.5         0.17    -0.180094
          223         0.17    -0.180122
        223.5         0.17     -0.18015
          224         0.17    -0.180178
        224.5         0.17    -0.180206
          225         0.17    -0.180233
        225.5         0.17    -0.180261
          226         0.17    -0.180288
        226.5         0.17    -0.180315
          227         0.17    -0.180342
        227.5         0.17    -0.180369
          228         0.17    -0.180395
        228.5         0.17    -0.180421
          229         0.17    -0.180447
        229.5         0.17    -0.180473
          230         0.17    -0.180499
        230.5         0.17    -0.180525
          231         0.17     -0.18055
        231.5         0.17    -0.180575
          232         0.17    -0.180599
        232.5         0.17    -0.180624
          233         0.17    -0.180648
        233.5         0.17    -0.180673
          234         0.17    -0.180696
        234.5         0.17     -0.18072
          235         0.17    -0.180743
        235.5         0.17    -0.180767
          236         0.17     -0.18079
        236.5         0.17    -0.180813
          237         0.17    -0.180836
        237.5         0.17    -0.180858
          238         0.17     -0.18088
        238.5         0.17    -0.180902
          239         0.17    -0.180924
        239.5         0.17    -0.180945
          240         0.17    -0.180966
        240.5         0.17    -0.180987
          241         0.17    -0.181007
        241.5         0.17    -0.181028
          242         0.17    -0.181047
        242.5         0.17    -0.181067
          243         0.17    -0.181086
        243.5         0.17    -0.181106
          244         0.17    -0.181124
        244.5         0.17    -0.181143
          245         0.17    -0.181161
        245.5         0.17     -0.18118
          246         0.17    -0.181197
        246.5         0.17    -0.181215
          247         0.17    -0.181232
        247.5         0.17    -0.181249
          248         0.17    -0.181266
        248.5         0.17    -0.181283
          249         0.17    -0.181299
        249.5         0.17    -0.181315
          250         0.17    -0.181331
        250.5         0.17    -0.181346
          251         0.17    -0.181362
        251.5         0.17    -0.181377
          252         0.17    -0.181392
        252.5         0.17    -0.181407
          253         0.17    -0.181421
        253.5         0.17    -0.181435
          254         0.17    -0.181449
        254.5         0.17    -0.181464
          255         0.17    -0.181477
        255.5         0.17    -0.181491
          256         0.17    -0.181504
        256.5         0.17    -0.181518
          257         0.17    -0.181531
        257.5         0.17    -0.181544
          258         0.17    -0.181557
        258.5         0.17     -0.18157
          259         0.17    -0.181582
        259.5         0.17    -0.181595
          260         0.17    -0.181607
        260.5         0.17     -0.18162
          261         0.17    -0.181632
        261.5         0.17    -0.181644
          262         0.17    -0.181656
        262.5         0.17    -0.181668
          263         0.17     -0.18168
        263.5         0.17    -0.181691
          264         0.17    -0.181703
        264.5         0.17    -0.181714
          265         0.17    -0.181726
        265.5         0.17    -0.181737
          266         0.17    -0.181749
        266.5         0.17     -0.18176
          267         0.17    -0.181771
        267.5         0.17    -0.181782
          268         0.17    -0.181793
        268.5         0.17    -0.181804
          269         0.17    -0.181815
        269.5         0.17    -0.181826
          270         0.17    -0.181837
        270.5         0.17    -0.181848
          271         0.17    -0.181859
        271.5         0.17     -0.18187
          272         0.17    -0.181881
        272.5         0.17    -0.181892
          273         0.17    -0.181903
        273.5         0.17    -0.181914
          274         0.17    -0.181925
        274.5         0.17    -0.181936
          275         0.17    -0.181947
        275.5         0.17    -0.181958
          276         0.17    -0.181969
        276.5         0.17     -0.18198
          277         0.17    -0.181991
        277.5         0.17    -0.182002
          278         0.17    -0.182013
        278.5         0.17    -0.182024
          279         0.17    -0.182034
        279.5         0.17    -0.182045
          280         0.17    -0.182056
        280.5         0.17    -0.182067
          281         0.17    -0.182078
        281.5         0.17    -0.182089
          282         0.17      -0.1821
        282.5         0.17    -0.182111
          283         0.17    -0.182121
        283.5         0.17    -0.182132
          284         0.17    -0.182143
        284.5         0.17    -0.182154
          285         0.17    -0.182165
        285.5         0.17    -0.182176
          286         0.17    -0.182186
        286.5         0.17    -0.182197
          287         0.17    -0.182208
        287.5         0.17    -0.182219
          288         0.17     -0.18223
        288.5         0.17    -0.182241
          289         0.17    -0.182252
        289.5         0.17    -0.182263
          290         0.17    -0.182273
        290.5         0.17    -0.182285
          291         0.17    -0.182295
        291.5         0.17    -0.182306
          292         0.17    -0.182317
        292.5         0.17    -0.182328
          293         0.17    -0.182339
        293.5         0.17     -0.18235
          294         0.17     -0.18236
        294.5         0.17    -0.182371
          295         0.17    -0.182382
        295.5         0.17    -0.182393
          296         0.17    -0.182403
        296.5         0.17    -0.182414
          297         0.17    -0.182424
        297.5         0.17    -0.182435
          298         0.17    -0.182445
        298.5         0.17    -0.182456
          299         0.17    -0.182466
        299.5         0.17    -0.182476
          300         0.17    -0.182487
        300.5         0.17    -0.182497
          301         0.17    -0.182507
        301.5         0.17    -0.182518
          302         0.17    -0.182528
        302.5         0.17    -0.182538
          303         0.17    -0.182548
        303.5         0.17    -0.182558
          304         0.17    -0.182568
        304.5         0.17    -0.182577
          305         0.17    -0.182587
        305.5         0.17    -0.182597
          306         0.17    -0.182607
        306.5         0.17    -0.182616
          307         0.17    -0.182626
        307.5         0.17    -0.182635
          308         0.17    -0.182644
        308.5         0.17    -0.182654
          309         0.17    -0.182663
        309.5         0.17    -0.182672
          310         0.17    -0.182681
        310.5         0.17     -0.18269
          311         0.17    -0.182699
        311.5         0.17    -0.182708
          312         0.17    -0.182717
        312.5         0.17    -0.182725
          313         0.17    -0.182734
        313.5         0.17    -0.182743
          314         0.17    -0.182751
        314.5         0.17    -0.182759
          315         0.17    -0.182768
        315.5         0.17    -0.182776
          316         0.17    -0.182784
        316.5         0.17    -0.182792
          317         0.17      -0.1828
        317.5         0.17    -0.182808
          318         0.17    -0.182815
        318.5         0.17    -0.182823
          319         0.17    -0.182831
        319.5         0.17    -0.182838
          320         0.17    -0.182846
        320.5         0.17    -0.182853
          321         0.17     -0.18286
        321.5         0.17    -0.182868
          322         0.17    -0.182875
        322.5         0.17    -0.182882
          323         0.17    -0.182889
        323.5         0.17    -0.182895
          324         0.17    -0.182902
        324.5         0.17    -0.182908
          325         0.17    -0.182915
        325.5         0.17    -0.182921
          326         0.17    -0.182927
        326.5         0.17    -0.182933
          327         0.17    -0.182939
        327.5         0.17    -0.182945
          328         0.17    -0.182951
        328.5         0.17    -0.182956
          329         0.17    -0.182962
        329.5         0.17    -0.182967
          330         0.17    -0.182972
        330.5         0.17    -0.182977
          331         0.17    -0.182982
        331.5         0.17    -0.182987
          332         0.17    -0.182992
        332.5         0.17    -0.182996
          333         0.17    -0.183001
        333.5         0.17    -0.183005
          334         0.17    -0.183009
        334.5         0.17    -0.183013
          335         0.17    -0.183017
        335.5         0.17    -0.183021
          336         0.17    -0.183024
        336.5         0.17    -0.183028
          337         0.17    -0.183031
        337.5         0.17    -0.183034
          338         0.17    -0.183037
        338.5         0.17     -0.18304
          339         0.17    -0.183043
        339.5         0.17    -0.183045
          340         0.17    -0.183048
        340.5         0.17     -0.18305
          341         0.17    -0.183052
        341.5         0.17    -0.183055
          342         0.17    -0.183057
        342.5         0.17    -0.183058
          343         0.17     -0.18306
        343.5         0.17    -0.183062
          344         0.17    -0.183063
        344.5         0.17    -0.183064
          345         0.17    -0.183065
        345.5         0.17    -0.183066
          346         0.17    -0.183067
        346.5         0.17    -0.183068
          347         0.17    -0.183069
        347.5         0.17    -0.183069
          348         0.17    -0.183069
        348.5         0.17    -0.183069
          349         0.17    -0.183069
        349.5         0.17    -0.183069
          350         0.17    -0.183068
        350.5         0.17    -0.183068
          351         0.17    -0.183067
        351.5         0.17    -0.183066
          352         0.17    -0.183065
        352.5         0.17    -0.183064
          353         0.17    -0.183063
        353.5         0.17    -0.183061
          354         0.17    -0.183059
        354.5         0.17    -0.183058
          355         0.17    -0.183056
        355.5         0.17    -0.183054
          356         0.17    -0.183052
        356.5         0.17     -0.18305
          357         0.17    -0.183047
        357.5         0.17    -0.183045
          358         0.17    -0.183042
        358.5         0.17    -0.183039
          359         0.17    -0.183037
        359.5         0.17    -0.183033
          360         0.17     -0.18303
        360.5         0.17    -0.183027
          361         0.17    -0.183023
        361.5         0.17     -0.18302
          362         0.17    -0.183016
        362.5         0.17    -0.183012
          363         0.17    -0.183008
        363.5         0.17    -0.183004
          364         0.17       -0.183
        364.5         0.17    -0.182995
          365         0.17    -0.182991
        365.5         0.17    -0.182986
          366         0.17    -0.182982
        366.5         0.17    -0.182977
          367         0.17    -0.182972
        367.5         0.17    -0.182967
          368         0.17    -0.182961
        368.5         0.17    -0.182956
          369         0.17     -0.18295
        369.5         0.17    -0.182944
          370         0.17    -0.182938
        370.5         0.17    -0.182932
          371         0.17    -0.182926
        371.5         0.17     -0.18292
          372         0.17    -0.182914
        372.5         0.17    -0.182908
          373         0.17    -0.182901
        373.5         0.17    -0.182895
          374         0.17    -0.182888
        374.5         0.17    -0.182881
          375         0.17    -0.182873
        375.5         0.17    -0.182866
          376         0.17    -0.182859
        376.5         0.17    -0.182851
          377         0.17    -0.182844
        377.5         0.17    -0.182836
          378         0.17    -0.182829
        378.5         0.17    -0.182821
          379         0.17    -0.182813
        379.5         0.17    -0.182804
          380         0.17    -0.182796
        380.5         0.17    -0.182787
          381         0.17    -0.182779
        381.5         0.17     -0.18277
          382         0.17    -0.182761
        382.5         0.17    -0.182752
          383         0.17    -0.182743
        383.5         0.17    -0.182733
          384         0.17    -0.182724
        384.5         0.17    -0.182716
          385         0.17    -0.182706
        385.5         0.17    -0.182696
          386         0.17    -0.182686
        386.5         0.17    -0.182676
          387         0.17    -0.182666
        387.5         0.17    -0.182656
          388         0.17    -0.182646
        388.5         0.17    -0.182635
          389         0.17    -0.182625
        389.5         0.17    -0.182614
          390         0.17    -0.182604
        390.5         0.17    -0.182593
          391         0.17    -0.182583
        391.5         0.17    -0.182572
          392         0.17    -0.182561
        392.5         0.17    -0.182549
          393         0.17    -0.182537
        393.5         0.17    -0.182525
          394         0.17    -0.182513
        394.5         0.17    -0.182501
          395         0.17    -0.182489
        395.5         0.17    -0.182477
          396         0.17    -0.182464
        396.5         0.17    -0.182452
          397         0.17    -0.182439
        397.5         0.17    -0.182427
          398         0.17    -0.182414
        398.5         0.17    -0.182402
          399         0.17    -0.182389
        399.5         0.17    -0.182376
          400         0.17    -0.182363
        400.5         0.17    -0.182349
          401         0.17    -0.182336
        401.5         0.17    -0.182322
          402         0.17    -0.182309
        402.5         0.17    -0.182295
          403         0.17    -0.182282
        403.5         0.17    -0.182268
          404         0.17    -0.182255
        404.5         0.17    -0.182241
          405         0.17    -0.182227
        405.5         0.17    -0.182214
          406         0.17      -0.1822
        406.5         0.17    -0.182186
          407         0.17    -0.182172
        407.5         0.17    -0.182157
          408         0.17    -0.182143
        408.5         0.17    -0.182129
          409         0.17    -0.182114
        409.5         0.17      -0.1821
          410         0.17    -0.182086
        410.5         0.17    -0.182072
          411         0.17    -0.182058
        411.5         0.17    -0.182043
          412         0.17    -0.182028
        412.5         0.17    -0.182012
          413         0.17    -0.181997
        413.5         0.17    -0.181981
          414         0.17    -0.181966
        414.5         0.17     -0.18195
          415         0.17    -0.181934
        415.5         0.17    -0.181918
          416         0.17    -0.181903
        416.5         0.17    -0.181888
          417         0.17    -0.181872
        417.5         0.17    -0.181856
          418         0.17    -0.181841
        418.5         0.17    -0.181825
          419         0.17     -0.18181
        419.5         0.17    -0.181794
          420         0.17    -0.181778
        420.5         0.17    -0.181763
          421         0.17    -0.181747
        421.5         0.17    -0.181731
          422         0.17    -0.181715
        422.5         0.17    -0.181699
          423         0.17    -0.181684
        423.5         0.17    -0.181668
          424         0.17    -0.181652
        424.5         0.17    -0.181636
          425         0.17     -0.18162
        425.5         0.17    -0.181604
          426         0.17    -0.181588
        426.5         0.17    -0.181572
          427         0.17    -0.181556
        427.5         0.17     -0.18154
          428         0.17    -0.181524
        428.5         0.17    -0.181507
          429         0.17    -0.181491
        429.5         0.17    -0.181475
          430         0.17    -0.181459
        430.5         0.17    -0.181443
          431         0.17    -0.181426
        431.5         0.17     -0.18141
          432         0.17    -0.181394
        432.5         0.17    -0.181377
          433         0.17    -0.181361
        433.5         0.17    -0.181345
          434         0.17    -0.181328
        434.5         0.17    -0.181312
          435         0.17    -0.181296
        435.5         0.17    -0.181279
          436         0.17    -0.181263
        436.5         0.17    -0.181246
          437         0.17     -0.18123
        437.5         0.17    -0.181213
          438         0.17    -0.181197
        438.5         0.17     -0.18118
          439         0.17    -0.181164
        439.5         0.17    -0.181147
          440         0.17    -0.181131
        440.5         0.17    -0.181114
          441         0.17    -0.181098
        441.5         0.17    -0.181081
          442         0.17    -0.181065
        442.5         0.17    -0.181048
          443         0.17    -0.181032
        443.5         0.17    -0.181016
          444         0.17       -0.181
        444.5         0.17    -0.180984
          445         0.17    -0.180968
        445.5         0.17    -0.180952
          446         0.17    -0.180936
        446.5         0.17     -0.18092
          447         0.17    -0.180904
        447.5         0.17    -0.180889
          448         0.17    -0.180873
        448.5         0.17    -0.180858
          449         0.17    -0.180843
        449.5         0.17    -0.180827
          450         0.17    -0.180812
        450.5         0.17    -0.180797
          451         0.17    -0.180782
        451.5         0.17    -0.180767
          452         0.17    -0.180752
        452.5         0.17    -0.180737
          453         0.17    -0.180722
        453.5         0.17    -0.180708
          454         0.17    -0.180693
        454.5         0.17    -0.180679
          455         0.17    -0.180664
        455.5         0.17     -0.18065
          456         0.17    -0.180636
        456.5         0.17    -0.180621
          457         0.17    -0.180608
        457.5         0.17    -0.180594
          458         0.17     -0.18058
        458.5         0.17    -0.180566
          459         0.17    -0.180552
        459.5         0.17    -0.180539
          460         0.17    -0.180525
        460.5         0.17    -0.180512
          461         0.17    -0.180498
        461.5         0.17    -0.180485
          462         0.17    -0.180472
        462.5         0.17    -0.180459
          463         0.17    -0.180446
        463.5         0.17    -0.180433
          464         0.17    -0.180421
        464.5         0.17    -0.180408
          465         0.17    -0.180396
        465.5         0.17    -0.180384
          466         0.17    -0.180371
        466.5         0.17    -0.180359
          467         0.17    -0.180347
        467.5         0.17    -0.180335
          468         0.17    -0.180324
        468.5         0.17    -0.180312
          469         0.17      -0.1803
        469.5         0.17    -0.180289
          470         0.17    -0.180277
        470.5         0.17    -0.180266
          471         0.17    -0.180255
        471.5         0.17    -0.180243
          472         0.17    -0.180232
        472.5         0.17    -0.180221
          473         0.17    -0.180211
        473.5         0.17      -0.1802
          474         0.17     -0.18019
        474.5         0.17    -0.180179
          475         0.17    -0.180168
        475.5         0.17    -0.180158
          476         0.17    -0.180148
        476.5         0.17    -0.180137
          477         0.17    -0.180127
        477.5         0.17    -0.180117
          478         0.17    -0.180107
        478.5         0.17    -0.180097
          479         0.17    -0.180088
        479.5         0.17    -0.180078
          480         0.17    -0.180069
        480.5         0.17     -0.18006
          481         0.17    -0.180051
        481.5         0.17    -0.180042
          482         0.17    -0.180033
        482.5         0.17    -0.180025
          483         0.17    -0.180016
        483.5         0.17    -0.180007
          484         0.17    -0.179998
        484.5         0.17    -0.179989
          485         0.17    -0.179981
        485.5         0.17    -0.179972
          486         0.17    -0.179964
        486.5         0.17    -0.179956
          487         0.17    -0.179947
        487.5         0.17    -0.179939
          488         0.17    -0.179932
        488.5         0.17    -0.179924
          489         0.17    -0.179916
        489.5         0.17    -0.179909
          490         0.17    -0.179901
        490.5         0.17    -0.179894
          491         0.17    -0.179887
        491.5         0.17    -0.179879
          492         0.17    -0.179872
        492.5         0.17    -0.179865
          493         0.17    -0.179859
        493.5         0.17    -0.179852
          494         0.17    -0.179845
        494.5         0.17    -0.179838
          495         0.17    -0.179832
        495.5         0.17    -0.179825
          496         0.17    -0.179819
        496.5         0.17    -0.179813
          497         0.17    -0.179807
        497.5         0.17    -0.179801
          498         0.17    -0.179795
        498.5         0.17    -0.179789
          499         0.17    -0.179784
        499.5         0.17    -0.179778
          500         0.17    -0.179773
        500.5         0.17    -0.179767
          501         0.17    -0.179762
        501.5         0.17    -0.179756
          502         0.17    -0.179751
        502.5         0.17    -0.179746
          503         0.17    -0.179741
        503.5         0.17    -0.179736
          504         0.17    -0.179731
        504.5         0.17    -0.179726
          505         0.17    -0.179722
        505.5         0.17    -0.179717
          506         0.17    -0.179713
        506.5         0.17    -0.179708
          507         0.17    -0.179704
        507.5         0.17    -0.179699
          508         0.17    -0.179694
        508.5         0.17     -0.17969
          509         0.17    -0.179685
        509.5         0.17    -0.179681
          510         0.17    -0.179676
        510.5         0.17    -0.179672
          511         0.17    -0.179668
        511.5         0.17    -0.179663
          512         0.17    -0.179659
        512.5         0.17    -0.179655
          513         0.17     -0.17965
        513.5         0.17    -0.179646
          514         0.17    -0.179642
        514.5         0.17    -0.179638
          515         0.17    -0.179634
        515.5         0.17     -0.17963
          516         0.17    -0.179626
        516.5         0.17    -0.179622
          517         0.17    -0.179618
        517.5         0.17    -0.179615
          518         0.17    -0.179611
        518.5         0.17    -0.179608
          519         0.17    -0.179605
        519.5         0.17    -0.179601
          520         0.17    -0.179598
        520.5         0.17    -0.179594
          521         0.17     -0.17959
        521.5         0.17    -0.179586
          522         0.17    -0.179583
        522.5         0.17     -0.17958
          523         0.17    -0.179577
        523.5         0.17    -0.179574
          524         0.17    -0.179571
        524.5         0.17    -0.179567
          525         0.17    -0.179564
        525.5         0.17    -0.179561
          526         0.17    -0.179557
        526.5         0.17    -0.179554
          527         0.17    -0.179551
        527.5         0.17    -0.179548
          528         0.17    -0.179544
        528.5         0.17    -0.179541
          529         0.17    -0.179538
        529.5         0.17    -0.179535
          530         0.17    -0.179532
        530.5         0.17    -0.179529
          531         0.17    -0.179526
        531.5         0.17    -0.179523
          532         0.17     -0.17952
        532.5         0.17    -0.179518
          533         0.17    -0.179515
        533.5         0.17    -0.179512
          534         0.17     -0.17951
        534.5         0.17    -0.179507
          535         0.17    -0.179504
        535.5         0.17    -0.179502
          536         0.17      -0.1795
        536.5         0.17    -0.179497
          537         0.17    -0.179495
        537.5         0.17    -0.179493
          538         0.17     -0.17949
        538.5         0.17    -0.179488
          539         0.17    -0.179486
        539.5         0.17    -0.179483
          540         0.17    -0.179481
        540.5         0.17    -0.179478
          541         0.17    -0.179476
        541.5         0.17    -0.179474
          542         0.17    -0.179471
        542.5         0.17    -0.179469
          543         0.17    -0.179467
        543.5         0.17    -0.179464
          544         0.17    -0.179462
        544.5         0.17     -0.17946
          545         0.17    -0.179458
        545.5         0.17    -0.179456
          546         0.17    -0.179453
        546.5         0.17    -0.179452
          547         0.17     -0.17945
        547.5         0.17    -0.179448
          548         0.17    -0.179446
        548.5         0.17    -0.179444
          549         0.17    -0.179442
        549.5         0.17     -0.17944
          550         0.17    -0.179439
        550.5         0.17    -0.179437
          551         0.17    -0.179436
        551.5         0.17    -0.179434
          552         0.17    -0.179433
        552.5         0.17    -0.179431
          553         0.17    -0.179429
        553.5         0.17    -0.179428
          554         0.17    -0.179426
        554.5         0.17    -0.179424
          555         0.17    -0.179422
        555.5         0.17     -0.17942
          556         0.17    -0.179419
        556.5         0.17    -0.179417
          557         0.17    -0.179416
        557.5         0.17    -0.179415
          558         0.17    -0.179413
        558.5         0.17    -0.179412
          559         0.17    -0.179411
        559.5         0.17    -0.179409
          560         0.17    -0.179408
        560.5         0.17    -0.179407
          561         0.17    -0.179405
        561.5         0.17    -0.179404
          562         0.17    -0.179403
        562.5         0.17    -0.179401
          563         0.17      -0.1794
        563.5         0.17    -0.179398
          564         0.17    -0.179397
        564.5         0.17    -0.179395
          565         0.17    -0.179394
        565.5         0.17    -0.179393
          566         0.17    -0.179391
        566.5         0.17     -0.17939
          567         0.17    -0.179389
        567.5         0.17    -0.179388
          568         0.17    -0.179387
        568.5         0.17    -0.179386
          569         0.17    -0.179384
        569.5         0.17    -0.179383
          570         0.17    -0.179383
        570.5         0.17    -0.179382
          571         0.17    -0.179381
        571.5         0.17     -0.17938
          572         0.17    -0.179379
        572.5         0.17    -0.179377
          573         0.17    -0.179376
        573.5         0.17    -0.179374
          574         0.17    -0.179373
        574.5         0.17    -0.179372
          575         0.17     -0.17937
        575.5         0.17    -0.179368
          576         0.17    -0.179367
        576.5         0.17    -0.179365
          577         0.17    -0.179364
        577.5         0.17    -0.179363
          578         0.17    -0.179361
        578.5         0.17     -0.17936
          579         0.17    -0.179359
        579.5         0.17    -0.179358
          580         0.17    -0.179357
        580.5         0.17    -0.179356
          581         0.17    -0.179355
        581.5         0.17    -0.179354
          582         0.17    -0.179352
        582.5         0.17    -0.179351
          583         0.17     -0.17935
        583.5         0.17     -0.17935
          584         0.17    -0.179349
        584.5         0.17    -0.179348
          585         0.17    -0.179347
        585.5         0.17    -0.179347
          586         0.17    -0.179346
        586.5         0.17    -0.179346
          587         0.17    -0.179345
        587.5         0.17    -0.179345
          588         0.17    -0.179345
        588.5         0.17    -0.179344
          589         0.17    -0.179344
        589.5         0.17    -0.179343
          590         0.17    -0.179342
        590.5         0.17    -0.179342
          591         0.17    -0.179341
        591.5         0.17     -0.17934
          592         0.17    -0.179339
        592.5         0.17    -0.179337
          593         0.17    -0.179337
        593.5         0.17    -0.179336
          594         0.17    -0.179336
        594.5         0.17    -0.179336
          595         0.17    -0.179335
        595.5         0.17    -0.179335
          596         0.17    -0.179335
        596.5         0.17    -0.179334
          597         0.17    -0.179334
        597.5         0.17    -0.179334
          598         0.17    -0.179334
        598.5         0.17    -0.179333
          599         0.17    -0.179333
        599.5         0.17    -0.179332
          600         0.17    -0.179332
