/*--------------------------------*- C++ -*----------------------------------*\
| =========                 |                                                 |
| \\      /  F ield         | OpenFOAM: The Open Source CFD Toolbox           |
|  \\    /   O peration     | Version:  2.3.1                                 |
|   \\  /    A nd           | Web:      www.OpenFOAM.org                      |
|    \\/     M anipulation  |                                                 |
\*---------------------------------------------------------------------------*/
FoamFile
{
    version     2.0;
    format      ascii;
    class       labelList;
    note        "nPoints:2688  nCells:1227  nFaces:5026  nInternalFaces:2336";
    location    "constant/polyMesh";
    object      neighbour;
}
// * * * * * * * * * * * * * * * * * * * * * * * * * * * * * * * * * * * * * //


2336
(
1
35
2
36
3
37
4
38
5
39
6
40
7
41
8
42
9
43
10
44
11
45
12
46
13
47
14
48
15
49
16
50
17
51
18
52
19
53
20
54
21
55
22
56
23
57
24
58
25
59
26
60
27
61
28
62
29
63
30
64
31
65
32
66
33
67
34
68
69
36
70
37
71
38
72
39
73
40
74
41
75
42
76
43
77
44
78
45
79
46
80
47
81
48
82
49
83
50
84
51
85
52
86
53
87
54
88
55
89
56
90
57
91
58
92
59
93
60
94
61
95
62
96
63
97
64
98
65
99
66
100
67
101
68
102
69
103
104
71
105
72
106
73
107
74
108
75
109
76
110
77
111
78
79
80
81
82
83
84
85
86
87
88
89
90
91
92
93
94
95
96
97
98
112
99
113
100
114
101
115
102
116
103
117
104
118
119
106
120
107
121
108
122
109
123
110
124
111
125
126
113
127
114
128
115
129
116
130
117
131
118
132
119
133
134
121
135
122
136
123
137
124
138
125
139
126
140
141
128
142
129
143
130
144
131
145
132
146
133
147
134
148
149
136
150
137
151
138
152
139
153
140
154
141
155
156
143
157
144
158
145
159
146
160
147
161
148
162
149
163
164
151
165
152
166
153
167
154
168
155
169
156
170
171
158
172
159
173
160
174
161
175
162
176
163
177
164
178
179
166
180
167
181
168
182
169
183
170
184
171
185
186
173
187
174
188
175
189
176
190
177
191
178
192
179
193
194
181
195
182
196
183
197
184
198
185
199
186
200
201
188
202
189
203
190
204
191
205
192
206
193
207
194
208
209
196
210
197
211
198
212
199
213
200
214
201
215
216
203
217
204
218
205
219
206
220
207
221
208
222
209
223
224
211
225
212
226
213
227
214
228
215
229
216
230
231
218
252
219
253
220
254
221
255
222
256
223
257
224
258
259
226
260
227
261
228
262
229
263
230
264
231
265
232
266
233
267
234
268
235
269
236
270
237
271
238
272
239
273
240
274
241
275
242
276
243
277
244
278
245
279
246
280
247
281
248
282
249
283
250
284
251
285
252
286
253
287
254
288
255
289
256
290
257
291
258
292
259
293
294
261
295
262
296
263
297
264
298
265
299
266
300
267
301
268
302
269
303
270
304
271
305
272
306
273
307
274
308
275
309
276
310
277
311
278
312
279
313
280
314
281
315
282
316
283
317
284
318
285
319
286
320
287
321
288
322
289
323
290
324
291
325
292
326
293
327
294
328
329
296
330
297
331
298
332
299
333
300
334
301
335
302
336
303
337
304
338
305
339
306
340
307
341
308
342
309
343
310
344
311
345
312
346
313
347
314
348
315
349
316
350
317
351
318
352
319
353
320
354
321
355
322
356
323
357
324
358
325
359
326
360
327
361
328
362
329
363
364
331
365
332
366
333
367
334
368
335
369
336
370
337
371
338
372
339
373
340
374
341
375
342
376
343
377
344
378
345
379
346
380
347
381
348
382
349
383
350
384
351
385
352
386
353
387
354
388
355
389
356
390
357
391
358
392
359
393
360
394
361
395
362
396
363
397
364
398
399
366
400
367
401
368
402
369
403
370
404
371
405
372
406
373
407
374
408
375
409
376
410
377
411
378
412
379
413
380
414
381
415
382
416
383
417
384
418
385
419
386
420
387
421
388
422
389
423
390
424
391
425
392
426
393
427
394
428
395
429
396
430
397
431
398
432
399
433
434
401
435
402
436
403
437
404
438
405
439
406
440
407
441
408
442
409
443
410
444
411
445
412
446
413
447
414
448
415
449
416
450
417
451
418
452
419
453
420
454
421
455
422
456
423
457
424
458
425
459
426
460
427
461
428
462
429
463
430
464
431
465
432
466
433
467
434
468
469
436
470
437
471
438
472
439
473
440
474
441
475
442
476
443
477
444
478
445
479
446
480
447
481
448
482
449
483
450
484
451
485
452
486
453
487
454
488
455
489
456
490
457
491
458
492
459
493
460
494
461
495
462
496
463
497
464
498
465
499
466
500
467
501
468
502
469
503
504
471
505
472
506
473
507
474
508
475
509
476
510
477
511
478
512
479
513
480
514
481
515
482
516
483
517
484
518
485
519
486
520
487
521
488
522
489
523
490
524
491
525
492
526
493
527
494
528
495
529
496
530
497
531
498
532
499
533
500
534
501
535
502
536
503
537
504
538
539
506
540
507
541
508
542
509
543
510
544
511
545
512
546
513
547
514
548
515
549
516
550
517
551
518
552
519
553
520
554
521
555
522
556
523
557
524
558
525
559
526
560
527
561
528
562
529
563
530
564
531
565
532
566
533
567
534
568
535
569
536
570
537
571
538
572
539
573
574
541
575
542
576
543
577
544
578
545
579
546
580
547
581
548
582
549
583
550
584
551
585
552
586
553
587
554
588
555
589
556
590
557
591
558
592
559
593
560
594
561
595
562
596
563
597
564
598
565
599
566
600
567
601
568
602
569
603
570
604
571
605
572
606
573
607
574
608
609
576
610
577
611
578
612
579
613
580
614
581
615
582
616
583
617
584
618
585
619
586
620
587
621
588
622
589
623
590
624
591
625
592
626
593
627
594
628
595
629
596
630
597
631
598
632
599
633
600
634
601
635
602
636
603
637
604
638
605
639
606
640
607
641
608
642
609
643
644
611
645
612
646
613
647
614
648
615
649
616
650
617
651
618
652
619
653
620
654
621
655
622
623
624
625
626
627
628
656
629
657
630
658
631
659
632
660
633
661
634
662
635
663
636
664
637
665
638
666
639
667
640
668
641
669
642
670
643
671
644
672
673
646
674
647
675
648
676
649
677
650
678
651
679
652
680
653
681
654
682
655
683
684
657
685
658
686
659
687
660
688
661
689
662
690
663
691
664
692
665
693
666
694
667
695
668
696
669
697
670
698
671
699
672
700
673
701
702
675
703
676
704
677
705
678
706
679
707
680
708
681
709
682
710
683
711
684
712
713
686
714
687
715
688
716
689
717
690
718
691
719
692
720
693
721
694
722
695
723
696
724
697
725
698
726
699
727
700
728
701
729
702
730
731
704
732
705
733
706
734
707
735
708
736
709
737
710
738
711
739
712
740
713
741
742
715
743
716
744
717
745
718
746
719
747
720
748
721
749
722
750
723
751
724
752
725
753
726
754
727
755
728
756
729
757
730
758
731
759
760
733
761
734
762
735
763
736
764
737
765
738
766
739
767
740
768
741
769
742
770
771
744
772
745
773
746
774
747
775
748
776
749
777
750
778
751
779
752
780
753
781
754
782
755
783
756
784
757
785
758
786
759
787
760
788
789
762
790
763
791
764
792
765
793
766
794
767
795
768
796
769
797
770
798
771
799
800
773
801
774
802
775
803
776
804
777
805
778
806
779
807
780
808
781
809
782
810
783
811
784
812
785
813
786
814
787
815
788
816
789
817
818
791
819
792
820
793
821
794
822
795
823
796
824
797
825
798
826
799
827
800
828
829
802
830
803
831
804
832
805
833
806
834
807
835
808
836
809
837
810
838
811
839
812
840
813
841
814
842
815
843
816
844
817
845
818
846
847
820
848
821
849
822
850
823
851
824
852
825
853
826
854
827
855
828
856
829
857
858
831
859
832
860
833
861
834
862
835
863
836
864
837
865
838
866
839
867
840
868
841
869
842
870
843
871
844
872
845
873
846
874
847
875
876
849
877
850
878
851
879
852
880
853
881
854
882
855
883
856
884
857
885
858
886
887
860
894
861
895
862
896
863
897
864
898
865
899
866
900
867
901
868
902
869
903
870
904
871
905
872
906
873
907
874
908
875
909
876
910
911
878
912
879
913
880
914
881
915
882
916
883
917
884
918
885
919
886
920
887
921
888
922
889
923
890
924
891
925
892
926
893
927
894
928
895
929
896
930
897
931
898
932
899
933
900
934
901
935
902
936
903
937
904
938
905
939
906
940
907
941
908
942
909
943
910
944
911
945
946
913
947
914
948
915
949
916
950
917
951
918
952
919
953
920
954
921
955
922
956
923
957
924
958
925
959
926
960
927
961
928
962
929
963
930
964
931
965
932
966
933
967
934
968
935
969
936
970
937
971
938
972
939
973
940
974
941
975
942
976
943
977
944
978
945
979
946
980
981
948
982
949
983
950
984
951
985
952
986
953
987
954
988
955
989
956
990
957
991
958
992
959
993
960
994
961
995
962
996
963
997
964
998
965
999
966
1000
967
1001
968
1002
969
1003
970
1004
971
1005
972
1006
973
1007
974
1008
975
1009
976
1010
977
1011
978
1012
979
1013
980
1014
981
1015
1016
983
1017
984
1018
985
1019
986
1020
987
1021
988
1022
989
1023
990
1024
991
1025
992
1026
993
1027
994
1028
995
1029
996
1030
997
1031
998
1032
999
1033
1000
1034
1001
1035
1002
1036
1003
1037
1004
1038
1005
1039
1006
1040
1007
1041
1008
1042
1009
1043
1010
1044
1011
1045
1012
1046
1013
1047
1014
1048
1015
1049
1016
1050
1051
1018
1052
1019
1053
1020
1054
1021
1055
1022
1056
1023
1057
1024
1058
1025
1059
1026
1060
1027
1061
1028
1062
1029
1063
1030
1064
1031
1065
1032
1066
1033
1067
1034
1068
1035
1069
1036
1070
1037
1071
1038
1072
1039
1073
1040
1074
1041
1075
1042
1076
1043
1077
1044
1078
1045
1079
1046
1080
1047
1081
1048
1082
1049
1083
1050
1084
1051
1085
1086
1053
1087
1054
1088
1055
1089
1056
1090
1057
1091
1058
1092
1059
1093
1060
1094
1061
1095
1062
1096
1063
1097
1064
1098
1065
1099
1066
1100
1067
1101
1068
1102
1069
1103
1070
1104
1071
1105
1072
1106
1073
1107
1074
1108
1075
1109
1076
1110
1077
1111
1078
1112
1079
1113
1080
1114
1081
1115
1082
1116
1083
1117
1084
1118
1085
1119
1086
1120
1121
1088
1122
1089
1123
1090
1124
1091
1125
1092
1126
1093
1127
1094
1128
1095
1129
1096
1130
1097
1131
1098
1132
1099
1133
1100
1134
1101
1135
1102
1136
1103
1137
1104
1138
1105
1139
1106
1140
1107
1141
1108
1142
1109
1143
1110
1144
1111
1145
1112
1146
1113
1147
1114
1148
1115
1149
1116
1150
1117
1151
1118
1152
1119
1153
1120
1154
1121
1155
1156
1123
1157
1124
1158
1125
1159
1126
1160
1127
1161
1128
1162
1129
1163
1130
1164
1131
1165
1132
1166
1133
1167
1134
1168
1135
1169
1136
1170
1137
1171
1138
1172
1139
1173
1140
1174
1141
1175
1142
1176
1143
1177
1144
1178
1145
1179
1146
1180
1147
1181
1148
1182
1149
1183
1150
1184
1151
1185
1152
1186
1153
1187
1154
1188
1155
1189
1156
1190
1191
1158
1192
1159
1193
1160
1194
1161
1195
1162
1196
1163
1197
1164
1198
1165
1199
1166
1200
1167
1201
1168
1202
1169
1203
1170
1204
1171
1205
1172
1206
1173
1207
1174
1208
1175
1209
1176
1210
1177
1211
1178
1212
1179
1213
1180
1214
1181
1215
1182
1216
1183
1217
1184
1218
1185
1219
1186
1220
1187
1221
1188
1222
1189
1223
1190
1224
1191
1225
1226
1193
1194
1195
1196
1197
1198
1199
1200
1201
1202
1203
1204
1205
1206
1207
1208
1209
1210
1211
1212
1213
1214
1215
1216
1217
1218
1219
1220
1221
1222
1223
1224
1225
1226
)


// ************************************************************************* //
