/*--------------------------------*- C++ -*----------------------------------*\
| =========                 |                                                 |
| \\      /  F ield         | OpenFOAM: The Open Source CFD Toolbox           |
|  \\    /   O peration     | Version:  2.3.1                                 |
|   \\  /    A nd           | Web:      www.OpenFOAM.org                      |
|    \\/     M anipulation  |                                                 |
\*---------------------------------------------------------------------------*/
FoamFile
{
    version     2.0;
    format      ascii;
    class       labelList;
    note        "nPoints:2688  nCells:1227  nFaces:5026  nInternalFaces:2336";
    location    "constant/polyMesh";
    object      owner;
}
// * * * * * * * * * * * * * * * * * * * * * * * * * * * * * * * * * * * * * //


5026
(
0
0
1
1
2
2
3
3
4
4
5
5
6
6
7
7
8
8
9
9
10
10
11
11
12
12
13
13
14
14
15
15
16
16
17
17
18
18
19
19
20
20
21
21
22
22
23
23
24
24
25
25
26
26
27
27
28
28
29
29
30
30
31
31
32
32
33
33
34
35
35
36
36
37
37
38
38
39
39
40
40
41
41
42
42
43
43
44
44
45
45
46
46
47
47
48
48
49
49
50
50
51
51
52
52
53
53
54
54
55
55
56
56
57
57
58
58
59
59
60
60
61
61
62
62
63
63
64
64
65
65
66
66
67
67
68
68
69
70
70
71
71
72
72
73
73
74
74
75
75
76
76
77
78
79
80
81
82
83
84
85
86
87
88
89
90
91
92
93
94
95
96
97
97
98
98
99
99
100
100
101
101
102
102
103
103
104
105
105
106
106
107
107
108
108
109
109
110
110
111
112
112
113
113
114
114
115
115
116
116
117
117
118
118
119
120
120
121
121
122
122
123
123
124
124
125
125
126
127
127
128
128
129
129
130
130
131
131
132
132
133
133
134
135
135
136
136
137
137
138
138
139
139
140
140
141
142
142
143
143
144
144
145
145
146
146
147
147
148
148
149
150
150
151
151
152
152
153
153
154
154
155
155
156
157
157
158
158
159
159
160
160
161
161
162
162
163
163
164
165
165
166
166
167
167
168
168
169
169
170
170
171
172
172
173
173
174
174
175
175
176
176
177
177
178
178
179
180
180
181
181
182
182
183
183
184
184
185
185
186
187
187
188
188
189
189
190
190
191
191
192
192
193
193
194
195
195
196
196
197
197
198
198
199
199
200
200
201
202
202
203
203
204
204
205
205
206
206
207
207
208
208
209
210
210
211
211
212
212
213
213
214
214
215
215
216
217
217
218
218
219
219
220
220
221
221
222
222
223
223
224
225
225
226
226
227
227
228
228
229
229
230
230
231
231
232
232
233
233
234
234
235
235
236
236
237
237
238
238
239
239
240
240
241
241
242
242
243
243
244
244
245
245
246
246
247
247
248
248
249
249
250
250
251
251
252
252
253
253
254
254
255
255
256
256
257
257
258
258
259
260
260
261
261
262
262
263
263
264
264
265
265
266
266
267
267
268
268
269
269
270
270
271
271
272
272
273
273
274
274
275
275
276
276
277
277
278
278
279
279
280
280
281
281
282
282
283
283
284
284
285
285
286
286
287
287
288
288
289
289
290
290
291
291
292
292
293
293
294
295
295
296
296
297
297
298
298
299
299
300
300
301
301
302
302
303
303
304
304
305
305
306
306
307
307
308
308
309
309
310
310
311
311
312
312
313
313
314
314
315
315
316
316
317
317
318
318
319
319
320
320
321
321
322
322
323
323
324
324
325
325
326
326
327
327
328
328
329
330
330
331
331
332
332
333
333
334
334
335
335
336
336
337
337
338
338
339
339
340
340
341
341
342
342
343
343
344
344
345
345
346
346
347
347
348
348
349
349
350
350
351
351
352
352
353
353
354
354
355
355
356
356
357
357
358
358
359
359
360
360
361
361
362
362
363
363
364
365
365
366
366
367
367
368
368
369
369
370
370
371
371
372
372
373
373
374
374
375
375
376
376
377
377
378
378
379
379
380
380
381
381
382
382
383
383
384
384
385
385
386
386
387
387
388
388
389
389
390
390
391
391
392
392
393
393
394
394
395
395
396
396
397
397
398
398
399
400
400
401
401
402
402
403
403
404
404
405
405
406
406
407
407
408
408
409
409
410
410
411
411
412
412
413
413
414
414
415
415
416
416
417
417
418
418
419
419
420
420
421
421
422
422
423
423
424
424
425
425
426
426
427
427
428
428
429
429
430
430
431
431
432
432
433
433
434
435
435
436
436
437
437
438
438
439
439
440
440
441
441
442
442
443
443
444
444
445
445
446
446
447
447
448
448
449
449
450
450
451
451
452
452
453
453
454
454
455
455
456
456
457
457
458
458
459
459
460
460
461
461
462
462
463
463
464
464
465
465
466
466
467
467
468
468
469
470
470
471
471
472
472
473
473
474
474
475
475
476
476
477
477
478
478
479
479
480
480
481
481
482
482
483
483
484
484
485
485
486
486
487
487
488
488
489
489
490
490
491
491
492
492
493
493
494
494
495
495
496
496
497
497
498
498
499
499
500
500
501
501
502
502
503
503
504
505
505
506
506
507
507
508
508
509
509
510
510
511
511
512
512
513
513
514
514
515
515
516
516
517
517
518
518
519
519
520
520
521
521
522
522
523
523
524
524
525
525
526
526
527
527
528
528
529
529
530
530
531
531
532
532
533
533
534
534
535
535
536
536
537
537
538
538
539
540
540
541
541
542
542
543
543
544
544
545
545
546
546
547
547
548
548
549
549
550
550
551
551
552
552
553
553
554
554
555
555
556
556
557
557
558
558
559
559
560
560
561
561
562
562
563
563
564
564
565
565
566
566
567
567
568
568
569
569
570
570
571
571
572
572
573
573
574
575
575
576
576
577
577
578
578
579
579
580
580
581
581
582
582
583
583
584
584
585
585
586
586
587
587
588
588
589
589
590
590
591
591
592
592
593
593
594
594
595
595
596
596
597
597
598
598
599
599
600
600
601
601
602
602
603
603
604
604
605
605
606
606
607
607
608
608
609
610
610
611
611
612
612
613
613
614
614
615
615
616
616
617
617
618
618
619
619
620
620
621
622
623
624
625
626
627
627
628
628
629
629
630
630
631
631
632
632
633
633
634
634
635
635
636
636
637
637
638
638
639
639
640
640
641
641
642
642
643
643
644
645
645
646
646
647
647
648
648
649
649
650
650
651
651
652
652
653
653
654
654
655
656
656
657
657
658
658
659
659
660
660
661
661
662
662
663
663
664
664
665
665
666
666
667
667
668
668
669
669
670
670
671
671
672
672
673
674
674
675
675
676
676
677
677
678
678
679
679
680
680
681
681
682
682
683
683
684
685
685
686
686
687
687
688
688
689
689
690
690
691
691
692
692
693
693
694
694
695
695
696
696
697
697
698
698
699
699
700
700
701
701
702
703
703
704
704
705
705
706
706
707
707
708
708
709
709
710
710
711
711
712
712
713
714
714
715
715
716
716
717
717
718
718
719
719
720
720
721
721
722
722
723
723
724
724
725
725
726
726
727
727
728
728
729
729
730
730
731
732
732
733
733
734
734
735
735
736
736
737
737
738
738
739
739
740
740
741
741
742
743
743
744
744
745
745
746
746
747
747
748
748
749
749
750
750
751
751
752
752
753
753
754
754
755
755
756
756
757
757
758
758
759
759
760
761
761
762
762
763
763
764
764
765
765
766
766
767
767
768
768
769
769
770
770
771
772
772
773
773
774
774
775
775
776
776
777
777
778
778
779
779
780
780
781
781
782
782
783
783
784
784
785
785
786
786
787
787
788
788
789
790
790
791
791
792
792
793
793
794
794
795
795
796
796
797
797
798
798
799
799
800
801
801
802
802
803
803
804
804
805
805
806
806
807
807
808
808
809
809
810
810
811
811
812
812
813
813
814
814
815
815
816
816
817
817
818
819
819
820
820
821
821
822
822
823
823
824
824
825
825
826
826
827
827
828
828
829
830
830
831
831
832
832
833
833
834
834
835
835
836
836
837
837
838
838
839
839
840
840
841
841
842
842
843
843
844
844
845
845
846
846
847
848
848
849
849
850
850
851
851
852
852
853
853
854
854
855
855
856
856
857
857
858
859
859
860
860
861
861
862
862
863
863
864
864
865
865
866
866
867
867
868
868
869
869
870
870
871
871
872
872
873
873
874
874
875
875
876
877
877
878
878
879
879
880
880
881
881
882
882
883
883
884
884
885
885
886
886
887
887
888
888
889
889
890
890
891
891
892
892
893
893
894
894
895
895
896
896
897
897
898
898
899
899
900
900
901
901
902
902
903
903
904
904
905
905
906
906
907
907
908
908
909
909
910
910
911
912
912
913
913
914
914
915
915
916
916
917
917
918
918
919
919
920
920
921
921
922
922
923
923
924
924
925
925
926
926
927
927
928
928
929
929
930
930
931
931
932
932
933
933
934
934
935
935
936
936
937
937
938
938
939
939
940
940
941
941
942
942
943
943
944
944
945
945
946
947
947
948
948
949
949
950
950
951
951
952
952
953
953
954
954
955
955
956
956
957
957
958
958
959
959
960
960
961
961
962
962
963
963
964
964
965
965
966
966
967
967
968
968
969
969
970
970
971
971
972
972
973
973
974
974
975
975
976
976
977
977
978
978
979
979
980
980
981
982
982
983
983
984
984
985
985
986
986
987
987
988
988
989
989
990
990
991
991
992
992
993
993
994
994
995
995
996
996
997
997
998
998
999
999
1000
1000
1001
1001
1002
1002
1003
1003
1004
1004
1005
1005
1006
1006
1007
1007
1008
1008
1009
1009
1010
1010
1011
1011
1012
1012
1013
1013
1014
1014
1015
1015
1016
1017
1017
1018
1018
1019
1019
1020
1020
1021
1021
1022
1022
1023
1023
1024
1024
1025
1025
1026
1026
1027
1027
1028
1028
1029
1029
1030
1030
1031
1031
1032
1032
1033
1033
1034
1034
1035
1035
1036
1036
1037
1037
1038
1038
1039
1039
1040
1040
1041
1041
1042
1042
1043
1043
1044
1044
1045
1045
1046
1046
1047
1047
1048
1048
1049
1049
1050
1050
1051
1052
1052
1053
1053
1054
1054
1055
1055
1056
1056
1057
1057
1058
1058
1059
1059
1060
1060
1061
1061
1062
1062
1063
1063
1064
1064
1065
1065
1066
1066
1067
1067
1068
1068
1069
1069
1070
1070
1071
1071
1072
1072
1073
1073
1074
1074
1075
1075
1076
1076
1077
1077
1078
1078
1079
1079
1080
1080
1081
1081
1082
1082
1083
1083
1084
1084
1085
1085
1086
1087
1087
1088
1088
1089
1089
1090
1090
1091
1091
1092
1092
1093
1093
1094
1094
1095
1095
1096
1096
1097
1097
1098
1098
1099
1099
1100
1100
1101
1101
1102
1102
1103
1103
1104
1104
1105
1105
1106
1106
1107
1107
1108
1108
1109
1109
1110
1110
1111
1111
1112
1112
1113
1113
1114
1114
1115
1115
1116
1116
1117
1117
1118
1118
1119
1119
1120
1120
1121
1122
1122
1123
1123
1124
1124
1125
1125
1126
1126
1127
1127
1128
1128
1129
1129
1130
1130
1131
1131
1132
1132
1133
1133
1134
1134
1135
1135
1136
1136
1137
1137
1138
1138
1139
1139
1140
1140
1141
1141
1142
1142
1143
1143
1144
1144
1145
1145
1146
1146
1147
1147
1148
1148
1149
1149
1150
1150
1151
1151
1152
1152
1153
1153
1154
1154
1155
1155
1156
1157
1157
1158
1158
1159
1159
1160
1160
1161
1161
1162
1162
1163
1163
1164
1164
1165
1165
1166
1166
1167
1167
1168
1168
1169
1169
1170
1170
1171
1171
1172
1172
1173
1173
1174
1174
1175
1175
1176
1176
1177
1177
1178
1178
1179
1179
1180
1180
1181
1181
1182
1182
1183
1183
1184
1184
1185
1185
1186
1186
1187
1187
1188
1188
1189
1189
1190
1190
1191
1192
1193
1194
1195
1196
1197
1198
1199
1200
1201
1202
1203
1204
1205
1206
1207
1208
1209
1210
1211
1212
1213
1214
1215
1216
1217
1218
1219
1220
1221
1222
1223
1224
1225
0
35
70
105
120
135
150
165
180
195
210
225
260
295
330
365
400
435
470
505
540
575
610
645
674
703
732
761
790
819
848
877
912
947
982
1017
1052
1087
1122
1157
1192
1
36
71
106
121
136
151
166
181
196
211
226
261
296
331
366
401
436
471
506
541
576
611
646
675
704
733
762
791
820
849
878
913
948
983
1018
1053
1088
1123
1158
1193
2
37
72
107
122
137
152
167
182
197
212
227
262
297
332
367
402
437
472
507
542
577
612
647
676
705
734
763
792
821
850
879
914
949
984
1019
1054
1089
1124
1159
1194
3
38
73
108
123
138
153
168
183
198
213
228
263
298
333
368
403
438
473
508
543
578
613
648
677
706
735
764
793
822
851
880
915
950
985
1020
1055
1090
1125
1160
1195
4
39
74
109
124
139
154
169
184
199
214
229
264
299
334
369
404
439
474
509
544
579
614
649
678
707
736
765
794
823
852
881
916
951
986
1021
1056
1091
1126
1161
1196
5
40
75
110
125
140
155
170
185
200
215
230
265
300
335
370
405
440
475
510
545
580
615
650
679
708
737
766
795
824
853
882
917
952
987
1022
1057
1092
1127
1162
1197
6
41
76
111
126
141
156
171
186
201
216
231
266
301
336
371
406
441
476
511
546
581
616
651
680
709
738
767
796
825
854
883
918
953
988
1023
1058
1093
1128
1163
1198
7
42
77
232
267
302
337
372
407
442
477
512
547
582
617
652
681
710
739
768
797
826
855
884
919
954
989
1024
1059
1094
1129
1164
1199
8
43
78
233
268
303
338
373
408
443
478
513
548
583
618
653
682
711
740
769
798
827
856
885
920
955
990
1025
1060
1095
1130
1165
1200
9
44
79
234
269
304
339
374
409
444
479
514
549
584
619
654
683
712
741
770
799
828
857
886
921
956
991
1026
1061
1096
1131
1166
1201
10
45
80
235
270
305
340
375
410
445
480
515
550
585
620
655
684
713
742
771
800
829
858
887
922
957
992
1027
1062
1097
1132
1167
1202
11
46
81
236
271
306
341
376
411
446
481
516
551
586
621
888
923
958
993
1028
1063
1098
1133
1168
1203
12
47
82
237
272
307
342
377
412
447
482
517
552
587
622
889
924
959
994
1029
1064
1099
1134
1169
1204
13
48
83
238
273
308
343
378
413
448
483
518
553
588
623
890
925
960
995
1030
1065
1100
1135
1170
1205
14
49
84
239
274
309
344
379
414
449
484
519
554
589
624
891
926
961
996
1031
1066
1101
1136
1171
1206
15
50
85
240
275
310
345
380
415
450
485
520
555
590
625
892
927
962
997
1032
1067
1102
1137
1172
1207
16
51
86
241
276
311
346
381
416
451
486
521
556
591
626
893
928
963
998
1033
1068
1103
1138
1173
1208
17
52
87
242
277
312
347
382
417
452
487
522
557
592
627
656
685
714
743
772
801
830
859
894
929
964
999
1034
1069
1104
1139
1174
1209
18
53
88
243
278
313
348
383
418
453
488
523
558
593
628
657
686
715
744
773
802
831
860
895
930
965
1000
1035
1070
1105
1140
1175
1210
19
54
89
244
279
314
349
384
419
454
489
524
559
594
629
658
687
716
745
774
803
832
861
896
931
966
1001
1036
1071
1106
1141
1176
1211
20
55
90
245
280
315
350
385
420
455
490
525
560
595
630
659
688
717
746
775
804
833
862
897
932
967
1002
1037
1072
1107
1142
1177
1212
21
56
91
246
281
316
351
386
421
456
491
526
561
596
631
660
689
718
747
776
805
834
863
898
933
968
1003
1038
1073
1108
1143
1178
1213
22
57
92
247
282
317
352
387
422
457
492
527
562
597
632
661
690
719
748
777
806
835
864
899
934
969
1004
1039
1074
1109
1144
1179
1214
23
58
93
248
283
318
353
388
423
458
493
528
563
598
633
662
691
720
749
778
807
836
865
900
935
970
1005
1040
1075
1110
1145
1180
1215
24
59
94
249
284
319
354
389
424
459
494
529
564
599
634
663
692
721
750
779
808
837
866
901
936
971
1006
1041
1076
1111
1146
1181
1216
25
60
95
250
285
320
355
390
425
460
495
530
565
600
635
664
693
722
751
780
809
838
867
902
937
972
1007
1042
1077
1112
1147
1182
1217
26
61
96
251
286
321
356
391
426
461
496
531
566
601
636
665
694
723
752
781
810
839
868
903
938
973
1008
1043
1078
1113
1148
1183
1218
27
62
97
112
127
142
157
172
187
202
217
252
287
322
357
392
427
462
497
532
567
602
637
666
695
724
753
782
811
840
869
904
939
974
1009
1044
1079
1114
1149
1184
1219
28
63
98
113
128
143
158
173
188
203
218
253
288
323
358
393
428
463
498
533
568
603
638
667
696
725
754
783
812
841
870
905
940
975
1010
1045
1080
1115
1150
1185
1220
29
64
99
114
129
144
159
174
189
204
219
254
289
324
359
394
429
464
499
534
569
604
639
668
697
726
755
784
813
842
871
906
941
976
1011
1046
1081
1116
1151
1186
1221
30
65
100
115
130
145
160
175
190
205
220
255
290
325
360
395
430
465
500
535
570
605
640
669
698
727
756
785
814
843
872
907
942
977
1012
1047
1082
1117
1152
1187
1222
31
66
101
116
131
146
161
176
191
206
221
256
291
326
361
396
431
466
501
536
571
606
641
670
699
728
757
786
815
844
873
908
943
978
1013
1048
1083
1118
1153
1188
1223
32
67
102
117
132
147
162
177
192
207
222
257
292
327
362
397
432
467
502
537
572
607
642
671
700
729
758
787
816
845
874
909
944
979
1014
1049
1084
1119
1154
1189
1224
33
68
103
118
133
148
163
178
193
208
223
258
293
328
363
398
433
468
503
538
573
608
643
672
701
730
759
788
817
846
875
910
945
980
1015
1050
1085
1120
1155
1190
1225
34
69
104
119
134
149
164
179
194
209
224
259
294
329
364
399
434
469
504
539
574
609
644
673
702
731
760
789
818
847
876
911
946
981
1016
1051
1086
1121
1156
1191
1226
0
35
70
105
120
135
150
165
180
195
210
225
260
295
330
365
400
435
470
505
540
575
610
645
674
703
732
761
790
819
848
877
912
947
982
1017
1052
1087
1122
1157
1192
1
36
71
106
121
136
151
166
181
196
211
226
261
296
331
366
401
436
471
506
541
576
611
646
675
704
733
762
791
820
849
878
913
948
983
1018
1053
1088
1123
1158
1193
2
37
72
107
122
137
152
167
182
197
212
227
262
297
332
367
402
437
472
507
542
577
612
647
676
705
734
763
792
821
850
879
914
949
984
1019
1054
1089
1124
1159
1194
3
38
73
108
123
138
153
168
183
198
213
228
263
298
333
368
403
438
473
508
543
578
613
648
677
706
735
764
793
822
851
880
915
950
985
1020
1055
1090
1125
1160
1195
4
39
74
109
124
139
154
169
184
199
214
229
264
299
334
369
404
439
474
509
544
579
614
649
678
707
736
765
794
823
852
881
916
951
986
1021
1056
1091
1126
1161
1196
5
40
75
110
125
140
155
170
185
200
215
230
265
300
335
370
405
440
475
510
545
580
615
650
679
708
737
766
795
824
853
882
917
952
987
1022
1057
1092
1127
1162
1197
6
41
76
111
126
141
156
171
186
201
216
231
266
301
336
371
406
441
476
511
546
581
616
651
680
709
738
767
796
825
854
883
918
953
988
1023
1058
1093
1128
1163
1198
7
42
77
232
267
302
337
372
407
442
477
512
547
582
617
652
681
710
739
768
797
826
855
884
919
954
989
1024
1059
1094
1129
1164
1199
8
43
78
233
268
303
338
373
408
443
478
513
548
583
618
653
682
711
740
769
798
827
856
885
920
955
990
1025
1060
1095
1130
1165
1200
9
44
79
234
269
304
339
374
409
444
479
514
549
584
619
654
683
712
741
770
799
828
857
886
921
956
991
1026
1061
1096
1131
1166
1201
10
45
80
235
270
305
340
375
410
445
480
515
550
585
620
655
684
713
742
771
800
829
858
887
922
957
992
1027
1062
1097
1132
1167
1202
11
46
81
236
271
306
341
376
411
446
481
516
551
586
621
888
923
958
993
1028
1063
1098
1133
1168
1203
12
47
82
237
272
307
342
377
412
447
482
517
552
587
622
889
924
959
994
1029
1064
1099
1134
1169
1204
13
48
83
238
273
308
343
378
413
448
483
518
553
588
623
890
925
960
995
1030
1065
1100
1135
1170
1205
14
49
84
239
274
309
344
379
414
449
484
519
554
589
624
891
926
961
996
1031
1066
1101
1136
1171
1206
15
50
85
240
275
310
345
380
415
450
485
520
555
590
625
892
927
962
997
1032
1067
1102
1137
1172
1207
16
51
86
241
276
311
346
381
416
451
486
521
556
591
626
893
928
963
998
1033
1068
1103
1138
1173
1208
17
52
87
242
277
312
347
382
417
452
487
522
557
592
627
656
685
714
743
772
801
830
859
894
929
964
999
1034
1069
1104
1139
1174
1209
18
53
88
243
278
313
348
383
418
453
488
523
558
593
628
657
686
715
744
773
802
831
860
895
930
965
1000
1035
1070
1105
1140
1175
1210
19
54
89
244
279
314
349
384
419
454
489
524
559
594
629
658
687
716
745
774
803
832
861
896
931
966
1001
1036
1071
1106
1141
1176
1211
20
55
90
245
280
315
350
385
420
455
490
525
560
595
630
659
688
717
746
775
804
833
862
897
932
967
1002
1037
1072
1107
1142
1177
1212
21
56
91
246
281
316
351
386
421
456
491
526
561
596
631
660
689
718
747
776
805
834
863
898
933
968
1003
1038
1073
1108
1143
1178
1213
22
57
92
247
282
317
352
387
422
457
492
527
562
597
632
661
690
719
748
777
806
835
864
899
934
969
1004
1039
1074
1109
1144
1179
1214
23
58
93
248
283
318
353
388
423
458
493
528
563
598
633
662
691
720
749
778
807
836
865
900
935
970
1005
1040
1075
1110
1145
1180
1215
24
59
94
249
284
319
354
389
424
459
494
529
564
599
634
663
692
721
750
779
808
837
866
901
936
971
1006
1041
1076
1111
1146
1181
1216
25
60
95
250
285
320
355
390
425
460
495
530
565
600
635
664
693
722
751
780
809
838
867
902
937
972
1007
1042
1077
1112
1147
1182
1217
26
61
96
251
286
321
356
391
426
461
496
531
566
601
636
665
694
723
752
781
810
839
868
903
938
973
1008
1043
1078
1113
1148
1183
1218
27
62
97
112
127
142
157
172
187
202
217
252
287
322
357
392
427
462
497
532
567
602
637
666
695
724
753
782
811
840
869
904
939
974
1009
1044
1079
1114
1149
1184
1219
28
63
98
113
128
143
158
173
188
203
218
253
288
323
358
393
428
463
498
533
568
603
638
667
696
725
754
783
812
841
870
905
940
975
1010
1045
1080
1115
1150
1185
1220
29
64
99
114
129
144
159
174
189
204
219
254
289
324
359
394
429
464
499
534
569
604
639
668
697
726
755
784
813
842
871
906
941
976
1011
1046
1081
1116
1151
1186
1221
30
65
100
115
130
145
160
175
190
205
220
255
290
325
360
395
430
465
500
535
570
605
640
669
698
727
756
785
814
843
872
907
942
977
1012
1047
1082
1117
1152
1187
1222
31
66
101
116
131
146
161
176
191
206
221
256
291
326
361
396
431
466
501
536
571
606
641
670
699
728
757
786
815
844
873
908
943
978
1013
1048
1083
1118
1153
1188
1223
32
67
102
117
132
147
162
177
192
207
222
257
292
327
362
397
432
467
502
537
572
607
642
671
700
729
758
787
816
845
874
909
944
979
1014
1049
1084
1119
1154
1189
1224
33
68
103
118
133
148
163
178
193
208
223
258
293
328
363
398
433
468
503
538
573
608
643
672
701
730
759
788
817
846
875
910
945
980
1015
1050
1085
1120
1155
1190
1225
34
69
104
119
134
149
164
179
194
209
224
259
294
329
364
399
434
469
504
539
574
609
644
673
702
731
760
789
818
847
876
911
946
981
1016
1051
1086
1121
1156
1191
1226
0
1
2
3
4
5
6
7
8
9
10
11
12
13
14
15
16
17
18
19
20
21
22
23
24
25
26
27
28
29
30
31
32
33
34
0
34
35
69
70
104
105
119
120
134
135
149
150
164
165
179
180
194
195
209
210
224
225
259
260
294
295
329
330
364
365
399
400
434
435
469
470
504
505
539
540
574
575
609
610
644
645
673
674
702
703
731
732
760
761
789
790
818
819
847
848
876
877
911
912
946
947
981
982
1016
1017
1051
1052
1086
1087
1121
1122
1156
1157
1191
1192
1192
1193
1194
1195
1196
1197
1198
1199
1200
1201
1202
1203
1204
1205
1206
1207
1208
1209
1210
1211
1212
1213
1214
1215
1216
1217
1218
1219
1220
1221
1222
1223
1224
1225
1226
1226
655
684
713
742
771
800
829
858
656
685
714
743
772
801
830
859
888
889
890
891
892
893
621
622
623
624
625
626
77
78
79
80
81
82
83
84
85
86
87
88
89
90
91
92
93
94
95
96
111
126
141
156
171
186
201
216
112
127
142
157
172
187
202
232
233
234
235
236
237
238
239
240
241
242
243
244
245
246
247
248
249
250
217
251
)


// ************************************************************************* //
