/*--------------------------------*- C++ -*----------------------------------*\
| =========                 |                                                 |
| \\      /  F ield         | OpenFOAM: The Open Source CFD Toolbox           |
|  \\    /   O peration     | Version:  2.3.1                                 |
|   \\  /    A nd           | Web:      www.OpenFOAM.org                      |
|    \\/     M anipulation  |                                                 |
\*---------------------------------------------------------------------------*/
FoamFile
{
    version     2.0;
    format      ascii;
    class       vectorField;
    location    "constant/polyMesh";
    object      points;
}
// * * * * * * * * * * * * * * * * * * * * * * * * * * * * * * * * * * * * * //


2688
(
(31.9 9.1 1.71)
(32 9.1 1.71)
(32.1 9.1 1.71)
(32.2 9.1 1.71)
(32.3 9.1 1.71)
(32.4 9.1 1.71)
(32.5 9.1 1.71)
(32.6 9.1 1.71)
(32.7 9.1 1.71)
(32.8 9.1 1.71)
(32.9 9.1 1.71)
(33 9.1 1.71)
(33.1 9.1 1.71)
(33.2 9.1 1.71)
(33.3 9.1 1.71)
(33.4 9.1 1.71)
(33.5 9.1 1.71)
(33.6 9.1 1.71)
(33.7 9.1 1.71)
(33.8 9.1 1.71)
(33.9 9.1 1.71)
(34 9.1 1.71)
(34.1 9.1 1.71)
(34.2 9.1 1.71)
(34.3 9.1 1.71)
(34.4 9.1 1.71)
(34.5 9.1 1.71)
(34.6 9.1 1.71)
(34.7 9.1 1.71)
(34.8 9.1 1.71)
(34.9 9.1 1.71)
(35 9.1 1.71)
(35.1 9.1 1.71)
(35.2 9.1 1.71)
(35.3 9.1 1.71)
(35.4 9.1 1.71)
(31.9 9.2 1.71)
(32 9.2 1.71)
(32.1 9.2 1.71)
(32.2 9.2 1.71)
(32.3 9.2 1.71)
(32.4 9.2 1.71)
(32.5 9.2 1.71)
(32.6 9.2 1.71)
(32.7 9.2 1.71)
(32.8 9.2 1.71)
(32.9 9.2 1.71)
(33 9.2 1.71)
(33.1 9.2 1.71)
(33.2 9.2 1.71)
(33.3 9.2 1.71)
(33.4 9.2 1.71)
(33.5 9.2 1.71)
(33.6 9.2 1.71)
(33.7 9.2 1.71)
(33.8 9.2 1.71)
(33.9 9.2 1.71)
(34 9.2 1.71)
(34.1 9.2 1.71)
(34.2 9.2 1.71)
(34.3 9.2 1.71)
(34.4 9.2 1.71)
(34.5 9.2 1.71)
(34.6 9.2 1.71)
(34.7 9.2 1.71)
(34.8 9.2 1.71)
(34.9 9.2 1.71)
(35 9.2 1.71)
(35.1 9.2 1.71)
(35.2 9.2 1.71)
(35.3 9.2 1.71)
(35.4 9.2 1.71)
(31.9 9.3 1.71)
(32 9.3 1.71)
(32.1 9.3 1.71)
(32.2 9.3 1.71)
(32.3 9.3 1.71)
(32.4 9.3 1.71)
(32.5 9.3 1.71)
(32.6 9.3 1.71)
(32.7 9.3 1.71)
(32.8 9.3 1.71)
(32.9 9.3 1.71)
(33 9.3 1.71)
(33.1 9.3 1.71)
(33.2 9.3 1.71)
(33.3 9.3 1.71)
(33.4 9.3 1.71)
(33.5 9.3 1.71)
(33.6 9.3 1.71)
(33.7 9.3 1.71)
(33.8 9.3 1.71)
(33.9 9.3 1.71)
(34 9.3 1.71)
(34.1 9.3 1.71)
(34.2 9.3 1.71)
(34.3 9.3 1.71)
(34.4 9.3 1.71)
(34.5 9.3 1.71)
(34.6 9.3 1.71)
(34.7 9.3 1.71)
(34.8 9.3 1.71)
(34.9 9.3 1.71)
(35 9.3 1.71)
(35.1 9.3 1.71)
(35.2 9.3 1.71)
(35.3 9.3 1.71)
(35.4 9.3 1.71)
(31.9 9.4 1.71)
(32 9.4 1.71)
(32.1 9.4 1.71)
(32.2 9.4 1.71)
(32.3 9.4 1.71)
(32.4 9.4 1.71)
(32.5 9.4 1.71)
(32.6 9.4 1.71)
(32.7 9.4 1.71)
(32.8 9.4 1.71)
(32.9 9.4 1.71)
(33 9.4 1.71)
(33.1 9.4 1.71)
(33.2 9.4 1.71)
(33.3 9.4 1.71)
(33.4 9.4 1.71)
(33.5 9.4 1.71)
(33.6 9.4 1.71)
(33.7 9.4 1.71)
(33.8 9.4 1.71)
(33.9 9.4 1.71)
(34 9.4 1.71)
(34.1 9.4 1.71)
(34.2 9.4 1.71)
(34.3 9.4 1.71)
(34.4 9.4 1.71)
(34.5 9.4 1.71)
(34.6 9.4 1.71)
(34.7 9.4 1.71)
(34.8 9.4 1.71)
(34.9 9.4 1.71)
(35 9.4 1.71)
(35.1 9.4 1.71)
(35.2 9.4 1.71)
(35.3 9.4 1.71)
(35.4 9.4 1.71)
(31.9 9.5 1.71)
(32 9.5 1.71)
(32.1 9.5 1.71)
(32.2 9.5 1.71)
(32.3 9.5 1.71)
(32.4 9.5 1.71)
(32.5 9.5 1.71)
(32.6 9.5 1.71)
(34.6 9.5 1.71)
(34.7 9.5 1.71)
(34.8 9.5 1.71)
(34.9 9.5 1.71)
(35 9.5 1.71)
(35.1 9.5 1.71)
(35.2 9.5 1.71)
(35.3 9.5 1.71)
(35.4 9.5 1.71)
(31.9 9.6 1.71)
(32 9.6 1.71)
(32.1 9.6 1.71)
(32.2 9.6 1.71)
(32.3 9.6 1.71)
(32.4 9.6 1.71)
(32.5 9.6 1.71)
(32.6 9.6 1.71)
(34.6 9.6 1.71)
(34.7 9.6 1.71)
(34.8 9.6 1.71)
(34.9 9.6 1.71)
(35 9.6 1.71)
(35.1 9.6 1.71)
(35.2 9.6 1.71)
(35.3 9.6 1.71)
(35.4 9.6 1.71)
(31.9 9.7 1.71)
(32 9.7 1.71)
(32.1 9.7 1.71)
(32.2 9.7 1.71)
(32.3 9.7 1.71)
(32.4 9.7 1.71)
(32.5 9.7 1.71)
(32.6 9.7 1.71)
(34.6 9.7 1.71)
(34.7 9.7 1.71)
(34.8 9.7 1.71)
(34.9 9.7 1.71)
(35 9.7 1.71)
(35.1 9.7 1.71)
(35.2 9.7 1.71)
(35.3 9.7 1.71)
(35.4 9.7 1.71)
(31.9 9.8 1.71)
(32 9.8 1.71)
(32.1 9.8 1.71)
(32.2 9.8 1.71)
(32.3 9.8 1.71)
(32.4 9.8 1.71)
(32.5 9.8 1.71)
(32.6 9.8 1.71)
(34.6 9.8 1.71)
(34.7 9.8 1.71)
(34.8 9.8 1.71)
(34.9 9.8 1.71)
(35 9.8 1.71)
(35.1 9.8 1.71)
(35.2 9.8 1.71)
(35.3 9.8 1.71)
(35.4 9.8 1.71)
(31.9 9.9 1.71)
(32 9.9 1.71)
(32.1 9.9 1.71)
(32.2 9.9 1.71)
(32.3 9.9 1.71)
(32.4 9.9 1.71)
(32.5 9.9 1.71)
(32.6 9.9 1.71)
(34.6 9.9 1.71)
(34.7 9.9 1.71)
(34.8 9.9 1.71)
(34.9 9.9 1.71)
(35 9.9 1.71)
(35.1 9.9 1.71)
(35.2 9.9 1.71)
(35.3 9.9 1.71)
(35.4 9.9 1.71)
(31.9 10 1.71)
(32 10 1.71)
(32.1 10 1.71)
(32.2 10 1.71)
(32.3 10 1.71)
(32.4 10 1.71)
(32.5 10 1.71)
(32.6 10 1.71)
(34.6 10 1.71)
(34.7 10 1.71)
(34.8 10 1.71)
(34.9 10 1.71)
(35 10 1.71)
(35.1 10 1.71)
(35.2 10 1.71)
(35.3 10 1.71)
(35.4 10 1.71)
(31.9 10.1 1.71)
(32 10.1 1.71)
(32.1 10.1 1.71)
(32.2 10.1 1.71)
(32.3 10.1 1.71)
(32.4 10.1 1.71)
(32.5 10.1 1.71)
(32.6 10.1 1.71)
(34.6 10.1 1.71)
(34.7 10.1 1.71)
(34.8 10.1 1.71)
(34.9 10.1 1.71)
(35 10.1 1.71)
(35.1 10.1 1.71)
(35.2 10.1 1.71)
(35.3 10.1 1.71)
(35.4 10.1 1.71)
(31.9 10.2 1.71)
(32 10.2 1.71)
(32.1 10.2 1.71)
(32.2 10.2 1.71)
(32.3 10.2 1.71)
(32.4 10.2 1.71)
(32.5 10.2 1.71)
(32.6 10.2 1.71)
(32.7 10.2 1.71)
(32.8 10.2 1.71)
(32.9 10.2 1.71)
(33 10.2 1.71)
(33.1 10.2 1.71)
(33.2 10.2 1.71)
(33.3 10.2 1.71)
(33.4 10.2 1.71)
(33.5 10.2 1.71)
(33.6 10.2 1.71)
(33.7 10.2 1.71)
(33.8 10.2 1.71)
(33.9 10.2 1.71)
(34 10.2 1.71)
(34.1 10.2 1.71)
(34.2 10.2 1.71)
(34.3 10.2 1.71)
(34.4 10.2 1.71)
(34.5 10.2 1.71)
(34.6 10.2 1.71)
(34.7 10.2 1.71)
(34.8 10.2 1.71)
(34.9 10.2 1.71)
(35 10.2 1.71)
(35.1 10.2 1.71)
(35.2 10.2 1.71)
(35.3 10.2 1.71)
(35.4 10.2 1.71)
(31.9 10.3 1.71)
(32 10.3 1.71)
(32.1 10.3 1.71)
(32.2 10.3 1.71)
(32.3 10.3 1.71)
(32.4 10.3 1.71)
(32.5 10.3 1.71)
(32.6 10.3 1.71)
(32.7 10.3 1.71)
(32.8 10.3 1.71)
(32.9 10.3 1.71)
(33 10.3 1.71)
(33.1 10.3 1.71)
(33.2 10.3 1.71)
(33.3 10.3 1.71)
(33.4 10.3 1.71)
(33.5 10.3 1.71)
(33.6 10.3 1.71)
(33.7 10.3 1.71)
(33.8 10.3 1.71)
(33.9 10.3 1.71)
(34 10.3 1.71)
(34.1 10.3 1.71)
(34.2 10.3 1.71)
(34.3 10.3 1.71)
(34.4 10.3 1.71)
(34.5 10.3 1.71)
(34.6 10.3 1.71)
(34.7 10.3 1.71)
(34.8 10.3 1.71)
(34.9 10.3 1.71)
(35 10.3 1.71)
(35.1 10.3 1.71)
(35.2 10.3 1.71)
(35.3 10.3 1.71)
(35.4 10.3 1.71)
(31.9 10.4 1.71)
(32 10.4 1.71)
(32.1 10.4 1.71)
(32.2 10.4 1.71)
(32.3 10.4 1.71)
(32.4 10.4 1.71)
(32.5 10.4 1.71)
(32.6 10.4 1.71)
(32.7 10.4 1.71)
(32.8 10.4 1.71)
(32.9 10.4 1.71)
(33 10.4 1.71)
(33.1 10.4 1.71)
(33.2 10.4 1.71)
(33.3 10.4 1.71)
(33.4 10.4 1.71)
(33.5 10.4 1.71)
(33.6 10.4 1.71)
(33.7 10.4 1.71)
(33.8 10.4 1.71)
(33.9 10.4 1.71)
(34 10.4 1.71)
(34.1 10.4 1.71)
(34.2 10.4 1.71)
(34.3 10.4 1.71)
(34.4 10.4 1.71)
(34.5 10.4 1.71)
(34.6 10.4 1.71)
(34.7 10.4 1.71)
(34.8 10.4 1.71)
(34.9 10.4 1.71)
(35 10.4 1.71)
(35.1 10.4 1.71)
(35.2 10.4 1.71)
(35.3 10.4 1.71)
(35.4 10.4 1.71)
(31.9 10.5 1.71)
(32 10.5 1.71)
(32.1 10.5 1.71)
(32.2 10.5 1.71)
(32.3 10.5 1.71)
(32.4 10.5 1.71)
(32.5 10.5 1.71)
(32.6 10.5 1.71)
(32.7 10.5 1.71)
(32.8 10.5 1.71)
(32.9 10.5 1.71)
(33 10.5 1.71)
(33.1 10.5 1.71)
(33.2 10.5 1.71)
(33.3 10.5 1.71)
(33.4 10.5 1.71)
(33.5 10.5 1.71)
(33.6 10.5 1.71)
(33.7 10.5 1.71)
(33.8 10.5 1.71)
(33.9 10.5 1.71)
(34 10.5 1.71)
(34.1 10.5 1.71)
(34.2 10.5 1.71)
(34.3 10.5 1.71)
(34.4 10.5 1.71)
(34.5 10.5 1.71)
(34.6 10.5 1.71)
(34.7 10.5 1.71)
(34.8 10.5 1.71)
(34.9 10.5 1.71)
(35 10.5 1.71)
(35.1 10.5 1.71)
(35.2 10.5 1.71)
(35.3 10.5 1.71)
(35.4 10.5 1.71)
(31.9 10.6 1.71)
(32 10.6 1.71)
(32.1 10.6 1.71)
(32.2 10.6 1.71)
(32.3 10.6 1.71)
(32.4 10.6 1.71)
(32.5 10.6 1.71)
(32.6 10.6 1.71)
(32.7 10.6 1.71)
(32.8 10.6 1.71)
(32.9 10.6 1.71)
(33 10.6 1.71)
(33.1 10.6 1.71)
(33.2 10.6 1.71)
(33.3 10.6 1.71)
(33.4 10.6 1.71)
(33.5 10.6 1.71)
(33.6 10.6 1.71)
(33.7 10.6 1.71)
(33.8 10.6 1.71)
(33.9 10.6 1.71)
(34 10.6 1.71)
(34.1 10.6 1.71)
(34.2 10.6 1.71)
(34.3 10.6 1.71)
(34.4 10.6 1.71)
(34.5 10.6 1.71)
(34.6 10.6 1.71)
(34.7 10.6 1.71)
(34.8 10.6 1.71)
(34.9 10.6 1.71)
(35 10.6 1.71)
(35.1 10.6 1.71)
(35.2 10.6 1.71)
(35.3 10.6 1.71)
(35.4 10.6 1.71)
(31.9 10.7 1.71)
(32 10.7 1.71)
(32.1 10.7 1.71)
(32.2 10.7 1.71)
(32.3 10.7 1.71)
(32.4 10.7 1.71)
(32.5 10.7 1.71)
(32.6 10.7 1.71)
(32.7 10.7 1.71)
(32.8 10.7 1.71)
(32.9 10.7 1.71)
(33 10.7 1.71)
(33.1 10.7 1.71)
(33.2 10.7 1.71)
(33.3 10.7 1.71)
(33.4 10.7 1.71)
(33.5 10.7 1.71)
(33.6 10.7 1.71)
(33.7 10.7 1.71)
(33.8 10.7 1.71)
(33.9 10.7 1.71)
(34 10.7 1.71)
(34.1 10.7 1.71)
(34.2 10.7 1.71)
(34.3 10.7 1.71)
(34.4 10.7 1.71)
(34.5 10.7 1.71)
(34.6 10.7 1.71)
(34.7 10.7 1.71)
(34.8 10.7 1.71)
(34.9 10.7 1.71)
(35 10.7 1.71)
(35.1 10.7 1.71)
(35.2 10.7 1.71)
(35.3 10.7 1.71)
(35.4 10.7 1.71)
(31.9 10.8 1.71)
(32 10.8 1.71)
(32.1 10.8 1.71)
(32.2 10.8 1.71)
(32.3 10.8 1.71)
(32.4 10.8 1.71)
(32.5 10.8 1.71)
(32.6 10.8 1.71)
(32.7 10.8 1.71)
(32.8 10.8 1.71)
(32.9 10.8 1.71)
(33 10.8 1.71)
(33.1 10.8 1.71)
(33.2 10.8 1.71)
(33.3 10.8 1.71)
(33.4 10.8 1.71)
(33.5 10.8 1.71)
(33.6 10.8 1.71)
(33.7 10.8 1.71)
(33.8 10.8 1.71)
(33.9 10.8 1.71)
(34 10.8 1.71)
(34.1 10.8 1.71)
(34.2 10.8 1.71)
(34.3 10.8 1.71)
(34.4 10.8 1.71)
(34.5 10.8 1.71)
(34.6 10.8 1.71)
(34.7 10.8 1.71)
(34.8 10.8 1.71)
(34.9 10.8 1.71)
(35 10.8 1.71)
(35.1 10.8 1.71)
(35.2 10.8 1.71)
(35.3 10.8 1.71)
(35.4 10.8 1.71)
(31.9 10.9 1.71)
(32 10.9 1.71)
(32.1 10.9 1.71)
(32.2 10.9 1.71)
(32.3 10.9 1.71)
(32.4 10.9 1.71)
(32.5 10.9 1.71)
(32.6 10.9 1.71)
(32.7 10.9 1.71)
(32.8 10.9 1.71)
(32.9 10.9 1.71)
(33 10.9 1.71)
(33.1 10.9 1.71)
(33.2 10.9 1.71)
(33.3 10.9 1.71)
(33.4 10.9 1.71)
(33.5 10.9 1.71)
(33.6 10.9 1.71)
(33.7 10.9 1.71)
(33.8 10.9 1.71)
(33.9 10.9 1.71)
(34 10.9 1.71)
(34.1 10.9 1.71)
(34.2 10.9 1.71)
(34.3 10.9 1.71)
(34.4 10.9 1.71)
(34.5 10.9 1.71)
(34.6 10.9 1.71)
(34.7 10.9 1.71)
(34.8 10.9 1.71)
(34.9 10.9 1.71)
(35 10.9 1.71)
(35.1 10.9 1.71)
(35.2 10.9 1.71)
(35.3 10.9 1.71)
(35.4 10.9 1.71)
(31.9 11 1.71)
(32 11 1.71)
(32.1 11 1.71)
(32.2 11 1.71)
(32.3 11 1.71)
(32.4 11 1.71)
(32.5 11 1.71)
(32.6 11 1.71)
(32.7 11 1.71)
(32.8 11 1.71)
(32.9 11 1.71)
(33 11 1.71)
(33.1 11 1.71)
(33.2 11 1.71)
(33.3 11 1.71)
(33.4 11 1.71)
(33.5 11 1.71)
(33.6 11 1.71)
(33.7 11 1.71)
(33.8 11 1.71)
(33.9 11 1.71)
(34 11 1.71)
(34.1 11 1.71)
(34.2 11 1.71)
(34.3 11 1.71)
(34.4 11 1.71)
(34.5 11 1.71)
(34.6 11 1.71)
(34.7 11 1.71)
(34.8 11 1.71)
(34.9 11 1.71)
(35 11 1.71)
(35.1 11 1.71)
(35.2 11 1.71)
(35.3 11 1.71)
(35.4 11 1.71)
(31.9 11.1 1.71)
(32 11.1 1.71)
(32.1 11.1 1.71)
(32.2 11.1 1.71)
(32.3 11.1 1.71)
(32.4 11.1 1.71)
(32.5 11.1 1.71)
(32.6 11.1 1.71)
(32.7 11.1 1.71)
(32.8 11.1 1.71)
(32.9 11.1 1.71)
(33 11.1 1.71)
(33.1 11.1 1.71)
(33.2 11.1 1.71)
(33.3 11.1 1.71)
(33.4 11.1 1.71)
(33.5 11.1 1.71)
(33.6 11.1 1.71)
(33.7 11.1 1.71)
(33.8 11.1 1.71)
(33.9 11.1 1.71)
(34 11.1 1.71)
(34.1 11.1 1.71)
(34.2 11.1 1.71)
(34.3 11.1 1.71)
(34.4 11.1 1.71)
(34.5 11.1 1.71)
(34.6 11.1 1.71)
(34.7 11.1 1.71)
(34.8 11.1 1.71)
(34.9 11.1 1.71)
(35 11.1 1.71)
(35.1 11.1 1.71)
(35.2 11.1 1.71)
(35.3 11.1 1.71)
(35.4 11.1 1.71)
(31.9 11.2 1.71)
(32 11.2 1.71)
(32.1 11.2 1.71)
(32.2 11.2 1.71)
(32.3 11.2 1.71)
(32.4 11.2 1.71)
(32.5 11.2 1.71)
(32.6 11.2 1.71)
(32.7 11.2 1.71)
(32.8 11.2 1.71)
(32.9 11.2 1.71)
(33 11.2 1.71)
(33.1 11.2 1.71)
(33.2 11.2 1.71)
(33.3 11.2 1.71)
(33.4 11.2 1.71)
(33.5 11.2 1.71)
(33.6 11.2 1.71)
(33.7 11.2 1.71)
(33.8 11.2 1.71)
(33.9 11.2 1.71)
(34 11.2 1.71)
(34.1 11.2 1.71)
(34.2 11.2 1.71)
(34.3 11.2 1.71)
(34.4 11.2 1.71)
(34.5 11.2 1.71)
(34.6 11.2 1.71)
(34.7 11.2 1.71)
(34.8 11.2 1.71)
(34.9 11.2 1.71)
(35 11.2 1.71)
(35.1 11.2 1.71)
(35.2 11.2 1.71)
(35.3 11.2 1.71)
(35.4 11.2 1.71)
(31.9 11.3 1.71)
(32 11.3 1.71)
(32.1 11.3 1.71)
(32.2 11.3 1.71)
(32.3 11.3 1.71)
(32.4 11.3 1.71)
(32.5 11.3 1.71)
(32.6 11.3 1.71)
(32.7 11.3 1.71)
(32.8 11.3 1.71)
(32.9 11.3 1.71)
(33 11.3 1.71)
(33.1 11.3 1.71)
(33.2 11.3 1.71)
(33.3 11.3 1.71)
(33.4 11.3 1.71)
(33.5 11.3 1.71)
(33.6 11.3 1.71)
(33.7 11.3 1.71)
(33.8 11.3 1.71)
(33.9 11.3 1.71)
(34 11.3 1.71)
(34.1 11.3 1.71)
(34.2 11.3 1.71)
(34.3 11.3 1.71)
(34.4 11.3 1.71)
(34.5 11.3 1.71)
(34.6 11.3 1.71)
(34.7 11.3 1.71)
(34.8 11.3 1.71)
(34.9 11.3 1.71)
(35 11.3 1.71)
(35.1 11.3 1.71)
(35.2 11.3 1.71)
(35.3 11.3 1.71)
(35.4 11.3 1.71)
(31.9 11.4 1.71)
(32 11.4 1.71)
(32.1 11.4 1.71)
(32.2 11.4 1.71)
(32.3 11.4 1.71)
(32.4 11.4 1.71)
(32.5 11.4 1.71)
(32.6 11.4 1.71)
(32.7 11.4 1.71)
(32.8 11.4 1.71)
(32.9 11.4 1.71)
(33 11.4 1.71)
(33.1 11.4 1.71)
(33.2 11.4 1.71)
(33.3 11.4 1.71)
(33.4 11.4 1.71)
(33.5 11.4 1.71)
(33.6 11.4 1.71)
(33.7 11.4 1.71)
(33.8 11.4 1.71)
(33.9 11.4 1.71)
(34 11.4 1.71)
(34.1 11.4 1.71)
(34.2 11.4 1.71)
(34.3 11.4 1.71)
(34.4 11.4 1.71)
(34.5 11.4 1.71)
(34.6 11.4 1.71)
(34.7 11.4 1.71)
(34.8 11.4 1.71)
(34.9 11.4 1.71)
(35 11.4 1.71)
(35.1 11.4 1.71)
(35.2 11.4 1.71)
(35.3 11.4 1.71)
(35.4 11.4 1.71)
(31.9 11.5 1.71)
(32 11.5 1.71)
(32.1 11.5 1.71)
(32.2 11.5 1.71)
(32.3 11.5 1.71)
(32.4 11.5 1.71)
(32.5 11.5 1.71)
(32.6 11.5 1.71)
(32.7 11.5 1.71)
(32.8 11.5 1.71)
(32.9 11.5 1.71)
(33 11.5 1.71)
(33.6 11.5 1.71)
(33.7 11.5 1.71)
(33.8 11.5 1.71)
(33.9 11.5 1.71)
(34 11.5 1.71)
(34.1 11.5 1.71)
(34.2 11.5 1.71)
(34.3 11.5 1.71)
(34.4 11.5 1.71)
(34.5 11.5 1.71)
(34.6 11.5 1.71)
(34.7 11.5 1.71)
(34.8 11.5 1.71)
(34.9 11.5 1.71)
(35 11.5 1.71)
(35.1 11.5 1.71)
(35.2 11.5 1.71)
(35.3 11.5 1.71)
(35.4 11.5 1.71)
(31.9 11.6 1.71)
(32 11.6 1.71)
(32.1 11.6 1.71)
(32.2 11.6 1.71)
(32.3 11.6 1.71)
(32.4 11.6 1.71)
(32.5 11.6 1.71)
(32.6 11.6 1.71)
(32.7 11.6 1.71)
(32.8 11.6 1.71)
(32.9 11.6 1.71)
(33 11.6 1.71)
(33.6 11.6 1.71)
(33.7 11.6 1.71)
(33.8 11.6 1.71)
(33.9 11.6 1.71)
(34 11.6 1.71)
(34.1 11.6 1.71)
(34.2 11.6 1.71)
(34.3 11.6 1.71)
(34.4 11.6 1.71)
(34.5 11.6 1.71)
(34.6 11.6 1.71)
(34.7 11.6 1.71)
(34.8 11.6 1.71)
(34.9 11.6 1.71)
(35 11.6 1.71)
(35.1 11.6 1.71)
(35.2 11.6 1.71)
(35.3 11.6 1.71)
(35.4 11.6 1.71)
(31.9 11.7 1.71)
(32 11.7 1.71)
(32.1 11.7 1.71)
(32.2 11.7 1.71)
(32.3 11.7 1.71)
(32.4 11.7 1.71)
(32.5 11.7 1.71)
(32.6 11.7 1.71)
(32.7 11.7 1.71)
(32.8 11.7 1.71)
(32.9 11.7 1.71)
(33 11.7 1.71)
(33.6 11.7 1.71)
(33.7 11.7 1.71)
(33.8 11.7 1.71)
(33.9 11.7 1.71)
(34 11.7 1.71)
(34.1 11.7 1.71)
(34.2 11.7 1.71)
(34.3 11.7 1.71)
(34.4 11.7 1.71)
(34.5 11.7 1.71)
(34.6 11.7 1.71)
(34.7 11.7 1.71)
(34.8 11.7 1.71)
(34.9 11.7 1.71)
(35 11.7 1.71)
(35.1 11.7 1.71)
(35.2 11.7 1.71)
(35.3 11.7 1.71)
(35.4 11.7 1.71)
(31.9 11.8 1.71)
(32 11.8 1.71)
(32.1 11.8 1.71)
(32.2 11.8 1.71)
(32.3 11.8 1.71)
(32.4 11.8 1.71)
(32.5 11.8 1.71)
(32.6 11.8 1.71)
(32.7 11.8 1.71)
(32.8 11.8 1.71)
(32.9 11.8 1.71)
(33 11.8 1.71)
(33.6 11.8 1.71)
(33.7 11.8 1.71)
(33.8 11.8 1.71)
(33.9 11.8 1.71)
(34 11.8 1.71)
(34.1 11.8 1.71)
(34.2 11.8 1.71)
(34.3 11.8 1.71)
(34.4 11.8 1.71)
(34.5 11.8 1.71)
(34.6 11.8 1.71)
(34.7 11.8 1.71)
(34.8 11.8 1.71)
(34.9 11.8 1.71)
(35 11.8 1.71)
(35.1 11.8 1.71)
(35.2 11.8 1.71)
(35.3 11.8 1.71)
(35.4 11.8 1.71)
(31.9 11.9 1.71)
(32 11.9 1.71)
(32.1 11.9 1.71)
(32.2 11.9 1.71)
(32.3 11.9 1.71)
(32.4 11.9 1.71)
(32.5 11.9 1.71)
(32.6 11.9 1.71)
(32.7 11.9 1.71)
(32.8 11.9 1.71)
(32.9 11.9 1.71)
(33 11.9 1.71)
(33.6 11.9 1.71)
(33.7 11.9 1.71)
(33.8 11.9 1.71)
(33.9 11.9 1.71)
(34 11.9 1.71)
(34.1 11.9 1.71)
(34.2 11.9 1.71)
(34.3 11.9 1.71)
(34.4 11.9 1.71)
(34.5 11.9 1.71)
(34.6 11.9 1.71)
(34.7 11.9 1.71)
(34.8 11.9 1.71)
(34.9 11.9 1.71)
(35 11.9 1.71)
(35.1 11.9 1.71)
(35.2 11.9 1.71)
(35.3 11.9 1.71)
(35.4 11.9 1.71)
(31.9 12 1.71)
(32 12 1.71)
(32.1 12 1.71)
(32.2 12 1.71)
(32.3 12 1.71)
(32.4 12 1.71)
(32.5 12 1.71)
(32.6 12 1.71)
(32.7 12 1.71)
(32.8 12 1.71)
(32.9 12 1.71)
(33 12 1.71)
(33.6 12 1.71)
(33.7 12 1.71)
(33.8 12 1.71)
(33.9 12 1.71)
(34 12 1.71)
(34.1 12 1.71)
(34.2 12 1.71)
(34.3 12 1.71)
(34.4 12 1.71)
(34.5 12 1.71)
(34.6 12 1.71)
(34.7 12 1.71)
(34.8 12 1.71)
(34.9 12 1.71)
(35 12 1.71)
(35.1 12 1.71)
(35.2 12 1.71)
(35.3 12 1.71)
(35.4 12 1.71)
(31.9 12.1 1.71)
(32 12.1 1.71)
(32.1 12.1 1.71)
(32.2 12.1 1.71)
(32.3 12.1 1.71)
(32.4 12.1 1.71)
(32.5 12.1 1.71)
(32.6 12.1 1.71)
(32.7 12.1 1.71)
(32.8 12.1 1.71)
(32.9 12.1 1.71)
(33 12.1 1.71)
(33.6 12.1 1.71)
(33.7 12.1 1.71)
(33.8 12.1 1.71)
(33.9 12.1 1.71)
(34 12.1 1.71)
(34.1 12.1 1.71)
(34.2 12.1 1.71)
(34.3 12.1 1.71)
(34.4 12.1 1.71)
(34.5 12.1 1.71)
(34.6 12.1 1.71)
(34.7 12.1 1.71)
(34.8 12.1 1.71)
(34.9 12.1 1.71)
(35 12.1 1.71)
(35.1 12.1 1.71)
(35.2 12.1 1.71)
(35.3 12.1 1.71)
(35.4 12.1 1.71)
(31.9 12.2 1.71)
(32 12.2 1.71)
(32.1 12.2 1.71)
(32.2 12.2 1.71)
(32.3 12.2 1.71)
(32.4 12.2 1.71)
(32.5 12.2 1.71)
(32.6 12.2 1.71)
(32.7 12.2 1.71)
(32.8 12.2 1.71)
(32.9 12.2 1.71)
(33 12.2 1.71)
(33.1 12.2 1.71)
(33.2 12.2 1.71)
(33.3 12.2 1.71)
(33.4 12.2 1.71)
(33.5 12.2 1.71)
(33.6 12.2 1.71)
(33.7 12.2 1.71)
(33.8 12.2 1.71)
(33.9 12.2 1.71)
(34 12.2 1.71)
(34.1 12.2 1.71)
(34.2 12.2 1.71)
(34.3 12.2 1.71)
(34.4 12.2 1.71)
(34.5 12.2 1.71)
(34.6 12.2 1.71)
(34.7 12.2 1.71)
(34.8 12.2 1.71)
(34.9 12.2 1.71)
(35 12.2 1.71)
(35.1 12.2 1.71)
(35.2 12.2 1.71)
(35.3 12.2 1.71)
(35.4 12.2 1.71)
(31.9 12.3 1.71)
(32 12.3 1.71)
(32.1 12.3 1.71)
(32.2 12.3 1.71)
(32.3 12.3 1.71)
(32.4 12.3 1.71)
(32.5 12.3 1.71)
(32.6 12.3 1.71)
(32.7 12.3 1.71)
(32.8 12.3 1.71)
(32.9 12.3 1.71)
(33 12.3 1.71)
(33.1 12.3 1.71)
(33.2 12.3 1.71)
(33.3 12.3 1.71)
(33.4 12.3 1.71)
(33.5 12.3 1.71)
(33.6 12.3 1.71)
(33.7 12.3 1.71)
(33.8 12.3 1.71)
(33.9 12.3 1.71)
(34 12.3 1.71)
(34.1 12.3 1.71)
(34.2 12.3 1.71)
(34.3 12.3 1.71)
(34.4 12.3 1.71)
(34.5 12.3 1.71)
(34.6 12.3 1.71)
(34.7 12.3 1.71)
(34.8 12.3 1.71)
(34.9 12.3 1.71)
(35 12.3 1.71)
(35.1 12.3 1.71)
(35.2 12.3 1.71)
(35.3 12.3 1.71)
(35.4 12.3 1.71)
(31.9 12.4 1.71)
(32 12.4 1.71)
(32.1 12.4 1.71)
(32.2 12.4 1.71)
(32.3 12.4 1.71)
(32.4 12.4 1.71)
(32.5 12.4 1.71)
(32.6 12.4 1.71)
(32.7 12.4 1.71)
(32.8 12.4 1.71)
(32.9 12.4 1.71)
(33 12.4 1.71)
(33.1 12.4 1.71)
(33.2 12.4 1.71)
(33.3 12.4 1.71)
(33.4 12.4 1.71)
(33.5 12.4 1.71)
(33.6 12.4 1.71)
(33.7 12.4 1.71)
(33.8 12.4 1.71)
(33.9 12.4 1.71)
(34 12.4 1.71)
(34.1 12.4 1.71)
(34.2 12.4 1.71)
(34.3 12.4 1.71)
(34.4 12.4 1.71)
(34.5 12.4 1.71)
(34.6 12.4 1.71)
(34.7 12.4 1.71)
(34.8 12.4 1.71)
(34.9 12.4 1.71)
(35 12.4 1.71)
(35.1 12.4 1.71)
(35.2 12.4 1.71)
(35.3 12.4 1.71)
(35.4 12.4 1.71)
(31.9 12.5 1.71)
(32 12.5 1.71)
(32.1 12.5 1.71)
(32.2 12.5 1.71)
(32.3 12.5 1.71)
(32.4 12.5 1.71)
(32.5 12.5 1.71)
(32.6 12.5 1.71)
(32.7 12.5 1.71)
(32.8 12.5 1.71)
(32.9 12.5 1.71)
(33 12.5 1.71)
(33.1 12.5 1.71)
(33.2 12.5 1.71)
(33.3 12.5 1.71)
(33.4 12.5 1.71)
(33.5 12.5 1.71)
(33.6 12.5 1.71)
(33.7 12.5 1.71)
(33.8 12.5 1.71)
(33.9 12.5 1.71)
(34 12.5 1.71)
(34.1 12.5 1.71)
(34.2 12.5 1.71)
(34.3 12.5 1.71)
(34.4 12.5 1.71)
(34.5 12.5 1.71)
(34.6 12.5 1.71)
(34.7 12.5 1.71)
(34.8 12.5 1.71)
(34.9 12.5 1.71)
(35 12.5 1.71)
(35.1 12.5 1.71)
(35.2 12.5 1.71)
(35.3 12.5 1.71)
(35.4 12.5 1.71)
(31.9 12.6 1.71)
(32 12.6 1.71)
(32.1 12.6 1.71)
(32.2 12.6 1.71)
(32.3 12.6 1.71)
(32.4 12.6 1.71)
(32.5 12.6 1.71)
(32.6 12.6 1.71)
(32.7 12.6 1.71)
(32.8 12.6 1.71)
(32.9 12.6 1.71)
(33 12.6 1.71)
(33.1 12.6 1.71)
(33.2 12.6 1.71)
(33.3 12.6 1.71)
(33.4 12.6 1.71)
(33.5 12.6 1.71)
(33.6 12.6 1.71)
(33.7 12.6 1.71)
(33.8 12.6 1.71)
(33.9 12.6 1.71)
(34 12.6 1.71)
(34.1 12.6 1.71)
(34.2 12.6 1.71)
(34.3 12.6 1.71)
(34.4 12.6 1.71)
(34.5 12.6 1.71)
(34.6 12.6 1.71)
(34.7 12.6 1.71)
(34.8 12.6 1.71)
(34.9 12.6 1.71)
(35 12.6 1.71)
(35.1 12.6 1.71)
(35.2 12.6 1.71)
(35.3 12.6 1.71)
(35.4 12.6 1.71)
(31.9 12.7 1.71)
(32 12.7 1.71)
(32.1 12.7 1.71)
(32.2 12.7 1.71)
(32.3 12.7 1.71)
(32.4 12.7 1.71)
(32.5 12.7 1.71)
(32.6 12.7 1.71)
(32.7 12.7 1.71)
(32.8 12.7 1.71)
(32.9 12.7 1.71)
(33 12.7 1.71)
(33.1 12.7 1.71)
(33.2 12.7 1.71)
(33.3 12.7 1.71)
(33.4 12.7 1.71)
(33.5 12.7 1.71)
(33.6 12.7 1.71)
(33.7 12.7 1.71)
(33.8 12.7 1.71)
(33.9 12.7 1.71)
(34 12.7 1.71)
(34.1 12.7 1.71)
(34.2 12.7 1.71)
(34.3 12.7 1.71)
(34.4 12.7 1.71)
(34.5 12.7 1.71)
(34.6 12.7 1.71)
(34.7 12.7 1.71)
(34.8 12.7 1.71)
(34.9 12.7 1.71)
(35 12.7 1.71)
(35.1 12.7 1.71)
(35.2 12.7 1.71)
(35.3 12.7 1.71)
(35.4 12.7 1.71)
(31.9 12.8 1.71)
(32 12.8 1.71)
(32.1 12.8 1.71)
(32.2 12.8 1.71)
(32.3 12.8 1.71)
(32.4 12.8 1.71)
(32.5 12.8 1.71)
(32.6 12.8 1.71)
(32.7 12.8 1.71)
(32.8 12.8 1.71)
(32.9 12.8 1.71)
(33 12.8 1.71)
(33.1 12.8 1.71)
(33.2 12.8 1.71)
(33.3 12.8 1.71)
(33.4 12.8 1.71)
(33.5 12.8 1.71)
(33.6 12.8 1.71)
(33.7 12.8 1.71)
(33.8 12.8 1.71)
(33.9 12.8 1.71)
(34 12.8 1.71)
(34.1 12.8 1.71)
(34.2 12.8 1.71)
(34.3 12.8 1.71)
(34.4 12.8 1.71)
(34.5 12.8 1.71)
(34.6 12.8 1.71)
(34.7 12.8 1.71)
(34.8 12.8 1.71)
(34.9 12.8 1.71)
(35 12.8 1.71)
(35.1 12.8 1.71)
(35.2 12.8 1.71)
(35.3 12.8 1.71)
(35.4 12.8 1.71)
(31.9 12.9 1.71)
(32 12.9 1.71)
(32.1 12.9 1.71)
(32.2 12.9 1.71)
(32.3 12.9 1.71)
(32.4 12.9 1.71)
(32.5 12.9 1.71)
(32.6 12.9 1.71)
(32.7 12.9 1.71)
(32.8 12.9 1.71)
(32.9 12.9 1.71)
(33 12.9 1.71)
(33.1 12.9 1.71)
(33.2 12.9 1.71)
(33.3 12.9 1.71)
(33.4 12.9 1.71)
(33.5 12.9 1.71)
(33.6 12.9 1.71)
(33.7 12.9 1.71)
(33.8 12.9 1.71)
(33.9 12.9 1.71)
(34 12.9 1.71)
(34.1 12.9 1.71)
(34.2 12.9 1.71)
(34.3 12.9 1.71)
(34.4 12.9 1.71)
(34.5 12.9 1.71)
(34.6 12.9 1.71)
(34.7 12.9 1.71)
(34.8 12.9 1.71)
(34.9 12.9 1.71)
(35 12.9 1.71)
(35.1 12.9 1.71)
(35.2 12.9 1.71)
(35.3 12.9 1.71)
(35.4 12.9 1.71)
(31.9 13 1.71)
(32 13 1.71)
(32.1 13 1.71)
(32.2 13 1.71)
(32.3 13 1.71)
(32.4 13 1.71)
(32.5 13 1.71)
(32.6 13 1.71)
(32.7 13 1.71)
(32.8 13 1.71)
(32.9 13 1.71)
(33 13 1.71)
(33.1 13 1.71)
(33.2 13 1.71)
(33.3 13 1.71)
(33.4 13 1.71)
(33.5 13 1.71)
(33.6 13 1.71)
(33.7 13 1.71)
(33.8 13 1.71)
(33.9 13 1.71)
(34 13 1.71)
(34.1 13 1.71)
(34.2 13 1.71)
(34.3 13 1.71)
(34.4 13 1.71)
(34.5 13 1.71)
(34.6 13 1.71)
(34.7 13 1.71)
(34.8 13 1.71)
(34.9 13 1.71)
(35 13 1.71)
(35.1 13 1.71)
(35.2 13 1.71)
(35.3 13 1.71)
(35.4 13 1.71)
(31.9 13.1 1.71)
(32 13.1 1.71)
(32.1 13.1 1.71)
(32.2 13.1 1.71)
(32.3 13.1 1.71)
(32.4 13.1 1.71)
(32.5 13.1 1.71)
(32.6 13.1 1.71)
(32.7 13.1 1.71)
(32.8 13.1 1.71)
(32.9 13.1 1.71)
(33 13.1 1.71)
(33.1 13.1 1.71)
(33.2 13.1 1.71)
(33.3 13.1 1.71)
(33.4 13.1 1.71)
(33.5 13.1 1.71)
(33.6 13.1 1.71)
(33.7 13.1 1.71)
(33.8 13.1 1.71)
(33.9 13.1 1.71)
(34 13.1 1.71)
(34.1 13.1 1.71)
(34.2 13.1 1.71)
(34.3 13.1 1.71)
(34.4 13.1 1.71)
(34.5 13.1 1.71)
(34.6 13.1 1.71)
(34.7 13.1 1.71)
(34.8 13.1 1.71)
(34.9 13.1 1.71)
(35 13.1 1.71)
(35.1 13.1 1.71)
(35.2 13.1 1.71)
(35.3 13.1 1.71)
(35.4 13.1 1.71)
(31.9 13.2 1.71)
(32 13.2 1.71)
(32.1 13.2 1.71)
(32.2 13.2 1.71)
(32.3 13.2 1.71)
(32.4 13.2 1.71)
(32.5 13.2 1.71)
(32.6 13.2 1.71)
(32.7 13.2 1.71)
(32.8 13.2 1.71)
(32.9 13.2 1.71)
(33 13.2 1.71)
(33.1 13.2 1.71)
(33.2 13.2 1.71)
(33.3 13.2 1.71)
(33.4 13.2 1.71)
(33.5 13.2 1.71)
(33.6 13.2 1.71)
(33.7 13.2 1.71)
(33.8 13.2 1.71)
(33.9 13.2 1.71)
(34 13.2 1.71)
(34.1 13.2 1.71)
(34.2 13.2 1.71)
(34.3 13.2 1.71)
(34.4 13.2 1.71)
(34.5 13.2 1.71)
(34.6 13.2 1.71)
(34.7 13.2 1.71)
(34.8 13.2 1.71)
(34.9 13.2 1.71)
(35 13.2 1.71)
(35.1 13.2 1.71)
(35.2 13.2 1.71)
(35.3 13.2 1.71)
(35.4 13.2 1.71)
(31.9 9.1 1.89)
(32 9.1 1.89)
(32.1 9.1 1.89)
(32.2 9.1 1.89)
(32.3 9.1 1.89)
(32.4 9.1 1.89)
(32.5 9.1 1.89)
(32.6 9.1 1.89)
(32.7 9.1 1.89)
(32.8 9.1 1.89)
(32.9 9.1 1.89)
(33 9.1 1.89)
(33.1 9.1 1.89)
(33.2 9.1 1.89)
(33.3 9.1 1.89)
(33.4 9.1 1.89)
(33.5 9.1 1.89)
(33.6 9.1 1.89)
(33.7 9.1 1.89)
(33.8 9.1 1.89)
(33.9 9.1 1.89)
(34 9.1 1.89)
(34.1 9.1 1.89)
(34.2 9.1 1.89)
(34.3 9.1 1.89)
(34.4 9.1 1.89)
(34.5 9.1 1.89)
(34.6 9.1 1.89)
(34.7 9.1 1.89)
(34.8 9.1 1.89)
(34.9 9.1 1.89)
(35 9.1 1.89)
(35.1 9.1 1.89)
(35.2 9.1 1.89)
(35.3 9.1 1.89)
(35.4 9.1 1.89)
(31.9 9.2 1.89)
(32 9.2 1.89)
(32.1 9.2 1.89)
(32.2 9.2 1.89)
(32.3 9.2 1.89)
(32.4 9.2 1.89)
(32.5 9.2 1.89)
(32.6 9.2 1.89)
(32.7 9.2 1.89)
(32.8 9.2 1.89)
(32.9 9.2 1.89)
(33 9.2 1.89)
(33.1 9.2 1.89)
(33.2 9.2 1.89)
(33.3 9.2 1.89)
(33.4 9.2 1.89)
(33.5 9.2 1.89)
(33.6 9.2 1.89)
(33.7 9.2 1.89)
(33.8 9.2 1.89)
(33.9 9.2 1.89)
(34 9.2 1.89)
(34.1 9.2 1.89)
(34.2 9.2 1.89)
(34.3 9.2 1.89)
(34.4 9.2 1.89)
(34.5 9.2 1.89)
(34.6 9.2 1.89)
(34.7 9.2 1.89)
(34.8 9.2 1.89)
(34.9 9.2 1.89)
(35 9.2 1.89)
(35.1 9.2 1.89)
(35.2 9.2 1.89)
(35.3 9.2 1.89)
(35.4 9.2 1.89)
(31.9 9.3 1.89)
(32 9.3 1.89)
(32.1 9.3 1.89)
(32.2 9.3 1.89)
(32.3 9.3 1.89)
(32.4 9.3 1.89)
(32.5 9.3 1.89)
(32.6 9.3 1.89)
(32.7 9.3 1.89)
(32.8 9.3 1.89)
(32.9 9.3 1.89)
(33 9.3 1.89)
(33.1 9.3 1.89)
(33.2 9.3 1.89)
(33.3 9.3 1.89)
(33.4 9.3 1.89)
(33.5 9.3 1.89)
(33.6 9.3 1.89)
(33.7 9.3 1.89)
(33.8 9.3 1.89)
(33.9 9.3 1.89)
(34 9.3 1.89)
(34.1 9.3 1.89)
(34.2 9.3 1.89)
(34.3 9.3 1.89)
(34.4 9.3 1.89)
(34.5 9.3 1.89)
(34.6 9.3 1.89)
(34.7 9.3 1.89)
(34.8 9.3 1.89)
(34.9 9.3 1.89)
(35 9.3 1.89)
(35.1 9.3 1.89)
(35.2 9.3 1.89)
(35.3 9.3 1.89)
(35.4 9.3 1.89)
(31.9 9.4 1.89)
(32 9.4 1.89)
(32.1 9.4 1.89)
(32.2 9.4 1.89)
(32.3 9.4 1.89)
(32.4 9.4 1.89)
(32.5 9.4 1.89)
(32.6 9.4 1.89)
(32.7 9.4 1.89)
(32.8 9.4 1.89)
(32.9 9.4 1.89)
(33 9.4 1.89)
(33.1 9.4 1.89)
(33.2 9.4 1.89)
(33.3 9.4 1.89)
(33.4 9.4 1.89)
(33.5 9.4 1.89)
(33.6 9.4 1.89)
(33.7 9.4 1.89)
(33.8 9.4 1.89)
(33.9 9.4 1.89)
(34 9.4 1.89)
(34.1 9.4 1.89)
(34.2 9.4 1.89)
(34.3 9.4 1.89)
(34.4 9.4 1.89)
(34.5 9.4 1.89)
(34.6 9.4 1.89)
(34.7 9.4 1.89)
(34.8 9.4 1.89)
(34.9 9.4 1.89)
(35 9.4 1.89)
(35.1 9.4 1.89)
(35.2 9.4 1.89)
(35.3 9.4 1.89)
(35.4 9.4 1.89)
(31.9 9.5 1.89)
(32 9.5 1.89)
(32.1 9.5 1.89)
(32.2 9.5 1.89)
(32.3 9.5 1.89)
(32.4 9.5 1.89)
(32.5 9.5 1.89)
(32.6 9.5 1.89)
(34.6 9.5 1.89)
(34.7 9.5 1.89)
(34.8 9.5 1.89)
(34.9 9.5 1.89)
(35 9.5 1.89)
(35.1 9.5 1.89)
(35.2 9.5 1.89)
(35.3 9.5 1.89)
(35.4 9.5 1.89)
(31.9 9.6 1.89)
(32 9.6 1.89)
(32.1 9.6 1.89)
(32.2 9.6 1.89)
(32.3 9.6 1.89)
(32.4 9.6 1.89)
(32.5 9.6 1.89)
(32.6 9.6 1.89)
(34.6 9.6 1.89)
(34.7 9.6 1.89)
(34.8 9.6 1.89)
(34.9 9.6 1.89)
(35 9.6 1.89)
(35.1 9.6 1.89)
(35.2 9.6 1.89)
(35.3 9.6 1.89)
(35.4 9.6 1.89)
(31.9 9.7 1.89)
(32 9.7 1.89)
(32.1 9.7 1.89)
(32.2 9.7 1.89)
(32.3 9.7 1.89)
(32.4 9.7 1.89)
(32.5 9.7 1.89)
(32.6 9.7 1.89)
(34.6 9.7 1.89)
(34.7 9.7 1.89)
(34.8 9.7 1.89)
(34.9 9.7 1.89)
(35 9.7 1.89)
(35.1 9.7 1.89)
(35.2 9.7 1.89)
(35.3 9.7 1.89)
(35.4 9.7 1.89)
(31.9 9.8 1.89)
(32 9.8 1.89)
(32.1 9.8 1.89)
(32.2 9.8 1.89)
(32.3 9.8 1.89)
(32.4 9.8 1.89)
(32.5 9.8 1.89)
(32.6 9.8 1.89)
(34.6 9.8 1.89)
(34.7 9.8 1.89)
(34.8 9.8 1.89)
(34.9 9.8 1.89)
(35 9.8 1.89)
(35.1 9.8 1.89)
(35.2 9.8 1.89)
(35.3 9.8 1.89)
(35.4 9.8 1.89)
(31.9 9.9 1.89)
(32 9.9 1.89)
(32.1 9.9 1.89)
(32.2 9.9 1.89)
(32.3 9.9 1.89)
(32.4 9.9 1.89)
(32.5 9.9 1.89)
(32.6 9.9 1.89)
(34.6 9.9 1.89)
(34.7 9.9 1.89)
(34.8 9.9 1.89)
(34.9 9.9 1.89)
(35 9.9 1.89)
(35.1 9.9 1.89)
(35.2 9.9 1.89)
(35.3 9.9 1.89)
(35.4 9.9 1.89)
(31.9 10 1.89)
(32 10 1.89)
(32.1 10 1.89)
(32.2 10 1.89)
(32.3 10 1.89)
(32.4 10 1.89)
(32.5 10 1.89)
(32.6 10 1.89)
(34.6 10 1.89)
(34.7 10 1.89)
(34.8 10 1.89)
(34.9 10 1.89)
(35 10 1.89)
(35.1 10 1.89)
(35.2 10 1.89)
(35.3 10 1.89)
(35.4 10 1.89)
(31.9 10.1 1.89)
(32 10.1 1.89)
(32.1 10.1 1.89)
(32.2 10.1 1.89)
(32.3 10.1 1.89)
(32.4 10.1 1.89)
(32.5 10.1 1.89)
(32.6 10.1 1.89)
(34.6 10.1 1.89)
(34.7 10.1 1.89)
(34.8 10.1 1.89)
(34.9 10.1 1.89)
(35 10.1 1.89)
(35.1 10.1 1.89)
(35.2 10.1 1.89)
(35.3 10.1 1.89)
(35.4 10.1 1.89)
(31.9 10.2 1.89)
(32 10.2 1.89)
(32.1 10.2 1.89)
(32.2 10.2 1.89)
(32.3 10.2 1.89)
(32.4 10.2 1.89)
(32.5 10.2 1.89)
(32.6 10.2 1.89)
(32.7 10.2 1.89)
(32.8 10.2 1.89)
(32.9 10.2 1.89)
(33 10.2 1.89)
(33.1 10.2 1.89)
(33.2 10.2 1.89)
(33.3 10.2 1.89)
(33.4 10.2 1.89)
(33.5 10.2 1.89)
(33.6 10.2 1.89)
(33.7 10.2 1.89)
(33.8 10.2 1.89)
(33.9 10.2 1.89)
(34 10.2 1.89)
(34.1 10.2 1.89)
(34.2 10.2 1.89)
(34.3 10.2 1.89)
(34.4 10.2 1.89)
(34.5 10.2 1.89)
(34.6 10.2 1.89)
(34.7 10.2 1.89)
(34.8 10.2 1.89)
(34.9 10.2 1.89)
(35 10.2 1.89)
(35.1 10.2 1.89)
(35.2 10.2 1.89)
(35.3 10.2 1.89)
(35.4 10.2 1.89)
(31.9 10.3 1.89)
(32 10.3 1.89)
(32.1 10.3 1.89)
(32.2 10.3 1.89)
(32.3 10.3 1.89)
(32.4 10.3 1.89)
(32.5 10.3 1.89)
(32.6 10.3 1.89)
(32.7 10.3 1.89)
(32.8 10.3 1.89)
(32.9 10.3 1.89)
(33 10.3 1.89)
(33.1 10.3 1.89)
(33.2 10.3 1.89)
(33.3 10.3 1.89)
(33.4 10.3 1.89)
(33.5 10.3 1.89)
(33.6 10.3 1.89)
(33.7 10.3 1.89)
(33.8 10.3 1.89)
(33.9 10.3 1.89)
(34 10.3 1.89)
(34.1 10.3 1.89)
(34.2 10.3 1.89)
(34.3 10.3 1.89)
(34.4 10.3 1.89)
(34.5 10.3 1.89)
(34.6 10.3 1.89)
(34.7 10.3 1.89)
(34.8 10.3 1.89)
(34.9 10.3 1.89)
(35 10.3 1.89)
(35.1 10.3 1.89)
(35.2 10.3 1.89)
(35.3 10.3 1.89)
(35.4 10.3 1.89)
(31.9 10.4 1.89)
(32 10.4 1.89)
(32.1 10.4 1.89)
(32.2 10.4 1.89)
(32.3 10.4 1.89)
(32.4 10.4 1.89)
(32.5 10.4 1.89)
(32.6 10.4 1.89)
(32.7 10.4 1.89)
(32.8 10.4 1.89)
(32.9 10.4 1.89)
(33 10.4 1.89)
(33.1 10.4 1.89)
(33.2 10.4 1.89)
(33.3 10.4 1.89)
(33.4 10.4 1.89)
(33.5 10.4 1.89)
(33.6 10.4 1.89)
(33.7 10.4 1.89)
(33.8 10.4 1.89)
(33.9 10.4 1.89)
(34 10.4 1.89)
(34.1 10.4 1.89)
(34.2 10.4 1.89)
(34.3 10.4 1.89)
(34.4 10.4 1.89)
(34.5 10.4 1.89)
(34.6 10.4 1.89)
(34.7 10.4 1.89)
(34.8 10.4 1.89)
(34.9 10.4 1.89)
(35 10.4 1.89)
(35.1 10.4 1.89)
(35.2 10.4 1.89)
(35.3 10.4 1.89)
(35.4 10.4 1.89)
(31.9 10.5 1.89)
(32 10.5 1.89)
(32.1 10.5 1.89)
(32.2 10.5 1.89)
(32.3 10.5 1.89)
(32.4 10.5 1.89)
(32.5 10.5 1.89)
(32.6 10.5 1.89)
(32.7 10.5 1.89)
(32.8 10.5 1.89)
(32.9 10.5 1.89)
(33 10.5 1.89)
(33.1 10.5 1.89)
(33.2 10.5 1.89)
(33.3 10.5 1.89)
(33.4 10.5 1.89)
(33.5 10.5 1.89)
(33.6 10.5 1.89)
(33.7 10.5 1.89)
(33.8 10.5 1.89)
(33.9 10.5 1.89)
(34 10.5 1.89)
(34.1 10.5 1.89)
(34.2 10.5 1.89)
(34.3 10.5 1.89)
(34.4 10.5 1.89)
(34.5 10.5 1.89)
(34.6 10.5 1.89)
(34.7 10.5 1.89)
(34.8 10.5 1.89)
(34.9 10.5 1.89)
(35 10.5 1.89)
(35.1 10.5 1.89)
(35.2 10.5 1.89)
(35.3 10.5 1.89)
(35.4 10.5 1.89)
(31.9 10.6 1.89)
(32 10.6 1.89)
(32.1 10.6 1.89)
(32.2 10.6 1.89)
(32.3 10.6 1.89)
(32.4 10.6 1.89)
(32.5 10.6 1.89)
(32.6 10.6 1.89)
(32.7 10.6 1.89)
(32.8 10.6 1.89)
(32.9 10.6 1.89)
(33 10.6 1.89)
(33.1 10.6 1.89)
(33.2 10.6 1.89)
(33.3 10.6 1.89)
(33.4 10.6 1.89)
(33.5 10.6 1.89)
(33.6 10.6 1.89)
(33.7 10.6 1.89)
(33.8 10.6 1.89)
(33.9 10.6 1.89)
(34 10.6 1.89)
(34.1 10.6 1.89)
(34.2 10.6 1.89)
(34.3 10.6 1.89)
(34.4 10.6 1.89)
(34.5 10.6 1.89)
(34.6 10.6 1.89)
(34.7 10.6 1.89)
(34.8 10.6 1.89)
(34.9 10.6 1.89)
(35 10.6 1.89)
(35.1 10.6 1.89)
(35.2 10.6 1.89)
(35.3 10.6 1.89)
(35.4 10.6 1.89)
(31.9 10.7 1.89)
(32 10.7 1.89)
(32.1 10.7 1.89)
(32.2 10.7 1.89)
(32.3 10.7 1.89)
(32.4 10.7 1.89)
(32.5 10.7 1.89)
(32.6 10.7 1.89)
(32.7 10.7 1.89)
(32.8 10.7 1.89)
(32.9 10.7 1.89)
(33 10.7 1.89)
(33.1 10.7 1.89)
(33.2 10.7 1.89)
(33.3 10.7 1.89)
(33.4 10.7 1.89)
(33.5 10.7 1.89)
(33.6 10.7 1.89)
(33.7 10.7 1.89)
(33.8 10.7 1.89)
(33.9 10.7 1.89)
(34 10.7 1.89)
(34.1 10.7 1.89)
(34.2 10.7 1.89)
(34.3 10.7 1.89)
(34.4 10.7 1.89)
(34.5 10.7 1.89)
(34.6 10.7 1.89)
(34.7 10.7 1.89)
(34.8 10.7 1.89)
(34.9 10.7 1.89)
(35 10.7 1.89)
(35.1 10.7 1.89)
(35.2 10.7 1.89)
(35.3 10.7 1.89)
(35.4 10.7 1.89)
(31.9 10.8 1.89)
(32 10.8 1.89)
(32.1 10.8 1.89)
(32.2 10.8 1.89)
(32.3 10.8 1.89)
(32.4 10.8 1.89)
(32.5 10.8 1.89)
(32.6 10.8 1.89)
(32.7 10.8 1.89)
(32.8 10.8 1.89)
(32.9 10.8 1.89)
(33 10.8 1.89)
(33.1 10.8 1.89)
(33.2 10.8 1.89)
(33.3 10.8 1.89)
(33.4 10.8 1.89)
(33.5 10.8 1.89)
(33.6 10.8 1.89)
(33.7 10.8 1.89)
(33.8 10.8 1.89)
(33.9 10.8 1.89)
(34 10.8 1.89)
(34.1 10.8 1.89)
(34.2 10.8 1.89)
(34.3 10.8 1.89)
(34.4 10.8 1.89)
(34.5 10.8 1.89)
(34.6 10.8 1.89)
(34.7 10.8 1.89)
(34.8 10.8 1.89)
(34.9 10.8 1.89)
(35 10.8 1.89)
(35.1 10.8 1.89)
(35.2 10.8 1.89)
(35.3 10.8 1.89)
(35.4 10.8 1.89)
(31.9 10.9 1.89)
(32 10.9 1.89)
(32.1 10.9 1.89)
(32.2 10.9 1.89)
(32.3 10.9 1.89)
(32.4 10.9 1.89)
(32.5 10.9 1.89)
(32.6 10.9 1.89)
(32.7 10.9 1.89)
(32.8 10.9 1.89)
(32.9 10.9 1.89)
(33 10.9 1.89)
(33.1 10.9 1.89)
(33.2 10.9 1.89)
(33.3 10.9 1.89)
(33.4 10.9 1.89)
(33.5 10.9 1.89)
(33.6 10.9 1.89)
(33.7 10.9 1.89)
(33.8 10.9 1.89)
(33.9 10.9 1.89)
(34 10.9 1.89)
(34.1 10.9 1.89)
(34.2 10.9 1.89)
(34.3 10.9 1.89)
(34.4 10.9 1.89)
(34.5 10.9 1.89)
(34.6 10.9 1.89)
(34.7 10.9 1.89)
(34.8 10.9 1.89)
(34.9 10.9 1.89)
(35 10.9 1.89)
(35.1 10.9 1.89)
(35.2 10.9 1.89)
(35.3 10.9 1.89)
(35.4 10.9 1.89)
(31.9 11 1.89)
(32 11 1.89)
(32.1 11 1.89)
(32.2 11 1.89)
(32.3 11 1.89)
(32.4 11 1.89)
(32.5 11 1.89)
(32.6 11 1.89)
(32.7 11 1.89)
(32.8 11 1.89)
(32.9 11 1.89)
(33 11 1.89)
(33.1 11 1.89)
(33.2 11 1.89)
(33.3 11 1.89)
(33.4 11 1.89)
(33.5 11 1.89)
(33.6 11 1.89)
(33.7 11 1.89)
(33.8 11 1.89)
(33.9 11 1.89)
(34 11 1.89)
(34.1 11 1.89)
(34.2 11 1.89)
(34.3 11 1.89)
(34.4 11 1.89)
(34.5 11 1.89)
(34.6 11 1.89)
(34.7 11 1.89)
(34.8 11 1.89)
(34.9 11 1.89)
(35 11 1.89)
(35.1 11 1.89)
(35.2 11 1.89)
(35.3 11 1.89)
(35.4 11 1.89)
(31.9 11.1 1.89)
(32 11.1 1.89)
(32.1 11.1 1.89)
(32.2 11.1 1.89)
(32.3 11.1 1.89)
(32.4 11.1 1.89)
(32.5 11.1 1.89)
(32.6 11.1 1.89)
(32.7 11.1 1.89)
(32.8 11.1 1.89)
(32.9 11.1 1.89)
(33 11.1 1.89)
(33.1 11.1 1.89)
(33.2 11.1 1.89)
(33.3 11.1 1.89)
(33.4 11.1 1.89)
(33.5 11.1 1.89)
(33.6 11.1 1.89)
(33.7 11.1 1.89)
(33.8 11.1 1.89)
(33.9 11.1 1.89)
(34 11.1 1.89)
(34.1 11.1 1.89)
(34.2 11.1 1.89)
(34.3 11.1 1.89)
(34.4 11.1 1.89)
(34.5 11.1 1.89)
(34.6 11.1 1.89)
(34.7 11.1 1.89)
(34.8 11.1 1.89)
(34.9 11.1 1.89)
(35 11.1 1.89)
(35.1 11.1 1.89)
(35.2 11.1 1.89)
(35.3 11.1 1.89)
(35.4 11.1 1.89)
(31.9 11.2 1.89)
(32 11.2 1.89)
(32.1 11.2 1.89)
(32.2 11.2 1.89)
(32.3 11.2 1.89)
(32.4 11.2 1.89)
(32.5 11.2 1.89)
(32.6 11.2 1.89)
(32.7 11.2 1.89)
(32.8 11.2 1.89)
(32.9 11.2 1.89)
(33 11.2 1.89)
(33.1 11.2 1.89)
(33.2 11.2 1.89)
(33.3 11.2 1.89)
(33.4 11.2 1.89)
(33.5 11.2 1.89)
(33.6 11.2 1.89)
(33.7 11.2 1.89)
(33.8 11.2 1.89)
(33.9 11.2 1.89)
(34 11.2 1.89)
(34.1 11.2 1.89)
(34.2 11.2 1.89)
(34.3 11.2 1.89)
(34.4 11.2 1.89)
(34.5 11.2 1.89)
(34.6 11.2 1.89)
(34.7 11.2 1.89)
(34.8 11.2 1.89)
(34.9 11.2 1.89)
(35 11.2 1.89)
(35.1 11.2 1.89)
(35.2 11.2 1.89)
(35.3 11.2 1.89)
(35.4 11.2 1.89)
(31.9 11.3 1.89)
(32 11.3 1.89)
(32.1 11.3 1.89)
(32.2 11.3 1.89)
(32.3 11.3 1.89)
(32.4 11.3 1.89)
(32.5 11.3 1.89)
(32.6 11.3 1.89)
(32.7 11.3 1.89)
(32.8 11.3 1.89)
(32.9 11.3 1.89)
(33 11.3 1.89)
(33.1 11.3 1.89)
(33.2 11.3 1.89)
(33.3 11.3 1.89)
(33.4 11.3 1.89)
(33.5 11.3 1.89)
(33.6 11.3 1.89)
(33.7 11.3 1.89)
(33.8 11.3 1.89)
(33.9 11.3 1.89)
(34 11.3 1.89)
(34.1 11.3 1.89)
(34.2 11.3 1.89)
(34.3 11.3 1.89)
(34.4 11.3 1.89)
(34.5 11.3 1.89)
(34.6 11.3 1.89)
(34.7 11.3 1.89)
(34.8 11.3 1.89)
(34.9 11.3 1.89)
(35 11.3 1.89)
(35.1 11.3 1.89)
(35.2 11.3 1.89)
(35.3 11.3 1.89)
(35.4 11.3 1.89)
(31.9 11.4 1.89)
(32 11.4 1.89)
(32.1 11.4 1.89)
(32.2 11.4 1.89)
(32.3 11.4 1.89)
(32.4 11.4 1.89)
(32.5 11.4 1.89)
(32.6 11.4 1.89)
(32.7 11.4 1.89)
(32.8 11.4 1.89)
(32.9 11.4 1.89)
(33 11.4 1.89)
(33.1 11.4 1.89)
(33.2 11.4 1.89)
(33.3 11.4 1.89)
(33.4 11.4 1.89)
(33.5 11.4 1.89)
(33.6 11.4 1.89)
(33.7 11.4 1.89)
(33.8 11.4 1.89)
(33.9 11.4 1.89)
(34 11.4 1.89)
(34.1 11.4 1.89)
(34.2 11.4 1.89)
(34.3 11.4 1.89)
(34.4 11.4 1.89)
(34.5 11.4 1.89)
(34.6 11.4 1.89)
(34.7 11.4 1.89)
(34.8 11.4 1.89)
(34.9 11.4 1.89)
(35 11.4 1.89)
(35.1 11.4 1.89)
(35.2 11.4 1.89)
(35.3 11.4 1.89)
(35.4 11.4 1.89)
(31.9 11.5 1.89)
(32 11.5 1.89)
(32.1 11.5 1.89)
(32.2 11.5 1.89)
(32.3 11.5 1.89)
(32.4 11.5 1.89)
(32.5 11.5 1.89)
(32.6 11.5 1.89)
(32.7 11.5 1.89)
(32.8 11.5 1.89)
(32.9 11.5 1.89)
(33 11.5 1.89)
(33.6 11.5 1.89)
(33.7 11.5 1.89)
(33.8 11.5 1.89)
(33.9 11.5 1.89)
(34 11.5 1.89)
(34.1 11.5 1.89)
(34.2 11.5 1.89)
(34.3 11.5 1.89)
(34.4 11.5 1.89)
(34.5 11.5 1.89)
(34.6 11.5 1.89)
(34.7 11.5 1.89)
(34.8 11.5 1.89)
(34.9 11.5 1.89)
(35 11.5 1.89)
(35.1 11.5 1.89)
(35.2 11.5 1.89)
(35.3 11.5 1.89)
(35.4 11.5 1.89)
(31.9 11.6 1.89)
(32 11.6 1.89)
(32.1 11.6 1.89)
(32.2 11.6 1.89)
(32.3 11.6 1.89)
(32.4 11.6 1.89)
(32.5 11.6 1.89)
(32.6 11.6 1.89)
(32.7 11.6 1.89)
(32.8 11.6 1.89)
(32.9 11.6 1.89)
(33 11.6 1.89)
(33.6 11.6 1.89)
(33.7 11.6 1.89)
(33.8 11.6 1.89)
(33.9 11.6 1.89)
(34 11.6 1.89)
(34.1 11.6 1.89)
(34.2 11.6 1.89)
(34.3 11.6 1.89)
(34.4 11.6 1.89)
(34.5 11.6 1.89)
(34.6 11.6 1.89)
(34.7 11.6 1.89)
(34.8 11.6 1.89)
(34.9 11.6 1.89)
(35 11.6 1.89)
(35.1 11.6 1.89)
(35.2 11.6 1.89)
(35.3 11.6 1.89)
(35.4 11.6 1.89)
(31.9 11.7 1.89)
(32 11.7 1.89)
(32.1 11.7 1.89)
(32.2 11.7 1.89)
(32.3 11.7 1.89)
(32.4 11.7 1.89)
(32.5 11.7 1.89)
(32.6 11.7 1.89)
(32.7 11.7 1.89)
(32.8 11.7 1.89)
(32.9 11.7 1.89)
(33 11.7 1.89)
(33.6 11.7 1.89)
(33.7 11.7 1.89)
(33.8 11.7 1.89)
(33.9 11.7 1.89)
(34 11.7 1.89)
(34.1 11.7 1.89)
(34.2 11.7 1.89)
(34.3 11.7 1.89)
(34.4 11.7 1.89)
(34.5 11.7 1.89)
(34.6 11.7 1.89)
(34.7 11.7 1.89)
(34.8 11.7 1.89)
(34.9 11.7 1.89)
(35 11.7 1.89)
(35.1 11.7 1.89)
(35.2 11.7 1.89)
(35.3 11.7 1.89)
(35.4 11.7 1.89)
(31.9 11.8 1.89)
(32 11.8 1.89)
(32.1 11.8 1.89)
(32.2 11.8 1.89)
(32.3 11.8 1.89)
(32.4 11.8 1.89)
(32.5 11.8 1.89)
(32.6 11.8 1.89)
(32.7 11.8 1.89)
(32.8 11.8 1.89)
(32.9 11.8 1.89)
(33 11.8 1.89)
(33.6 11.8 1.89)
(33.7 11.8 1.89)
(33.8 11.8 1.89)
(33.9 11.8 1.89)
(34 11.8 1.89)
(34.1 11.8 1.89)
(34.2 11.8 1.89)
(34.3 11.8 1.89)
(34.4 11.8 1.89)
(34.5 11.8 1.89)
(34.6 11.8 1.89)
(34.7 11.8 1.89)
(34.8 11.8 1.89)
(34.9 11.8 1.89)
(35 11.8 1.89)
(35.1 11.8 1.89)
(35.2 11.8 1.89)
(35.3 11.8 1.89)
(35.4 11.8 1.89)
(31.9 11.9 1.89)
(32 11.9 1.89)
(32.1 11.9 1.89)
(32.2 11.9 1.89)
(32.3 11.9 1.89)
(32.4 11.9 1.89)
(32.5 11.9 1.89)
(32.6 11.9 1.89)
(32.7 11.9 1.89)
(32.8 11.9 1.89)
(32.9 11.9 1.89)
(33 11.9 1.89)
(33.6 11.9 1.89)
(33.7 11.9 1.89)
(33.8 11.9 1.89)
(33.9 11.9 1.89)
(34 11.9 1.89)
(34.1 11.9 1.89)
(34.2 11.9 1.89)
(34.3 11.9 1.89)
(34.4 11.9 1.89)
(34.5 11.9 1.89)
(34.6 11.9 1.89)
(34.7 11.9 1.89)
(34.8 11.9 1.89)
(34.9 11.9 1.89)
(35 11.9 1.89)
(35.1 11.9 1.89)
(35.2 11.9 1.89)
(35.3 11.9 1.89)
(35.4 11.9 1.89)
(31.9 12 1.89)
(32 12 1.89)
(32.1 12 1.89)
(32.2 12 1.89)
(32.3 12 1.89)
(32.4 12 1.89)
(32.5 12 1.89)
(32.6 12 1.89)
(32.7 12 1.89)
(32.8 12 1.89)
(32.9 12 1.89)
(33 12 1.89)
(33.6 12 1.89)
(33.7 12 1.89)
(33.8 12 1.89)
(33.9 12 1.89)
(34 12 1.89)
(34.1 12 1.89)
(34.2 12 1.89)
(34.3 12 1.89)
(34.4 12 1.89)
(34.5 12 1.89)
(34.6 12 1.89)
(34.7 12 1.89)
(34.8 12 1.89)
(34.9 12 1.89)
(35 12 1.89)
(35.1 12 1.89)
(35.2 12 1.89)
(35.3 12 1.89)
(35.4 12 1.89)
(31.9 12.1 1.89)
(32 12.1 1.89)
(32.1 12.1 1.89)
(32.2 12.1 1.89)
(32.3 12.1 1.89)
(32.4 12.1 1.89)
(32.5 12.1 1.89)
(32.6 12.1 1.89)
(32.7 12.1 1.89)
(32.8 12.1 1.89)
(32.9 12.1 1.89)
(33 12.1 1.89)
(33.6 12.1 1.89)
(33.7 12.1 1.89)
(33.8 12.1 1.89)
(33.9 12.1 1.89)
(34 12.1 1.89)
(34.1 12.1 1.89)
(34.2 12.1 1.89)
(34.3 12.1 1.89)
(34.4 12.1 1.89)
(34.5 12.1 1.89)
(34.6 12.1 1.89)
(34.7 12.1 1.89)
(34.8 12.1 1.89)
(34.9 12.1 1.89)
(35 12.1 1.89)
(35.1 12.1 1.89)
(35.2 12.1 1.89)
(35.3 12.1 1.89)
(35.4 12.1 1.89)
(31.9 12.2 1.89)
(32 12.2 1.89)
(32.1 12.2 1.89)
(32.2 12.2 1.89)
(32.3 12.2 1.89)
(32.4 12.2 1.89)
(32.5 12.2 1.89)
(32.6 12.2 1.89)
(32.7 12.2 1.89)
(32.8 12.2 1.89)
(32.9 12.2 1.89)
(33 12.2 1.89)
(33.1 12.2 1.89)
(33.2 12.2 1.89)
(33.3 12.2 1.89)
(33.4 12.2 1.89)
(33.5 12.2 1.89)
(33.6 12.2 1.89)
(33.7 12.2 1.89)
(33.8 12.2 1.89)
(33.9 12.2 1.89)
(34 12.2 1.89)
(34.1 12.2 1.89)
(34.2 12.2 1.89)
(34.3 12.2 1.89)
(34.4 12.2 1.89)
(34.5 12.2 1.89)
(34.6 12.2 1.89)
(34.7 12.2 1.89)
(34.8 12.2 1.89)
(34.9 12.2 1.89)
(35 12.2 1.89)
(35.1 12.2 1.89)
(35.2 12.2 1.89)
(35.3 12.2 1.89)
(35.4 12.2 1.89)
(31.9 12.3 1.89)
(32 12.3 1.89)
(32.1 12.3 1.89)
(32.2 12.3 1.89)
(32.3 12.3 1.89)
(32.4 12.3 1.89)
(32.5 12.3 1.89)
(32.6 12.3 1.89)
(32.7 12.3 1.89)
(32.8 12.3 1.89)
(32.9 12.3 1.89)
(33 12.3 1.89)
(33.1 12.3 1.89)
(33.2 12.3 1.89)
(33.3 12.3 1.89)
(33.4 12.3 1.89)
(33.5 12.3 1.89)
(33.6 12.3 1.89)
(33.7 12.3 1.89)
(33.8 12.3 1.89)
(33.9 12.3 1.89)
(34 12.3 1.89)
(34.1 12.3 1.89)
(34.2 12.3 1.89)
(34.3 12.3 1.89)
(34.4 12.3 1.89)
(34.5 12.3 1.89)
(34.6 12.3 1.89)
(34.7 12.3 1.89)
(34.8 12.3 1.89)
(34.9 12.3 1.89)
(35 12.3 1.89)
(35.1 12.3 1.89)
(35.2 12.3 1.89)
(35.3 12.3 1.89)
(35.4 12.3 1.89)
(31.9 12.4 1.89)
(32 12.4 1.89)
(32.1 12.4 1.89)
(32.2 12.4 1.89)
(32.3 12.4 1.89)
(32.4 12.4 1.89)
(32.5 12.4 1.89)
(32.6 12.4 1.89)
(32.7 12.4 1.89)
(32.8 12.4 1.89)
(32.9 12.4 1.89)
(33 12.4 1.89)
(33.1 12.4 1.89)
(33.2 12.4 1.89)
(33.3 12.4 1.89)
(33.4 12.4 1.89)
(33.5 12.4 1.89)
(33.6 12.4 1.89)
(33.7 12.4 1.89)
(33.8 12.4 1.89)
(33.9 12.4 1.89)
(34 12.4 1.89)
(34.1 12.4 1.89)
(34.2 12.4 1.89)
(34.3 12.4 1.89)
(34.4 12.4 1.89)
(34.5 12.4 1.89)
(34.6 12.4 1.89)
(34.7 12.4 1.89)
(34.8 12.4 1.89)
(34.9 12.4 1.89)
(35 12.4 1.89)
(35.1 12.4 1.89)
(35.2 12.4 1.89)
(35.3 12.4 1.89)
(35.4 12.4 1.89)
(31.9 12.5 1.89)
(32 12.5 1.89)
(32.1 12.5 1.89)
(32.2 12.5 1.89)
(32.3 12.5 1.89)
(32.4 12.5 1.89)
(32.5 12.5 1.89)
(32.6 12.5 1.89)
(32.7 12.5 1.89)
(32.8 12.5 1.89)
(32.9 12.5 1.89)
(33 12.5 1.89)
(33.1 12.5 1.89)
(33.2 12.5 1.89)
(33.3 12.5 1.89)
(33.4 12.5 1.89)
(33.5 12.5 1.89)
(33.6 12.5 1.89)
(33.7 12.5 1.89)
(33.8 12.5 1.89)
(33.9 12.5 1.89)
(34 12.5 1.89)
(34.1 12.5 1.89)
(34.2 12.5 1.89)
(34.3 12.5 1.89)
(34.4 12.5 1.89)
(34.5 12.5 1.89)
(34.6 12.5 1.89)
(34.7 12.5 1.89)
(34.8 12.5 1.89)
(34.9 12.5 1.89)
(35 12.5 1.89)
(35.1 12.5 1.89)
(35.2 12.5 1.89)
(35.3 12.5 1.89)
(35.4 12.5 1.89)
(31.9 12.6 1.89)
(32 12.6 1.89)
(32.1 12.6 1.89)
(32.2 12.6 1.89)
(32.3 12.6 1.89)
(32.4 12.6 1.89)
(32.5 12.6 1.89)
(32.6 12.6 1.89)
(32.7 12.6 1.89)
(32.8 12.6 1.89)
(32.9 12.6 1.89)
(33 12.6 1.89)
(33.1 12.6 1.89)
(33.2 12.6 1.89)
(33.3 12.6 1.89)
(33.4 12.6 1.89)
(33.5 12.6 1.89)
(33.6 12.6 1.89)
(33.7 12.6 1.89)
(33.8 12.6 1.89)
(33.9 12.6 1.89)
(34 12.6 1.89)
(34.1 12.6 1.89)
(34.2 12.6 1.89)
(34.3 12.6 1.89)
(34.4 12.6 1.89)
(34.5 12.6 1.89)
(34.6 12.6 1.89)
(34.7 12.6 1.89)
(34.8 12.6 1.89)
(34.9 12.6 1.89)
(35 12.6 1.89)
(35.1 12.6 1.89)
(35.2 12.6 1.89)
(35.3 12.6 1.89)
(35.4 12.6 1.89)
(31.9 12.7 1.89)
(32 12.7 1.89)
(32.1 12.7 1.89)
(32.2 12.7 1.89)
(32.3 12.7 1.89)
(32.4 12.7 1.89)
(32.5 12.7 1.89)
(32.6 12.7 1.89)
(32.7 12.7 1.89)
(32.8 12.7 1.89)
(32.9 12.7 1.89)
(33 12.7 1.89)
(33.1 12.7 1.89)
(33.2 12.7 1.89)
(33.3 12.7 1.89)
(33.4 12.7 1.89)
(33.5 12.7 1.89)
(33.6 12.7 1.89)
(33.7 12.7 1.89)
(33.8 12.7 1.89)
(33.9 12.7 1.89)
(34 12.7 1.89)
(34.1 12.7 1.89)
(34.2 12.7 1.89)
(34.3 12.7 1.89)
(34.4 12.7 1.89)
(34.5 12.7 1.89)
(34.6 12.7 1.89)
(34.7 12.7 1.89)
(34.8 12.7 1.89)
(34.9 12.7 1.89)
(35 12.7 1.89)
(35.1 12.7 1.89)
(35.2 12.7 1.89)
(35.3 12.7 1.89)
(35.4 12.7 1.89)
(31.9 12.8 1.89)
(32 12.8 1.89)
(32.1 12.8 1.89)
(32.2 12.8 1.89)
(32.3 12.8 1.89)
(32.4 12.8 1.89)
(32.5 12.8 1.89)
(32.6 12.8 1.89)
(32.7 12.8 1.89)
(32.8 12.8 1.89)
(32.9 12.8 1.89)
(33 12.8 1.89)
(33.1 12.8 1.89)
(33.2 12.8 1.89)
(33.3 12.8 1.89)
(33.4 12.8 1.89)
(33.5 12.8 1.89)
(33.6 12.8 1.89)
(33.7 12.8 1.89)
(33.8 12.8 1.89)
(33.9 12.8 1.89)
(34 12.8 1.89)
(34.1 12.8 1.89)
(34.2 12.8 1.89)
(34.3 12.8 1.89)
(34.4 12.8 1.89)
(34.5 12.8 1.89)
(34.6 12.8 1.89)
(34.7 12.8 1.89)
(34.8 12.8 1.89)
(34.9 12.8 1.89)
(35 12.8 1.89)
(35.1 12.8 1.89)
(35.2 12.8 1.89)
(35.3 12.8 1.89)
(35.4 12.8 1.89)
(31.9 12.9 1.89)
(32 12.9 1.89)
(32.1 12.9 1.89)
(32.2 12.9 1.89)
(32.3 12.9 1.89)
(32.4 12.9 1.89)
(32.5 12.9 1.89)
(32.6 12.9 1.89)
(32.7 12.9 1.89)
(32.8 12.9 1.89)
(32.9 12.9 1.89)
(33 12.9 1.89)
(33.1 12.9 1.89)
(33.2 12.9 1.89)
(33.3 12.9 1.89)
(33.4 12.9 1.89)
(33.5 12.9 1.89)
(33.6 12.9 1.89)
(33.7 12.9 1.89)
(33.8 12.9 1.89)
(33.9 12.9 1.89)
(34 12.9 1.89)
(34.1 12.9 1.89)
(34.2 12.9 1.89)
(34.3 12.9 1.89)
(34.4 12.9 1.89)
(34.5 12.9 1.89)
(34.6 12.9 1.89)
(34.7 12.9 1.89)
(34.8 12.9 1.89)
(34.9 12.9 1.89)
(35 12.9 1.89)
(35.1 12.9 1.89)
(35.2 12.9 1.89)
(35.3 12.9 1.89)
(35.4 12.9 1.89)
(31.9 13 1.89)
(32 13 1.89)
(32.1 13 1.89)
(32.2 13 1.89)
(32.3 13 1.89)
(32.4 13 1.89)
(32.5 13 1.89)
(32.6 13 1.89)
(32.7 13 1.89)
(32.8 13 1.89)
(32.9 13 1.89)
(33 13 1.89)
(33.1 13 1.89)
(33.2 13 1.89)
(33.3 13 1.89)
(33.4 13 1.89)
(33.5 13 1.89)
(33.6 13 1.89)
(33.7 13 1.89)
(33.8 13 1.89)
(33.9 13 1.89)
(34 13 1.89)
(34.1 13 1.89)
(34.2 13 1.89)
(34.3 13 1.89)
(34.4 13 1.89)
(34.5 13 1.89)
(34.6 13 1.89)
(34.7 13 1.89)
(34.8 13 1.89)
(34.9 13 1.89)
(35 13 1.89)
(35.1 13 1.89)
(35.2 13 1.89)
(35.3 13 1.89)
(35.4 13 1.89)
(31.9 13.1 1.89)
(32 13.1 1.89)
(32.1 13.1 1.89)
(32.2 13.1 1.89)
(32.3 13.1 1.89)
(32.4 13.1 1.89)
(32.5 13.1 1.89)
(32.6 13.1 1.89)
(32.7 13.1 1.89)
(32.8 13.1 1.89)
(32.9 13.1 1.89)
(33 13.1 1.89)
(33.1 13.1 1.89)
(33.2 13.1 1.89)
(33.3 13.1 1.89)
(33.4 13.1 1.89)
(33.5 13.1 1.89)
(33.6 13.1 1.89)
(33.7 13.1 1.89)
(33.8 13.1 1.89)
(33.9 13.1 1.89)
(34 13.1 1.89)
(34.1 13.1 1.89)
(34.2 13.1 1.89)
(34.3 13.1 1.89)
(34.4 13.1 1.89)
(34.5 13.1 1.89)
(34.6 13.1 1.89)
(34.7 13.1 1.89)
(34.8 13.1 1.89)
(34.9 13.1 1.89)
(35 13.1 1.89)
(35.1 13.1 1.89)
(35.2 13.1 1.89)
(35.3 13.1 1.89)
(35.4 13.1 1.89)
(31.9 13.2 1.89)
(32 13.2 1.89)
(32.1 13.2 1.89)
(32.2 13.2 1.89)
(32.3 13.2 1.89)
(32.4 13.2 1.89)
(32.5 13.2 1.89)
(32.6 13.2 1.89)
(32.7 13.2 1.89)
(32.8 13.2 1.89)
(32.9 13.2 1.89)
(33 13.2 1.89)
(33.1 13.2 1.89)
(33.2 13.2 1.89)
(33.3 13.2 1.89)
(33.4 13.2 1.89)
(33.5 13.2 1.89)
(33.6 13.2 1.89)
(33.7 13.2 1.89)
(33.8 13.2 1.89)
(33.9 13.2 1.89)
(34 13.2 1.89)
(34.1 13.2 1.89)
(34.2 13.2 1.89)
(34.3 13.2 1.89)
(34.4 13.2 1.89)
(34.5 13.2 1.89)
(34.6 13.2 1.89)
(34.7 13.2 1.89)
(34.8 13.2 1.89)
(34.9 13.2 1.89)
(35 13.2 1.89)
(35.1 13.2 1.89)
(35.2 13.2 1.89)
(35.3 13.2 1.89)
(35.4 13.2 1.89)
)


// ************************************************************************* //
