/*--------------------------------*- C++ -*----------------------------------*\
| =========                 |                                                 |
| \\      /  F ield         | OpenFOAM: The Open Source CFD Toolbox           |
|  \\    /   O peration     | Version:  2.3.1                                 |
|   \\  /    A nd           | Web:      www.OpenFOAM.org                      |
|    \\/     M anipulation  |                                                 |
\*---------------------------------------------------------------------------*/
FoamFile
{
    version     2.0;
    format      ascii;
    class       labelList;
    location    "constant/polyMesh";
    object      cellProcAddressing;
}
// * * * * * * * * * * * * * * * * * * * * * * * * * * * * * * * * * * * * * //


6852
(
9
10
11
12
13
14
44
45
46
47
48
49
80
81
82
83
84
115
116
117
118
119
150
151
152
153
154
185
186
187
188
189
220
221
222
223
224
255
256
257
258
259
290
291
292
293
294
325
326
327
328
329
360
361
362
363
364
395
396
397
398
399
430
431
432
433
434
465
466
467
468
469
500
501
502
503
504
535
536
537
538
539
570
571
572
573
574
605
606
607
608
609
640
641
642
643
644
675
676
677
678
679
710
711
712
713
714
745
746
747
748
749
780
781
782
783
784
815
816
817
818
819
850
851
852
853
854
885
886
887
888
889
920
921
922
923
924
925
955
956
957
958
959
960
990
991
992
993
994
995
1025
1026
1027
1028
1029
1030
1060
1061
1062
1063
1064
1065
1095
1096
1097
1098
1099
1100
1130
1131
1132
1133
1134
1135
1165
1166
1167
1168
1169
1170
1200
1201
1202
1203
1204
1205
1235
1236
1237
1238
1239
1240
1270
1271
1272
1273
1274
1275
1305
1306
1307
1308
1309
1310
1340
1341
1342
1343
1344
1345
1375
1376
1377
1378
1379
1380
1410
1411
1412
1413
1414
1415
1444
1445
1446
1447
1448
1449
1479
1480
1481
1482
1483
1484
1514
1515
1516
1517
1518
1519
1550
1551
1552
1553
1554
1585
1586
1587
1588
1589
1620
1621
1622
1623
1624
1655
1656
1657
1658
1659
1690
1691
1692
1693
1694
1725
1726
1727
1728
1729
1760
1761
1762
1763
1764
1795
1796
1797
1798
1799
1830
1831
1832
1833
1834
1865
1866
1867
1868
1869
1900
1901
1902
1903
1904
1935
1936
1937
1938
1939
1970
1971
1972
1973
1974
2005
2006
2007
2008
2009
2040
2041
2042
2043
2044
2075
2076
2077
2078
2079
2110
2111
2112
2113
2114
2145
2146
2147
2148
2149
2180
2181
2182
2183
2184
2215
2216
2217
2218
2219
2250
2251
2252
2253
2254
2285
2286
2287
2288
2289
2320
2321
2322
2323
2324
2355
2356
2357
2358
2359
2390
2391
2392
2393
2394
2395
2425
2426
2427
2428
2429
2430
2460
2461
2462
2463
2464
2465
2495
2496
2497
2498
2499
2500
2530
2531
2532
2533
2534
2535
2565
2566
2567
2568
2569
2570
2600
2601
2602
2603
2604
2605
2635
2636
2637
2638
2639
2640
2670
2671
2672
2673
2674
2675
2705
2706
2707
2708
2709
2710
2740
2741
2742
2743
2744
2745
2775
2776
2777
2778
2779
2780
2810
2811
2812
2813
2814
2815
2845
2846
2847
2848
2849
2850
2879
2880
2881
2882
2883
2884
2914
2915
2916
2917
2918
2919
2949
2950
2951
2952
2953
2954
2984
2985
2986
2987
2988
2989
3020
3021
3022
3023
3024
3055
3056
3057
3058
3059
3090
3091
3092
3093
3094
3125
3126
3127
3128
3129
3160
3161
3162
3163
3164
3195
3196
3197
3198
3199
3230
3231
3232
3233
3234
3265
3266
3267
3268
3269
3300
3301
3302
3303
3304
3335
3336
3337
3338
3339
3370
3371
3372
3373
3374
3405
3406
3407
3408
3409
3440
3441
3442
3443
3444
3475
3476
3477
3478
3479
3510
3511
3512
3513
3514
3545
3546
3547
3548
3549
3580
3581
3582
3583
3584
3615
3616
3617
3618
3619
3650
3651
3652
3653
3654
3685
3686
3687
3688
3689
3720
3721
3722
3723
3724
3755
3756
3757
3758
3759
3790
3791
3792
3793
3794
3825
3826
3827
3828
3829
3860
3861
3862
3863
3864
3865
3895
3896
3897
3898
3899
3900
3930
3931
3932
3933
3934
3935
3965
3966
3967
3968
3969
3970
4000
4001
4002
4003
4004
4005
4035
4036
4037
4038
4039
4040
4070
4071
4072
4073
4074
4075
4105
4106
4107
4108
4109
4110
4140
4141
4142
4143
4144
4145
4175
4176
4177
4178
4179
4180
4210
4211
4212
4213
4214
4215
4245
4246
4247
4248
4249
4250
4280
4281
4282
4283
4284
4285
4314
4315
4316
4317
4318
4319
4349
4350
4351
4352
4353
4354
4384
4385
4386
4387
4388
4389
4419
4420
4421
4422
4423
4424
4454
4455
4456
4457
4458
4459
4490
4491
4492
4493
4494
4525
4526
4527
4528
4529
4560
4561
4562
4563
4564
4595
4596
4597
4598
4599
4630
4631
4632
4633
4634
4665
4666
4667
4668
4669
4700
4701
4702
4703
4704
4735
4736
4737
4738
4739
4770
4771
4772
4773
4774
4805
4806
4807
4808
4809
4840
4841
4842
4843
4844
4875
4876
4877
4878
4879
4910
4911
4912
4913
4914
4945
4946
4947
4948
4949
4980
4981
4982
4983
4984
5015
5016
5017
5018
5019
5050
5051
5052
5053
5054
5085
5086
5087
5088
5089
5120
5121
5122
5123
5124
5155
5156
5157
5158
5159
5190
5191
5192
5193
5194
5225
5226
5227
5228
5229
5260
5261
5262
5263
5264
5295
5296
5297
5298
5299
5330
5331
5332
5333
5334
5335
5365
5366
5367
5368
5369
5370
5400
5401
5402
5403
5404
5405
5435
5436
5437
5438
5439
5440
5470
5471
5472
5473
5474
5475
5505
5506
5507
5508
5509
5510
5540
5541
5542
5543
5544
5545
5575
5576
5577
5578
5579
5580
5610
5611
5612
5613
5614
5615
5645
5646
5647
5648
5649
5650
5680
5681
5682
5683
5684
5685
5715
5716
5717
5718
5719
5720
5749
5750
5751
5752
5753
5754
5784
5785
5786
5787
5788
5789
5819
5820
5821
5822
5823
5824
5854
5855
5856
5857
5858
5859
5889
5890
5891
5892
5893
5894
5924
5925
5926
5927
5928
5929
5960
5961
5962
5963
5964
5995
5996
5997
5998
5999
6030
6031
6032
6033
6034
6065
6066
6067
6068
6069
6100
6101
6102
6103
6104
6135
6136
6137
6138
6139
6170
6171
6172
6173
6174
6205
6206
6207
6208
6209
6240
6241
6242
6243
6244
6275
6276
6277
6278
6279
6310
6311
6312
6313
6314
6345
6346
6347
6348
6349
6380
6381
6382
6383
6384
6415
6416
6417
6418
6419
6450
6451
6452
6453
6454
6485
6486
6487
6488
6489
6520
6521
6522
6523
6524
6555
6556
6557
6558
6559
6590
6591
6592
6593
6594
6625
6626
6627
6628
6629
6660
6661
6662
6663
6664
6695
6696
6697
6698
6699
6730
6731
6732
6733
6734
6765
6766
6767
6768
6769
6800
6801
6802
6803
6804
6805
6835
6836
6837
6838
6839
6840
6870
6871
6872
6873
6874
6875
6905
6906
6907
6908
6909
6910
6940
6941
6942
6943
6944
6945
6975
6976
6977
6978
6979
6980
7010
7011
7012
7013
7014
7015
7045
7046
7047
7048
7049
7050
7080
7081
7082
7083
7084
7085
7115
7116
7117
7118
7119
7120
7150
7151
7152
7153
7154
7155
7184
7185
7186
7187
7188
7189
7219
7220
7221
7222
7223
7224
7254
7255
7256
7257
7258
7259
7289
7290
7291
7292
7293
7294
7324
7325
7326
7327
7328
7329
7359
7360
7361
7362
7363
7364
7394
7395
7396
7397
7398
7399
7430
7431
7432
7433
7434
7465
7466
7467
7468
7469
7500
7501
7502
7503
7504
7535
7536
7537
7538
7539
7570
7571
7572
7573
7574
7605
7606
7607
7608
7609
7640
7641
7642
7643
7644
7675
7676
7677
7678
7679
7710
7711
7712
7713
7714
7745
7746
7747
7748
7749
7780
7781
7782
7783
7784
7815
7816
7817
7818
7819
7850
7851
7852
7853
7854
7885
7886
7887
7888
7889
7920
7921
7922
7923
7924
7955
7956
7957
7958
7959
7990
7991
7992
7993
7994
8025
8026
8027
8028
8029
8060
8061
8062
8063
8064
8095
8096
8097
8098
8099
8130
8131
8132
8133
8134
8165
8166
8167
8168
8169
8200
8201
8202
8203
8204
8235
8236
8237
8238
8239
8270
8271
8272
8273
8274
8275
8305
8306
8307
8308
8309
8310
8340
8341
8342
8343
8344
8345
8375
8376
8377
8378
8379
8380
8410
8411
8412
8413
8414
8415
8445
8446
8447
8448
8449
8450
8480
8481
8482
8483
8484
8485
8515
8516
8517
8518
8519
8520
8550
8551
8552
8553
8554
8555
8585
8586
8587
8588
8589
8590
8612
8613
8614
8615
8616
8617
8632
8633
8634
8635
8636
8637
8652
8653
8654
8655
8656
8657
8672
8673
8674
8675
8676
8677
8692
8693
8694
8695
8696
8697
8713
8714
8715
8716
8717
8733
8734
8735
8736
8737
8753
8754
8755
8756
8757
8770
8771
8772
8773
8776
8777
8778
8779
8780
8782
8783
8784
8785
8786
8788
8789
8790
8791
8792
8794
8795
8796
8797
8798
8800
8801
8802
8803
8804
8808
8809
8810
8811
8812
8813
8828
8829
8830
8831
8832
8833
8848
8849
8850
8851
8852
8853
8868
8869
8870
8871
8872
8873
8888
8889
8890
8891
8892
8893
8908
8909
8910
8911
8912
8913
8929
8930
8931
8932
8933
8949
8950
8951
8952
8953
8966
8967
8968
8969
8972
8973
8974
8975
8978
8979
8980
8981
8982
8984
8985
8986
8987
8988
8990
8991
8992
8993
8994
8996
8997
8998
8999
9000
9011
9012
9013
9014
9015
9016
9046
9047
9048
9049
9050
9051
9081
9082
9083
9084
9085
9086
9237
9238
9239
9240
9241
9272
9273
9274
9275
9276
9307
9308
9309
9310
9311
9342
9343
9344
9345
9346
9377
9378
9379
9380
9381
9412
9413
9414
9415
9416
9447
9448
9449
9450
9451
9482
9483
9484
9485
9486
9517
9518
9519
9520
9521
9552
9553
9554
9555
9556
9587
9588
9589
9590
9591
9622
9623
9624
9625
9626
9657
9686
9715
9744
9773
9802
9831
9860
9889
9890
9891
9892
9893
9924
9925
9926
9927
9928
9959
9960
9961
9962
9963
9994
9995
9996
9997
9998
10029
10030
10031
10032
10033
10034
10064
10065
10066
10067
10068
10069
10099
10100
10101
10102
10103
10104
10134
10135
10136
10137
10138
10139
10169
10170
10171
10172
10173
10174
10204
10205
10206
10207
10208
10209
10238
10239
10240
10241
10242
10243
10273
10274
10275
10276
10277
10278
10308
10309
10310
10311
10312
10313
10464
10465
10466
10467
10468
10499
10500
10501
10502
10503
10534
10535
10536
10537
10538
10569
10570
10571
10572
10573
10604
10605
10606
10607
10608
10639
10640
10641
10642
10643
10674
10675
10676
10677
10678
10709
10710
10711
10712
10713
10744
10745
10746
10747
10748
10779
10780
10781
10782
10783
10814
10815
10816
10817
10818
10849
10850
10851
10852
10853
10884
10913
10942
10971
11000
11029
11058
11087
11116
11117
11118
11119
11120
11151
11152
11153
11154
11155
11186
11187
11188
11189
11190
11221
11222
11223
11224
11225
11256
11257
11258
11259
11260
11291
11292
11293
11294
11295
11296
11326
11327
11328
11329
11330
11331
11361
11362
11363
11364
11365
11366
11396
11397
11398
11399
11400
11401
11431
11432
11433
11434
11435
11436
11465
11466
11467
11468
11469
11470
11500
11501
11502
11503
11504
11505
11535
11536
11537
11538
11539
11540
11690
11691
11692
11693
11694
11695
11726
11727
11728
11729
11730
11761
11762
11763
11764
11765
11796
11797
11798
11799
11800
11831
11832
11833
11834
11835
11866
11867
11868
11869
11870
11901
11902
11903
11904
11905
11936
11937
11938
11939
11940
11971
11972
11973
11974
11975
12006
12007
12008
12009
12010
12041
12042
12043
12044
12045
12076
12077
12078
12079
12080
12111
12140
12169
12198
12227
12256
12285
12314
12343
12344
12345
12346
12347
12378
12379
12380
12381
12382
12413
12414
12415
12416
12417
12448
12449
12450
12451
12452
12483
12484
12485
12486
12487
12518
12519
12520
12521
12522
12553
12554
12555
12556
12557
12558
12588
12589
12590
12591
12592
12593
12623
12624
12625
12626
12627
12628
12658
12659
12660
12661
12662
12663
12692
12693
12694
12695
12696
12697
12727
12728
12729
12730
12731
12732
12762
12763
12764
12765
12766
12767
12917
12918
12919
12920
12921
12922
12952
12953
12954
12955
12956
12957
12988
12989
12990
12991
12992
13023
13024
13025
13026
13027
13058
13059
13060
13061
13062
13093
13094
13095
13096
13097
13128
13129
13130
13131
13132
13163
13164
13165
13166
13167
13198
13199
13200
13201
13202
13233
13234
13235
13236
13237
13268
13269
13270
13271
13272
13303
13304
13305
13306
13307
13338
13367
13396
13425
13454
13483
13512
13541
13570
13571
13572
13573
13574
13605
13606
13607
13608
13609
13640
13641
13642
13643
13644
13675
13676
13677
13678
13679
13710
13711
13712
13713
13714
13745
13746
13747
13748
13749
13780
13781
13782
13783
13784
13815
13816
13817
13818
13819
13820
13850
13851
13852
13853
13854
13855
13885
13886
13887
13888
13889
13890
13919
13920
13921
13922
13923
13924
13954
13955
13956
13957
13958
13959
13989
13990
13991
13992
13993
13994
14144
14145
14146
14147
14148
14149
14179
14180
14181
14182
14183
14184
14214
14215
14216
14217
14218
14219
14250
14251
14252
14253
14254
14285
14286
14287
14288
14289
14320
14321
14322
14323
14324
14355
14356
14357
14358
14359
14390
14391
14392
14393
14394
14425
14426
14427
14428
14429
14460
14461
14462
14463
14464
14495
14496
14497
14498
14499
14530
14531
14532
14533
14534
14565
14594
14623
14652
14681
14710
14739
14768
14797
14798
14799
14800
14801
14832
14833
14834
14835
14836
14867
14868
14869
14870
14871
14902
14903
14904
14905
14906
14937
14938
14939
14940
14941
14972
14973
14974
14975
14976
15007
15008
15009
15010
15011
15042
15043
15044
15045
15046
15077
15078
15079
15080
15081
15082
15112
15113
15114
15115
15116
15117
15146
15147
15148
15149
15150
15151
15181
15182
15183
15184
15185
15186
15216
15217
15218
15219
15220
15221
15371
15372
15373
15374
15375
15376
15406
15407
15408
15409
15410
15411
15441
15442
15443
15444
15445
15446
15476
15477
15478
15479
15480
15481
15512
15513
15514
15515
15516
15547
15548
15549
15550
15551
15582
15583
15584
15585
15586
15617
15618
15619
15620
15621
15652
15653
15654
15655
15656
15687
15688
15689
15690
15691
15722
15723
15724
15725
15726
15757
15758
15759
15760
15761
15792
15821
15850
15879
15908
15937
15966
15995
16024
16025
16026
16027
16028
16059
16060
16061
16062
16063
16094
16095
16096
16097
16098
16129
16130
16131
16132
16133
16164
16165
16166
16167
16168
16199
16200
16201
16202
16203
16234
16235
16236
16237
16238
16269
16270
16271
16272
16273
16304
16305
16306
16307
16308
16339
16340
16341
16342
16343
16344
16373
16374
16375
16376
16377
16378
16408
16409
16410
16411
16412
16413
16443
16444
16445
16446
16447
16448
16598
16599
16600
16601
16602
16603
16633
16634
16635
16636
16637
16638
16668
16669
16670
16671
16672
16673
16703
16704
16705
16706
16707
16708
16738
16739
16740
16741
16742
16743
16774
16775
16776
16777
16778
16809
16810
16811
16812
16813
16844
16845
16846
16847
16848
16879
16880
16881
16882
16883
16914
16915
16916
16917
16918
16949
16950
16951
16952
16953
16984
16985
16986
16987
16988
17019
17048
17077
17106
17135
17164
17193
17222
17251
17252
17253
17254
17255
17286
17287
17288
17289
17290
17321
17322
17323
17324
17325
17356
17357
17358
17359
17360
17391
17392
17393
17394
17395
17426
17427
17428
17429
17430
17461
17462
17463
17464
17465
17496
17497
17498
17499
17500
17531
17532
17533
17534
17535
17566
17567
17568
17569
17570
17600
17601
17602
17603
17604
17605
17635
17636
17637
17638
17639
17640
17670
17671
17672
17673
17674
17675
17825
17826
17827
17828
17829
17830
17860
17861
17862
17863
17864
17865
17895
17896
17897
17898
17899
17900
17930
17931
17932
17933
17934
17935
17965
17966
17967
17968
17969
17970
18000
18001
18002
18003
18004
18005
18036
18037
18038
18039
18040
18071
18072
18073
18074
18075
18106
18107
18108
18109
18110
18141
18142
18143
18144
18145
18176
18177
18178
18179
18180
18211
18212
18213
18214
18215
18246
18275
18304
18333
18362
18391
18420
18449
18478
18479
18480
18481
18482
18513
18514
18515
18516
18517
18548
18549
18550
18551
18552
18583
18584
18585
18586
18587
18618
18619
18620
18621
18622
18653
18654
18655
18656
18657
18688
18689
18690
18691
18692
18723
18724
18725
18726
18727
18758
18759
18760
18761
18762
18793
18794
18795
18796
18797
18827
18828
18829
18830
18831
18832
18862
18863
18864
18865
18866
18867
18897
18898
18899
18900
18901
18902
19052
19053
19054
19055
19056
19057
19087
19088
19089
19090
19091
19092
19122
19123
19124
19125
19126
19127
19157
19158
19159
19160
19161
19162
19192
19193
19194
19195
19196
19197
19227
19228
19229
19230
19231
19232
19262
19263
19264
19265
19266
19267
19298
19299
19300
19301
19302
19333
19334
19335
19336
19337
19368
19369
19370
19371
19372
19403
19404
19405
19406
19407
19438
19439
19440
19441
19442
19473
19502
19531
19560
19589
19618
19647
19676
19705
19706
19707
19708
19709
19740
19741
19742
19743
19744
19775
19776
19777
19778
19779
19810
19811
19812
19813
19814
19845
19846
19847
19848
19849
19880
19881
19882
19883
19884
19915
19916
19917
19918
19919
19950
19951
19952
19953
19954
19985
19986
19987
19988
19989
20020
20021
20022
20023
20024
20054
20055
20056
20057
20058
20059
20089
20090
20091
20092
20093
20094
20124
20125
20126
20127
20128
20129
20279
20280
20281
20282
20283
20284
20314
20315
20316
20317
20318
20319
20349
20350
20351
20352
20353
20354
20384
20385
20386
20387
20388
20389
20419
20420
20421
20422
20423
20424
20454
20455
20456
20457
20458
20459
20489
20490
20491
20492
20493
20494
20524
20525
20526
20527
20528
20529
20560
20561
20562
20563
20564
20595
20596
20597
20598
20599
20630
20631
20632
20633
20634
20665
20666
20667
20668
20669
20700
20729
20758
20787
20816
20845
20874
20903
20932
20933
20934
20935
20936
20967
20968
20969
20970
20971
21002
21003
21004
21005
21006
21037
21038
21039
21040
21041
21072
21073
21074
21075
21076
21107
21108
21109
21110
21111
21142
21143
21144
21145
21146
21177
21178
21179
21180
21181
21212
21213
21214
21215
21216
21247
21248
21249
21250
21251
21281
21282
21283
21284
21285
21286
21316
21317
21318
21319
21320
21321
21351
21352
21353
21354
21355
21356
21506
21507
21508
21509
21510
21511
21541
21542
21543
21544
21545
21546
21576
21577
21578
21579
21580
21581
21611
21612
21613
21614
21615
21616
21646
21647
21648
21649
21650
21651
21681
21682
21683
21684
21685
21686
21716
21717
21718
21719
21720
21721
21751
21752
21753
21754
21755
21756
21786
21787
21788
21789
21790
21791
21822
21823
21824
21825
21826
21857
21858
21859
21860
21861
21892
21893
21894
21895
21896
21927
21956
21985
22014
22043
22072
22101
22130
22159
22160
22161
22162
22163
22194
22195
22196
22197
22198
22229
22230
22231
22232
22233
22264
22265
22266
22267
22268
22299
22300
22301
22302
22303
22334
22335
22336
22337
22338
22369
22370
22371
22372
22373
22404
22405
22406
22407
22408
22439
22440
22441
22442
22443
22474
22475
22476
22477
22478
22508
22509
22510
22511
22512
22513
22543
22544
22545
22546
22547
22548
22578
22579
22580
22581
22582
22583
22733
22734
22735
22736
22737
22738
22768
22769
22770
22771
22772
22773
22803
22804
22805
22806
22807
22808
22838
22839
22840
22841
22842
22843
22873
22874
22875
22876
22877
22878
22908
22909
22910
22911
22912
22913
22943
22944
22945
22946
22947
22948
22978
22979
22980
22981
22982
22983
23013
23014
23015
23016
23017
23018
23048
23049
23050
23051
23052
23053
23084
23085
23086
23087
23088
23119
23120
23121
23122
23123
23154
23183
23212
23241
23270
23299
23328
23357
23386
23387
23388
23389
23390
23421
23422
23423
23424
23425
23456
23457
23458
23459
23460
23491
23492
23493
23494
23495
23526
23527
23528
23529
23530
23561
23562
23563
23564
23565
23596
23597
23598
23599
23600
23631
23632
23633
23634
23635
23666
23667
23668
23669
23670
23701
23702
23703
23704
23705
23735
23736
23737
23738
23739
23740
23770
23771
23772
23773
23774
23775
23805
23806
23807
23808
23809
23810
23960
23961
23962
23963
23964
23965
23995
23996
23997
23998
23999
24000
24030
24031
24032
24033
24034
24035
24065
24066
24067
24068
24069
24070
24100
24101
24102
24103
24104
24105
24135
24136
24137
24138
24139
24140
24170
24171
24172
24173
24174
24175
24205
24206
24207
24208
24209
24210
24240
24241
24242
24243
24244
24245
24275
24276
24277
24278
24279
24280
24310
24311
24312
24313
24314
24315
24346
24347
24348
24349
24350
24381
24410
24439
24468
24497
24526
24555
24584
24613
24614
24615
24616
24617
24648
24649
24650
24651
24652
24683
24684
24685
24686
24687
24718
24719
24720
24721
24722
24753
24754
24755
24756
24757
24788
24789
24790
24791
24792
24823
24824
24825
24826
24827
24858
24859
24860
24861
24862
24893
24894
24895
24896
24897
24928
24929
24930
24931
24932
24962
24963
24964
24965
24966
24967
24997
24998
24999
25000
25001
25002
25032
25033
25034
25035
25036
25037
25187
25188
25189
25190
25191
25192
25222
25223
25224
25225
25226
25227
25257
25258
25259
25260
25261
25262
25292
25293
25294
25295
25296
25297
25327
25328
25329
25330
25331
25332
25362
25363
25364
25365
25366
25367
25397
25398
25399
25400
25401
25402
25432
25433
25434
25435
25436
25437
25467
25468
25469
25470
25471
25472
25502
25503
25504
25505
25506
25507
25537
25538
25539
25540
25541
25542
25572
25573
25574
25575
25576
25577
25608
25637
25666
25695
25724
25753
25782
25811
25840
25841
25842
25843
25844
25875
25876
25877
25878
25879
25910
25911
25912
25913
25914
25945
25946
25947
25948
25949
25980
25981
25982
25983
25984
26015
26016
26017
26018
26019
26050
26051
26052
26053
26054
26085
26086
26087
26088
26089
26120
26121
26122
26123
26124
26155
26156
26157
26158
26159
26189
26190
26191
26192
26193
26194
26224
26225
26226
26227
26228
26229
26259
26260
26261
26262
26263
26264
26414
26415
26416
26417
26418
26419
26449
26450
26451
26452
26453
26454
26484
26485
26486
26487
26488
26489
26519
26520
26521
26522
26523
26524
26554
26555
26556
26557
26558
26559
26589
26590
26591
26592
26593
26594
26624
26625
26626
26627
26628
26629
26659
26660
26661
26662
26663
26664
26694
26695
26696
26697
26698
26699
26729
26730
26731
26732
26733
26734
26764
26765
26766
26767
26768
26769
26799
26800
26801
26802
26803
26804
26834
26835
26864
26893
26922
26951
26980
27009
27038
27067
27068
27069
27070
27071
27102
27103
27104
27105
27106
27137
27138
27139
27140
27141
27172
27173
27174
27175
27176
27207
27208
27209
27210
27211
27242
27243
27244
27245
27246
27277
27278
27279
27280
27281
27312
27313
27314
27315
27316
27347
27348
27349
27350
27351
27382
27383
27384
27385
27386
27416
27417
27418
27419
27420
27421
27451
27452
27453
27454
27455
27456
27486
27487
27488
27489
27490
27491
27641
27642
27643
27644
27645
27646
27676
27677
27678
27679
27680
27681
27711
27712
27713
27714
27715
27716
27746
27747
27748
27749
27750
27751
27781
27782
27783
27784
27785
27786
27816
27817
27818
27819
27820
27821
27851
27852
27853
27854
27855
27856
27886
27887
27888
27889
27890
27891
27921
27922
27923
27924
27925
27926
27956
27957
27958
27959
27960
27961
27991
27992
27993
27994
27995
27996
28026
28027
28028
28029
28030
28031
28061
28062
28090
28091
28120
28149
28178
28207
28236
28265
28294
28295
28296
28297
28298
28329
28330
28331
28332
28333
28364
28365
28366
28367
28368
28399
28400
28401
28402
28403
28434
28435
28436
28437
28438
28469
28470
28471
28472
28473
28504
28505
28506
28507
28508
28539
28540
28541
28542
28543
28574
28575
28576
28577
28578
28609
28610
28611
28612
28613
28643
28644
28645
28646
28647
28648
28678
28679
28680
28681
28682
28683
28713
28714
28715
28716
28717
28718
28868
28869
28870
28871
28872
28873
28903
28904
28905
28906
28907
28908
28938
28939
28940
28941
28942
28943
28973
28974
28975
28976
28977
28978
29008
29009
29010
29011
29012
29013
29043
29044
29045
29046
29047
29048
29078
29079
29080
29081
29082
29083
29113
29114
29115
29116
29117
29118
29148
29149
29150
29151
29152
29153
29183
29184
29185
29186
29187
29188
29218
29219
29220
29221
29222
29223
29253
29254
29255
29256
29257
29258
29288
29289
29317
29318
29346
29347
29376
29405
29434
29463
29492
29521
29522
29523
29524
29525
29556
29557
29558
29559
29560
29591
29592
29593
29594
29595
29626
29627
29628
29629
29630
29661
29662
29663
29664
29665
29696
29697
29698
29699
29700
29731
29732
29733
29734
29735
29766
29767
29768
29769
29770
29801
29802
29803
29804
29805
29836
29837
29838
29839
29840
29870
29871
29872
29873
29874
29875
29905
29906
29907
29908
29909
29910
29940
29941
29942
29943
29944
29945
30095
30096
30097
30098
30099
30100
30130
30131
30132
30133
30134
30135
30165
30166
30167
30168
30169
30170
30200
30201
30202
30203
30204
30205
30235
30236
30237
30238
30239
30240
30270
30271
30272
30273
30274
30275
30305
30306
30307
30308
30309
30310
30340
30341
30342
30343
30344
30345
30375
30376
30377
30378
30379
30380
30410
30411
30412
30413
30414
30415
30445
30446
30447
30448
30449
30450
30480
30481
30482
30483
30484
30485
30515
30516
30544
30545
30573
30574
30602
30603
30632
30661
30690
30719
30748
30749
30750
30751
30752
30783
30784
30785
30786
30787
30818
30819
30820
30821
30822
30853
30854
30855
30856
30857
30888
30889
30890
30891
30892
30923
30924
30925
30926
30927
30958
30959
30960
30961
30962
30993
30994
30995
30996
30997
31028
31029
31030
31031
31032
31063
31064
31065
31066
31067
31097
31098
31099
31100
31101
31102
31132
31133
31134
31135
31136
31137
31167
31168
31169
31170
31171
31172
31322
31323
31324
31325
31326
31327
31357
31358
31359
31360
31361
31362
31392
31393
31394
31395
31396
31397
31427
31428
31429
31430
31431
31432
31462
31463
31464
31465
31466
31467
31497
31498
31499
31500
31501
31502
31532
31533
31534
31535
31536
31537
31567
31568
31569
31570
31571
31572
31602
31603
31604
31605
31606
31607
31637
31638
31639
31640
31641
31642
31672
31673
31674
31675
31676
31677
31707
31708
31709
31710
31711
31712
31742
31743
31771
31772
31800
31801
31829
31830
31858
31859
31888
31917
31946
31975
31976
31977
31978
31979
32010
32011
32012
32013
32014
32045
32046
32047
32048
32049
32080
32081
32082
32083
32084
32115
32116
32117
32118
32119
32150
32151
32152
32153
32154
32185
32186
32187
32188
32189
32220
32221
32222
32223
32224
32255
32256
32257
32258
32259
32290
32291
32292
32293
32294
32324
32325
32326
32327
32328
32329
32359
32360
32361
32362
32363
32364
32394
32395
32396
32397
32398
32399
32549
32550
32551
32552
32553
32554
32584
32585
32586
32587
32588
32589
32619
32620
32621
32622
32623
32624
32654
32655
32656
32657
32658
32659
32689
32690
32691
32692
32693
32694
32724
32725
32726
32727
32728
32729
32759
32760
32761
32762
32763
32764
32794
32795
32796
32797
32798
32799
32829
32830
32831
32832
32833
32834
32864
32865
32866
32867
32868
32869
32899
32900
32901
32902
32903
32904
32934
32935
32936
32937
32938
32939
32969
32970
32998
32999
33027
33028
33056
33057
33085
33086
33114
33115
33144
33173
33202
33203
33204
33205
33206
33237
33238
33239
33240
33241
33272
33273
33274
33275
33276
33307
33308
33309
33310
33311
33342
33343
33344
33345
33346
33377
33378
33379
33380
33381
33412
33413
33414
33415
33416
33447
33448
33449
33450
33451
33482
33483
33484
33485
33486
33517
33518
33519
33520
33521
33551
33552
33553
33554
33555
33556
33586
33587
33588
33589
33590
33591
33621
33622
33623
33624
33625
33626
33656
33657
33658
33659
33660
33661
33691
33692
33693
33694
33695
33696
33726
33727
33728
33729
33730
33731
33761
33762
33763
33764
33765
33766
33796
33797
33798
33799
33800
33801
33831
33832
33833
33834
33835
33836
33866
33867
33868
33869
33870
33871
33901
33902
33903
33904
33905
33906
33936
33937
33938
33939
33940
33941
33971
33972
33973
33974
33975
33976
34006
34007
34008
34009
34010
34011
34041
34042
34043
34044
34045
34046
34076
34077
34078
34079
34080
34081
34111
34112
34113
34114
34115
34116
34146
34147
34148
34149
34150
34151
34181
34182
34183
34184
34185
34186
34216
34217
34218
34219
34220
34221
34251
34252
34253
34254
34255
34256
34286
34287
34288
34289
34290
34291
34321
34322
34323
34324
34325
34326
34356
34357
34358
34359
34360
34361
34391
34392
34393
34394
34395
34396
34426
34427
34428
34429
34430
34431
34461
34462
34463
34464
34465
34466
34496
34497
34498
34499
34500
34501
34531
34532
34533
34534
34535
34536
34566
34567
34568
34569
34570
34571
34601
34602
34603
34604
34605
34606
34637
34638
34639
34640
34641
34672
34673
34674
34675
34676
34707
34708
34709
34710
34711
34742
34743
34744
34745
34746
34777
34778
34779
34780
34781
34812
34813
34814
34815
34816
34847
34848
34849
34850
34851
34882
34883
34884
34885
34886
34917
34918
34919
34920
34921
34952
34953
34954
34955
34956
34986
34987
34988
34989
34990
34991
35021
35022
35023
35024
35025
35026
35056
35057
35058
35059
35060
35061
35091
35092
35093
35094
35095
35096
35126
35127
35128
35129
35130
35131
35161
35162
35163
35164
35165
35166
35196
35197
35198
35199
35200
35201
35231
35232
35233
35234
35235
35236
35266
35267
35268
35269
35270
35271
35301
35302
35303
35304
35305
35306
35336
35337
35338
35339
35340
35341
35371
35372
35373
35374
35375
35376
35406
35407
35408
35409
35410
35411
35441
35442
35443
35444
35445
35446
35476
35477
35478
35479
35480
35481
35511
35512
35513
35514
35515
35516
35546
35547
35548
35549
35550
35551
35581
35582
35583
35584
35585
35586
35616
35617
35618
35619
35620
35621
35651
35652
35653
35654
35655
35656
35686
35687
35688
35689
35690
35691
35721
35722
35723
35724
35725
35726
35756
35757
35758
35759
35760
35761
35791
35792
35793
35794
35795
35796
35826
35827
35828
35829
35830
35831
35861
35862
35863
35864
35865
35866
35896
35897
35898
35899
35900
35901
35931
35932
35933
35934
35935
35936
35966
35967
35968
35969
35970
35971
36001
36002
36003
36004
36005
36006
36036
36037
36038
36039
36040
36041
36071
36072
36073
36074
36075
36076
36107
36108
36109
36110
36111
36142
36143
36144
36145
36146
36177
36178
36179
36180
36181
36212
36213
36214
36215
36216
36247
36248
36249
36250
36251
36282
36283
36284
36285
36286
36317
36318
36319
36320
36321
36352
36353
36354
36355
36356
36387
36388
36389
36390
36391
36421
36422
36423
36424
36425
36426
36456
36457
36458
36459
36460
36461
36491
36492
36493
36494
36495
36496
36526
36527
36528
36529
36530
36531
36561
36562
36563
36564
36565
36566
36596
36597
36598
36599
36600
36601
36631
36632
36633
36634
36635
36636
36666
36667
36668
36669
36670
36671
36701
36702
36703
36704
36705
36706
36736
36737
36738
36739
36740
36741
36771
36772
36773
36774
36775
36776
36806
36807
36808
36809
36810
36811
36841
36842
36843
36844
36845
36846
36876
36877
36878
36879
36880
36881
36911
36912
36913
36914
36915
36916
36946
36947
36948
36949
36950
36951
36981
36982
36983
36984
36985
36986
37016
37017
37018
37019
37020
37021
37051
37052
37053
37054
37055
37056
37086
37087
37088
37089
37090
37091
37121
37122
37123
37124
37125
37126
37156
37157
37158
37159
37160
37161
37191
37192
37193
37194
37195
37196
37226
37227
37228
37229
37230
37231
37261
37262
37263
37264
37265
37266
37296
37297
37298
37299
37300
37301
37331
37332
37333
37334
37335
37336
37366
37367
37368
37369
37370
37371
37401
37402
37403
37404
37405
37406
37436
37437
37438
37439
37440
37441
37471
37472
37473
37474
37475
37476
37506
37507
37508
37509
37510
37511
37541
37542
37543
37544
37545
37546
37577
37578
37579
37580
37581
37612
37613
37614
37615
37616
37647
37648
37649
37650
37651
37682
37683
37684
37685
37686
37717
37718
37719
37720
37721
37752
37753
37754
37755
37756
37787
37788
37789
37790
37791
37822
37823
37824
37825
37826
37856
37857
37858
37859
37860
37861
37891
37892
37893
37894
37895
37896
37926
37927
37928
37929
37930
37931
37961
37962
37963
37964
37965
37966
37996
37997
37998
37999
38000
38001
38031
38032
38033
38034
38035
38036
38066
38067
38068
38069
38070
38071
38101
38102
38103
38104
38105
38106
38136
38137
38138
38139
38140
38141
38171
38172
38173
38174
38175
38176
38206
38207
38208
38209
38210
38211
38241
38242
38243
38244
38245
38246
38276
38277
38278
38279
38280
38281
38311
38312
38313
38314
38315
38316
38346
38347
38348
38349
38350
38351
38381
38382
38383
38384
38385
38386
38416
38417
38418
38419
38420
38421
38451
38452
38453
38454
38455
38456
38486
38487
38488
38489
38490
38491
38521
38522
38523
38524
38525
38526
38556
38557
38558
38559
38560
38561
38591
38592
38593
38594
38595
38596
38626
38627
38628
38629
38630
38631
38661
38662
38663
38664
38665
38666
38696
38697
38698
38699
38700
38701
38731
38732
38733
38734
38735
38736
38766
38767
38768
38769
38770
38771
38801
38802
38803
38804
38805
38806
38836
38837
38838
38839
38840
38841
38871
38872
38873
38874
38875
38876
38906
38907
38908
38909
38910
38911
38941
38942
38943
38944
38945
38946
38976
38977
38978
38979
38980
38981
39011
39012
39013
39014
39015
39016
39047
39048
39049
39050
39051
39082
39083
39084
39085
39086
39117
39118
39119
39120
39121
39152
39153
39154
39155
39156
39187
39188
39189
39190
39191
39222
39223
39224
39225
39226
39257
39258
39259
39260
39261
39291
39292
39293
39294
39295
39296
39326
39327
39328
39329
39330
39331
39361
39362
39363
39364
39365
39366
39396
39397
39398
39399
39400
39401
39431
39432
39433
39434
39435
39436
39466
39467
39468
39469
39470
39471
39501
39502
39503
39504
39505
39506
39536
39537
39538
39539
39540
39541
39571
39572
39573
39574
39575
39576
39606
39607
39608
39609
39610
39611
39641
39642
39643
39644
39645
39646
39676
39677
39678
39679
39680
39681
39711
39712
39713
39714
39715
39716
39746
39747
39748
39749
39750
39751
39781
39782
39783
39784
39785
39786
39816
39817
39818
39819
39820
39821
39851
39852
39853
39854
39855
39856
39886
39887
39888
39889
39890
39891
39921
39922
39923
39924
39925
39926
39956
39957
39958
39959
39960
39961
39991
39992
39993
39994
39995
39996
40026
40027
40028
40029
40030
40031
40061
40062
40063
40064
40065
40066
40096
40097
40098
40099
40100
40101
40131
40132
40133
40134
40135
40136
40166
40167
40168
40169
40170
40171
40201
40202
40203
40204
40205
40206
40236
40237
40238
40239
40240
40241
40271
40272
40273
40274
40275
40276
40306
40307
40308
40309
40310
40311
40341
40342
40343
40344
40345
40346
40376
40377
40378
40379
40380
40381
40411
40412
40413
40414
40415
40416
40446
40447
40448
40449
40450
40451
40481
40482
40483
40484
40485
40486
40517
40518
40519
40520
40521
40552
40553
40554
40555
40556
40587
40588
40589
40590
40591
40622
40623
40624
40625
40626
40657
40658
40659
40660
40661
40692
40693
40694
40695
40696
40726
40727
40728
40729
40730
40731
40761
40762
40763
40764
40765
40766
40796
40797
40798
40799
40800
40801
40831
40832
40833
40834
40835
40836
40866
40867
40868
40869
40870
40871
40901
40902
40903
40904
40905
40906
40936
40937
40938
40939
40940
40941
40971
40972
40973
40974
40975
40976
41006
41007
41008
41009
41010
41011
41041
41042
41043
41044
41045
41046
41076
41077
41078
41079
41080
41081
41111
41112
41113
41114
41115
41116
41146
41147
41148
41149
41150
41151
41181
41182
41183
41184
41185
41186
41216
41217
41218
41219
41220
41221
41251
41252
41253
41254
41255
41256
41286
41287
41288
41289
41290
41291
41321
41322
41323
41324
41325
41326
41356
41357
41358
41359
41360
41361
41391
41392
41393
41394
41395
41396
41426
41427
41428
41429
41430
41431
41461
41462
41463
41464
41465
41466
41496
41497
41498
41499
41500
41501
41531
41532
41533
41534
41535
41536
41566
41567
41568
41569
41570
41571
41601
41602
41603
41604
41605
41606
41636
41637
41638
41639
41640
41641
41671
41672
41673
41674
41675
41676
41706
41707
41708
41709
41710
41711
41741
41742
41743
41744
41745
41746
41776
41777
41778
41779
41780
41781
41811
41812
41813
41814
41815
41816
41846
41847
41848
41849
41850
41851
41881
41882
41883
41884
41885
41886
41916
41917
41918
41919
41920
41921
41951
41952
41953
41954
41955
41956
41987
41988
41989
41990
41991
42022
42023
42024
42025
42026
42057
42058
42059
42060
42061
42092
42093
42094
42095
42096
42127
42128
42129
42130
42131
42161
42162
42163
42164
42165
42166
42196
42197
42198
42199
42200
42201
42231
42232
42233
42234
42235
42236
42266
42267
42268
42269
42270
42271
42301
42302
42303
42304
42305
42306
42336
42337
42338
42339
42340
42341
42371
42372
42373
42374
42375
42376
42406
42407
42408
42409
42410
42411
42441
42442
42443
42444
42445
42446
42476
42477
42478
42479
42480
42481
42511
42512
42513
42514
42515
42516
42546
42547
42548
42549
42550
42551
42581
42582
42583
42584
42585
42586
42616
42617
42618
42619
42620
42621
42651
42652
42653
42654
42655
42656
42686
42687
42688
42689
42690
42691
42721
42722
42723
42724
42725
42726
42756
42757
42758
42759
42760
42761
42791
42792
42793
42794
42795
42796
42826
42827
42828
42829
42830
42831
42861
42862
42863
42864
42865
42866
42896
42897
42898
42899
42900
42901
42931
42932
42933
42934
42935
42936
42966
42967
42968
42969
42970
42971
43001
43002
43003
43004
43005
43006
43036
43037
43038
43039
43040
43041
43071
43072
43073
43074
43075
43076
43106
43107
43108
43109
43110
43111
43141
43142
43143
43144
43145
43146
43176
43177
43178
43179
43180
43181
43211
43212
43213
43214
43215
43216
43246
43247
43248
43249
43250
43251
43281
43282
43283
43284
43285
43286
43316
43317
43318
43319
43320
43321
43351
43352
43353
43354
43355
43356
43386
43387
43388
43389
43390
43391
43421
43422
43423
43424
43425
43426
43457
43458
43459
43460
43461
43492
43493
43494
43495
43496
43527
43528
43529
43530
43531
43562
43563
43564
43565
43566
43596
43597
43598
43599
43600
43601
43631
43632
43633
43634
43635
43636
43666
43667
43668
43669
43670
43671
43701
43702
43703
43704
43705
43706
43736
43737
43738
43739
43740
43741
43771
43772
43773
43774
43775
43776
43806
43807
43808
43809
43810
43811
43841
43842
43843
43844
43845
43846
43876
43877
43878
43879
43880
43881
43911
43912
43913
43914
43915
43916
43946
43947
43948
43949
43950
43951
43981
43982
43983
43984
43985
43986
44016
44017
44018
44019
44020
44021
44051
44052
44053
44054
44055
44056
44086
44087
44088
44089
44090
44091
44121
44122
44123
44124
44125
44126
44156
44157
44158
44159
44160
44161
44191
44192
44193
44194
44195
44196
44226
44227
44228
44229
44230
44231
44261
44262
44263
44264
44265
44266
44296
44297
44298
44299
44300
44301
44331
44332
44333
44334
44335
44336
44366
44367
44368
44369
44370
44371
44401
44402
44403
44404
44405
44406
44436
44437
44438
44439
44440
44441
44471
44472
44473
44474
44475
44476
44506
44507
44508
44509
44510
44511
44541
44542
44543
44544
44545
44546
44576
44577
44578
44579
44580
44581
44611
44612
44613
44614
44615
44616
44646
44647
44648
44649
44650
44651
44681
44682
44683
44684
44685
44686
44716
44717
44718
44719
44720
44721
44751
44752
44753
44754
44755
44756
44786
44787
44788
44789
44790
44791
44821
44822
44823
44824
44825
44826
44856
44857
44858
44859
44860
44861
44891
44892
44893
44894
44895
44896
44927
44928
44929
44930
44931
44962
44963
44964
44965
44966
44997
44998
44999
45000
45001
45031
45032
45033
45034
45035
45036
45066
45067
45068
45069
45070
45071
45101
45102
45103
45104
45105
45106
45136
45137
45138
45139
45140
45141
45171
45172
45173
45174
45175
45176
45206
45207
45208
45209
45210
45211
45241
45242
45243
45244
45245
45246
45276
45277
45278
45279
45280
45281
45311
45312
45313
45314
45315
45316
45346
45347
45348
45349
45350
45351
45381
45382
45383
45384
45385
45386
45416
45417
45418
45419
45420
45421
45451
45452
45453
45454
45455
45456
45486
45487
45488
45489
45490
45491
45521
45522
45523
45524
45525
45526
45556
45557
45558
45559
45560
45561
45591
45592
45593
45594
45595
45596
45626
45627
45628
45629
45630
45631
45661
45662
45663
45664
45665
45666
45696
45697
45698
45699
45700
45701
45731
45732
45733
45734
45735
45736
45766
45767
45768
45769
45770
45771
45801
45802
45803
45804
45805
45806
45836
45837
45838
45839
45840
45841
45871
45872
45873
45874
45875
45876
45906
45907
45908
45909
45910
45911
45941
45942
45943
45944
45945
45946
45976
45977
45978
45979
45980
45981
46011
46012
46013
46014
46015
46016
46046
46047
46048
46049
46050
46051
46081
46082
46083
46084
46085
46086
46116
46117
46118
46119
46120
46121
46151
46152
46153
46154
46155
46156
46186
46187
46188
46189
46190
46191
46221
46222
46223
46224
46225
46226
46256
46257
46258
46259
46260
46261
46291
46292
46293
46294
46295
46296
46326
46327
46328
46329
46330
46331
46361
46362
46363
46364
46365
46366
46397
46398
46399
46400
46401
46432
46433
46434
46435
46436
46466
46467
46468
46469
46470
46471
46501
46502
46503
46504
46505
46506
46536
46537
46538
46539
46540
46541
46571
46572
46573
46574
46575
46576
46606
46607
46608
46609
46610
46611
46641
46642
46643
46644
46645
46646
46676
46677
46678
46679
46680
46681
46711
46712
46713
46714
46715
46716
46746
46747
46748
46749
46750
46751
46781
46782
46783
46784
46785
46786
46816
46817
46818
46819
46820
46821
46851
46852
46853
46854
46855
46856
46886
46887
46888
46889
46890
46891
46921
46922
46923
46924
46925
46926
46956
46957
46958
46959
46960
46961
46991
46992
46993
46994
46995
46996
47026
47027
47028
47029
47030
47031
47061
47062
47063
47064
47065
47066
47096
47097
47098
47099
47100
47101
47131
47132
47133
47134
47135
47136
47166
47167
47168
47169
47170
47171
47201
47202
47203
47204
47205
47206
47236
47237
47238
47239
47240
47241
47271
47272
47273
47274
47275
47276
47306
47307
47308
47309
47310
47311
47341
47342
47343
47344
47345
47346
47376
47377
47378
47379
47380
47381
47411
47412
47413
47414
47415
47416
47446
47447
47448
47449
47450
47451
47481
47482
47483
47484
47485
47486
47516
47517
47518
47519
47520
47521
47551
47552
47553
47554
47555
47556
47586
47587
47588
47589
47590
47591
47621
47622
47623
47624
47625
47626
47656
47657
47658
47659
47660
47661
47691
47692
47693
47694
47695
47696
47726
47727
47728
47729
47730
47731
47761
47762
47763
47764
47765
47766
47796
47797
47798
47799
47800
47801
47831
47832
47833
47834
47835
47836
47867
47868
47869
47870
47871
47892
47893
47894
47895
47898
47899
47900
47901
47904
47905
47906
47907
47908
47910
47911
47912
47913
47914
47916
47917
47918
47919
47920
47922
47923
47924
47925
47926
47928
47929
47930
47931
47934
47935
47936
47937
47940
47941
47942
47943
47946
47947
47948
47949
47950
47952
47953
47954
47955
47956
47958
47959
47960
47961
47962
)


// ************************************************************************* //
