/*--------------------------------*- C++ -*----------------------------------*\
| =========                 |                                                 |
| \\      /  F ield         | OpenFOAM: The Open Source CFD Toolbox           |
|  \\    /   O peration     | Version:  2.3.1                                 |
|   \\  /    A nd           | Web:      www.OpenFOAM.org                      |
|    \\/     M anipulation  |                                                 |
\*---------------------------------------------------------------------------*/
FoamFile
{
    version     2.0;
    format      ascii;
    class       labelList;
    note        "nPoints: 9268 nCells: 6852 nFaces: 22824 nInternalFaces: 18288";
    location    "constant/polyMesh";
    object      neighbour;
}
// * * * * * * * * * * * * * * * * * * * * * * * * * * * * * * * * * * * * * //


18288
(
1
6
222
2
7
223
3
8
224
4
9
225
5
10
226
11
227
7
228
8
12
229
9
13
230
10
14
231
11
15
232
16
233
13
17
235
14
18
236
15
19
237
16
20
238
21
239
18
22
240
19
23
241
20
24
242
21
25
243
26
244
23
27
245
24
28
246
25
29
247
26
30
248
31
249
28
32
250
29
33
251
30
34
252
31
35
253
36
254
33
37
255
34
38
256
35
39
257
36
40
258
41
259
38
42
260
39
43
261
40
44
262
41
45
263
46
264
43
47
265
44
48
266
45
49
267
46
50
268
51
269
48
52
270
49
53
271
50
54
272
51
55
273
56
274
53
57
275
54
58
276
55
59
277
56
60
278
61
279
58
62
280
59
63
281
60
64
282
61
65
283
66
284
63
67
285
64
68
286
65
69
287
66
70
288
71
289
68
72
290
69
73
291
70
74
292
71
75
293
76
294
73
77
295
74
78
296
75
79
297
76
80
298
81
299
78
82
300
79
83
301
80
84
302
81
85
303
86
304
83
87
305
84
88
306
85
89
307
86
90
308
91
309
88
92
310
89
93
311
90
94
312
91
95
313
96
314
93
97
315
94
98
316
95
99
317
96
100
318
101
319
98
102
320
99
103
321
100
104
322
101
105
323
106
324
103
107
325
104
108
326
105
109
327
106
110
328
111
329
108
112
330
109
113
331
110
114
332
111
115
333
116
334
113
117
335
114
118
336
115
119
337
116
120
338
121
339
118
122
340
119
123
341
120
124
342
121
125
343
126
344
123
127
345
124
128
346
125
129
347
126
130
348
131
349
128
132
350
129
133
351
130
134
352
131
135
353
136
354
133
138
355
134
139
356
135
140
357
136
141
358
137
142
359
143
139
144
360
140
145
361
141
146
362
142
147
363
143
148
364
149
365
145
150
366
146
151
367
147
152
368
148
153
369
149
154
370
155
371
151
156
372
152
157
373
153
158
374
154
159
375
155
160
376
161
377
157
162
378
158
163
379
159
164
380
160
165
381
161
166
382
167
383
163
168
384
164
169
385
165
170
386
166
171
387
167
172
388
173
389
169
174
390
170
175
391
171
176
392
172
177
393
173
178
394
179
395
175
180
396
176
181
397
177
182
398
178
183
399
179
184
400
185
401
181
186
402
182
187
403
183
188
404
184
189
405
185
190
406
191
407
187
192
408
188
193
409
189
194
410
190
195
411
191
196
412
197
413
193
198
414
194
199
415
195
200
416
196
201
417
197
202
418
203
419
199
204
420
200
205
421
201
206
422
202
207
423
203
208
424
209
425
205
210
426
206
211
427
207
212
428
208
213
429
209
214
430
215
431
211
216
432
212
217
433
213
218
434
214
219
435
215
220
436
221
437
217
438
218
439
219
440
220
441
221
442
443
223
228
444
224
229
445
225
230
446
226
231
447
227
232
448
233
449
229
234
450
230
235
451
231
236
452
232
237
453
233
238
454
239
455
235
456
236
240
457
237
241
458
238
242
459
239
243
460
244
461
241
245
463
242
246
464
243
247
465
244
248
466
249
467
246
250
468
247
251
469
248
252
470
249
253
471
254
472
251
255
473
252
256
474
253
257
475
254
258
476
259
477
256
260
478
257
261
479
258
262
480
259
263
481
264
482
261
265
483
262
266
484
263
267
485
264
268
486
269
487
266
270
488
267
271
489
268
272
490
269
273
491
274
492
271
275
493
272
276
494
273
277
495
274
278
496
279
497
276
280
498
277
281
499
278
282
500
279
283
501
284
502
281
285
503
282
286
504
283
287
505
284
288
506
289
507
286
290
508
287
291
509
288
292
510
289
293
511
294
512
291
295
513
292
296
514
293
297
515
294
298
516
299
517
296
300
518
297
301
519
298
302
520
299
303
521
304
522
301
305
523
302
306
524
303
307
525
304
308
526
309
527
306
310
528
307
311
529
308
312
530
309
313
531
314
532
311
315
533
312
316
534
313
317
535
314
318
536
319
537
316
320
538
317
321
539
318
322
540
319
323
541
324
542
321
325
543
322
326
544
323
327
545
324
328
546
329
547
326
330
548
327
331
549
328
332
550
329
333
551
334
552
331
335
553
332
336
554
333
337
555
334
338
556
339
557
336
340
558
337
341
559
338
342
560
339
343
561
344
562
341
345
563
342
346
564
343
347
565
344
348
566
349
567
346
350
568
347
351
569
348
352
570
349
353
571
354
572
351
355
573
352
356
574
353
357
575
354
358
576
359
577
356
360
578
357
361
579
358
362
580
359
363
581
364
582
361
366
583
362
367
584
363
368
585
364
369
586
365
370
587
371
367
372
588
368
373
589
369
374
590
370
375
591
371
376
592
377
593
373
378
594
374
379
595
375
380
596
376
381
597
377
382
598
383
599
379
384
600
380
385
601
381
386
602
382
387
603
383
388
604
389
605
385
390
606
386
391
607
387
392
608
388
393
609
389
394
610
395
611
391
396
612
392
397
613
393
398
614
394
399
615
395
400
616
401
617
397
402
618
398
403
619
399
404
620
400
405
621
401
406
622
407
623
403
408
624
404
409
625
405
410
626
406
411
627
407
412
628
413
629
409
414
630
410
415
631
411
416
632
412
417
633
413
418
634
419
635
415
420
636
416
421
637
417
422
638
418
423
639
419
424
640
425
641
421
426
642
422
427
643
423
428
644
424
429
645
425
430
646
431
647
427
432
648
428
433
649
429
434
650
430
435
651
431
436
652
437
653
433
438
654
434
439
655
435
440
656
436
441
657
437
442
658
443
659
439
660
440
661
441
662
442
663
443
664
665
445
450
666
446
451
667
447
452
668
448
453
669
449
454
670
455
671
451
456
672
452
457
673
453
458
674
454
459
675
455
460
676
461
677
457
462
678
458
463
679
459
464
680
460
465
681
461
466
682
467
683
463
684
464
468
685
465
469
686
466
470
687
467
471
688
472
689
469
473
691
470
474
692
471
475
693
472
476
694
477
695
474
478
696
475
479
697
476
480
698
477
481
699
482
700
479
483
701
480
484
702
481
485
703
482
486
704
487
705
484
488
706
485
489
707
486
490
708
487
491
709
492
710
489
493
711
490
494
712
491
495
713
492
496
714
497
715
494
498
716
495
499
717
496
500
718
497
501
719
502
720
499
503
721
500
504
722
501
505
723
502
506
724
507
725
504
508
726
505
509
727
506
510
728
507
511
729
512
730
509
513
731
510
514
732
511
515
733
512
516
734
517
735
514
518
736
515
519
737
516
520
738
517
521
739
522
740
519
523
741
520
524
742
521
525
743
522
526
744
527
745
524
528
746
525
529
747
526
530
748
527
531
749
532
750
529
533
751
530
534
752
531
535
753
532
536
754
537
755
534
538
756
535
539
757
536
540
758
537
541
759
542
760
539
543
761
540
544
762
541
545
763
542
546
764
547
765
544
548
766
545
549
767
546
550
768
547
551
769
552
770
549
553
771
550
554
772
551
555
773
552
556
774
557
775
554
558
776
555
559
777
556
560
778
557
561
779
562
780
559
563
781
560
564
782
561
565
783
562
566
784
567
785
564
568
786
565
569
787
566
570
788
567
571
789
572
790
569
573
791
570
574
792
571
575
793
572
576
794
577
795
574
578
796
575
579
797
576
580
798
577
581
799
582
800
579
583
801
580
584
802
581
585
803
582
586
804
587
805
584
588
806
585
589
807
586
590
808
587
591
809
592
810
589
594
811
590
595
812
591
596
813
592
597
814
593
598
815
599
595
600
816
596
601
817
597
602
818
598
603
819
599
604
820
605
821
601
606
822
602
607
823
603
608
824
604
609
825
605
610
826
611
827
607
612
828
608
613
829
609
614
830
610
615
831
611
616
832
617
833
613
618
834
614
619
835
615
620
836
616
621
837
617
622
838
623
839
619
624
840
620
625
841
621
626
842
622
627
843
623
628
844
629
845
625
630
846
626
631
847
627
632
848
628
633
849
629
634
850
635
851
631
636
852
632
637
853
633
638
854
634
639
855
635
640
856
641
857
637
642
858
638
643
859
639
644
860
640
645
861
641
646
862
647
863
643
648
864
644
649
865
645
650
866
646
651
867
647
652
868
653
869
649
654
870
650
655
871
651
656
872
652
657
873
653
658
874
659
875
655
660
876
656
661
877
657
662
878
658
663
879
659
664
880
665
881
661
882
662
883
663
884
664
885
665
886
887
667
672
888
668
673
889
669
674
890
670
675
891
671
676
892
677
893
673
678
894
674
679
895
675
680
896
676
681
897
677
682
898
683
899
679
684
900
680
685
901
681
686
902
682
687
903
683
688
904
689
905
685
690
906
686
691
907
687
692
908
688
693
909
689
694
910
695
911
691
912
692
696
913
693
697
914
694
698
915
695
699
916
700
917
697
701
919
698
702
920
699
703
921
700
704
922
705
923
702
706
924
703
707
925
704
708
926
705
709
927
710
928
707
711
929
708
712
930
709
713
931
710
714
932
715
933
712
716
934
713
717
935
714
718
936
715
719
937
720
938
717
721
939
718
722
940
719
723
941
720
724
942
725
943
722
726
944
723
727
945
724
728
946
725
729
947
730
948
727
731
949
728
732
950
729
733
951
730
734
952
735
953
732
736
954
733
737
955
734
738
956
735
739
957
740
958
737
741
959
738
742
960
739
743
961
740
744
962
745
963
742
746
964
743
747
965
744
748
966
745
749
967
750
968
747
751
969
748
752
970
749
753
971
750
754
972
755
973
752
756
974
753
757
975
754
758
976
755
759
977
760
978
757
761
979
758
762
980
759
763
981
760
764
982
765
983
762
766
984
763
767
985
764
768
986
765
769
987
770
988
767
771
989
768
772
990
769
773
991
770
774
992
775
993
772
776
994
773
777
995
774
778
996
775
779
997
780
998
777
781
999
778
782
1000
779
783
1001
780
784
1002
785
1003
782
786
1004
783
787
1005
784
788
1006
785
789
1007
790
1008
787
791
1009
788
792
1010
789
793
1011
790
794
1012
795
1013
792
796
1014
793
797
1015
794
798
1016
795
799
1017
800
1018
797
801
1019
798
802
1020
799
803
1021
800
804
1022
805
1023
802
806
1024
803
807
1025
804
808
1026
805
809
1027
810
1028
807
811
1029
808
812
1030
809
813
1031
810
814
1032
815
1033
812
816
1034
813
817
1035
814
818
1036
815
819
1037
820
1038
817
822
1039
818
823
1040
819
824
1041
820
825
1042
821
826
1043
827
823
828
1044
824
829
1045
825
830
1046
826
831
1047
827
832
1048
833
1049
829
834
1050
830
835
1051
831
836
1052
832
837
1053
833
838
1054
839
1055
835
840
1056
836
841
1057
837
842
1058
838
843
1059
839
844
1060
845
1061
841
846
1062
842
847
1063
843
848
1064
844
849
1065
845
850
1066
851
1067
847
852
1068
848
853
1069
849
854
1070
850
855
1071
851
856
1072
857
1073
853
858
1074
854
859
1075
855
860
1076
856
861
1077
857
862
1078
863
1079
859
864
1080
860
865
1081
861
866
1082
862
867
1083
863
868
1084
869
1085
865
870
1086
866
871
1087
867
872
1088
868
873
1089
869
874
1090
875
1091
871
876
1092
872
877
1093
873
878
1094
874
879
1095
875
880
1096
881
1097
877
882
1098
878
883
1099
879
884
1100
880
885
1101
881
886
1102
887
1103
883
1104
884
1105
885
1106
886
1107
887
1108
1109
889
894
1110
890
895
1111
891
896
1112
892
897
1113
893
898
1114
899
1115
895
900
1116
896
901
1117
897
902
1118
898
903
1119
899
904
1120
905
1121
901
906
1122
902
907
1123
903
908
1124
904
909
1125
905
910
1126
911
1127
907
912
1128
908
913
1129
909
914
1130
910
915
1131
911
916
1132
917
1133
913
918
1134
914
919
1135
915
920
1136
916
921
1137
917
922
1138
923
1139
919
1140
920
924
1141
921
925
1142
922
926
1143
923
927
1144
928
1145
925
929
1147
926
930
1148
927
931
1149
928
932
1150
933
1151
930
934
1152
931
935
1153
932
936
1154
933
937
1155
938
1156
935
939
1157
936
940
1158
937
941
1159
938
942
1160
943
1161
940
944
1162
941
945
1163
942
946
1164
943
947
1165
948
1166
945
949
1167
946
950
1168
947
951
1169
948
952
1170
953
1171
950
954
1172
951
955
1173
952
956
1174
953
957
1175
958
1176
955
959
1177
956
960
1178
957
961
1179
958
962
1180
963
1181
960
964
1182
961
965
1183
962
966
1184
963
967
1185
968
1186
965
969
1187
966
970
1188
967
971
1189
968
972
1190
973
1191
970
974
1192
971
975
1193
972
976
1194
973
977
1195
978
1196
975
979
1197
976
980
1198
977
981
1199
978
982
1200
983
1201
980
984
1202
981
985
1203
982
986
1204
983
987
1205
988
1206
985
989
1207
986
990
1208
987
991
1209
988
992
1210
993
1211
990
994
1212
991
995
1213
992
996
1214
993
997
1215
998
1216
995
999
1217
996
1000
1218
997
1001
1219
998
1002
1220
1003
1221
1000
1004
1222
1001
1005
1223
1002
1006
1224
1003
1007
1225
1008
1226
1005
1009
1227
1006
1010
1228
1007
1011
1229
1008
1012
1230
1013
1231
1010
1014
1232
1011
1015
1233
1012
1016
1234
1013
1017
1235
1018
1236
1015
1019
1237
1016
1020
1238
1017
1021
1239
1018
1022
1240
1023
1241
1020
1024
1242
1021
1025
1243
1022
1026
1244
1023
1027
1245
1028
1246
1025
1029
1247
1026
1030
1248
1027
1031
1249
1028
1032
1250
1033
1251
1030
1034
1252
1031
1035
1253
1032
1036
1254
1033
1037
1255
1038
1256
1035
1039
1257
1036
1040
1258
1037
1041
1259
1038
1042
1260
1043
1261
1040
1044
1262
1041
1045
1263
1042
1046
1264
1043
1047
1265
1048
1266
1045
1050
1267
1046
1051
1268
1047
1052
1269
1048
1053
1270
1049
1054
1271
1055
1051
1056
1272
1052
1057
1273
1053
1058
1274
1054
1059
1275
1055
1060
1276
1061
1277
1057
1062
1278
1058
1063
1279
1059
1064
1280
1060
1065
1281
1061
1066
1282
1067
1283
1063
1068
1284
1064
1069
1285
1065
1070
1286
1066
1071
1287
1067
1072
1288
1073
1289
1069
1074
1290
1070
1075
1291
1071
1076
1292
1072
1077
1293
1073
1078
1294
1079
1295
1075
1080
1296
1076
1081
1297
1077
1082
1298
1078
1083
1299
1079
1084
1300
1085
1301
1081
1086
1302
1082
1087
1303
1083
1088
1304
1084
1089
1305
1085
1090
1306
1091
1307
1087
1092
1308
1088
1093
1309
1089
1094
1310
1090
1095
1311
1091
1096
1312
1097
1313
1093
1098
1314
1094
1099
1315
1095
1100
1316
1096
1101
1317
1097
1102
1318
1103
1319
1099
1104
1320
1100
1105
1321
1101
1106
1322
1102
1107
1323
1103
1108
1324
1109
1325
1105
1326
1106
1327
1107
1328
1108
1329
1109
1330
1331
1111
1116
1112
1117
1113
1118
1114
1119
1115
1120
1121
1117
1122
1118
1123
1119
1124
1120
1125
1121
1126
1127
1123
1128
1124
1129
1125
1130
1126
1131
1127
1132
1133
1129
1134
1332
1130
1135
1333
1131
1136
1334
1132
1137
1335
1133
1138
1336
1139
1337
1135
1140
1338
1136
1141
1339
1137
1142
1340
1138
1143
1341
1139
1144
1342
1145
1343
1141
1146
1344
1142
1147
1345
1143
1148
1346
1144
1149
1347
1145
1150
1348
1151
1349
1147
1350
1148
1152
1351
1149
1153
1352
1150
1154
1353
1151
1155
1354
1156
1355
1153
1157
1357
1154
1158
1358
1155
1159
1359
1156
1160
1360
1161
1361
1158
1162
1362
1159
1163
1363
1160
1164
1364
1161
1165
1365
1166
1366
1163
1167
1367
1164
1168
1368
1165
1169
1369
1166
1170
1370
1171
1371
1168
1172
1372
1169
1173
1373
1170
1174
1374
1171
1175
1375
1176
1376
1173
1177
1174
1178
1175
1179
1176
1180
1181
1178
1182
1179
1183
1180
1184
1181
1185
1186
1183
1187
1184
1188
1185
1189
1186
1190
1191
1188
1192
1189
1193
1190
1194
1191
1195
1196
1193
1197
1194
1198
1195
1199
1196
1200
1201
1198
1202
1199
1203
1200
1204
1201
1205
1206
1203
1207
1204
1208
1205
1209
1206
1210
1211
1208
1212
1209
1213
1210
1214
1211
1215
1216
1213
1217
1214
1218
1215
1219
1216
1220
1221
1218
1222
1219
1223
1220
1224
1221
1225
1226
1223
1227
1224
1228
1225
1229
1226
1230
1231
1228
1232
1229
1233
1230
1234
1231
1235
1236
1233
1237
1234
1238
1235
1239
1236
1240
1241
1238
1242
1239
1243
1240
1244
1241
1245
1246
1243
1247
1244
1248
1245
1249
1246
1250
1251
1248
1252
1249
1253
1250
1254
1251
1255
1256
1253
1257
1254
1258
1255
1259
1256
1260
1261
1258
1262
1259
1263
1260
1264
1261
1265
1266
1263
1267
1264
1268
1265
1269
1266
1270
1271
1268
1272
1269
1273
1270
1274
1271
1275
1276
1273
1278
1274
1279
1377
1275
1280
1378
1276
1281
1379
1277
1282
1380
1283
1279
1284
1280
1285
1381
1281
1286
1382
1282
1287
1383
1283
1288
1384
1289
1385
1285
1290
1286
1291
1386
1287
1292
1387
1288
1293
1388
1289
1294
1389
1295
1390
1291
1296
1292
1297
1391
1293
1298
1392
1294
1299
1393
1295
1300
1394
1301
1395
1297
1302
1298
1303
1396
1299
1304
1397
1300
1305
1398
1301
1306
1399
1307
1400
1303
1308
1304
1309
1401
1305
1310
1402
1306
1311
1403
1307
1312
1404
1313
1405
1309
1314
1310
1315
1311
1316
1312
1317
1313
1318
1319
1315
1320
1316
1321
1317
1322
1318
1323
1319
1324
1325
1321
1326
1322
1327
1323
1328
1324
1329
1325
1330
1331
1327
1328
1329
1330
1331
1333
1338
1406
1334
1339
1407
1335
1340
1408
1336
1341
1409
1337
1342
1410
1343
1411
1339
1344
1412
1340
1345
1413
1341
1346
1414
1342
1347
1415
1343
1348
1416
1349
1417
1345
1350
1418
1346
1351
1419
1347
1352
1420
1348
1353
1421
1349
1354
1422
1355
1423
1351
1356
1424
1352
1357
1425
1353
1358
1426
1354
1359
1427
1355
1360
1428
1361
1429
1357
1430
1358
1362
1431
1359
1363
1432
1360
1364
1433
1361
1365
1434
1366
1435
1363
1367
1437
1364
1368
1438
1365
1369
1439
1366
1370
1440
1371
1441
1368
1372
1442
1369
1373
1443
1370
1374
1444
1371
1375
1445
1376
1446
1373
1447
1374
1448
1375
1449
1376
1450
1451
1378
1381
6797
1379
1382
6798
1380
1383
6799
1384
6800
1382
1386
6801
1383
1387
6802
1384
1388
6803
1385
1389
6804
1390
1387
1391
6805
1388
1392
6806
1389
1393
6807
1390
1394
6808
1395
6809
1392
1396
6810
1393
1397
6811
1394
1398
6812
1395
1399
6813
1400
6814
1397
1401
6815
1398
1402
6816
1399
1403
6817
1400
1404
6818
1405
6819
1402
6820
1403
6821
1404
6822
1405
6823
6824
1407
1412
1408
1413
1409
1414
1410
1415
1411
1416
1417
1413
1418
1414
1419
1415
1420
1416
1421
1417
1422
1423
1419
1424
1420
1425
1421
1426
1422
1427
1423
1428
1429
1425
1430
1426
1431
1427
1432
1428
1433
1429
1434
1435
1431
1436
1432
1437
1433
1438
1434
1439
1435
1440
1441
1437
1438
1442
1439
1443
1440
1444
1441
1445
1446
1443
1447
1444
1448
1445
1449
1446
1450
1451
1448
1449
1450
1451
1453
1456
6797
6825
1454
1457
6798
6826
1455
1458
6799
6827
1459
6800
6828
1457
1460
6801
6829
1458
1461
6802
6830
1459
1462
6803
6831
1463
6804
6832
1461
1465
6805
6833
1462
1466
6806
6834
1463
1467
6807
6835
1464
1468
6808
6836
1469
6809
1466
1470
6810
6837
1467
1471
6811
6838
1468
1472
6812
6839
1469
1473
6813
6840
1474
6814
6841
1471
1475
6815
6842
1472
1476
6816
6843
1473
1477
6817
6844
1474
1478
6818
6845
1479
6819
6846
1476
6820
6847
1477
6821
6848
1478
6822
6849
1479
6823
6850
6824
6851
1481
1486
1622
1482
1487
1623
1483
1488
1624
1484
1489
1625
1485
1490
1626
1491
1627
1487
1492
1628
1488
1493
1629
1489
1494
1630
1490
1495
1631
1491
1496
1632
1497
1633
1493
1634
1494
1635
1495
1636
1496
1637
1497
1638
1639
1499
1503
1640
1500
1504
1641
1501
1505
1642
1502
1506
1643
1507
1644
1504
1508
1645
1505
1509
1646
1506
1510
1647
1507
1511
1648
1512
1649
1509
1513
1650
1510
1514
1651
1511
1515
1652
1512
1516
1653
1517
1654
1514
1518
1655
1515
1519
1656
1516
1520
1657
1517
1521
1658
1522
1659
1519
1523
1660
1520
1524
1661
1521
1525
1662
1522
1526
1663
1527
1664
1524
1528
1665
1525
1529
1666
1526
1530
1667
1527
1531
1668
1532
1669
1529
1533
1670
1530
1534
1671
1531
1535
1672
1532
1536
1673
1537
1674
1534
1538
1675
1535
1539
1676
1536
1540
1677
1537
1541
1678
1542
1679
1539
1543
1680
1540
1544
1681
1541
1545
1682
1542
1546
1683
1547
1684
1544
1548
1685
1545
1549
1686
1546
1550
1687
1547
1551
1688
1552
1689
1549
1553
1690
1550
1554
1691
1551
1555
1692
1552
1556
1693
1557
1694
1554
1558
1695
1555
1696
1556
1697
1557
1698
1699
1559
1700
1560
1701
1561
1702
1562
1703
1563
1704
1564
1705
1565
1706
1566
1707
1567
1571
1708
1568
1572
1709
6825
1569
1573
1710
6826
1570
1574
1711
6827
1575
1712
6828
1572
1576
1713
1573
1577
1714
6829
1574
1578
1715
6830
1575
1579
1716
6831
1580
1717
6832
1577
1581
1718
1578
1582
1719
6833
1579
1583
1720
6834
1580
1584
1721
6835
1585
1722
6836
1582
1586
1723
1583
1587
1724
6837
1584
1588
1725
6838
1585
1589
1726
6839
1590
1727
6840
1587
1592
1728
1588
1593
1729
6842
1589
1594
1730
6843
1590
1595
1731
6844
1591
1596
1732
6845
1597
6846
1593
1598
1733
1594
1599
1734
6847
1595
1600
1735
6848
1596
1601
1736
6849
1597
1602
1737
6850
1603
1738
6851
1599
1604
1739
1600
1605
1740
1601
1606
1741
1602
1607
1742
1603
1608
1743
1609
1744
1605
1610
1745
1606
1611
1746
1607
1612
1747
1608
1613
1748
1609
1614
1749
1615
1750
1611
1616
1751
1612
1617
1752
1613
1618
1753
1614
1619
1754
1615
1620
1755
1621
1756
1617
1757
1618
1758
1619
1759
1620
1760
1621
1761
1762
1623
1628
1763
1624
1629
1764
1625
1630
1765
1626
1631
1766
1627
1632
1767
1633
1768
1629
1634
1769
1630
1635
1770
1631
1636
1771
1632
1637
1772
1633
1638
1773
1639
1774
1635
1775
1636
1776
1637
1777
1638
1778
1639
1779
1780
1641
1645
1782
1642
1646
1783
1643
1647
1784
1644
1648
1785
1649
1786
1646
1650
1787
1647
1651
1788
1648
1652
1789
1649
1653
1790
1654
1791
1651
1655
1792
1652
1656
1793
1653
1657
1794
1654
1658
1795
1659
1796
1656
1660
1797
1657
1661
1798
1658
1662
1799
1659
1663
1800
1664
1801
1661
1665
1802
1662
1666
1803
1663
1667
1804
1664
1668
1805
1669
1806
1666
1670
1807
1667
1671
1808
1668
1672
1809
1669
1673
1810
1674
1811
1671
1675
1812
1672
1676
1813
1673
1677
1814
1674
1678
1815
1679
1816
1676
1680
1817
1677
1681
1818
1678
1682
1819
1679
1683
1820
1684
1821
1681
1685
1822
1682
1686
1823
1683
1687
1824
1684
1688
1825
1689
1826
1686
1690
1827
1687
1691
1828
1688
1692
1829
1689
1693
1830
1694
1831
1691
1695
1832
1692
1696
1833
1693
1697
1834
1694
1698
1835
1699
1836
1696
1700
1837
1697
1838
1698
1839
1699
1840
1841
1701
1842
1702
1843
1703
1844
1704
1845
1705
1846
1706
1847
1707
1848
1708
1849
1709
1713
1850
1710
1714
1851
1711
1715
1852
1712
1716
1853
1717
1854
1714
1718
1855
1715
1719
1856
1716
1720
1857
1717
1721
1858
1722
1859
1719
1723
1860
1720
1724
1861
1721
1725
1862
1722
1726
1863
1727
1864
1724
1728
1865
1725
1729
1866
1726
1730
1867
1727
1731
1868
1732
1869
1729
1733
1870
1730
1734
1871
1731
1735
1872
1732
1736
1873
1737
1874
1734
1739
1875
1735
1740
1876
1736
1741
1877
1737
1742
1878
1738
1743
1879
1744
1740
1745
1880
1741
1746
1881
1742
1747
1882
1743
1748
1883
1744
1749
1884
1750
1885
1746
1751
1886
1747
1752
1887
1748
1753
1888
1749
1754
1889
1750
1755
1890
1756
1891
1752
1757
1892
1753
1758
1893
1754
1759
1894
1755
1760
1895
1756
1761
1896
1762
1897
1758
1898
1759
1899
1760
1900
1761
1901
1762
1902
1903
1764
1769
1904
1765
1770
1905
1766
1771
1906
1767
1772
1907
1768
1773
1908
1774
1909
1770
1775
1910
1771
1776
1911
1772
1777
1912
1773
1778
1913
1774
1779
1914
1780
1915
1776
1916
1777
1917
1778
1918
1779
1919
1780
1920
1921
1782
1922
1783
1787
1923
1784
1788
1924
1785
1789
1925
1786
1790
1926
1791
1927
1788
1792
1929
1789
1793
1930
1790
1794
1931
1791
1795
1932
1796
1933
1793
1797
1934
1794
1798
1935
1795
1799
1936
1796
1800
1937
1801
1938
1798
1802
1939
1799
1803
1940
1800
1804
1941
1801
1805
1942
1806
1943
1803
1807
1944
1804
1808
1945
1805
1809
1946
1806
1810
1947
1811
1948
1808
1812
1949
1809
1813
1950
1810
1814
1951
1811
1815
1952
1816
1953
1813
1817
1954
1814
1818
1955
1815
1819
1956
1816
1820
1957
1821
1958
1818
1822
1959
1819
1823
1960
1820
1824
1961
1821
1825
1962
1826
1963
1823
1827
1964
1824
1828
1965
1825
1829
1966
1826
1830
1967
1831
1968
1828
1832
1969
1829
1833
1970
1830
1834
1971
1831
1835
1972
1836
1973
1833
1837
1974
1834
1838
1975
1835
1839
1976
1836
1840
1977
1841
1978
1838
1842
1979
1839
1980
1840
1981
1841
1982
1983
1843
1984
1844
1985
1845
1986
1846
1987
1847
1988
1848
1989
1849
1990
1850
1991
1851
1855
1992
1852
1856
1993
1853
1857
1994
1854
1858
1995
1859
1996
1856
1860
1997
1857
1861
1998
1858
1862
1999
1859
1863
2000
1864
2001
1861
1865
2002
1862
1866
2003
1863
1867
2004
1864
1868
2005
1869
2006
1866
1870
2007
1867
1871
2008
1868
1872
2009
1869
1873
2010
1874
2011
1871
1875
2012
1872
1876
2013
1873
1877
2014
1874
1878
2015
1879
2016
1876
1880
2017
1877
1881
2018
1878
1882
2019
1879
1883
2020
1884
2021
1881
1886
2022
1882
1887
2023
1883
1888
2024
1884
1889
2025
1885
1890
2026
1891
1887
1892
2027
1888
1893
2028
1889
1894
2029
1890
1895
2030
1891
1896
2031
1897
2032
1893
1898
2033
1894
1899
2034
1895
1900
2035
1896
1901
2036
1897
1902
2037
1903
2038
1899
2039
1900
2040
1901
2041
1902
2042
1903
2043
2044
1905
1910
2045
1906
1911
2046
1907
1912
2047
1908
1913
2048
1909
1914
2049
1915
2050
1911
1916
2051
1912
1917
2052
1913
1918
2053
1914
1919
2054
1915
1920
2055
1921
2056
1917
2057
1918
2058
1919
2059
1920
2060
1921
2061
2062
1923
1928
2063
1924
1929
2064
1925
1930
2065
1926
1931
2066
1927
1932
2067
1933
2068
1929
2069
1930
1934
2070
1931
1935
2071
1932
1936
2072
1933
1937
2073
1938
2074
1935
1939
2076
1936
1940
2077
1937
1941
2078
1938
1942
2079
1943
2080
1940
1944
2081
1941
1945
2082
1942
1946
2083
1943
1947
2084
1948
2085
1945
1949
2086
1946
1950
2087
1947
1951
2088
1948
1952
2089
1953
2090
1950
1954
2091
1951
1955
2092
1952
1956
2093
1953
1957
2094
1958
2095
1955
1959
2096
1956
1960
2097
1957
1961
2098
1958
1962
2099
1963
2100
1960
1964
2101
1961
1965
2102
1962
1966
2103
1963
1967
2104
1968
2105
1965
1969
2106
1966
1970
2107
1967
1971
2108
1968
1972
2109
1973
2110
1970
1974
2111
1971
1975
2112
1972
1976
2113
1973
1977
2114
1978
2115
1975
1979
2116
1976
1980
2117
1977
1981
2118
1978
1982
2119
1983
2120
1980
1984
2121
1981
2122
1982
2123
1983
2124
2125
1985
2126
1986
2127
1987
2128
1988
2129
1989
2130
1990
2131
1991
2132
1992
2133
1993
1997
2134
1994
1998
2135
1995
1999
2136
1996
2000
2137
2001
2138
1998
2002
2139
1999
2003
2140
2000
2004
2141
2001
2005
2142
2006
2143
2003
2007
2144
2004
2008
2145
2005
2009
2146
2006
2010
2147
2011
2148
2008
2012
2149
2009
2013
2150
2010
2014
2151
2011
2015
2152
2016
2153
2013
2017
2154
2014
2018
2155
2015
2019
2156
2016
2020
2157
2021
2158
2018
2022
2159
2019
2023
2160
2020
2024
2161
2021
2025
2162
2026
2163
2023
2027
2164
2024
2028
2165
2025
2029
2166
2026
2030
2167
2031
2168
2028
2033
2169
2029
2034
2170
2030
2035
2171
2031
2036
2172
2032
2037
2173
2038
2034
2039
2174
2035
2040
2175
2036
2041
2176
2037
2042
2177
2038
2043
2178
2044
2179
2040
2180
2041
2181
2042
2182
2043
2183
2044
2184
2185
2046
2051
2186
2047
2052
2187
2048
2053
2188
2049
2054
2189
2050
2055
2190
2056
2191
2052
2057
2192
2053
2058
2193
2054
2059
2194
2055
2060
2195
2056
2061
2196
2062
2197
2058
2198
2059
2199
2060
2200
2061
2201
2062
2202
2203
2064
2069
2204
2065
2070
2205
2066
2071
2206
2067
2072
2207
2068
2073
2208
2074
2209
2070
2075
2210
2071
2076
2211
2072
2077
2212
2073
2078
2213
2074
2079
2214
2080
2215
2076
2216
2077
2081
2217
2078
2082
2218
2079
2083
2219
2080
2084
2220
2085
2221
2082
2086
2223
2083
2087
2224
2084
2088
2225
2085
2089
2226
2090
2227
2087
2091
2228
2088
2092
2229
2089
2093
2230
2090
2094
2231
2095
2232
2092
2096
2233
2093
2097
2234
2094
2098
2235
2095
2099
2236
2100
2237
2097
2101
2238
2098
2102
2239
2099
2103
2240
2100
2104
2241
2105
2242
2102
2106
2243
2103
2107
2244
2104
2108
2245
2105
2109
2246
2110
2247
2107
2111
2248
2108
2112
2249
2109
2113
2250
2110
2114
2251
2115
2252
2112
2116
2253
2113
2117
2254
2114
2118
2255
2115
2119
2256
2120
2257
2117
2121
2258
2118
2122
2259
2119
2123
2260
2120
2124
2261
2125
2262
2122
2126
2263
2123
2264
2124
2265
2125
2266
2267
2127
2268
2128
2269
2129
2270
2130
2271
2131
2272
2132
2273
2133
2274
2134
2275
2135
2139
2276
2136
2140
2277
2137
2141
2278
2138
2142
2279
2143
2280
2140
2144
2281
2141
2145
2282
2142
2146
2283
2143
2147
2284
2148
2285
2145
2149
2286
2146
2150
2287
2147
2151
2288
2148
2152
2289
2153
2290
2150
2154
2291
2151
2155
2292
2152
2156
2293
2153
2157
2294
2158
2295
2155
2159
2296
2156
2160
2297
2157
2161
2298
2158
2162
2299
2163
2300
2160
2164
2301
2161
2165
2302
2162
2166
2303
2163
2167
2304
2168
2305
2165
2169
2306
2166
2170
2307
2167
2171
2308
2168
2172
2309
2173
2310
2170
2174
2311
2171
2175
2312
2172
2176
2313
2173
2177
2314
2178
2315
2175
2180
2316
2176
2181
2317
2177
2182
2318
2178
2183
2319
2179
2184
2320
2185
2181
2321
2182
2322
2183
2323
2184
2324
2185
2325
2326
2187
2192
2327
2188
2193
2328
2189
2194
2329
2190
2195
2330
2191
2196
2331
2197
2332
2193
2198
2333
2194
2199
2334
2195
2200
2335
2196
2201
2336
2197
2202
2337
2203
2338
2199
2339
2200
2340
2201
2341
2202
2342
2203
2343
2344
2205
2210
2345
2206
2211
2346
2207
2212
2347
2208
2213
2348
2209
2214
2349
2215
2350
2211
2216
2351
2212
2217
2352
2213
2218
2353
2214
2219
2354
2215
2220
2355
2221
2356
2217
2222
2357
2218
2223
2358
2219
2224
2359
2220
2225
2360
2221
2226
2361
2227
2362
2223
2363
2224
2228
2364
2225
2229
2365
2226
2230
2366
2227
2231
2367
2232
2368
2229
2233
2370
2230
2234
2371
2231
2235
2372
2232
2236
2373
2237
2374
2234
2238
2375
2235
2239
2376
2236
2240
2377
2237
2241
2378
2242
2379
2239
2243
2380
2240
2244
2381
2241
2245
2382
2242
2246
2383
2247
2384
2244
2248
2385
2245
2249
2386
2246
2250
2387
2247
2251
2388
2252
2389
2249
2253
2390
2250
2254
2391
2251
2255
2392
2252
2256
2393
2257
2394
2254
2258
2395
2255
2259
2396
2256
2260
2397
2257
2261
2398
2262
2399
2259
2263
2400
2260
2264
2401
2261
2265
2402
2262
2266
2403
2267
2404
2264
2268
2405
2265
2406
2266
2407
2267
2408
2409
2269
2410
2270
2411
2271
2412
2272
2413
2273
2414
2274
2415
2275
2416
2276
2417
2277
2281
2418
2278
2282
2419
2279
2283
2420
2280
2284
2421
2285
2422
2282
2286
2423
2283
2287
2424
2284
2288
2425
2285
2289
2426
2290
2427
2287
2291
2428
2288
2292
2429
2289
2293
2430
2290
2294
2431
2295
2432
2292
2296
2433
2293
2297
2434
2294
2298
2435
2295
2299
2436
2300
2437
2297
2301
2438
2298
2302
2439
2299
2303
2440
2300
2304
2441
2305
2442
2302
2306
2443
2303
2307
2444
2304
2308
2445
2305
2309
2446
2310
2447
2307
2311
2448
2308
2312
2449
2309
2313
2450
2310
2314
2451
2315
2452
2312
2316
2453
2313
2317
2454
2314
2318
2455
2315
2319
2456
2320
2457
2317
2321
2458
2318
2322
2459
2319
2323
2460
2320
2324
2461
2325
2462
2322
2463
2323
2464
2324
2465
2325
2466
2326
2467
2328
2333
2468
2329
2334
2469
2330
2335
2470
2331
2336
2471
2332
2337
2472
2338
2473
2334
2339
2474
2335
2340
2475
2336
2341
2476
2337
2342
2477
2338
2343
2478
2344
2479
2340
2480
2341
2481
2342
2482
2343
2483
2344
2484
2485
2346
2351
2486
2347
2352
2487
2348
2353
2488
2349
2354
2489
2350
2355
2490
2356
2491
2352
2357
2492
2353
2358
2493
2354
2359
2494
2355
2360
2495
2356
2361
2496
2362
2497
2358
2363
2498
2359
2364
2499
2360
2365
2500
2361
2366
2501
2362
2367
2502
2368
2503
2364
2369
2504
2365
2370
2505
2366
2371
2506
2367
2372
2507
2368
2373
2508
2374
2509
2370
2510
2371
2375
2511
2372
2376
2512
2373
2377
2513
2374
2378
2514
2379
2515
2376
2380
2517
2377
2381
2518
2378
2382
2519
2379
2383
2520
2384
2521
2381
2385
2522
2382
2386
2523
2383
2387
2524
2384
2388
2525
2389
2526
2386
2390
2527
2387
2391
2528
2388
2392
2529
2389
2393
2530
2394
2531
2391
2395
2532
2392
2396
2533
2393
2397
2534
2394
2398
2535
2399
2536
2396
2400
2537
2397
2401
2538
2398
2402
2539
2399
2403
2540
2404
2541
2401
2405
2542
2402
2406
2543
2403
2407
2544
2404
2408
2545
2409
2546
2406
2410
2547
2407
2548
2408
2549
2409
2550
2551
2411
2552
2412
2553
2413
2554
2414
2555
2415
2556
2416
2557
2417
2558
2418
2559
2419
2423
2560
2420
2424
2561
2421
2425
2562
2422
2426
2563
2427
2564
2424
2428
2565
2425
2429
2566
2426
2430
2567
2427
2431
2568
2432
2569
2429
2433
2570
2430
2434
2571
2431
2435
2572
2432
2436
2573
2437
2574
2434
2438
2575
2435
2439
2576
2436
2440
2577
2437
2441
2578
2442
2579
2439
2443
2580
2440
2444
2581
2441
2445
2582
2442
2446
2583
2447
2584
2444
2448
2585
2445
2449
2586
2446
2450
2587
2447
2451
2588
2452
2589
2449
2453
2590
2450
2454
2591
2451
2455
2592
2452
2456
2593
2457
2594
2454
2458
2595
2455
2459
2596
2456
2460
2597
2457
2461
2598
2462
2599
2459
2463
2600
2460
2464
2601
2461
2465
2602
2462
2466
2603
2467
2604
2464
2605
2465
2606
2466
2607
2467
2608
2609
2469
2474
2610
2470
2475
2611
2471
2476
2612
2472
2477
2613
2473
2478
2614
2479
2615
2475
2480
2616
2476
2481
2617
2477
2482
2618
2478
2483
2619
2479
2484
2620
2485
2621
2481
2622
2482
2623
2483
2624
2484
2625
2485
2626
2627
2487
2492
2628
2488
2493
2629
2489
2494
2630
2490
2495
2631
2491
2496
2632
2497
2633
2493
2498
2634
2494
2499
2635
2495
2500
2636
2496
2501
2637
2497
2502
2638
2503
2639
2499
2504
2640
2500
2505
2641
2501
2506
2642
2502
2507
2643
2503
2508
2644
2509
2645
2505
2510
2646
2506
2511
2647
2507
2512
2648
2508
2513
2649
2509
2514
2650
2515
2651
2511
2516
2652
2512
2517
2653
2513
2518
2654
2514
2519
2655
2515
2520
2656
2521
2657
2517
2658
2518
2522
2659
2519
2523
2660
2520
2524
2661
2521
2525
2662
2526
2663
2523
2527
2665
2524
2528
2666
2525
2529
2667
2526
2530
2668
2531
2669
2528
2532
2670
2529
2533
2671
2530
2534
2672
2531
2535
2673
2536
2674
2533
2537
2675
2534
2538
2676
2535
2539
2677
2536
2540
2678
2541
2679
2538
2542
2680
2539
2543
2681
2540
2544
2682
2541
2545
2683
2546
2684
2543
2547
2685
2544
2548
2686
2545
2549
2687
2546
2550
2688
2551
2689
2548
2552
2690
2549
2691
2550
2692
2551
2693
2694
2553
2695
2554
2696
2555
2697
2556
2698
2557
2699
2558
2700
2559
2701
2560
2702
2561
2565
2703
2562
2566
2704
2563
2567
2705
2564
2568
2706
2569
2707
2566
2570
2708
2567
2571
2709
2568
2572
2710
2569
2573
2711
2574
2712
2571
2575
2713
2572
2576
2714
2573
2577
2715
2574
2578
2716
2579
2717
2576
2580
2718
2577
2581
2719
2578
2582
2720
2579
2583
2721
2584
2722
2581
2585
2723
2582
2586
2724
2583
2587
2725
2584
2588
2726
2589
2727
2586
2590
2728
2587
2591
2729
2588
2592
2730
2589
2593
2731
2594
2732
2591
2595
2733
2592
2596
2734
2593
2597
2735
2594
2598
2736
2599
2737
2596
2600
2738
2597
2601
2739
2598
2602
2740
2599
2603
2741
2604
2742
2601
2605
2743
2602
2606
2744
2603
2607
2745
2604
2608
2746
2609
2747
2606
2748
2607
2749
2608
2750
2609
2751
2752
2611
2616
2753
2612
2617
2754
2613
2618
2755
2614
2619
2756
2615
2620
2757
2621
2758
2617
2622
2759
2618
2623
2760
2619
2624
2761
2620
2625
2762
2621
2626
2763
2627
2764
2623
2765
2624
2766
2625
2767
2626
2768
2627
2769
2770
2629
2634
2771
2630
2635
2772
2631
2636
2773
2632
2637
2774
2633
2638
2775
2639
2776
2635
2640
2777
2636
2641
2778
2637
2642
2779
2638
2643
2780
2639
2644
2781
2645
2782
2641
2646
2783
2642
2647
2784
2643
2648
2785
2644
2649
2786
2645
2650
2787
2651
2788
2647
2652
2789
2648
2653
2790
2649
2654
2791
2650
2655
2792
2651
2656
2793
2657
2794
2653
2658
2795
2654
2659
2796
2655
2660
2797
2656
2661
2798
2657
2662
2799
2663
2800
2659
2664
2801
2660
2665
2802
2661
2666
2803
2662
2667
2804
2663
2668
2805
2669
2806
2665
2807
2666
2670
2808
2667
2671
2809
2668
2672
2810
2669
2673
2811
2674
2812
2671
2675
2814
2672
2676
2815
2673
2677
2816
2674
2678
2817
2679
2818
2676
2680
2819
2677
2681
2820
2678
2682
2821
2679
2683
2822
2684
2823
2681
2685
2824
2682
2686
2825
2683
2687
2826
2684
2688
2827
2689
2828
2686
2690
2829
2687
2691
2830
2688
2692
2831
2689
2693
2832
2694
2833
2691
2695
2834
2692
2835
2693
2836
2694
2837
2838
2696
2839
2697
2840
2698
2841
2699
2842
2700
2843
2701
2844
2702
2845
2703
2846
2704
2708
2847
2705
2709
2848
2706
2710
2849
2707
2711
2850
2712
2851
2709
2713
2852
2710
2714
2853
2711
2715
2854
2712
2716
2855
2717
2856
2714
2718
2857
2715
2719
2858
2716
2720
2859
2717
2721
2860
2722
2861
2719
2723
2862
2720
2724
2863
2721
2725
2864
2722
2726
2865
2727
2866
2724
2728
2867
2725
2729
2868
2726
2730
2869
2727
2731
2870
2732
2871
2729
2733
2872
2730
2734
2873
2731
2735
2874
2732
2736
2875
2737
2876
2734
2738
2877
2735
2739
2878
2736
2740
2879
2737
2741
2880
2742
2881
2739
2743
2882
2740
2744
2883
2741
2745
2884
2742
2746
2885
2747
2886
2744
2748
2887
2745
2749
2888
2746
2750
2889
2747
2751
2890
2752
2891
2749
2892
2750
2893
2751
2894
2752
2895
2896
2754
2759
2897
2755
2760
2898
2756
2761
2899
2757
2762
2900
2758
2763
2901
2764
2902
2760
2765
2903
2761
2766
2904
2762
2767
2905
2763
2768
2906
2764
2769
2907
2770
2908
2766
2909
2767
2910
2768
2911
2769
2912
2770
2913
2914
2772
2777
2915
2773
2778
2916
2774
2779
2917
2775
2780
2918
2776
2781
2919
2782
2920
2778
2783
2921
2779
2784
2922
2780
2785
2923
2781
2786
2924
2782
2787
2925
2788
2926
2784
2789
2927
2785
2790
2928
2786
2791
2929
2787
2792
2930
2788
2793
2931
2794
2932
2790
2795
2933
2791
2796
2934
2792
2797
2935
2793
2798
2936
2794
2799
2937
2800
2938
2796
2801
2939
2797
2802
2940
2798
2803
2941
2799
2804
2942
2800
2805
2943
2806
2944
2802
2807
2945
2803
2808
2946
2804
2809
2947
2805
2810
2948
2806
2811
2949
2812
2950
2808
2813
2951
2809
2814
2952
2810
2815
2953
2811
2816
2954
2812
2817
2955
2818
2956
2814
2957
2815
2819
2958
2816
2820
2959
2817
2821
2960
2818
2822
2961
2823
2962
2820
2824
2964
2821
2825
2965
2822
2826
2966
2823
2827
2967
2828
2968
2825
2829
2969
2826
2830
2970
2827
2831
2971
2828
2832
2972
2833
2973
2830
2834
2974
2831
2835
2975
2832
2836
2976
2833
2837
2977
2838
2978
2835
2839
2979
2836
2980
2837
2981
2838
2982
2983
2840
2984
2841
2985
2842
2986
2843
2987
2844
2988
2845
2989
2846
2990
2847
2991
2848
2852
2992
2849
2853
2993
2850
2854
2994
2851
2855
2995
2856
2996
2853
2857
2997
2854
2858
2998
2855
2859
2999
2856
2860
3000
2861
3001
2858
2862
3002
2859
2863
3003
2860
2864
3004
2861
2865
3005
2866
3006
2863
2867
3007
2864
2868
3008
2865
2869
3009
2866
2870
3010
2871
3011
2868
2872
3012
2869
2873
3013
2870
2874
3014
2871
2875
3015
2876
3016
2873
2877
3017
2874
2878
3018
2875
2879
3019
2876
2880
3020
2881
3021
2878
2882
3022
2879
2883
3023
2880
2884
3024
2881
2885
3025
2886
3026
2883
2887
3027
2884
2888
3028
2885
2889
3029
2886
2890
3030
2891
3031
2888
2892
3032
2889
2893
3033
2890
2894
3034
2891
2895
3035
2896
3036
2893
3037
2894
3038
2895
3039
2896
3040
3041
2898
2903
3042
2899
2904
3043
2900
2905
3044
2901
2906
3045
2902
2907
3046
2908
3047
2904
2909
3048
2905
2910
3049
2906
2911
3050
2907
2912
3051
2908
2913
3052
2914
3053
2910
3054
2911
3055
2912
3056
2913
3057
2914
3058
3059
2916
2921
3060
2917
2922
3061
2918
2923
3062
2919
2924
3063
2920
2925
3064
2926
3065
2922
2927
3066
2923
2928
3067
2924
2929
3068
2925
2930
3069
2926
2931
3070
2932
3071
2928
2933
3072
2929
2934
3073
2930
2935
3074
2931
2936
3075
2932
2937
3076
2938
3077
2934
2939
3078
2935
2940
3079
2936
2941
3080
2937
2942
3081
2938
2943
3082
2944
3083
2940
2945
3084
2941
2946
3085
2942
2947
3086
2943
2948
3087
2944
2949
3088
2950
3089
2946
2951
3090
2947
2952
3091
2948
2953
3092
2949
2954
3093
2950
2955
3094
2956
3095
2952
2957
3096
2953
2958
3097
2954
2959
3098
2955
2960
3099
2956
2961
3100
2962
3101
2958
2963
3102
2959
2964
3103
2960
2965
3104
2961
2966
3105
2962
2967
3106
2968
3107
2964
3108
2965
2969
3109
2966
2970
3110
2967
2971
3111
2968
2972
3112
2973
3113
2970
2974
3115
2971
2975
3116
2972
2976
3117
2973
2977
3118
2978
3119
2975
2979
3120
2976
2980
3121
2977
2981
3122
2978
2982
3123
2983
3124
2980
2984
3125
2981
3126
2982
3127
2983
3128
3129
2985
3130
2986
3131
2987
3132
2988
3133
2989
3134
2990
3135
2991
3136
2992
3137
2993
2997
3138
2994
2998
3139
2995
2999
3140
2996
3000
3141
3001
3142
2998
3002
3143
2999
3003
3144
3000
3004
3145
3001
3005
3146
3006
3147
3003
3007
3148
3004
3008
3149
3005
3009
3150
3006
3010
3151
3011
3152
3008
3012
3153
3009
3013
3154
3010
3014
3155
3011
3015
3156
3016
3157
3013
3017
3158
3014
3018
3159
3015
3019
3160
3016
3020
3161
3021
3162
3018
3022
3163
3019
3023
3164
3020
3024
3165
3021
3025
3166
3026
3167
3023
3027
3168
3024
3028
3169
3025
3029
3170
3026
3030
3171
3031
3172
3028
3032
3173
3029
3033
3174
3030
3034
3175
3031
3035
3176
3036
3177
3033
3037
3178
3034
3038
3179
3035
3039
3180
3036
3040
3181
3041
3182
3038
3183
3039
3184
3040
3185
3041
3186
3187
3043
3048
3188
3044
3049
3189
3045
3050
3190
3046
3051
3191
3047
3052
3192
3053
3193
3049
3054
3194
3050
3055
3195
3051
3056
3196
3052
3057
3197
3053
3058
3198
3059
3199
3055
3200
3056
3201
3057
3202
3058
3203
3059
3204
3205
3061
3066
3206
3062
3067
3207
3063
3068
3208
3064
3069
3209
3065
3070
3210
3071
3211
3067
3072
3212
3068
3073
3213
3069
3074
3214
3070
3075
3215
3071
3076
3216
3077
3217
3073
3078
3218
3074
3079
3219
3075
3080
3220
3076
3081
3221
3077
3082
3222
3083
3223
3079
3084
3224
3080
3085
3225
3081
3086
3226
3082
3087
3227
3083
3088
3228
3089
3229
3085
3090
3230
3086
3091
3231
3087
3092
3232
3088
3093
3233
3089
3094
3234
3095
3235
3091
3096
3236
3092
3097
3237
3093
3098
3238
3094
3099
3239
3095
3100
3240
3101
3241
3097
3102
3242
3098
3103
3243
3099
3104
3244
3100
3105
3245
3101
3106
3246
3107
3247
3103
3108
3248
3104
3109
3249
3105
3110
3250
3106
3111
3251
3107
3112
3252
3113
3253
3109
3114
3254
3110
3115
3255
3111
3116
3256
3112
3117
3257
3113
3118
3258
3119
3259
3115
3260
3116
3120
3261
3117
3121
3262
3118
3122
3263
3119
3123
3264
3124
3265
3121
3125
3267
3122
3126
3268
3123
3127
3269
3124
3128
3270
3129
3271
3126
3130
3272
3127
3273
3128
3274
3129
3275
3276
3131
3277
3132
3278
3133
3279
3134
3280
3135
3281
3136
3282
3137
3283
3138
3284
3139
3143
3285
3140
3144
3286
3141
3145
3287
3142
3146
3288
3147
3289
3144
3148
3290
3145
3149
3291
3146
3150
3292
3147
3151
3293
3152
3294
3149
3153
3295
3150
3154
3296
3151
3155
3297
3152
3156
3298
3157
3299
3154
3158
3300
3155
3159
3301
3156
3160
3302
3157
3161
3303
3162
3304
3159
3163
3305
3160
3164
3306
3161
3165
3307
3162
3166
3308
3167
3309
3164
3168
3310
3165
3169
3311
3166
3170
3312
3167
3171
3313
3172
3314
3169
3173
3315
3170
3174
3316
3171
3175
3317
3172
3176
3318
3177
3319
3174
3178
3320
3175
3179
3321
3176
3180
3322
3177
3181
3323
3182
3324
3179
3183
3325
3180
3184
3326
3181
3185
3327
3182
3186
3328
3187
3329
3184
3330
3185
3331
3186
3332
3187
3333
3334
3189
3194
3335
3190
3195
3336
3191
3196
3337
3192
3197
3338
3193
3198
3339
3199
3340
3195
3200
3341
3196
3201
3342
3197
3202
3343
3198
3203
3344
3199
3204
3345
3205
3346
3201
3347
3202
3348
3203
3349
3204
3350
3205
3351
3352
3207
3212
3353
3208
3213
3354
3209
3214
3355
3210
3215
3356
3211
3216
3357
3217
3358
3213
3218
3359
3214
3219
3360
3215
3220
3361
3216
3221
3362
3217
3222
3363
3223
3364
3219
3224
3365
3220
3225
3366
3221
3226
3367
3222
3227
3368
3223
3228
3369
3229
3370
3225
3230
3371
3226
3231
3372
3227
3232
3373
3228
3233
3374
3229
3234
3375
3235
3376
3231
3236
3377
3232
3237
3378
3233
3238
3379
3234
3239
3380
3235
3240
3381
3241
3382
3237
3242
3383
3238
3243
3384
3239
3244
3385
3240
3245
3386
3241
3246
3387
3247
3388
3243
3248
3389
3244
3249
3390
3245
3250
3391
3246
3251
3392
3247
3252
3393
3253
3394
3249
3254
3395
3250
3255
3396
3251
3256
3397
3252
3257
3398
3253
3258
3399
3259
3400
3255
3260
3401
3256
3261
3402
3257
3262
3403
3258
3263
3404
3259
3264
3405
3265
3406
3261
3266
3407
3262
3267
3408
3263
3268
3409
3264
3269
3410
3265
3270
3411
3271
3412
3267
3413
3268
3272
3414
3269
3273
3415
3270
3274
3416
3271
3275
3417
3276
3418
3273
3277
3420
3274
3421
3275
3422
3276
3423
3424
3278
3425
3279
3426
3280
3427
3281
3428
3282
3429
3283
3430
3284
3431
3285
3432
3286
3290
3433
3287
3291
3434
3288
3292
3435
3289
3293
3436
3294
3437
3291
3295
3438
3292
3296
3439
3293
3297
3440
3294
3298
3441
3299
3442
3296
3300
3443
3297
3301
3444
3298
3302
3445
3299
3303
3446
3304
3447
3301
3305
3448
3302
3306
3449
3303
3307
3450
3304
3308
3451
3309
3452
3306
3310
3453
3307
3311
3454
3308
3312
3455
3309
3313
3456
3314
3457
3311
3315
3458
3312
3316
3459
3313
3317
3460
3314
3318
3461
3319
3462
3316
3320
3463
3317
3321
3464
3318
3322
3465
3319
3323
3466
3324
3467
3321
3325
3468
3322
3326
3469
3323
3327
3470
3324
3328
3471
3329
3472
3326
3330
3473
3327
3331
3474
3328
3332
3475
3329
3333
3476
3334
3477
3331
3478
3332
3479
3333
3480
3334
3481
3482
3336
3341
3483
3337
3342
3484
3338
3343
3485
3339
3344
3486
3340
3345
3487
3346
3488
3342
3347
3489
3343
3348
3490
3344
3349
3491
3345
3350
3492
3346
3351
3493
3352
3494
3348
3495
3349
3496
3350
3497
3351
3498
3352
3499
3500
3354
3359
3501
3355
3360
3502
3356
3361
3503
3357
3362
3504
3358
3363
3505
3364
3506
3360
3365
3507
3361
3366
3508
3362
3367
3509
3363
3368
3510
3364
3369
3511
3370
3512
3366
3371
3513
3367
3372
3514
3368
3373
3515
3369
3374
3516
3370
3375
3517
3376
3518
3372
3377
3519
3373
3378
3520
3374
3379
3521
3375
3380
3522
3376
3381
3523
3382
3524
3378
3383
3525
3379
3384
3526
3380
3385
3527
3381
3386
3528
3382
3387
3529
3388
3530
3384
3389
3531
3385
3390
3532
3386
3391
3533
3387
3392
3534
3388
3393
3535
3394
3536
3390
3395
3537
3391
3396
3538
3392
3397
3539
3393
3398
3540
3394
3399
3541
3400
3542
3396
3401
3543
3397
3402
3544
3398
3403
3545
3399
3404
3546
3400
3405
3547
3406
3548
3402
3407
3549
3403
3408
3550
3404
3409
3551
3405
3410
3552
3406
3411
3553
3412
3554
3408
3413
3555
3409
3414
3556
3410
3415
3557
3411
3416
3558
3412
3417
3559
3418
3560
3414
3419
3561
3415
3420
3562
3416
3421
3563
3417
3422
3564
3418
3423
3565
3424
3566
3420
3567
3421
3425
3568
3422
3569
3423
3570
3424
3571
3572
3426
3574
3427
3575
3428
3576
3429
3577
3430
3578
3431
3579
3432
3580
3433
3581
3434
3438
3582
3435
3439
3583
3436
3440
3584
3437
3441
3585
3442
3586
3439
3443
3587
3440
3444
3588
3441
3445
3589
3442
3446
3590
3447
3591
3444
3448
3592
3445
3449
3593
3446
3450
3594
3447
3451
3595
3452
3596
3449
3453
3597
3450
3454
3598
3451
3455
3599
3452
3456
3600
3457
3601
3454
3458
3602
3455
3459
3603
3456
3460
3604
3457
3461
3605
3462
3606
3459
3463
3607
3460
3464
3608
3461
3465
3609
3462
3466
3610
3467
3611
3464
3468
3612
3465
3469
3613
3466
3470
3614
3467
3471
3615
3472
3616
3469
3473
3617
3470
3474
3618
3471
3475
3619
3472
3476
3620
3477
3621
3474
3478
3622
3475
3479
3623
3476
3480
3624
3477
3481
3625
3482
3626
3479
3627
3480
3628
3481
3629
3482
3630
3631
3484
3489
3632
3485
3490
3633
3486
3491
3634
3487
3492
3635
3488
3493
3636
3494
3637
3490
3495
3638
3491
3496
3639
3492
3497
3640
3493
3498
3641
3494
3499
3642
3500
3643
3496
3644
3497
3645
3498
3646
3499
3647
3500
3648
3649
3502
3507
3650
3503
3508
3651
3504
3509
3652
3505
3510
3653
3506
3511
3654
3512
3655
3508
3513
3656
3509
3514
3657
3510
3515
3658
3511
3516
3659
3512
3517
3660
3518
3661
3514
3519
3662
3515
3520
3663
3516
3521
3664
3517
3522
3665
3518
3523
3666
3524
3667
3520
3525
3668
3521
3526
3669
3522
3527
3670
3523
3528
3671
3524
3529
3672
3530
3673
3526
3531
3674
3527
3532
3675
3528
3533
3676
3529
3534
3677
3530
3535
3678
3536
3679
3532
3537
3680
3533
3538
3681
3534
3539
3682
3535
3540
3683
3536
3541
3684
3542
3685
3538
3543
3686
3539
3544
3687
3540
3545
3688
3541
3546
3689
3542
3547
3690
3548
3691
3544
3549
3692
3545
3550
3693
3546
3551
3694
3547
3552
3695
3548
3553
3696
3554
3697
3550
3555
3698
3551
3556
3699
3552
3557
3700
3553
3558
3701
3554
3559
3702
3560
3703
3556
3561
3704
3557
3562
3705
3558
3563
3706
3559
3564
3707
3560
3565
3708
3566
3709
3562
3567
3710
3563
3568
3711
3564
3569
3712
3565
3570
3713
3566
3571
3714
3572
3715
3568
3573
3716
3569
3574
3717
3570
3718
3571
3719
3572
3720
3721
3574
3722
3575
3723
3576
3725
3577
3726
3578
3727
3579
3728
3580
3729
3581
3730
3582
3731
3583
3587
3732
3584
3588
3733
3585
3589
3734
3586
3590
3735
3591
3736
3588
3592
3737
3589
3593
3738
3590
3594
3739
3591
3595
3740
3596
3741
3593
3597
3742
3594
3598
3743
3595
3599
3744
3596
3600
3745
3601
3746
3598
3602
3747
3599
3603
3748
3600
3604
3749
3601
3605
3750
3606
3751
3603
3607
3752
3604
3608
3753
3605
3609
3754
3606
3610
3755
3611
3756
3608
3612
3757
3609
3613
3758
3610
3614
3759
3611
3615
3760
3616
3761
3613
3617
3762
3614
3618
3763
3615
3619
3764
3616
3620
3765
3621
3766
3618
3622
3767
3619
3623
3768
3620
3624
3769
3621
3625
3770
3626
3771
3623
3627
3772
3624
3628
3773
3625
3629
3774
3626
3630
3775
3631
3776
3628
3777
3629
3778
3630
3779
3631
3780
3781
3633
3638
3782
3634
3639
3783
3635
3640
3784
3636
3641
3785
3637
3642
3786
3643
3787
3639
3644
3788
3640
3645
3789
3641
3646
3790
3642
3647
3791
3643
3648
3792
3649
3793
3645
3794
3646
3795
3647
3796
3648
3797
3649
3798
3799
3651
3656
3800
3652
3657
3801
3653
3658
3802
3654
3659
3803
3655
3660
3804
3661
3805
3657
3662
3806
3658
3663
3807
3659
3664
3808
3660
3665
3809
3661
3666
3810
3667
3811
3663
3668
3812
3664
3669
3813
3665
3670
3814
3666
3671
3815
3667
3672
3816
3673
3817
3669
3674
3818
3670
3675
3819
3671
3676
3820
3672
3677
3821
3673
3678
3822
3679
3823
3675
3680
3824
3676
3681
3825
3677
3682
3826
3678
3683
3827
3679
3684
3828
3685
3829
3681
3686
3830
3682
3687
3831
3683
3688
3832
3684
3689
3833
3685
3690
3834
3691
3835
3687
3692
3836
3688
3693
3837
3689
3694
3838
3690
3695
3839
3691
3696
3840
3697
3841
3693
3698
3842
3694
3699
3843
3695
3700
3844
3696
3701
3845
3697
3702
3846
3703
3847
3699
3704
3848
3700
3705
3849
3701
3706
3850
3702
3707
3851
3703
3708
3852
3709
3853
3705
3710
3854
3706
3711
3855
3707
3712
3856
3708
3713
3857
3709
3714
3858
3715
3859
3711
3716
3860
3712
3717
3861
3713
3718
3862
3714
3719
3863
3715
3720
3864
3721
3865
3717
3722
3866
3718
3723
3867
3719
3868
3720
3869
3721
3870
3871
3723
3724
3872
3725
3873
3725
3874
3726
3875
3727
3877
3728
3878
3729
3879
3730
3880
3731
3881
3732
3882
3733
3737
3883
3734
3738
3884
3735
3739
3885
3736
3740
3886
3741
3887
3738
3742
3888
3739
3743
3889
3740
3744
3890
3741
3745
3891
3746
3892
3743
3747
3893
3744
3748
3894
3745
3749
3895
3746
3750
3896
3751
3897
3748
3752
3898
3749
3753
3899
3750
3754
3900
3751
3755
3901
3756
3902
3753
3757
3903
3754
3758
3904
3755
3759
3905
3756
3760
3906
3761
3907
3758
3762
3908
3759
3763
3909
3760
3764
3910
3761
3765
3911
3766
3912
3763
3767
3913
3764
3768
3914
3765
3769
3915
3766
3770
3916
3771
3917
3768
3772
3918
3769
3773
3919
3770
3774
3920
3771
3775
3921
3776
3922
3773
3777
3923
3774
3778
3924
3775
3779
3925
3776
3780
3926
3781
3927
3778
3928
3779
3929
3780
3930
3781
3931
3932
3783
3788
3933
3784
3789
3934
3785
3790
3935
3786
3791
3936
3787
3792
3937
3793
3938
3789
3794
3939
3790
3795
3940
3791
3796
3941
3792
3797
3942
3793
3798
3943
3799
3944
3795
3945
3796
3946
3797
3947
3798
3948
3799
3949
3950
3801
3806
3951
3802
3807
3952
3803
3808
3953
3804
3809
3954
3805
3810
3955
3811
3956
3807
3812
3957
3808
3813
3958
3809
3814
3959
3810
3815
3960
3811
3816
3961
3817
3962
3813
3818
3963
3814
3819
3964
3815
3820
3965
3816
3821
3966
3817
3822
3967
3823
3968
3819
3824
3969
3820
3825
3970
3821
3826
3971
3822
3827
3972
3823
3828
3973
3829
3974
3825
3830
3975
3826
3831
3976
3827
3832
3977
3828
3833
3978
3829
3834
3979
3835
3980
3831
3836
3981
3832
3837
3982
3833
3838
3983
3834
3839
3984
3835
3840
3985
3841
3986
3837
3842
3987
3838
3843
3988
3839
3844
3989
3840
3845
3990
3841
3846
3991
3847
3992
3843
3848
3993
3844
3849
3994
3845
3850
3995
3846
3851
3996
3847
3852
3997
3853
3998
3849
3854
3999
3850
3855
4000
3851
3856
4001
3852
3857
4002
3853
3858
4003
3859
4004
3855
3860
4005
3856
3861
4006
3857
3862
4007
3858
3863
4008
3859
3864
4009
3865
4010
3861
3866
4011
3862
3867
4012
3863
3868
4013
3864
3869
4014
3865
3870
4015
3871
4016
3867
3872
4017
3868
3873
4018
3869
4019
3870
4020
3871
4021
4022
3873
3874
4023
3875
4024
3875
3876
4025
3877
4026
3877
4027
3878
4028
3879
4030
3880
4031
3881
4032
3882
4033
3883
4034
3884
3888
4035
3885
3889
4036
3886
3890
4037
3887
3891
4038
3892
4039
3889
3893
4040
3890
3894
4041
3891
3895
4042
3892
3896
4043
3897
4044
3894
3898
4045
3895
3899
4046
3896
3900
4047
3897
3901
4048
3902
4049
3899
3903
4050
3900
3904
4051
3901
3905
4052
3902
3906
4053
3907
4054
3904
3908
4055
3905
3909
4056
3906
3910
4057
3907
3911
4058
3912
4059
3909
3913
4060
3910
3914
4061
3911
3915
4062
3912
3916
4063
3917
4064
3914
3918
4065
3915
3919
4066
3916
3920
4067
3917
3921
4068
3922
4069
3919
3923
4070
3920
3924
4071
3921
3925
4072
3922
3926
4073
3927
4074
3924
3928
4075
3925
3929
4076
3926
3930
4077
3927
3931
4078
3932
4079
3929
4080
3930
4081
3931
4082
3932
4083
4084
3934
3939
4085
3935
3940
4086
3936
3941
4087
3937
3942
4088
3938
3943
4089
3944
4090
3940
3945
4091
3941
3946
4092
3942
3947
4093
3943
3948
4094
3944
3949
4095
3950
4096
3946
4097
3947
4098
3948
4099
3949
4100
3950
4101
4102
3952
3957
4103
3953
3958
4104
3954
3959
4105
3955
3960
4106
3956
3961
4107
3962
4108
3958
3963
4109
3959
3964
4110
3960
3965
4111
3961
3966
4112
3962
3967
4113
3968
4114
3964
3969
4115
3965
3970
4116
3966
3971
4117
3967
3972
4118
3968
3973
4119
3974
4120
3970
3975
4121
3971
3976
4122
3972
3977
4123
3973
3978
4124
3974
3979
4125
3980
4126
3976
3981
4127
3977
3982
4128
3978
3983
4129
3979
3984
4130
3980
3985
4131
3986
4132
3982
3987
4133
3983
3988
4134
3984
3989
4135
3985
3990
4136
3986
3991
4137
3992
4138
3988
3993
4139
3989
3994
4140
3990
3995
4141
3991
3996
4142
3992
3997
4143
3998
4144
3994
3999
4145
3995
4000
4146
3996
4001
4147
3997
4002
4148
3998
4003
4149
4004
4150
4000
4005
4151
4001
4006
4152
4002
4007
4153
4003
4008
4154
4004
4009
4155
4010
4156
4006
4011
4157
4007
4012
4158
4008
4013
4159
4009
4014
4160
4010
4015
4161
4016
4162
4012
4017
4163
4013
4018
4164
4014
4019
4165
4015
4020
4166
4016
4021
4167
4022
4168
4018
4023
4169
4019
4024
4170
4020
4171
4021
4172
4022
4173
4174
4024
4025
4175
4026
4176
4026
4027
4177
4028
4178
4028
4029
4179
4030
4180
4030
4181
4031
4182
4032
4184
4033
4185
4034
4186
4035
4187
4036
4040
4188
4037
4041
4189
4038
4042
4190
4039
4043
4191
4044
4192
4041
4045
4193
4042
4046
4194
4043
4047
4195
4044
4048
4196
4049
4197
4046
4050
4198
4047
4051
4199
4048
4052
4200
4049
4053
4201
4054
4202
4051
4055
4203
4052
4056
4204
4053
4057
4205
4054
4058
4206
4059
4207
4056
4060
4208
4057
4061
4209
4058
4062
4210
4059
4063
4211
4064
4212
4061
4065
4213
4062
4066
4214
4063
4067
4215
4064
4068
4216
4069
4217
4066
4070
4218
4067
4071
4219
4068
4072
4220
4069
4073
4221
4074
4222
4071
4075
4223
4072
4076
4224
4073
4077
4225
4074
4078
4226
4079
4227
4076
4080
4228
4077
4081
4229
4078
4082
4230
4079
4083
4231
4084
4232
4081
4233
4082
4234
4083
4235
4084
4236
4237
4086
4091
4238
4087
4092
4239
4088
4093
4240
4089
4094
4241
4090
4095
4242
4096
4243
4092
4097
4244
4093
4098
4245
4094
4099
4246
4095
4100
4247
4096
4101
4248
4102
4249
4098
4250
4099
4251
4100
4252
4101
4253
4102
4254
4255
4104
4109
4256
4105
4110
4257
4106
4111
4258
4107
4112
4259
4108
4113
4260
4114
4261
4110
4115
4262
4111
4116
4263
4112
4117
4264
4113
4118
4265
4114
4119
4266
4120
4267
4116
4121
4268
4117
4122
4269
4118
4123
4270
4119
4124
4271
4120
4125
4272
4126
4273
4122
4127
4274
4123
4128
4275
4124
4129
4276
4125
4130
4277
4126
4131
4278
4132
4279
4128
4133
4280
4129
4134
4281
4130
4135
4282
4131
4136
4283
4132
4137
4284
4138
4285
4134
4139
4286
4135
4140
4287
4136
4141
4288
4137
4142
4289
4138
4143
4290
4144
4291
4140
4145
4292
4141
4146
4293
4142
4147
4294
4143
4148
4295
4144
4149
4296
4150
4297
4146
4151
4298
4147
4152
4299
4148
4153
4300
4149
4154
4301
4150
4155
4302
4156
4303
4152
4157
4304
4153
4158
4305
4154
4159
4306
4155
4160
4307
4156
4161
4308
4162
4309
4158
4163
4310
4159
4164
4311
4160
4165
4312
4161
4166
4313
4162
4167
4314
4168
4315
4164
4169
4316
4165
4170
4317
4166
4171
4318
4167
4172
4319
4168
4173
4320
4174
4321
4170
4175
4322
4171
4176
4323
4172
4324
4173
4325
4174
4326
4327
4176
4177
4328
4178
4329
4178
4179
4330
4180
4331
4180
4181
4332
4182
4333
4182
4183
4334
4184
4335
4184
4336
4185
4337
4186
4339
4187
4340
4188
4341
4189
4193
4342
4190
4194
4343
4191
4195
4344
4192
4196
4345
4197
4346
4194
4198
4347
4195
4199
4348
4196
4200
4349
4197
4201
4350
4202
4351
4199
4203
4352
4200
4204
4353
4201
4205
4354
4202
4206
4355
4207
4356
4204
4208
4357
4205
4209
4358
4206
4210
4359
4207
4211
4360
4212
4361
4209
4213
4362
4210
4214
4363
4211
4215
4364
4212
4216
4365
4217
4366
4214
4218
4367
4215
4219
4368
4216
4220
4369
4217
4221
4370
4222
4371
4219
4223
4372
4220
4224
4373
4221
4225
4374
4222
4226
4375
4227
4376
4224
4228
4377
4225
4229
4378
4226
4230
4379
4227
4231
4380
4232
4381
4229
4233
4382
4230
4234
4383
4231
4235
4384
4232
4236
4385
4237
4386
4234
4387
4235
4388
4236
4389
4237
4390
4391
4239
4244
4392
4240
4245
4393
4241
4246
4394
4242
4247
4395
4243
4248
4396
4249
4397
4245
4250
4398
4246
4251
4399
4247
4252
4400
4248
4253
4401
4249
4254
4402
4255
4403
4251
4404
4252
4405
4253
4406
4254
4407
4255
4408
4409
4257
4262
4458
4258
4263
4459
4259
4264
4460
4260
4265
4461
4261
4266
4462
4267
4463
4263
4268
4464
4264
4269
4465
4265
4270
4466
4266
4271
4467
4267
4272
4468
4273
4469
4269
4274
4470
4270
4275
4471
4271
4276
4472
4272
4277
4473
4273
4278
4474
4279
4475
4275
4280
4476
4276
4281
4477
4277
4282
4478
4278
4283
4479
4279
4284
4480
4285
4481
4281
4286
4482
4282
4287
4483
4283
4288
4484
4284
4289
4485
4285
4290
4486
4291
4487
4287
4292
4488
4288
4293
4489
4289
4294
4490
4290
4295
4491
4291
4296
4492
4297
4493
4293
4298
4494
4294
4299
4495
4295
4300
4496
4296
4301
4497
4297
4302
4498
4303
4499
4299
4304
4500
4300
4305
4501
4301
4306
4502
4302
4307
4503
4303
4308
4504
4309
4505
4305
4310
4506
4306
4311
4507
4307
4312
4508
4308
4313
4509
4309
4314
4510
4315
4511
4311
4316
4512
4312
4317
4513
4313
4318
4514
4314
4319
4515
4315
4320
4516
4321
4517
4317
4322
4518
4318
4323
4519
4319
4324
4520
4320
4325
4521
4321
4326
4522
4327
4523
4323
4328
4524
4324
4329
4525
4325
4526
4326
4527
4327
4528
4529
4329
4330
4530
4331
4531
4331
4332
4536
4333
4537
4333
4334
4542
4335
4543
4335
4336
4548
4337
4549
4337
4338
4554
4339
4555
4339
4560
4340
4561
4341
4567
4342
4573
4343
4347
4578
4344
4348
4579
4345
4349
4580
4346
4350
4581
4351
4582
4348
4352
4583
4349
4353
4584
4350
4354
4585
4351
4355
4586
4356
4587
4353
4357
4588
4354
4358
4589
4355
4359
4590
4356
4360
4591
4361
4592
4358
4362
4593
4359
4363
4594
4360
4364
4595
4361
4365
4596
4366
4597
4363
4367
4598
4364
4368
4599
4365
4369
4600
4366
4370
4601
4371
4602
4368
4372
4603
4369
4373
4604
4370
4374
4605
4371
4375
4606
4376
4607
4373
4377
4608
4374
4378
4609
4375
4379
4610
4376
4380
4611
4381
4612
4378
4382
4613
4379
4383
4614
4380
4384
4615
4381
4385
4616
4386
4617
4383
4387
4618
4384
4388
4619
4385
4389
4620
4386
4390
4621
4391
4622
4388
4623
4389
4624
4390
4625
4391
4626
4627
4393
4398
4628
4394
4399
4629
4395
4400
4630
4396
4401
4631
4397
4402
4632
4403
4633
4399
4404
4634
4400
4405
4635
4401
4406
4636
4402
4407
4637
4403
4408
4638
4409
4639
4405
4410
4640
4406
4411
4641
4407
4412
4642
4408
4413
4643
4409
4414
4644
4415
4645
4411
4416
4646
4412
4417
4647
4413
4418
4648
4414
4419
4649
4415
4420
4650
4421
4651
4417
4422
4652
4418
4423
4653
4419
4424
4654
4420
4425
4655
4421
4426
4656
4427
4657
4423
4428
4658
4424
4429
4659
4425
4430
4660
4426
4431
4661
4427
4432
4662
4433
4663
4429
4434
4664
4430
4435
4665
4431
4436
4666
4432
4437
4667
4433
4438
4668
4439
4669
4435
4440
4670
4436
4441
4671
4437
4442
4672
4438
4443
4673
4439
4444
4674
4445
4675
4441
4446
4676
4442
4447
4677
4443
4448
4678
4444
4449
4679
4445
4450
4680
4451
4681
4447
4452
4682
4448
4453
4683
4449
4454
4684
4450
4455
4685
4451
4456
4686
4457
4687
4453
4458
4688
4454
4459
4689
4455
4460
4690
4456
4461
4691
4457
4462
4692
4463
4693
4459
4464
4694
4460
4465
4695
4461
4466
4696
4462
4467
4697
4463
4468
4698
4469
4699
4465
4470
4700
4466
4471
4701
4467
4472
4702
4468
4473
4703
4469
4474
4704
4475
4705
4471
4476
4706
4472
4477
4707
4473
4478
4708
4474
4479
4709
4475
4480
4710
4481
4711
4477
4482
4712
4478
4483
4713
4479
4484
4714
4480
4485
4715
4481
4486
4716
4487
4717
4483
4488
4718
4484
4489
4719
4485
4490
4720
4486
4491
4721
4487
4492
4722
4493
4723
4489
4494
4724
4490
4495
4725
4491
4496
4726
4492
4497
4727
4493
4498
4728
4499
4729
4495
4500
4730
4496
4501
4731
4497
4502
4732
4498
4503
4733
4499
4504
4734
4505
4735
4501
4506
4736
4502
4507
4737
4503
4508
4738
4504
4509
4739
4505
4510
4740
4511
4741
4507
4512
4742
4508
4513
4743
4509
4514
4744
4510
4515
4745
4511
4516
4746
4517
4747
4513
4518
4748
4514
4519
4749
4515
4520
4750
4516
4521
4751
4517
4522
4752
4523
4753
4519
4524
4754
4520
4525
4755
4521
4526
4756
4522
4527
4757
4523
4528
4758
4529
4759
4525
4530
4760
4526
4531
4761
4527
4532
4762
4528
4533
4763
4529
4534
4764
4535
4765
4531
4536
4766
4532
4537
4767
4533
4538
4768
4534
4539
4769
4535
4540
4770
4541
4771
4537
4542
4772
4538
4543
4773
4539
4544
4774
4540
4545
4775
4541
4546
4776
4547
4777
4543
4548
4778
4544
4549
4779
4545
4550
4780
4546
4551
4781
4547
4552
4782
4553
4783
4549
4554
4784
4550
4555
4785
4551
4556
4786
4552
4557
4787
4553
4558
4788
4559
4789
4555
4560
4790
4556
4561
4791
4557
4562
4792
4558
4563
4793
4559
4564
4794
4565
4795
4561
4566
4796
4562
4567
4797
4563
4568
4798
4564
4569
4799
4565
4570
4800
4571
4801
4567
4572
4802
4568
4573
4803
4569
4574
4804
4570
4575
4805
4571
4576
4806
4577
4807
4573
4808
4574
4578
4809
4575
4579
4810
4576
4580
4811
4577
4581
4812
4582
4813
4579
4583
4815
4580
4584
4816
4581
4585
4817
4582
4586
4818
4587
4819
4584
4588
4820
4585
4589
4821
4586
4590
4822
4587
4591
4823
4592
4824
4589
4593
4825
4590
4594
4826
4591
4595
4827
4592
4596
4828
4597
4829
4594
4598
4830
4595
4599
4831
4596
4600
4832
4597
4601
4833
4602
4834
4599
4603
4835
4600
4604
4836
4601
4605
4837
4602
4606
4838
4607
4839
4604
4608
4840
4605
4609
4841
4606
4610
4842
4607
4611
4843
4612
4844
4609
4613
4845
4610
4614
4846
4611
4615
4847
4612
4616
4848
4617
4849
4614
4618
4850
4615
4619
4851
4616
4620
4852
4617
4621
4853
4622
4854
4619
4623
4855
4620
4624
4856
4621
4625
4857
4622
4626
4858
4627
4859
4624
4860
4625
4861
4626
4862
4627
4863
4864
4629
4634
4865
4630
4635
4866
4631
4636
4867
4632
4637
4868
4633
4638
4869
4639
4870
4635
4640
4871
4636
4641
4872
4637
4642
4873
4638
4643
4874
4639
4644
4875
4645
4876
4641
4646
4877
4642
4647
4878
4643
4648
4879
4644
4649
4880
4645
4650
4881
4651
4882
4647
4652
4883
4648
4653
4884
4649
4654
4885
4650
4655
4886
4651
4656
4887
4657
4888
4653
4658
4889
4654
4659
4890
4655
4660
4891
4656
4661
4892
4657
4662
4893
4663
4894
4659
4664
4895
4660
4665
4896
4661
4666
4897
4662
4667
4898
4663
4668
4899
4669
4900
4665
4670
4901
4666
4671
4902
4667
4672
4903
4668
4673
4904
4669
4674
4905
4675
4906
4671
4676
4907
4672
4677
4908
4673
4678
4909
4674
4679
4910
4675
4680
4911
4681
4912
4677
4682
4913
4678
4683
4914
4679
4684
4915
4680
4685
4916
4681
4686
4917
4687
4918
4683
4688
4919
4684
4689
4920
4685
4690
4921
4686
4691
4922
4687
4692
4923
4693
4924
4689
4694
4925
4690
4695
4926
4691
4696
4927
4692
4697
4928
4693
4698
4929
4699
4930
4695
4700
4931
4696
4701
4932
4697
4702
4933
4698
4703
4934
4699
4704
4935
4705
4936
4701
4706
4937
4702
4707
4938
4703
4708
4939
4704
4709
4940
4705
4710
4941
4711
4942
4707
4712
4943
4708
4713
4944
4709
4714
4945
4710
4715
4946
4711
4716
4947
4717
4948
4713
4718
4949
4714
4719
4950
4715
4720
4951
4716
4721
4952
4717
4722
4953
4723
4954
4719
4724
4955
4720
4725
4956
4721
4726
4957
4722
4727
4958
4723
4728
4959
4729
4960
4725
4730
4961
4726
4731
4962
4727
4732
4963
4728
4733
4964
4729
4734
4965
4735
4966
4731
4736
4967
4732
4737
4968
4733
4738
4969
4734
4739
4970
4735
4740
4971
4741
4972
4737
4742
4973
4738
4743
4974
4739
4744
4975
4740
4745
4976
4741
4746
4977
4747
4978
4743
4748
4979
4744
4749
4980
4745
4750
4981
4746
4751
4982
4747
4752
4983
4753
4984
4749
4754
4985
4750
4755
4986
4751
4756
4987
4752
4757
4988
4753
4758
4989
4759
4990
4755
4760
4991
4756
4761
4992
4757
4762
4993
4758
4763
4994
4759
4764
4995
4765
4996
4761
4766
4997
4762
4767
4998
4763
4768
4999
4764
4769
5000
4765
4770
5001
4771
5002
4767
4772
5003
4768
4773
5004
4769
4774
5005
4770
4775
5006
4771
4776
5007
4777
5008
4773
4778
5009
4774
4779
5010
4775
4780
5011
4776
4781
5012
4777
4782
5013
4783
5014
4779
4784
5015
4780
4785
5016
4781
4786
5017
4782
4787
5018
4783
4788
5019
4789
5020
4785
4790
5021
4786
4791
5022
4787
4792
5023
4788
4793
5024
4789
4794
5025
4795
5026
4791
4796
5027
4792
4797
5028
4793
4798
5029
4794
4799
5030
4795
4800
5031
4801
5032
4797
4802
5033
4798
4803
5034
4799
4804
5035
4800
4805
5036
4801
4806
5037
4807
5038
4803
4808
5039
4804
4809
5040
4805
4810
5041
4806
4811
5042
4807
4812
5043
4813
5044
4809
4814
5045
4810
4815
5046
4811
4816
5047
4812
4817
5048
4813
4818
5049
4819
5050
4815
5051
4816
4820
5052
4817
4821
5053
4818
4822
5054
4819
4823
5055
4824
5056
4821
4825
5058
4822
4826
5059
4823
4827
5060
4824
4828
5061
4829
5062
4826
4830
5063
4827
4831
5064
4828
4832
5065
4829
4833
5066
4834
5067
4831
4835
5068
4832
4836
5069
4833
4837
5070
4834
4838
5071
4839
5072
4836
4840
5073
4837
4841
5074
4838
4842
5075
4839
4843
5076
4844
5077
4841
4845
5078
4842
4846
5079
4843
4847
5080
4844
4848
5081
4849
5082
4846
4850
5083
4847
4851
5084
4848
4852
5085
4849
4853
5086
4854
5087
4851
4855
5088
4852
4856
5089
4853
4857
5090
4854
4858
5091
4859
5092
4856
4860
5093
4857
4861
5094
4858
4862
5095
4859
4863
5096
4864
5097
4861
5098
4862
5099
4863
5100
4864
5101
5102
4866
4871
5103
4867
4872
5104
4868
4873
5105
4869
4874
5106
4870
4875
5107
4876
5108
4872
4877
5109
4873
4878
5110
4874
4879
5111
4875
4880
5112
4876
4881
5113
4882
5114
4878
4883
5115
4879
4884
5116
4880
4885
5117
4881
4886
5118
4882
4887
5119
4888
5120
4884
4889
5121
4885
4890
5122
4886
4891
5123
4887
4892
5124
4888
4893
5125
4894
5126
4890
4895
5127
4891
4896
5128
4892
4897
5129
4893
4898
5130
4894
4899
5131
4900
5132
4896
4901
5133
4897
4902
5134
4898
4903
5135
4899
4904
5136
4900
4905
5137
4906
5138
4902
4907
5139
4903
4908
5140
4904
4909
5141
4905
4910
5142
4906
4911
5143
4912
5144
4908
4913
5145
4909
4914
5146
4910
4915
5147
4911
4916
5148
4912
4917
5149
4918
5150
4914
4919
5151
4915
4920
5152
4916
4921
5153
4917
4922
5154
4918
4923
5155
4924
5156
4920
4925
5157
4921
4926
5158
4922
4927
5159
4923
4928
5160
4924
4929
5161
4930
5162
4926
4931
5163
4927
4932
5164
4928
4933
5165
4929
4934
5166
4930
4935
5167
4936
5168
4932
4937
5169
4933
4938
5170
4934
4939
5171
4935
4940
5172
4936
4941
5173
4942
5174
4938
4943
5175
4939
4944
5176
4940
4945
5177
4941
4946
5178
4942
4947
5179
4948
5180
4944
4949
5181
4945
4950
5182
4946
4951
5183
4947
4952
5184
4948
4953
5185
4954
5186
4950
4955
5187
4951
4956
5188
4952
4957
5189
4953
4958
5190
4954
4959
5191
4960
5192
4956
4961
5193
4957
4962
5194
4958
4963
5195
4959
4964
5196
4960
4965
5197
4966
5198
4962
4967
5199
4963
4968
5200
4964
4969
5201
4965
4970
5202
4966
4971
5203
4972
5204
4968
4973
5205
4969
4974
5206
4970
4975
5207
4971
4976
5208
4972
4977
5209
4978
5210
4974
4979
5211
4975
4980
5212
4976
4981
5213
4977
4982
5214
4978
4983
5215
4984
5216
4980
4985
5217
4981
4986
5218
4982
4987
5219
4983
4988
5220
4984
4989
5221
4990
5222
4986
4991
5223
4987
4992
5224
4988
4993
5225
4989
4994
5226
4990
4995
5227
4996
5228
4992
4997
5229
4993
4998
5230
4994
4999
5231
4995
5000
5232
4996
5001
5233
5002
5234
4998
5003
5235
4999
5004
5236
5000
5005
5237
5001
5006
5238
5002
5007
5239
5008
5240
5004
5009
5241
5005
5010
5242
5006
5011
5243
5007
5012
5244
5008
5013
5245
5014
5246
5010
5015
5247
5011
5016
5248
5012
5017
5249
5013
5018
5250
5014
5019
5251
5020
5252
5016
5021
5253
5017
5022
5254
5018
5023
5255
5019
5024
5256
5020
5025
5257
5026
5258
5022
5027
5259
5023
5028
5260
5024
5029
5261
5025
5030
5262
5026
5031
5263
5032
5264
5028
5033
5265
5029
5034
5266
5030
5035
5267
5031
5036
5268
5032
5037
5269
5038
5270
5034
5039
5271
5035
5040
5272
5036
5041
5273
5037
5042
5274
5038
5043
5275
5044
5276
5040
5045
5277
5041
5046
5278
5042
5047
5279
5043
5048
5280
5044
5049
5281
5050
5282
5046
5051
5283
5047
5052
5284
5048
5053
5285
5049
5054
5286
5050
5055
5287
5056
5288
5052
5057
5289
5053
5058
5290
5054
5059
5291
5055
5060
5292
5056
5061
5293
5062
5294
5058
5295
5059
5063
5296
5060
5064
5297
5061
5065
5298
5062
5066
5299
5067
5300
5064
5068
5302
5065
5069
5303
5066
5070
5304
5067
5071
5305
5072
5306
5069
5073
5307
5070
5074
5308
5071
5075
5309
5072
5076
5310
5077
5311
5074
5078
5312
5075
5079
5313
5076
5080
5314
5077
5081
5315
5082
5316
5079
5083
5317
5080
5084
5318
5081
5085
5319
5082
5086
5320
5087
5321
5084
5088
5322
5085
5089
5323
5086
5090
5324
5087
5091
5325
5092
5326
5089
5093
5327
5090
5094
5328
5091
5095
5329
5092
5096
5330
5097
5331
5094
5098
5332
5095
5099
5333
5096
5100
5334
5097
5101
5335
5102
5336
5099
5337
5100
5338
5101
5339
5102
5340
5341
5104
5109
5342
5105
5110
5343
5106
5111
5344
5107
5112
5345
5108
5113
5346
5114
5347
5110
5115
5348
5111
5116
5349
5112
5117
5350
5113
5118
5351
5114
5119
5352
5120
5353
5116
5121
5354
5117
5122
5355
5118
5123
5356
5119
5124
5357
5120
5125
5358
5126
5359
5122
5127
5360
5123
5128
5361
5124
5129
5362
5125
5130
5363
5126
5131
5364
5132
5365
5128
5133
5366
5129
5134
5367
5130
5135
5368
5131
5136
5369
5132
5137
5370
5138
5371
5134
5139
5372
5135
5140
5373
5136
5141
5374
5137
5142
5375
5138
5143
5376
5144
5377
5140
5145
5378
5141
5146
5379
5142
5147
5380
5143
5148
5381
5144
5149
5382
5150
5383
5146
5151
5384
5147
5152
5385
5148
5153
5386
5149
5154
5387
5150
5155
5388
5156
5389
5152
5157
5390
5153
5158
5391
5154
5159
5392
5155
5160
5393
5156
5161
5394
5162
5395
5158
5163
5396
5159
5164
5397
5160
5165
5398
5161
5166
5399
5162
5167
5400
5168
5401
5164
5169
5402
5165
5170
5403
5166
5171
5404
5167
5172
5405
5168
5173
5406
5174
5407
5170
5175
5408
5171
5176
5409
5172
5177
5410
5173
5178
5411
5174
5179
5412
5180
5413
5176
5181
5414
5177
5182
5415
5178
5183
5416
5179
5184
5417
5180
5185
5418
5186
5419
5182
5187
5420
5183
5188
5421
5184
5189
5422
5185
5190
5423
5186
5191
5424
5192
5425
5188
5193
5426
5189
5194
5427
5190
5195
5428
5191
5196
5429
5192
5197
5430
5198
5431
5194
5199
5432
5195
5200
5433
5196
5201
5434
5197
5202
5435
5198
5203
5436
5204
5437
5200
5205
5438
5201
5206
5439
5202
5207
5440
5203
5208
5441
5204
5209
5442
5210
5443
5206
5211
5444
5207
5212
5445
5208
5213
5446
5209
5214
5447
5210
5215
5448
5216
5449
5212
5217
5450
5213
5218
5451
5214
5219
5452
5215
5220
5453
5216
5221
5454
5222
5455
5218
5223
5456
5219
5224
5457
5220
5225
5458
5221
5226
5459
5222
5227
5460
5228
5461
5224
5229
5462
5225
5230
5463
5226
5231
5464
5227
5232
5465
5228
5233
5466
5234
5467
5230
5235
5468
5231
5236
5469
5232
5237
5470
5233
5238
5471
5234
5239
5472
5240
5473
5236
5241
5474
5237
5242
5475
5238
5243
5476
5239
5244
5477
5240
5245
5478
5246
5479
5242
5247
5480
5243
5248
5481
5244
5249
5482
5245
5250
5483
5246
5251
5484
5252
5485
5248
5253
5486
5249
5254
5487
5250
5255
5488
5251
5256
5489
5252
5257
5490
5258
5491
5254
5259
5492
5255
5260
5493
5256
5261
5494
5257
5262
5495
5258
5263
5496
5264
5497
5260
5265
5498
5261
5266
5499
5262
5267
5500
5263
5268
5501
5264
5269
5502
5270
5503
5266
5271
5504
5267
5272
5505
5268
5273
5506
5269
5274
5507
5270
5275
5508
5276
5509
5272
5277
5510
5273
5278
5511
5274
5279
5512
5275
5280
5513
5276
5281
5514
5282
5515
5278
5283
5516
5279
5284
5517
5280
5285
5518
5281
5286
5519
5282
5287
5520
5288
5521
5284
5289
5522
5285
5290
5523
5286
5291
5524
5287
5292
5525
5288
5293
5526
5294
5527
5290
5295
5528
5291
5296
5529
5292
5297
5530
5293
5298
5531
5294
5299
5532
5300
5533
5296
5301
5534
5297
5302
5535
5298
5303
5536
5299
5304
5537
5300
5305
5538
5306
5539
5302
5540
5303
5307
5541
5304
5308
5542
5305
5309
5543
5306
5310
5544
5311
5545
5308
5312
5547
5309
5313
5548
5310
5314
5549
5311
5315
5550
5316
5551
5313
5317
5552
5314
5318
5553
5315
5319
5554
5316
5320
5555
5321
5556
5318
5322
5557
5319
5323
5558
5320
5324
5559
5321
5325
5560
5326
5561
5323
5327
5562
5324
5328
5563
5325
5329
5564
5326
5330
5565
5331
5566
5328
5332
5567
5329
5333
5568
5330
5334
5569
5331
5335
5570
5336
5571
5333
5337
5572
5334
5338
5573
5335
5339
5574
5336
5340
5575
5341
5576
5338
5577
5339
5578
5340
5579
5341
5580
5581
5343
5348
5582
5344
5349
5583
5345
5350
5584
5346
5351
5585
5347
5352
5586
5353
5587
5349
5354
5588
5350
5355
5589
5351
5356
5590
5352
5357
5591
5353
5358
5592
5359
5593
5355
5360
5594
5356
5361
5595
5357
5362
5596
5358
5363
5597
5359
5364
5598
5365
5599
5361
5366
5600
5362
5367
5601
5363
5368
5602
5364
5369
5603
5365
5370
5604
5371
5605
5367
5372
5606
5368
5373
5607
5369
5374
5608
5370
5375
5609
5371
5376
5610
5377
5611
5373
5378
5612
5374
5379
5613
5375
5380
5614
5376
5381
5615
5377
5382
5616
5383
5617
5379
5384
5618
5380
5385
5619
5381
5386
5620
5382
5387
5621
5383
5388
5622
5389
5623
5385
5390
5624
5386
5391
5625
5387
5392
5626
5388
5393
5627
5389
5394
5628
5395
5629
5391
5396
5630
5392
5397
5631
5393
5398
5632
5394
5399
5633
5395
5400
5634
5401
5635
5397
5402
5636
5398
5403
5637
5399
5404
5638
5400
5405
5639
5401
5406
5640
5407
5641
5403
5408
5642
5404
5409
5643
5405
5410
5644
5406
5411
5645
5407
5412
5646
5413
5647
5409
5414
5648
5410
5415
5649
5411
5416
5650
5412
5417
5651
5413
5418
5652
5419
5653
5415
5420
5654
5416
5421
5655
5417
5422
5656
5418
5423
5657
5419
5424
5658
5425
5659
5421
5426
5660
5422
5427
5661
5423
5428
5662
5424
5429
5663
5425
5430
5664
5431
5665
5427
5432
5666
5428
5433
5667
5429
5434
5668
5430
5435
5669
5431
5436
5670
5437
5671
5433
5438
5672
5434
5439
5673
5435
5440
5674
5436
5441
5675
5437
5442
5676
5443
5677
5439
5444
5678
5440
5445
5679
5441
5446
5680
5442
5447
5681
5443
5448
5682
5449
5683
5445
5450
5684
5446
5451
5685
5447
5452
5686
5448
5453
5687
5449
5454
5688
5455
5689
5451
5456
5690
5452
5457
5691
5453
5458
5692
5454
5459
5693
5455
5460
5694
5461
5695
5457
5462
5696
5458
5463
5697
5459
5464
5698
5460
5465
5699
5461
5466
5700
5467
5701
5463
5468
5702
5464
5469
5703
5465
5470
5704
5466
5471
5705
5467
5472
5706
5473
5707
5469
5474
5708
5470
5475
5709
5471
5476
5710
5472
5477
5711
5473
5478
5712
5479
5713
5475
5480
5714
5476
5481
5715
5477
5482
5716
5478
5483
5717
5479
5484
5718
5485
5719
5481
5486
5720
5482
5487
5721
5483
5488
5722
5484
5489
5723
5485
5490
5724
5491
5725
5487
5492
5726
5488
5493
5727
5489
5494
5728
5490
5495
5729
5491
5496
5730
5497
5731
5493
5498
5732
5494
5499
5733
5495
5500
5734
5496
5501
5735
5497
5502
5736
5503
5737
5499
5504
5738
5500
5505
5739
5501
5506
5740
5502
5507
5741
5503
5508
5742
5509
5743
5505
5510
5744
5506
5511
5745
5507
5512
5746
5508
5513
5747
5509
5514
5748
5515
5749
5511
5516
5750
5512
5517
5751
5513
5518
5752
5514
5519
5753
5515
5520
5754
5521
5755
5517
5522
5756
5518
5523
5757
5519
5524
5758
5520
5525
5759
5521
5526
5760
5527
5761
5523
5528
5762
5524
5529
5763
5525
5530
5764
5526
5531
5765
5527
5532
5766
5533
5767
5529
5534
5768
5530
5535
5769
5531
5536
5770
5532
5537
5771
5533
5538
5772
5539
5773
5535
5540
5774
5536
5541
5775
5537
5542
5776
5538
5543
5777
5539
5544
5778
5545
5779
5541
5546
5780
5542
5547
5781
5543
5548
5782
5544
5549
5783
5545
5550
5784
5551
5785
5547
5786
5548
5552
5787
5549
5553
5788
5550
5554
5789
5551
5555
5790
5556
5791
5553
5557
5793
5554
5558
5794
5555
5559
5795
5556
5560
5796
5561
5797
5558
5562
5798
5559
5563
5799
5560
5564
5800
5561
5565
5801
5566
5802
5563
5567
5803
5564
5568
5804
5565
5569
5805
5566
5570
5806
5571
5807
5568
5572
5808
5569
5573
5809
5570
5574
5810
5571
5575
5811
5576
5812
5573
5577
5813
5574
5578
5814
5575
5579
5815
5576
5580
5816
5581
5817
5578
5818
5579
5819
5580
5820
5581
5821
5822
5583
5588
5823
5584
5589
5824
5585
5590
5825
5586
5591
5826
5587
5592
5827
5593
5828
5589
5594
5829
5590
5595
5830
5591
5596
5831
5592
5597
5832
5593
5598
5833
5599
5834
5595
5600
5835
5596
5601
5836
5597
5602
5837
5598
5603
5838
5599
5604
5839
5605
5840
5601
5606
5841
5602
5607
5842
5603
5608
5843
5604
5609
5844
5605
5610
5845
5611
5846
5607
5612
5847
5608
5613
5848
5609
5614
5849
5610
5615
5850
5611
5616
5851
5617
5852
5613
5618
5853
5614
5619
5854
5615
5620
5855
5616
5621
5856
5617
5622
5857
5623
5858
5619
5624
5859
5620
5625
5860
5621
5626
5861
5622
5627
5862
5623
5628
5863
5629
5864
5625
5630
5865
5626
5631
5866
5627
5632
5867
5628
5633
5868
5629
5634
5869
5635
5870
5631
5636
5871
5632
5637
5872
5633
5638
5873
5634
5639
5874
5635
5640
5875
5641
5876
5637
5642
5877
5638
5643
5878
5639
5644
5879
5640
5645
5880
5641
5646
5881
5647
5882
5643
5648
5883
5644
5649
5884
5645
5650
5885
5646
5651
5886
5647
5652
5887
5653
5888
5649
5654
5889
5650
5655
5890
5651
5656
5891
5652
5657
5892
5653
5658
5893
5659
5894
5655
5660
5895
5656
5661
5896
5657
5662
5897
5658
5663
5898
5659
5664
5899
5665
5900
5661
5666
5901
5662
5667
5902
5663
5668
5903
5664
5669
5904
5665
5670
5905
5671
5906
5667
5672
5907
5668
5673
5908
5669
5674
5909
5670
5675
5910
5671
5676
5911
5677
5912
5673
5678
5913
5674
5679
5914
5675
5680
5915
5676
5681
5916
5677
5682
5917
5683
5918
5679
5684
5919
5680
5685
5920
5681
5686
5921
5682
5687
5922
5683
5688
5923
5689
5924
5685
5690
5925
5686
5691
5926
5687
5692
5927
5688
5693
5928
5689
5694
5929
5695
5930
5691
5696
5931
5692
5697
5932
5693
5698
5933
5694
5699
5934
5695
5700
5935
5701
5936
5697
5702
5937
5698
5703
5938
5699
5704
5939
5700
5705
5940
5701
5706
5941
5707
5942
5703
5708
5943
5704
5709
5944
5705
5710
5945
5706
5711
5946
5707
5712
5947
5713
5948
5709
5714
5949
5710
5715
5950
5711
5716
5951
5712
5717
5952
5713
5718
5953
5719
5954
5715
5720
5955
5716
5721
5956
5717
5722
5957
5718
5723
5958
5719
5724
5959
5725
5960
5721
5726
5961
5722
5727
5962
5723
5728
5963
5724
5729
5964
5725
5730
5965
5731
5966
5727
5732
5967
5728
5733
5968
5729
5734
5969
5730
5735
5970
5731
5736
5971
5737
5972
5733
5738
5973
5734
5739
5974
5735
5740
5975
5736
5741
5976
5737
5742
5977
5743
5978
5739
5744
5979
5740
5745
5980
5741
5746
5981
5742
5747
5982
5743
5748
5983
5749
5984
5745
5750
5985
5746
5751
5986
5747
5752
5987
5748
5753
5988
5749
5754
5989
5755
5990
5751
5756
5991
5752
5757
5992
5753
5758
5993
5754
5759
5994
5755
5760
5995
5761
5996
5757
5762
5997
5758
5763
5998
5759
5764
5999
5760
5765
6000
5761
5766
6001
5767
6002
5763
5768
6003
5764
5769
6004
5765
5770
6005
5766
5771
6006
5767
5772
6007
5773
6008
5769
5774
6009
5770
5775
6010
5771
5776
6011
5772
5777
6012
5773
5778
6013
5779
6014
5775
5780
6015
5776
5781
6016
5777
5782
6017
5778
5783
6018
5779
5784
6019
5785
6020
5781
5786
6021
5782
5787
6022
5783
5788
6023
5784
5789
6024
5785
5790
6025
5791
6026
5787
5792
6027
5788
5793
6028
5789
5794
6029
5790
5795
6030
5791
5796
6031
5797
6032
5793
6033
5794
5798
6034
5795
5799
6035
5796
5800
6036
5797
5801
6037
5802
6038
5799
5803
6040
5800
5804
6041
5801
5805
6042
5802
5806
6043
5807
6044
5804
5808
6045
5805
5809
6046
5806
5810
6047
5807
5811
6048
5812
6049
5809
5813
6050
5810
5814
6051
5811
5815
6052
5812
5816
6053
5817
6054
5814
5818
6055
5815
5819
6056
5816
5820
6057
5817
5821
6058
5822
6059
5819
6060
5820
6061
5821
6062
5822
6063
6064
5824
5829
6065
5825
5830
6066
5826
5831
6067
5827
5832
6068
5828
5833
6069
5834
6070
5830
5835
6071
5831
5836
6072
5832
5837
6073
5833
5838
6074
5834
5839
6075
5840
6076
5836
5841
6077
5837
5842
6078
5838
5843
6079
5839
5844
6080
5840
5845
6081
5846
6082
5842
5847
6083
5843
5848
6084
5844
5849
6085
5845
5850
6086
5846
5851
6087
5852
6088
5848
5853
6089
5849
5854
6090
5850
5855
6091
5851
5856
6092
5852
5857
6093
5858
6094
5854
5859
6095
5855
5860
6096
5856
5861
6097
5857
5862
6098
5858
5863
6099
5864
6100
5860
5865
6101
5861
5866
6102
5862
5867
6103
5863
5868
6104
5864
5869
6105
5870
6106
5866
5871
6107
5867
5872
6108
5868
5873
6109
5869
5874
6110
5870
5875
6111
5876
6112
5872
5877
6113
5873
5878
6114
5874
5879
6115
5875
5880
6116
5876
5881
6117
5882
6118
5878
5883
6119
5879
5884
6120
5880
5885
6121
5881
5886
6122
5882
5887
6123
5888
6124
5884
5889
6125
5885
5890
6126
5886
5891
6127
5887
5892
6128
5888
5893
6129
5894
6130
5890
5895
6131
5891
5896
6132
5892
5897
6133
5893
5898
6134
5894
5899
6135
5900
6136
5896
5901
6137
5897
5902
6138
5898
5903
6139
5899
5904
6140
5900
5905
6141
5906
6142
5902
5907
6143
5903
5908
6144
5904
5909
6145
5905
5910
6146
5906
5911
6147
5912
6148
5908
5913
6149
5909
5914
6150
5910
5915
6151
5911
5916
6152
5912
5917
6153
5918
6154
5914
5919
6155
5915
5920
6156
5916
5921
6157
5917
5922
6158
5918
5923
6159
5924
6160
5920
5925
6161
5921
5926
6162
5922
5927
6163
5923
5928
6164
5924
5929
6165
5930
6166
5926
5931
6167
5927
5932
6168
5928
5933
6169
5929
5934
6170
5930
5935
6171
5936
6172
5932
5937
6173
5933
5938
6174
5934
5939
6175
5935
5940
6176
5936
5941
6177
5942
6178
5938
5943
6179
5939
5944
6180
5940
5945
6181
5941
5946
6182
5942
5947
6183
5948
6184
5944
5949
6185
5945
5950
6186
5946
5951
6187
5947
5952
6188
5948
5953
6189
5954
6190
5950
5955
6191
5951
5956
6192
5952
5957
6193
5953
5958
6194
5954
5959
6195
5960
6196
5956
5961
6197
5957
5962
6198
5958
5963
6199
5959
5964
6200
5960
5965
6201
5966
6202
5962
5967
6203
5963
5968
6204
5964
5969
6205
5965
5970
6206
5966
5971
6207
5972
6208
5968
5973
6209
5969
5974
6210
5970
5975
6211
5971
5976
6212
5972
5977
6213
5978
6214
5974
5979
6215
5975
5980
6216
5976
5981
6217
5977
5982
6218
5978
5983
6219
5984
6220
5980
5985
6221
5981
5986
6222
5982
5987
6223
5983
5988
6224
5984
5989
6225
5990
6226
5986
5991
6227
5987
5992
6228
5988
5993
6229
5989
5994
6230
5990
5995
6231
5996
6232
5992
5997
6233
5993
5998
6234
5994
5999
6235
5995
6000
6236
5996
6001
6237
6002
6238
5998
6003
6239
5999
6004
6240
6000
6005
6241
6001
6006
6242
6002
6007
6243
6008
6244
6004
6009
6245
6005
6010
6246
6006
6011
6247
6007
6012
6248
6008
6013
6249
6014
6250
6010
6015
6251
6011
6016
6252
6012
6017
6253
6013
6018
6254
6014
6019
6255
6020
6256
6016
6021
6257
6017
6022
6258
6018
6023
6259
6019
6024
6260
6020
6025
6261
6026
6262
6022
6027
6263
6023
6028
6264
6024
6029
6265
6025
6030
6266
6026
6031
6267
6032
6268
6028
6033
6269
6029
6034
6270
6030
6035
6271
6031
6036
6272
6032
6037
6273
6038
6274
6034
6039
6275
6035
6040
6276
6036
6041
6277
6037
6042
6278
6038
6043
6279
6044
6280
6040
6281
6041
6045
6282
6042
6046
6283
6043
6047
6284
6044
6048
6285
6049
6286
6046
6050
6288
6047
6051
6289
6048
6052
6290
6049
6053
6291
6054
6292
6051
6055
6293
6052
6056
6294
6053
6057
6295
6054
6058
6296
6059
6297
6056
6060
6298
6057
6061
6299
6058
6062
6300
6059
6063
6301
6064
6302
6061
6303
6062
6304
6063
6305
6064
6306
6307
6066
6071
6308
6067
6072
6309
6068
6073
6310
6069
6074
6311
6070
6075
6312
6076
6313
6072
6077
6314
6073
6078
6315
6074
6079
6316
6075
6080
6317
6076
6081
6318
6082
6319
6078
6083
6320
6079
6084
6321
6080
6085
6322
6081
6086
6323
6082
6087
6324
6088
6325
6084
6089
6326
6085
6090
6327
6086
6091
6328
6087
6092
6329
6088
6093
6330
6094
6331
6090
6095
6332
6091
6096
6333
6092
6097
6334
6093
6098
6335
6094
6099
6336
6100
6337
6096
6101
6338
6097
6102
6339
6098
6103
6340
6099
6104
6341
6100
6105
6342
6106
6343
6102
6107
6344
6103
6108
6345
6104
6109
6346
6105
6110
6347
6106
6111
6348
6112
6349
6108
6113
6350
6109
6114
6351
6110
6115
6352
6111
6116
6353
6112
6117
6354
6118
6355
6114
6119
6356
6115
6120
6357
6116
6121
6358
6117
6122
6359
6118
6123
6360
6124
6361
6120
6125
6362
6121
6126
6363
6122
6127
6364
6123
6128
6365
6124
6129
6366
6130
6367
6126
6131
6368
6127
6132
6369
6128
6133
6370
6129
6134
6371
6130
6135
6372
6136
6373
6132
6137
6374
6133
6138
6375
6134
6139
6376
6135
6140
6377
6136
6141
6378
6142
6379
6138
6143
6380
6139
6144
6381
6140
6145
6382
6141
6146
6383
6142
6147
6384
6148
6385
6144
6149
6386
6145
6150
6387
6146
6151
6388
6147
6152
6389
6148
6153
6390
6154
6391
6150
6155
6392
6151
6156
6393
6152
6157
6394
6153
6158
6395
6154
6159
6396
6160
6397
6156
6161
6398
6157
6162
6399
6158
6163
6400
6159
6164
6401
6160
6165
6402
6166
6403
6162
6167
6404
6163
6168
6405
6164
6169
6406
6165
6170
6407
6166
6171
6408
6172
6409
6168
6173
6410
6169
6174
6411
6170
6175
6412
6171
6176
6413
6172
6177
6414
6178
6415
6174
6179
6416
6175
6180
6417
6176
6181
6418
6177
6182
6419
6178
6183
6420
6184
6421
6180
6185
6422
6181
6186
6423
6182
6187
6424
6183
6188
6425
6184
6189
6426
6190
6427
6186
6191
6428
6187
6192
6429
6188
6193
6430
6189
6194
6431
6190
6195
6432
6196
6433
6192
6197
6434
6193
6198
6435
6194
6199
6436
6195
6200
6437
6196
6201
6438
6202
6439
6198
6203
6440
6199
6204
6441
6200
6205
6442
6201
6206
6443
6202
6207
6444
6208
6445
6204
6209
6446
6205
6210
6447
6206
6211
6448
6207
6212
6449
6208
6213
6450
6214
6451
6210
6215
6452
6211
6216
6453
6212
6217
6454
6213
6218
6455
6214
6219
6456
6220
6457
6216
6221
6458
6217
6222
6459
6218
6223
6460
6219
6224
6461
6220
6225
6462
6226
6463
6222
6227
6464
6223
6228
6465
6224
6229
6466
6225
6230
6467
6226
6231
6468
6232
6469
6228
6233
6470
6229
6234
6471
6230
6235
6472
6231
6236
6473
6232
6237
6474
6238
6475
6234
6239
6476
6235
6240
6477
6236
6241
6478
6237
6242
6479
6238
6243
6480
6244
6481
6240
6245
6482
6241
6246
6483
6242
6247
6484
6243
6248
6485
6244
6249
6486
6250
6487
6246
6251
6488
6247
6252
6489
6248
6253
6490
6249
6254
6491
6250
6255
6492
6256
6493
6252
6257
6494
6253
6258
6495
6254
6259
6496
6255
6260
6497
6256
6261
6498
6262
6499
6258
6263
6500
6259
6264
6501
6260
6265
6502
6261
6266
6503
6262
6267
6504
6268
6505
6264
6269
6506
6265
6270
6507
6266
6271
6508
6267
6272
6509
6268
6273
6510
6274
6511
6270
6275
6512
6271
6276
6513
6272
6277
6514
6273
6278
6515
6274
6279
6516
6280
6517
6276
6281
6518
6277
6282
6519
6278
6283
6520
6279
6284
6521
6280
6285
6522
6286
6523
6282
6287
6524
6283
6288
6525
6284
6289
6526
6285
6290
6527
6286
6291
6528
6292
6529
6288
6530
6289
6293
6531
6290
6294
6532
6291
6295
6533
6292
6296
6534
6297
6535
6294
6298
6537
6295
6299
6538
6296
6300
6539
6297
6301
6540
6302
6541
6299
6303
6542
6300
6304
6543
6301
6305
6544
6302
6306
6545
6307
6546
6304
6547
6305
6548
6306
6549
6307
6550
6551
6309
6314
6552
6310
6315
6553
6311
6316
6554
6312
6317
6555
6313
6318
6556
6319
6557
6315
6320
6558
6316
6321
6559
6317
6322
6560
6318
6323
6561
6319
6324
6562
6325
6563
6321
6326
6564
6322
6327
6565
6323
6328
6566
6324
6329
6567
6325
6330
6568
6331
6569
6327
6332
6570
6328
6333
6571
6329
6334
6572
6330
6335
6573
6331
6336
6574
6337
6575
6333
6338
6576
6334
6339
6577
6335
6340
6578
6336
6341
6579
6337
6342
6580
6343
6581
6339
6344
6582
6340
6345
6583
6341
6346
6584
6342
6347
6585
6343
6348
6586
6349
6587
6345
6350
6588
6346
6351
6589
6347
6352
6590
6348
6353
6591
6349
6354
6592
6355
6593
6351
6356
6594
6352
6357
6595
6353
6358
6596
6354
6359
6597
6355
6360
6598
6361
6599
6357
6362
6600
6358
6363
6601
6359
6364
6602
6360
6365
6603
6361
6366
6604
6367
6605
6363
6368
6606
6364
6369
6607
6365
6370
6608
6366
6371
6609
6367
6372
6610
6373
6611
6369
6374
6612
6370
6375
6613
6371
6376
6614
6372
6377
6615
6373
6378
6616
6379
6617
6375
6380
6618
6376
6381
6619
6377
6382
6620
6378
6383
6621
6379
6384
6622
6385
6623
6381
6386
6624
6382
6387
6625
6383
6388
6626
6384
6389
6627
6385
6390
6628
6391
6629
6387
6392
6630
6388
6393
6631
6389
6394
6632
6390
6395
6633
6391
6396
6634
6397
6635
6393
6398
6636
6394
6399
6637
6395
6400
6638
6396
6401
6639
6397
6402
6640
6403
6641
6399
6404
6642
6400
6405
6643
6401
6406
6644
6402
6407
6645
6403
6408
6646
6409
6647
6405
6410
6648
6406
6411
6649
6407
6412
6650
6408
6413
6651
6409
6414
6652
6415
6653
6411
6416
6654
6412
6417
6655
6413
6418
6656
6414
6419
6657
6415
6420
6658
6421
6659
6417
6422
6660
6418
6423
6661
6419
6424
6662
6420
6425
6663
6421
6426
6664
6427
6665
6423
6428
6666
6424
6429
6667
6425
6430
6668
6426
6431
6669
6427
6432
6670
6433
6671
6429
6434
6672
6430
6435
6673
6431
6436
6674
6432
6437
6675
6433
6438
6676
6439
6677
6435
6440
6678
6436
6441
6679
6437
6442
6680
6438
6443
6681
6439
6444
6682
6445
6683
6441
6446
6684
6442
6447
6685
6443
6448
6686
6444
6449
6687
6445
6450
6688
6451
6689
6447
6452
6690
6448
6453
6691
6449
6454
6692
6450
6455
6693
6451
6456
6694
6457
6695
6453
6458
6696
6454
6459
6697
6455
6460
6698
6456
6461
6699
6457
6462
6700
6463
6701
6459
6464
6702
6460
6465
6703
6461
6466
6704
6462
6467
6705
6463
6468
6706
6469
6707
6465
6470
6708
6466
6471
6709
6467
6472
6710
6468
6473
6711
6469
6474
6712
6475
6713
6471
6476
6714
6472
6477
6715
6473
6478
6716
6474
6479
6717
6475
6480
6718
6481
6719
6477
6482
6720
6478
6483
6721
6479
6484
6722
6480
6485
6723
6481
6486
6724
6487
6725
6483
6488
6726
6484
6489
6727
6485
6490
6728
6486
6491
6729
6487
6492
6730
6493
6731
6489
6494
6732
6490
6495
6733
6491
6496
6734
6492
6497
6735
6493
6498
6736
6499
6737
6495
6500
6738
6496
6501
6739
6497
6502
6740
6498
6503
6741
6499
6504
6742
6505
6743
6501
6506
6744
6502
6507
6745
6503
6508
6746
6504
6509
6747
6505
6510
6748
6511
6749
6507
6512
6750
6508
6513
6751
6509
6514
6752
6510
6515
6753
6511
6516
6754
6517
6755
6513
6518
6756
6514
6519
6757
6515
6520
6758
6516
6521
6759
6517
6522
6760
6523
6761
6519
6524
6762
6520
6525
6763
6521
6526
6764
6522
6527
6765
6523
6528
6766
6529
6767
6525
6530
6768
6526
6531
6769
6527
6532
6770
6528
6533
6771
6529
6534
6772
6535
6773
6531
6536
6774
6532
6537
6775
6533
6538
6776
6534
6539
6777
6535
6540
6778
6541
6779
6537
6780
6538
6542
6781
6539
6543
6782
6540
6544
6783
6541
6545
6784
6546
6785
6543
6547
6787
6544
6548
6788
6545
6549
6789
6546
6550
6790
6551
6791
6548
6792
6549
6793
6550
6794
6551
6795
6796
6553
6558
6554
6559
6555
6560
6556
6561
6557
6562
6563
6559
6564
6560
6565
6561
6566
6562
6567
6563
6568
6569
6565
6570
6566
6571
6567
6572
6568
6573
6569
6574
6575
6571
6576
6572
6577
6573
6578
6574
6579
6575
6580
6581
6577
6582
6578
6583
6579
6584
6580
6585
6581
6586
6587
6583
6588
6584
6589
6585
6590
6586
6591
6587
6592
6593
6589
6594
6590
6595
6591
6596
6592
6597
6593
6598
6599
6595
6600
6596
6601
6597
6602
6598
6603
6599
6604
6605
6601
6606
6602
6607
6603
6608
6604
6609
6605
6610
6611
6607
6612
6608
6613
6609
6614
6610
6615
6611
6616
6617
6613
6618
6614
6619
6615
6620
6616
6621
6617
6622
6623
6619
6624
6620
6625
6621
6626
6622
6627
6623
6628
6629
6625
6630
6626
6631
6627
6632
6628
6633
6629
6634
6635
6631
6636
6632
6637
6633
6638
6634
6639
6635
6640
6641
6637
6642
6638
6643
6639
6644
6640
6645
6641
6646
6647
6643
6648
6644
6649
6645
6650
6646
6651
6647
6652
6653
6649
6654
6650
6655
6651
6656
6652
6657
6653
6658
6659
6655
6660
6656
6661
6657
6662
6658
6663
6659
6664
6665
6661
6666
6662
6667
6663
6668
6664
6669
6665
6670
6671
6667
6672
6668
6673
6669
6674
6670
6675
6671
6676
6677
6673
6678
6674
6679
6675
6680
6676
6681
6677
6682
6683
6679
6684
6680
6685
6681
6686
6682
6687
6683
6688
6689
6685
6690
6686
6691
6687
6692
6688
6693
6689
6694
6695
6691
6696
6692
6697
6693
6698
6694
6699
6695
6700
6701
6697
6702
6698
6703
6699
6704
6700
6705
6701
6706
6707
6703
6708
6704
6709
6705
6710
6706
6711
6707
6712
6713
6709
6714
6710
6715
6711
6716
6712
6717
6713
6718
6719
6715
6720
6716
6721
6717
6722
6718
6723
6719
6724
6725
6721
6726
6722
6727
6723
6728
6724
6729
6725
6730
6731
6727
6732
6728
6733
6729
6734
6730
6735
6731
6736
6737
6733
6738
6734
6739
6735
6740
6736
6741
6737
6742
6743
6739
6744
6740
6745
6741
6746
6742
6747
6743
6748
6749
6745
6750
6746
6751
6747
6752
6748
6753
6749
6754
6755
6751
6756
6752
6757
6753
6758
6754
6759
6755
6760
6761
6757
6762
6758
6763
6759
6764
6760
6765
6761
6766
6767
6763
6768
6764
6769
6765
6770
6766
6771
6767
6772
6773
6769
6774
6770
6775
6771
6776
6772
6777
6773
6778
6779
6775
6780
6776
6781
6777
6782
6778
6783
6779
6784
6785
6781
6786
6782
6787
6783
6788
6784
6789
6785
6790
6791
6787
6788
6792
6789
6793
6790
6794
6791
6795
6796
6793
6794
6795
6796
6798
6801
6799
6802
6800
6803
6804
6802
6805
6803
6806
6804
6807
6808
6806
6810
6807
6811
6808
6812
6809
6813
6814
6811
6815
6812
6816
6813
6817
6814
6818
6819
6816
6820
6817
6821
6818
6822
6819
6823
6824
6821
6822
6823
6824
6826
6829
6827
6830
6828
6831
6832
6830
6833
6831
6834
6832
6835
6836
6834
6837
6835
6838
6836
6839
6840
6838
6842
6839
6843
6840
6844
6841
6845
6846
6843
6847
6844
6848
6845
6849
6846
6850
6851
6848
6849
6850
6851
)


// ************************************************************************* //
