/*--------------------------------*- C++ -*----------------------------------*\
| =========                 |                                                 |
| \\      /  F ield         | OpenFOAM: The Open Source CFD Toolbox           |
|  \\    /   O peration     | Version:  2.3.1                                 |
|   \\  /    A nd           | Web:      www.OpenFOAM.org                      |
|    \\/     M anipulation  |                                                 |
\*---------------------------------------------------------------------------*/
FoamFile
{
    version     2.0;
    format      ascii;
    class       labelList;
    location    "constant/polyMesh";
    object      pointProcAddressing;
}
// * * * * * * * * * * * * * * * * * * * * * * * * * * * * * * * * * * * * * //


9268
(
9
10
11
12
13
14
15
45
46
47
48
49
50
51
81
82
83
84
85
86
87
118
119
120
121
122
123
154
155
156
157
158
159
190
191
192
193
194
195
226
227
228
229
230
231
262
263
264
265
266
267
298
299
300
301
302
303
334
335
336
337
338
339
370
371
372
373
374
375
406
407
408
409
410
411
442
443
444
445
446
447
478
479
480
481
482
483
514
515
516
517
518
519
550
551
552
553
554
555
586
587
588
589
590
591
622
623
624
625
626
627
658
659
660
661
662
663
694
695
696
697
698
699
730
731
732
733
734
735
766
767
768
769
770
771
802
803
804
805
806
807
838
839
840
841
842
843
874
875
876
877
878
879
910
911
912
913
914
915
946
947
948
949
950
951
952
982
983
984
985
986
987
988
1018
1019
1020
1021
1022
1023
1024
1054
1055
1056
1057
1058
1059
1060
1090
1091
1092
1093
1094
1095
1096
1126
1127
1128
1129
1130
1131
1132
1162
1163
1164
1165
1166
1167
1168
1198
1199
1200
1201
1202
1203
1204
1234
1235
1236
1237
1238
1239
1240
1270
1271
1272
1273
1274
1275
1276
1306
1307
1308
1309
1310
1311
1312
1342
1343
1344
1345
1346
1347
1348
1378
1379
1380
1381
1382
1383
1384
1414
1415
1416
1417
1418
1419
1420
1450
1451
1452
1453
1454
1455
1456
1486
1487
1488
1489
1490
1491
1492
1521
1522
1523
1524
1525
1526
1527
1557
1558
1559
1560
1561
1562
1563
1593
1594
1595
1596
1597
1598
1599
1629
1630
1631
1632
1633
1634
1635
1666
1667
1668
1669
1670
1671
1702
1703
1704
1705
1706
1707
1738
1739
1740
1741
1742
1743
1774
1775
1776
1777
1778
1779
1810
1811
1812
1813
1814
1815
1846
1847
1848
1849
1850
1851
1882
1883
1884
1885
1886
1887
1918
1919
1920
1921
1922
1923
1954
1955
1956
1957
1958
1959
1990
1991
1992
1993
1994
1995
2026
2027
2028
2029
2030
2031
2062
2063
2064
2065
2066
2067
2098
2099
2100
2101
2102
2103
2134
2135
2136
2137
2138
2139
2170
2171
2172
2173
2174
2175
2206
2207
2208
2209
2210
2211
2242
2243
2244
2245
2246
2247
2278
2279
2280
2281
2282
2283
2314
2315
2316
2317
2318
2319
2350
2351
2352
2353
2354
2355
2386
2387
2388
2389
2390
2391
2422
2423
2424
2425
2426
2427
2458
2459
2460
2461
2462
2463
2464
2494
2495
2496
2497
2498
2499
2500
2530
2531
2532
2533
2534
2535
2536
2566
2567
2568
2569
2570
2571
2572
2602
2603
2604
2605
2606
2607
2608
2638
2639
2640
2641
2642
2643
2644
2674
2675
2676
2677
2678
2679
2680
2710
2711
2712
2713
2714
2715
2716
2746
2747
2748
2749
2750
2751
2752
2782
2783
2784
2785
2786
2787
2788
2818
2819
2820
2821
2822
2823
2824
2854
2855
2856
2857
2858
2859
2860
2890
2891
2892
2893
2894
2895
2896
2926
2927
2928
2929
2930
2931
2932
2962
2963
2964
2965
2966
2967
2968
2998
2999
3000
3001
3002
3003
3004
3033
3034
3035
3036
3037
3038
3039
3069
3070
3071
3072
3073
3074
3075
3105
3106
3107
3108
3109
3110
3111
3141
3142
3143
3144
3145
3146
3147
3177
3178
3179
3180
3181
3182
3183
3214
3215
3216
3217
3218
3219
3250
3251
3252
3253
3254
3255
3286
3287
3288
3289
3290
3291
3322
3323
3324
3325
3326
3327
3358
3359
3360
3361
3362
3363
3394
3395
3396
3397
3398
3399
3430
3431
3432
3433
3434
3435
3466
3467
3468
3469
3470
3471
3502
3503
3504
3505
3506
3507
3538
3539
3540
3541
3542
3543
3574
3575
3576
3577
3578
3579
3610
3611
3612
3613
3614
3615
3646
3647
3648
3649
3650
3651
3682
3683
3684
3685
3686
3687
3718
3719
3720
3721
3722
3723
3754
3755
3756
3757
3758
3759
3790
3791
3792
3793
3794
3795
3826
3827
3828
3829
3830
3831
3862
3863
3864
3865
3866
3867
3898
3899
3900
3901
3902
3903
3934
3935
3936
3937
3938
3939
3970
3971
3972
3973
3974
3975
4006
4007
4008
4009
4010
4011
4012
4042
4043
4044
4045
4046
4047
4048
4078
4079
4080
4081
4082
4083
4084
4114
4115
4116
4117
4118
4119
4120
4150
4151
4152
4153
4154
4155
4156
4186
4187
4188
4189
4190
4191
4192
4222
4223
4224
4225
4226
4227
4228
4258
4259
4260
4261
4262
4263
4264
4294
4295
4296
4297
4298
4299
4300
4330
4331
4332
4333
4334
4335
4336
4366
4367
4368
4369
4370
4371
4372
4402
4403
4404
4405
4406
4407
4408
4438
4439
4440
4441
4442
4443
4444
4474
4475
4476
4477
4478
4479
4480
4510
4511
4512
4513
4514
4515
4516
4545
4546
4547
4548
4549
4550
4551
4581
4582
4583
4584
4585
4586
4587
4617
4618
4619
4620
4621
4622
4623
4653
4654
4655
4656
4657
4658
4659
4689
4690
4691
4692
4693
4694
4695
4725
4726
4727
4728
4729
4730
4731
4762
4763
4764
4765
4766
4767
4798
4799
4800
4801
4802
4803
4834
4835
4836
4837
4838
4839
4870
4871
4872
4873
4874
4875
4906
4907
4908
4909
4910
4911
4942
4943
4944
4945
4946
4947
4978
4979
4980
4981
4982
4983
5014
5015
5016
5017
5018
5019
5050
5051
5052
5053
5054
5055
5086
5087
5088
5089
5090
5091
5122
5123
5124
5125
5126
5127
5158
5159
5160
5161
5162
5163
5194
5195
5196
5197
5198
5199
5230
5231
5232
5233
5234
5235
5266
5267
5268
5269
5270
5271
5302
5303
5304
5305
5306
5307
5338
5339
5340
5341
5342
5343
5374
5375
5376
5377
5378
5379
5410
5411
5412
5413
5414
5415
5446
5447
5448
5449
5450
5451
5482
5483
5484
5485
5486
5487
5518
5519
5520
5521
5522
5523
5554
5555
5556
5557
5558
5559
5560
5590
5591
5592
5593
5594
5595
5596
5626
5627
5628
5629
5630
5631
5632
5662
5663
5664
5665
5666
5667
5668
5698
5699
5700
5701
5702
5703
5704
5734
5735
5736
5737
5738
5739
5740
5770
5771
5772
5773
5774
5775
5776
5806
5807
5808
5809
5810
5811
5812
5842
5843
5844
5845
5846
5847
5848
5878
5879
5880
5881
5882
5883
5884
5914
5915
5916
5917
5918
5919
5920
5950
5951
5952
5953
5954
5955
5956
5986
5987
5988
5989
5990
5991
5992
6022
6023
6024
6025
6026
6027
6028
6057
6058
6059
6060
6061
6062
6063
6093
6094
6095
6096
6097
6098
6099
6129
6130
6131
6132
6133
6134
6135
6165
6166
6167
6168
6169
6170
6171
6201
6202
6203
6204
6205
6206
6207
6237
6238
6239
6240
6241
6242
6243
6273
6274
6275
6276
6277
6278
6279
6310
6311
6312
6313
6314
6315
6346
6347
6348
6349
6350
6351
6382
6383
6384
6385
6386
6387
6418
6419
6420
6421
6422
6423
6454
6455
6456
6457
6458
6459
6490
6491
6492
6493
6494
6495
6526
6527
6528
6529
6530
6531
6562
6563
6564
6565
6566
6567
6598
6599
6600
6601
6602
6603
6634
6635
6636
6637
6638
6639
6670
6671
6672
6673
6674
6675
6706
6707
6708
6709
6710
6711
6742
6743
6744
6745
6746
6747
6778
6779
6780
6781
6782
6783
6814
6815
6816
6817
6818
6819
6850
6851
6852
6853
6854
6855
6886
6887
6888
6889
6890
6891
6922
6923
6924
6925
6926
6927
6958
6959
6960
6961
6962
6963
6994
6995
6996
6997
6998
6999
7030
7031
7032
7033
7034
7035
7066
7067
7068
7069
7070
7071
7102
7103
7104
7105
7106
7107
7108
7138
7139
7140
7141
7142
7143
7144
7174
7175
7176
7177
7178
7179
7180
7210
7211
7212
7213
7214
7215
7216
7246
7247
7248
7249
7250
7251
7252
7282
7283
7284
7285
7286
7287
7288
7318
7319
7320
7321
7322
7323
7324
7354
7355
7356
7357
7358
7359
7360
7390
7391
7392
7393
7394
7395
7396
7426
7427
7428
7429
7430
7431
7432
7462
7463
7464
7465
7466
7467
7468
7498
7499
7500
7501
7502
7503
7504
7534
7535
7536
7537
7538
7539
7540
7569
7570
7571
7572
7573
7574
7575
7605
7606
7607
7608
7609
7610
7611
7641
7642
7643
7644
7645
7646
7647
7677
7678
7679
7680
7681
7682
7683
7713
7714
7715
7716
7717
7718
7719
7749
7750
7751
7752
7753
7754
7755
7785
7786
7787
7788
7789
7790
7791
7821
7822
7823
7824
7825
7826
7827
7858
7859
7860
7861
7862
7863
7894
7895
7896
7897
7898
7899
7930
7931
7932
7933
7934
7935
7966
7967
7968
7969
7970
7971
8002
8003
8004
8005
8006
8007
8038
8039
8040
8041
8042
8043
8074
8075
8076
8077
8078
8079
8110
8111
8112
8113
8114
8115
8146
8147
8148
8149
8150
8151
8182
8183
8184
8185
8186
8187
8218
8219
8220
8221
8222
8223
8254
8255
8256
8257
8258
8259
8290
8291
8292
8293
8294
8295
8326
8327
8328
8329
8330
8331
8362
8363
8364
8365
8366
8367
8398
8399
8400
8401
8402
8403
8434
8435
8436
8437
8438
8439
8470
8471
8472
8473
8474
8475
8506
8507
8508
8509
8510
8511
8542
8543
8544
8545
8546
8547
8578
8579
8580
8581
8582
8583
8614
8615
8616
8617
8618
8619
8650
8651
8652
8653
8654
8655
8656
8686
8687
8688
8689
8690
8691
8692
8722
8723
8724
8725
8726
8727
8728
8758
8759
8760
8761
8762
8763
8764
8794
8795
8796
8797
8798
8799
8800
8830
8831
8832
8833
8834
8835
8836
8866
8867
8868
8869
8870
8871
8872
8902
8903
8904
8905
8906
8907
8908
8938
8939
8940
8941
8942
8943
8944
8974
8975
8976
8977
8978
8979
8980
9010
9011
9012
9013
9014
9015
9016
9046
9047
9048
9049
9050
9051
9052
9081
9082
9083
9084
9085
9086
9087
9117
9118
9119
9120
9121
9122
9123
9153
9154
9155
9156
9157
9158
9159
9189
9190
9191
9192
9193
9194
9195
9225
9226
9227
9228
9229
9230
9231
9261
9262
9263
9264
9265
9266
9267
9297
9298
9299
9300
9301
9302
9303
9333
9334
9335
9336
9337
9338
9339
9369
9370
9371
9372
9373
9374
9375
9406
9407
9408
9409
9410
9411
9442
9443
9444
9445
9446
9447
9478
9479
9480
9481
9482
9483
9514
9515
9516
9517
9518
9519
9550
9551
9552
9553
9554
9555
9586
9587
9588
9589
9590
9591
9622
9623
9624
9625
9626
9627
9658
9659
9660
9661
9662
9663
9694
9695
9696
9697
9698
9699
9730
9731
9732
9733
9734
9735
9766
9767
9768
9769
9770
9771
9802
9803
9804
9805
9806
9807
9838
9839
9840
9841
9842
9843
9874
9875
9876
9877
9878
9879
9910
9911
9912
9913
9914
9915
9946
9947
9948
9949
9950
9951
9982
9983
9984
9985
9986
9987
10018
10019
10020
10021
10022
10023
10054
10055
10056
10057
10058
10059
10090
10091
10092
10093
10094
10095
10126
10127
10128
10129
10130
10131
10162
10163
10164
10165
10166
10167
10198
10199
10200
10201
10202
10203
10204
10234
10235
10236
10237
10238
10239
10240
10270
10271
10272
10273
10274
10275
10276
10306
10307
10308
10309
10310
10311
10312
10342
10343
10344
10345
10346
10347
10348
10378
10379
10380
10381
10382
10383
10384
10414
10415
10416
10417
10418
10419
10420
10450
10451
10452
10453
10454
10455
10456
10486
10487
10488
10489
10490
10491
10492
10522
10523
10524
10525
10526
10527
10528
10558
10559
10560
10561
10562
10563
10564
10586
10587
10588
10589
10590
10591
10592
10607
10608
10609
10610
10611
10612
10613
10628
10629
10630
10631
10632
10633
10634
10649
10650
10651
10652
10653
10654
10655
10670
10671
10672
10673
10674
10675
10676
10691
10692
10693
10694
10695
10696
10697
10712
10713
10714
10715
10716
10717
10718
10734
10735
10736
10737
10738
10739
10755
10756
10757
10758
10759
10760
10773
10774
10775
10776
10777
10780
10781
10782
10783
10784
10787
10788
10789
10790
10791
10792
10794
10795
10796
10797
10798
10799
10801
10802
10803
10804
10805
10806
10808
10809
10810
10811
10812
10813
10815
10816
10817
10818
10819
10820
10831
10832
10833
10834
10835
10836
10837
10867
10868
10869
10870
10871
10872
10873
10903
10904
10905
10906
10907
10908
10909
10939
10940
10941
10942
10943
10944
10945
10975
10976
10977
10978
10979
10980
10981
11011
11012
11013
11014
11015
11016
11017
11047
11048
11049
11050
11051
11052
11053
11083
11084
11085
11086
11087
11088
11089
11119
11120
11121
11122
11123
11124
11125
11155
11156
11157
11158
11159
11160
11161
11192
11193
11194
11195
11196
11197
11228
11229
11230
11231
11232
11233
11264
11265
11266
11267
11268
11269
11300
11301
11302
11303
11304
11305
11336
11337
11338
11339
11340
11341
11372
11373
11374
11375
11376
11377
11408
11409
11410
11411
11412
11413
11444
11445
11446
11447
11448
11449
11480
11481
11482
11483
11484
11485
11516
11517
11518
11519
11520
11521
11552
11553
11554
11555
11556
11557
11588
11589
11590
11591
11592
11593
11624
11625
11626
11627
11628
11629
11660
11661
11662
11663
11664
11665
11696
11697
11727
11728
11758
11759
11789
11790
11820
11821
11851
11852
11882
11883
11913
11914
11915
11916
11917
11918
11949
11950
11951
11952
11953
11954
11985
11986
11987
11988
11989
11990
12021
12022
12023
12024
12025
12026
12027
12057
12058
12059
12060
12061
12062
12063
12093
12094
12095
12096
12097
12098
12099
12129
12130
12131
12132
12133
12134
12135
12165
12166
12167
12168
12169
12170
12171
12201
12202
12203
12204
12205
12206
12207
12237
12238
12239
12240
12241
12242
12243
12273
12274
12275
12276
12277
12278
12279
12308
12309
12310
12311
12312
12313
12314
12344
12345
12346
12347
12348
12349
12350
12380
12381
12382
12383
12384
12385
12386
12416
12417
12418
12419
12420
12421
12422
12572
12573
12574
12575
12576
12577
12608
12609
12610
12611
12612
12613
12644
12645
12646
12647
12648
12649
12680
12681
12682
12683
12684
12685
12716
12717
12718
12719
12720
12721
12752
12753
12754
12755
12756
12757
12788
12789
12790
12791
12792
12793
12824
12825
12826
12827
12828
12829
12860
12861
12862
12863
12864
12865
12896
12897
12898
12899
12900
12901
12932
12933
12934
12935
12936
12937
12968
12969
12970
12971
12972
12973
13004
13005
13006
13007
13008
13009
13040
13041
13071
13072
13102
13103
13133
13134
13164
13165
13195
13196
13226
13227
13257
13258
13259
13260
13261
13262
13293
13294
13295
13296
13297
13298
13329
13330
13331
13332
13333
13334
13365
13366
13367
13368
13369
13370
13401
13402
13403
13404
13405
13406
13407
13437
13438
13439
13440
13441
13442
13443
13473
13474
13475
13476
13477
13478
13479
13509
13510
13511
13512
13513
13514
13515
13545
13546
13547
13548
13549
13550
13551
13581
13582
13583
13584
13585
13586
13587
13617
13618
13619
13620
13621
13622
13623
13652
13653
13654
13655
13656
13657
13658
13688
13689
13690
13691
13692
13693
13694
13724
13725
13726
13727
13728
13729
13730
13760
13761
13762
13763
13764
13765
13766
13915
13916
13917
13918
13919
13920
13921
13951
13952
13953
13954
13955
13956
13957
13988
13989
13990
13991
13992
13993
14024
14025
14026
14027
14028
14029
14060
14061
14062
14063
14064
14065
14096
14097
14098
14099
14100
14101
14132
14133
14134
14135
14136
14137
14168
14169
14170
14171
14172
14173
14204
14205
14206
14207
14208
14209
14240
14241
14242
14243
14244
14245
14276
14277
14278
14279
14280
14281
14312
14313
14314
14315
14316
14317
14348
14349
14350
14351
14352
14353
14384
14385
14415
14416
14446
14447
14477
14478
14508
14509
14539
14540
14570
14571
14601
14602
14603
14604
14605
14606
14637
14638
14639
14640
14641
14642
14673
14674
14675
14676
14677
14678
14709
14710
14711
14712
14713
14714
14745
14746
14747
14748
14749
14750
14781
14782
14783
14784
14785
14786
14787
14817
14818
14819
14820
14821
14822
14823
14853
14854
14855
14856
14857
14858
14859
14889
14890
14891
14892
14893
14894
14895
14925
14926
14927
14928
14929
14930
14931
14961
14962
14963
14964
14965
14966
14967
14996
14997
14998
14999
15000
15001
15002
15032
15033
15034
15035
15036
15037
15038
15068
15069
15070
15071
15072
15073
15074
15104
15105
15106
15107
15108
15109
15110
15259
15260
15261
15262
15263
15264
15265
15295
15296
15297
15298
15299
15300
15301
15331
15332
15333
15334
15335
15336
15337
15368
15369
15370
15371
15372
15373
15404
15405
15406
15407
15408
15409
15440
15441
15442
15443
15444
15445
15476
15477
15478
15479
15480
15481
15512
15513
15514
15515
15516
15517
15548
15549
15550
15551
15552
15553
15584
15585
15586
15587
15588
15589
15620
15621
15622
15623
15624
15625
15656
15657
15658
15659
15660
15661
15692
15693
15694
15695
15696
15697
15728
15729
15759
15760
15790
15791
15821
15822
15852
15853
15883
15884
15914
15915
15945
15946
15947
15948
15949
15950
15981
15982
15983
15984
15985
15986
16017
16018
16019
16020
16021
16022
16053
16054
16055
16056
16057
16058
16089
16090
16091
16092
16093
16094
16125
16126
16127
16128
16129
16130
16161
16162
16163
16164
16165
16166
16167
16197
16198
16199
16200
16201
16202
16203
16233
16234
16235
16236
16237
16238
16239
16269
16270
16271
16272
16273
16274
16275
16305
16306
16307
16308
16309
16310
16311
16340
16341
16342
16343
16344
16345
16346
16376
16377
16378
16379
16380
16381
16382
16412
16413
16414
16415
16416
16417
16418
16448
16449
16450
16451
16452
16453
16454
16603
16604
16605
16606
16607
16608
16609
16639
16640
16641
16642
16643
16644
16645
16675
16676
16677
16678
16679
16680
16681
16711
16712
16713
16714
16715
16716
16717
16748
16749
16750
16751
16752
16753
16784
16785
16786
16787
16788
16789
16820
16821
16822
16823
16824
16825
16856
16857
16858
16859
16860
16861
16892
16893
16894
16895
16896
16897
16928
16929
16930
16931
16932
16933
16964
16965
16966
16967
16968
16969
17000
17001
17002
17003
17004
17005
17036
17037
17038
17039
17040
17041
17072
17073
17103
17104
17134
17135
17165
17166
17196
17197
17227
17228
17258
17259
17289
17290
17291
17292
17293
17294
17325
17326
17327
17328
17329
17330
17361
17362
17363
17364
17365
17366
17397
17398
17399
17400
17401
17402
17433
17434
17435
17436
17437
17438
17469
17470
17471
17472
17473
17474
17505
17506
17507
17508
17509
17510
17541
17542
17543
17544
17545
17546
17547
17577
17578
17579
17580
17581
17582
17583
17613
17614
17615
17616
17617
17618
17619
17649
17650
17651
17652
17653
17654
17655
17684
17685
17686
17687
17688
17689
17690
17720
17721
17722
17723
17724
17725
17726
17756
17757
17758
17759
17760
17761
17762
17792
17793
17794
17795
17796
17797
17798
17947
17948
17949
17950
17951
17952
17953
17983
17984
17985
17986
17987
17988
17989
18019
18020
18021
18022
18023
18024
18025
18055
18056
18057
18058
18059
18060
18061
18091
18092
18093
18094
18095
18096
18097
18128
18129
18130
18131
18132
18133
18164
18165
18166
18167
18168
18169
18200
18201
18202
18203
18204
18205
18236
18237
18238
18239
18240
18241
18272
18273
18274
18275
18276
18277
18308
18309
18310
18311
18312
18313
18344
18345
18346
18347
18348
18349
18380
18381
18382
18383
18384
18385
18416
18417
18447
18448
18478
18479
18509
18510
18540
18541
18571
18572
18602
18603
18633
18634
18635
18636
18637
18638
18669
18670
18671
18672
18673
18674
18705
18706
18707
18708
18709
18710
18741
18742
18743
18744
18745
18746
18777
18778
18779
18780
18781
18782
18813
18814
18815
18816
18817
18818
18849
18850
18851
18852
18853
18854
18885
18886
18887
18888
18889
18890
18921
18922
18923
18924
18925
18926
18927
18957
18958
18959
18960
18961
18962
18963
18993
18994
18995
18996
18997
18998
18999
19028
19029
19030
19031
19032
19033
19034
19064
19065
19066
19067
19068
19069
19070
19100
19101
19102
19103
19104
19105
19106
19136
19137
19138
19139
19140
19141
19142
19291
19292
19293
19294
19295
19296
19297
19327
19328
19329
19330
19331
19332
19333
19363
19364
19365
19366
19367
19368
19369
19399
19400
19401
19402
19403
19404
19405
19435
19436
19437
19438
19439
19440
19441
19471
19472
19473
19474
19475
19476
19477
19508
19509
19510
19511
19512
19513
19544
19545
19546
19547
19548
19549
19580
19581
19582
19583
19584
19585
19616
19617
19618
19619
19620
19621
19652
19653
19654
19655
19656
19657
19688
19689
19690
19691
19692
19693
19724
19725
19726
19727
19728
19729
19760
19761
19791
19792
19822
19823
19853
19854
19884
19885
19915
19916
19946
19947
19977
19978
19979
19980
19981
19982
20013
20014
20015
20016
20017
20018
20049
20050
20051
20052
20053
20054
20085
20086
20087
20088
20089
20090
20121
20122
20123
20124
20125
20126
20157
20158
20159
20160
20161
20162
20193
20194
20195
20196
20197
20198
20229
20230
20231
20232
20233
20234
20265
20266
20267
20268
20269
20270
20301
20302
20303
20304
20305
20306
20307
20337
20338
20339
20340
20341
20342
20343
20372
20373
20374
20375
20376
20377
20378
20408
20409
20410
20411
20412
20413
20414
20444
20445
20446
20447
20448
20449
20450
20480
20481
20482
20483
20484
20485
20486
20635
20636
20637
20638
20639
20640
20641
20671
20672
20673
20674
20675
20676
20677
20707
20708
20709
20710
20711
20712
20713
20743
20744
20745
20746
20747
20748
20749
20779
20780
20781
20782
20783
20784
20785
20815
20816
20817
20818
20819
20820
20821
20851
20852
20853
20854
20855
20856
20857
20888
20889
20890
20891
20892
20893
20924
20925
20926
20927
20928
20929
20960
20961
20962
20963
20964
20965
20996
20997
20998
20999
21000
21001
21032
21033
21034
21035
21036
21037
21068
21069
21070
21071
21072
21073
21104
21105
21135
21136
21166
21167
21197
21198
21228
21229
21259
21260
21290
21291
21321
21322
21323
21324
21325
21326
21357
21358
21359
21360
21361
21362
21393
21394
21395
21396
21397
21398
21429
21430
21431
21432
21433
21434
21465
21466
21467
21468
21469
21470
21501
21502
21503
21504
21505
21506
21537
21538
21539
21540
21541
21542
21573
21574
21575
21576
21577
21578
21609
21610
21611
21612
21613
21614
21645
21646
21647
21648
21649
21650
21681
21682
21683
21684
21685
21686
21716
21717
21718
21719
21720
21721
21722
21752
21753
21754
21755
21756
21757
21758
21788
21789
21790
21791
21792
21793
21794
21824
21825
21826
21827
21828
21829
21830
21979
21980
21981
21982
21983
21984
21985
22015
22016
22017
22018
22019
22020
22021
22051
22052
22053
22054
22055
22056
22057
22087
22088
22089
22090
22091
22092
22093
22123
22124
22125
22126
22127
22128
22129
22159
22160
22161
22162
22163
22164
22165
22195
22196
22197
22198
22199
22200
22201
22231
22232
22233
22234
22235
22236
22237
22268
22269
22270
22271
22272
22273
22304
22305
22306
22307
22308
22309
22340
22341
22342
22343
22344
22345
22376
22377
22378
22379
22380
22381
22412
22413
22414
22415
22416
22417
22448
22449
22479
22480
22510
22511
22541
22542
22572
22573
22603
22604
22634
22635
22665
22666
22667
22668
22669
22670
22701
22702
22703
22704
22705
22706
22737
22738
22739
22740
22741
22742
22773
22774
22775
22776
22777
22778
22809
22810
22811
22812
22813
22814
22845
22846
22847
22848
22849
22850
22881
22882
22883
22884
22885
22886
22917
22918
22919
22920
22921
22922
22953
22954
22955
22956
22957
22958
22989
22990
22991
22992
22993
22994
23025
23026
23027
23028
23029
23030
23060
23061
23062
23063
23064
23065
23066
23096
23097
23098
23099
23100
23101
23102
23132
23133
23134
23135
23136
23137
23138
23168
23169
23170
23171
23172
23173
23174
23323
23324
23325
23326
23327
23328
23329
23359
23360
23361
23362
23363
23364
23365
23395
23396
23397
23398
23399
23400
23401
23431
23432
23433
23434
23435
23436
23437
23467
23468
23469
23470
23471
23472
23473
23503
23504
23505
23506
23507
23508
23509
23539
23540
23541
23542
23543
23544
23545
23575
23576
23577
23578
23579
23580
23581
23611
23612
23613
23614
23615
23616
23617
23648
23649
23650
23651
23652
23653
23684
23685
23686
23687
23688
23689
23720
23721
23722
23723
23724
23725
23756
23757
23758
23759
23760
23761
23792
23793
23823
23824
23854
23855
23885
23886
23916
23917
23947
23948
23978
23979
24009
24010
24011
24012
24013
24014
24045
24046
24047
24048
24049
24050
24081
24082
24083
24084
24085
24086
24117
24118
24119
24120
24121
24122
24153
24154
24155
24156
24157
24158
24189
24190
24191
24192
24193
24194
24225
24226
24227
24228
24229
24230
24261
24262
24263
24264
24265
24266
24297
24298
24299
24300
24301
24302
24333
24334
24335
24336
24337
24338
24369
24370
24371
24372
24373
24374
24404
24405
24406
24407
24408
24409
24410
24440
24441
24442
24443
24444
24445
24446
24476
24477
24478
24479
24480
24481
24482
24512
24513
24514
24515
24516
24517
24518
24667
24668
24669
24670
24671
24672
24673
24703
24704
24705
24706
24707
24708
24709
24739
24740
24741
24742
24743
24744
24745
24775
24776
24777
24778
24779
24780
24781
24811
24812
24813
24814
24815
24816
24817
24847
24848
24849
24850
24851
24852
24853
24883
24884
24885
24886
24887
24888
24889
24919
24920
24921
24922
24923
24924
24925
24955
24956
24957
24958
24959
24960
24961
24991
24992
24993
24994
24995
24996
24997
25028
25029
25030
25031
25032
25033
25064
25065
25066
25067
25068
25069
25100
25101
25102
25103
25104
25105
25136
25137
25167
25168
25198
25199
25229
25230
25260
25261
25291
25292
25322
25323
25353
25354
25355
25356
25357
25358
25389
25390
25391
25392
25393
25394
25425
25426
25427
25428
25429
25430
25461
25462
25463
25464
25465
25466
25497
25498
25499
25500
25501
25502
25533
25534
25535
25536
25537
25538
25569
25570
25571
25572
25573
25574
25605
25606
25607
25608
25609
25610
25641
25642
25643
25644
25645
25646
25677
25678
25679
25680
25681
25682
25713
25714
25715
25716
25717
25718
25748
25749
25750
25751
25752
25753
25754
25784
25785
25786
25787
25788
25789
25790
25820
25821
25822
25823
25824
25825
25826
25856
25857
25858
25859
25860
25861
25862
26011
26012
26013
26014
26015
26016
26017
26047
26048
26049
26050
26051
26052
26053
26083
26084
26085
26086
26087
26088
26089
26119
26120
26121
26122
26123
26124
26125
26155
26156
26157
26158
26159
26160
26161
26191
26192
26193
26194
26195
26196
26197
26227
26228
26229
26230
26231
26232
26233
26263
26264
26265
26266
26267
26268
26269
26299
26300
26301
26302
26303
26304
26305
26335
26336
26337
26338
26339
26340
26341
26371
26372
26373
26374
26375
26376
26377
26408
26409
26410
26411
26412
26413
26444
26445
26446
26447
26448
26449
26480
26481
26511
26512
26542
26543
26573
26574
26604
26605
26635
26636
26666
26667
26697
26698
26699
26700
26701
26702
26733
26734
26735
26736
26737
26738
26769
26770
26771
26772
26773
26774
26805
26806
26807
26808
26809
26810
26841
26842
26843
26844
26845
26846
26877
26878
26879
26880
26881
26882
26913
26914
26915
26916
26917
26918
26949
26950
26951
26952
26953
26954
26985
26986
26987
26988
26989
26990
27021
27022
27023
27024
27025
27026
27057
27058
27059
27060
27061
27062
27092
27093
27094
27095
27096
27097
27098
27128
27129
27130
27131
27132
27133
27134
27164
27165
27166
27167
27168
27169
27170
27200
27201
27202
27203
27204
27205
27206
27355
27356
27357
27358
27359
27360
27361
27391
27392
27393
27394
27395
27396
27397
27427
27428
27429
27430
27431
27432
27433
27463
27464
27465
27466
27467
27468
27469
27499
27500
27501
27502
27503
27504
27505
27535
27536
27537
27538
27539
27540
27541
27571
27572
27573
27574
27575
27576
27577
27607
27608
27609
27610
27611
27612
27613
27643
27644
27645
27646
27647
27648
27649
27679
27680
27681
27682
27683
27684
27685
27715
27716
27717
27718
27719
27720
27721
27751
27752
27753
27754
27755
27756
27757
27788
27789
27790
27791
27792
27793
27824
27825
27855
27856
27886
27887
27917
27918
27948
27949
27979
27980
28010
28011
28041
28042
28043
28044
28045
28046
28077
28078
28079
28080
28081
28082
28113
28114
28115
28116
28117
28118
28149
28150
28151
28152
28153
28154
28185
28186
28187
28188
28189
28190
28221
28222
28223
28224
28225
28226
28257
28258
28259
28260
28261
28262
28293
28294
28295
28296
28297
28298
28329
28330
28331
28332
28333
28334
28365
28366
28367
28368
28369
28370
28401
28402
28403
28404
28405
28406
28436
28437
28438
28439
28440
28441
28442
28472
28473
28474
28475
28476
28477
28478
28508
28509
28510
28511
28512
28513
28514
28544
28545
28546
28547
28548
28549
28550
28699
28700
28701
28702
28703
28704
28705
28735
28736
28737
28738
28739
28740
28741
28771
28772
28773
28774
28775
28776
28777
28807
28808
28809
28810
28811
28812
28813
28843
28844
28845
28846
28847
28848
28849
28879
28880
28881
28882
28883
28884
28885
28915
28916
28917
28918
28919
28920
28921
28951
28952
28953
28954
28955
28956
28957
28987
28988
28989
28990
28991
28992
28993
29023
29024
29025
29026
29027
29028
29029
29059
29060
29061
29062
29063
29064
29065
29095
29096
29097
29098
29099
29100
29101
29131
29132
29133
29134
29135
29136
29137
29168
29169
29199
29200
29230
29231
29261
29262
29292
29293
29323
29324
29354
29355
29385
29386
29387
29388
29389
29390
29421
29422
29423
29424
29425
29426
29457
29458
29459
29460
29461
29462
29493
29494
29495
29496
29497
29498
29529
29530
29531
29532
29533
29534
29565
29566
29567
29568
29569
29570
29601
29602
29603
29604
29605
29606
29637
29638
29639
29640
29641
29642
29673
29674
29675
29676
29677
29678
29709
29710
29711
29712
29713
29714
29745
29746
29747
29748
29749
29750
29780
29781
29782
29783
29784
29785
29786
29816
29817
29818
29819
29820
29821
29822
29852
29853
29854
29855
29856
29857
29858
29888
29889
29890
29891
29892
29893
29894
30043
30044
30045
30046
30047
30048
30049
30079
30080
30081
30082
30083
30084
30085
30115
30116
30117
30118
30119
30120
30121
30151
30152
30153
30154
30155
30156
30157
30187
30188
30189
30190
30191
30192
30193
30223
30224
30225
30226
30227
30228
30229
30259
30260
30261
30262
30263
30264
30265
30295
30296
30297
30298
30299
30300
30301
30331
30332
30333
30334
30335
30336
30337
30367
30368
30369
30370
30371
30372
30373
30403
30404
30405
30406
30407
30408
30409
30439
30440
30441
30442
30443
30444
30445
30475
30476
30477
30478
30479
30480
30481
30511
30512
30513
30543
30544
30574
30575
30605
30606
30636
30637
30667
30668
30698
30699
30729
30730
30731
30732
30733
30734
30765
30766
30767
30768
30769
30770
30801
30802
30803
30804
30805
30806
30837
30838
30839
30840
30841
30842
30873
30874
30875
30876
30877
30878
30909
30910
30911
30912
30913
30914
30945
30946
30947
30948
30949
30950
30981
30982
30983
30984
30985
30986
31017
31018
31019
31020
31021
31022
31053
31054
31055
31056
31057
31058
31089
31090
31091
31092
31093
31094
31124
31125
31126
31127
31128
31129
31130
31160
31161
31162
31163
31164
31165
31166
31196
31197
31198
31199
31200
31201
31202
31232
31233
31234
31235
31236
31237
31238
31387
31388
31389
31390
31391
31392
31393
31423
31424
31425
31426
31427
31428
31429
31459
31460
31461
31462
31463
31464
31465
31495
31496
31497
31498
31499
31500
31501
31531
31532
31533
31534
31535
31536
31537
31567
31568
31569
31570
31571
31572
31573
31603
31604
31605
31606
31607
31608
31609
31639
31640
31641
31642
31643
31644
31645
31675
31676
31677
31678
31679
31680
31681
31711
31712
31713
31714
31715
31716
31717
31747
31748
31749
31750
31751
31752
31753
31783
31784
31785
31786
31787
31788
31789
31819
31820
31821
31822
31823
31824
31825
31855
31856
31857
31886
31887
31888
31918
31919
31949
31950
31980
31981
32011
32012
32042
32043
32073
32074
32075
32076
32077
32078
32109
32110
32111
32112
32113
32114
32145
32146
32147
32148
32149
32150
32181
32182
32183
32184
32185
32186
32217
32218
32219
32220
32221
32222
32253
32254
32255
32256
32257
32258
32289
32290
32291
32292
32293
32294
32325
32326
32327
32328
32329
32330
32361
32362
32363
32364
32365
32366
32397
32398
32399
32400
32401
32402
32433
32434
32435
32436
32437
32438
32468
32469
32470
32471
32472
32473
32474
32504
32505
32506
32507
32508
32509
32510
32540
32541
32542
32543
32544
32545
32546
32576
32577
32578
32579
32580
32581
32582
32731
32732
32733
32734
32735
32736
32737
32767
32768
32769
32770
32771
32772
32773
32803
32804
32805
32806
32807
32808
32809
32839
32840
32841
32842
32843
32844
32845
32875
32876
32877
32878
32879
32880
32881
32911
32912
32913
32914
32915
32916
32917
32947
32948
32949
32950
32951
32952
32953
32983
32984
32985
32986
32987
32988
32989
33019
33020
33021
33022
33023
33024
33025
33055
33056
33057
33058
33059
33060
33061
33091
33092
33093
33094
33095
33096
33097
33127
33128
33129
33130
33131
33132
33133
33163
33164
33165
33166
33167
33168
33169
33199
33200
33201
33230
33231
33232
33261
33262
33263
33293
33294
33324
33325
33355
33356
33386
33387
33417
33418
33419
33420
33421
33422
33453
33454
33455
33456
33457
33458
33489
33490
33491
33492
33493
33494
33525
33526
33527
33528
33529
33530
33561
33562
33563
33564
33565
33566
33597
33598
33599
33600
33601
33602
33633
33634
33635
33636
33637
33638
33669
33670
33671
33672
33673
33674
33705
33706
33707
33708
33709
33710
33741
33742
33743
33744
33745
33746
33777
33778
33779
33780
33781
33782
33812
33813
33814
33815
33816
33817
33818
33848
33849
33850
33851
33852
33853
33854
33884
33885
33886
33887
33888
33889
33890
33920
33921
33922
33923
33924
33925
33926
34075
34076
34077
34078
34079
34080
34081
34111
34112
34113
34114
34115
34116
34117
34147
34148
34149
34150
34151
34152
34153
34183
34184
34185
34186
34187
34188
34189
34219
34220
34221
34222
34223
34224
34225
34255
34256
34257
34258
34259
34260
34261
34291
34292
34293
34294
34295
34296
34297
34327
34328
34329
34330
34331
34332
34333
34363
34364
34365
34366
34367
34368
34369
34399
34400
34401
34402
34403
34404
34405
34435
34436
34437
34438
34439
34440
34441
34471
34472
34473
34474
34475
34476
34477
34507
34508
34509
34510
34511
34512
34513
34543
34544
34545
34574
34575
34576
34605
34606
34607
34636
34637
34638
34668
34669
34699
34700
34730
34731
34761
34762
34763
34764
34765
34766
34797
34798
34799
34800
34801
34802
34833
34834
34835
34836
34837
34838
34869
34870
34871
34872
34873
34874
34905
34906
34907
34908
34909
34910
34941
34942
34943
34944
34945
34946
34977
34978
34979
34980
34981
34982
35013
35014
35015
35016
35017
35018
35049
35050
35051
35052
35053
35054
35085
35086
35087
35088
35089
35090
35121
35122
35123
35124
35125
35126
35156
35157
35158
35159
35160
35161
35162
35192
35193
35194
35195
35196
35197
35198
35228
35229
35230
35231
35232
35233
35234
35264
35265
35266
35267
35268
35269
35270
35419
35420
35421
35422
35423
35424
35425
35455
35456
35457
35458
35459
35460
35461
35491
35492
35493
35494
35495
35496
35497
35527
35528
35529
35530
35531
35532
35533
35563
35564
35565
35566
35567
35568
35569
35599
35600
35601
35602
35603
35604
35605
35635
35636
35637
35638
35639
35640
35641
35671
35672
35673
35674
35675
35676
35677
35707
35708
35709
35710
35711
35712
35713
35743
35744
35745
35746
35747
35748
35749
35779
35780
35781
35782
35783
35784
35785
35815
35816
35817
35818
35819
35820
35821
35851
35852
35853
35854
35855
35856
35857
35887
35888
35889
35918
35919
35920
35949
35950
35951
35980
35981
35982
36011
36012
36013
36043
36044
36074
36075
36105
36106
36107
36108
36109
36110
36141
36142
36143
36144
36145
36146
36177
36178
36179
36180
36181
36182
36213
36214
36215
36216
36217
36218
36249
36250
36251
36252
36253
36254
36285
36286
36287
36288
36289
36290
36321
36322
36323
36324
36325
36326
36357
36358
36359
36360
36361
36362
36393
36394
36395
36396
36397
36398
36429
36430
36431
36432
36433
36434
36465
36466
36467
36468
36469
36470
36500
36501
36502
36503
36504
36505
36506
36536
36537
36538
36539
36540
36541
36542
36572
36573
36574
36575
36576
36577
36578
36608
36609
36610
36611
36612
36613
36614
36763
36764
36765
36766
36767
36768
36769
36799
36800
36801
36802
36803
36804
36805
36835
36836
36837
36838
36839
36840
36841
36871
36872
36873
36874
36875
36876
36877
36907
36908
36909
36910
36911
36912
36913
36943
36944
36945
36946
36947
36948
36949
36979
36980
36981
36982
36983
36984
36985
37015
37016
37017
37018
37019
37020
37021
37051
37052
37053
37054
37055
37056
37057
37087
37088
37089
37090
37091
37092
37093
37123
37124
37125
37126
37127
37128
37129
37159
37160
37161
37162
37163
37164
37165
37195
37196
37197
37198
37199
37200
37201
37231
37232
37233
37262
37263
37264
37293
37294
37295
37324
37325
37326
37355
37356
37357
37386
37387
37388
37418
37419
37449
37450
37451
37452
37453
37454
37485
37486
37487
37488
37489
37490
37521
37522
37523
37524
37525
37526
37557
37558
37559
37560
37561
37562
37593
37594
37595
37596
37597
37598
37629
37630
37631
37632
37633
37634
37665
37666
37667
37668
37669
37670
37701
37702
37703
37704
37705
37706
37737
37738
37739
37740
37741
37742
37773
37774
37775
37776
37777
37778
37809
37810
37811
37812
37813
37814
37844
37845
37846
37847
37848
37849
37850
37880
37881
37882
37883
37884
37885
37886
37916
37917
37918
37919
37920
37921
37922
37952
37953
37954
37955
37956
37957
37958
37988
37989
37990
37991
37992
37993
37994
38024
38025
38026
38027
38028
38029
38030
38060
38061
38062
38063
38064
38065
38066
38096
38097
38098
38099
38100
38101
38102
38132
38133
38134
38135
38136
38137
38138
38168
38169
38170
38171
38172
38173
38174
38204
38205
38206
38207
38208
38209
38210
38240
38241
38242
38243
38244
38245
38246
38276
38277
38278
38279
38280
38281
38282
38312
38313
38314
38315
38316
38317
38318
38348
38349
38350
38351
38352
38353
38354
38384
38385
38386
38387
38388
38389
38390
38420
38421
38422
38423
38424
38425
38426
38456
38457
38458
38459
38460
38461
38462
38492
38493
38494
38495
38496
38497
38498
38528
38529
38530
38531
38532
38533
38534
38564
38565
38566
38567
38568
38569
38570
38600
38601
38602
38603
38604
38605
38606
38636
38637
38638
38639
38640
38641
38642
38672
38673
38674
38675
38676
38677
38678
38708
38709
38710
38711
38712
38713
38714
38744
38745
38746
38747
38748
38749
38750
38780
38781
38782
38783
38784
38785
38786
38816
38817
38818
38819
38820
38821
38822
38852
38853
38854
38855
38856
38857
38858
38888
38889
38890
38891
38892
38893
38894
38924
38925
38926
38927
38928
38929
38930
38960
38961
38962
38963
38964
38965
38966
38997
38998
38999
39000
39001
39002
39033
39034
39035
39036
39037
39038
39069
39070
39071
39072
39073
39074
39105
39106
39107
39108
39109
39110
39141
39142
39143
39144
39145
39146
39177
39178
39179
39180
39181
39182
39213
39214
39215
39216
39217
39218
39249
39250
39251
39252
39253
39254
39285
39286
39287
39288
39289
39290
39321
39322
39323
39324
39325
39326
39356
39357
39358
39359
39360
39361
39362
39392
39393
39394
39395
39396
39397
39398
39428
39429
39430
39431
39432
39433
39434
39464
39465
39466
39467
39468
39469
39470
39500
39501
39502
39503
39504
39505
39506
39536
39537
39538
39539
39540
39541
39542
39572
39573
39574
39575
39576
39577
39578
39608
39609
39610
39611
39612
39613
39614
39644
39645
39646
39647
39648
39649
39650
39680
39681
39682
39683
39684
39685
39686
39716
39717
39718
39719
39720
39721
39722
39752
39753
39754
39755
39756
39757
39758
39788
39789
39790
39791
39792
39793
39794
39824
39825
39826
39827
39828
39829
39830
39860
39861
39862
39863
39864
39865
39866
39896
39897
39898
39899
39900
39901
39902
39932
39933
39934
39935
39936
39937
39938
39968
39969
39970
39971
39972
39973
39974
40004
40005
40006
40007
40008
40009
40010
40040
40041
40042
40043
40044
40045
40046
40076
40077
40078
40079
40080
40081
40082
40112
40113
40114
40115
40116
40117
40118
40148
40149
40150
40151
40152
40153
40154
40184
40185
40186
40187
40188
40189
40190
40220
40221
40222
40223
40224
40225
40226
40256
40257
40258
40259
40260
40261
40262
40292
40293
40294
40295
40296
40297
40298
40328
40329
40330
40331
40332
40333
40334
40364
40365
40366
40367
40368
40369
40370
40400
40401
40402
40403
40404
40405
40406
40436
40437
40438
40439
40440
40441
40442
40472
40473
40474
40475
40476
40477
40478
40508
40509
40510
40511
40512
40513
40514
40545
40546
40547
40548
40549
40550
40581
40582
40583
40584
40585
40586
40617
40618
40619
40620
40621
40622
40653
40654
40655
40656
40657
40658
40689
40690
40691
40692
40693
40694
40725
40726
40727
40728
40729
40730
40761
40762
40763
40764
40765
40766
40797
40798
40799
40800
40801
40802
40833
40834
40835
40836
40837
40838
40868
40869
40870
40871
40872
40873
40874
40904
40905
40906
40907
40908
40909
40910
40940
40941
40942
40943
40944
40945
40946
40976
40977
40978
40979
40980
40981
40982
41012
41013
41014
41015
41016
41017
41018
41048
41049
41050
41051
41052
41053
41054
41084
41085
41086
41087
41088
41089
41090
41120
41121
41122
41123
41124
41125
41126
41156
41157
41158
41159
41160
41161
41162
41192
41193
41194
41195
41196
41197
41198
41228
41229
41230
41231
41232
41233
41234
41264
41265
41266
41267
41268
41269
41270
41300
41301
41302
41303
41304
41305
41306
41336
41337
41338
41339
41340
41341
41342
41372
41373
41374
41375
41376
41377
41378
41408
41409
41410
41411
41412
41413
41414
41444
41445
41446
41447
41448
41449
41450
41480
41481
41482
41483
41484
41485
41486
41516
41517
41518
41519
41520
41521
41522
41552
41553
41554
41555
41556
41557
41558
41588
41589
41590
41591
41592
41593
41594
41624
41625
41626
41627
41628
41629
41630
41660
41661
41662
41663
41664
41665
41666
41696
41697
41698
41699
41700
41701
41702
41732
41733
41734
41735
41736
41737
41738
41768
41769
41770
41771
41772
41773
41774
41804
41805
41806
41807
41808
41809
41810
41840
41841
41842
41843
41844
41845
41846
41876
41877
41878
41879
41880
41881
41882
41912
41913
41914
41915
41916
41917
41918
41948
41949
41950
41951
41952
41953
41954
41984
41985
41986
41987
41988
41989
41990
42020
42021
42022
42023
42024
42025
42026
42056
42057
42058
42059
42060
42061
42062
42093
42094
42095
42096
42097
42098
42129
42130
42131
42132
42133
42134
42165
42166
42167
42168
42169
42170
42201
42202
42203
42204
42205
42206
42237
42238
42239
42240
42241
42242
42273
42274
42275
42276
42277
42278
42309
42310
42311
42312
42313
42314
42345
42346
42347
42348
42349
42350
42380
42381
42382
42383
42384
42385
42386
42416
42417
42418
42419
42420
42421
42422
42452
42453
42454
42455
42456
42457
42458
42488
42489
42490
42491
42492
42493
42494
42524
42525
42526
42527
42528
42529
42530
42560
42561
42562
42563
42564
42565
42566
42596
42597
42598
42599
42600
42601
42602
42632
42633
42634
42635
42636
42637
42638
42668
42669
42670
42671
42672
42673
42674
42704
42705
42706
42707
42708
42709
42710
42740
42741
42742
42743
42744
42745
42746
42776
42777
42778
42779
42780
42781
42782
42812
42813
42814
42815
42816
42817
42818
42848
42849
42850
42851
42852
42853
42854
42884
42885
42886
42887
42888
42889
42890
42920
42921
42922
42923
42924
42925
42926
42956
42957
42958
42959
42960
42961
42962
42992
42993
42994
42995
42996
42997
42998
43028
43029
43030
43031
43032
43033
43034
43064
43065
43066
43067
43068
43069
43070
43100
43101
43102
43103
43104
43105
43106
43136
43137
43138
43139
43140
43141
43142
43172
43173
43174
43175
43176
43177
43178
43208
43209
43210
43211
43212
43213
43214
43244
43245
43246
43247
43248
43249
43250
43280
43281
43282
43283
43284
43285
43286
43316
43317
43318
43319
43320
43321
43322
43352
43353
43354
43355
43356
43357
43358
43388
43389
43390
43391
43392
43393
43394
43424
43425
43426
43427
43428
43429
43430
43460
43461
43462
43463
43464
43465
43466
43496
43497
43498
43499
43500
43501
43502
43532
43533
43534
43535
43536
43537
43538
43568
43569
43570
43571
43572
43573
43574
43604
43605
43606
43607
43608
43609
43610
43641
43642
43643
43644
43645
43646
43677
43678
43679
43680
43681
43682
43713
43714
43715
43716
43717
43718
43749
43750
43751
43752
43753
43754
43785
43786
43787
43788
43789
43790
43821
43822
43823
43824
43825
43826
43857
43858
43859
43860
43861
43862
43892
43893
43894
43895
43896
43897
43898
43928
43929
43930
43931
43932
43933
43934
43964
43965
43966
43967
43968
43969
43970
44000
44001
44002
44003
44004
44005
44006
44036
44037
44038
44039
44040
44041
44042
44072
44073
44074
44075
44076
44077
44078
44108
44109
44110
44111
44112
44113
44114
44144
44145
44146
44147
44148
44149
44150
44180
44181
44182
44183
44184
44185
44186
44216
44217
44218
44219
44220
44221
44222
44252
44253
44254
44255
44256
44257
44258
44288
44289
44290
44291
44292
44293
44294
44324
44325
44326
44327
44328
44329
44330
44360
44361
44362
44363
44364
44365
44366
44396
44397
44398
44399
44400
44401
44402
44432
44433
44434
44435
44436
44437
44438
44468
44469
44470
44471
44472
44473
44474
44504
44505
44506
44507
44508
44509
44510
44540
44541
44542
44543
44544
44545
44546
44576
44577
44578
44579
44580
44581
44582
44612
44613
44614
44615
44616
44617
44618
44648
44649
44650
44651
44652
44653
44654
44684
44685
44686
44687
44688
44689
44690
44720
44721
44722
44723
44724
44725
44726
44756
44757
44758
44759
44760
44761
44762
44792
44793
44794
44795
44796
44797
44798
44828
44829
44830
44831
44832
44833
44834
44864
44865
44866
44867
44868
44869
44870
44900
44901
44902
44903
44904
44905
44906
44936
44937
44938
44939
44940
44941
44942
44972
44973
44974
44975
44976
44977
44978
45008
45009
45010
45011
45012
45013
45014
45044
45045
45046
45047
45048
45049
45050
45080
45081
45082
45083
45084
45085
45086
45116
45117
45118
45119
45120
45121
45122
45152
45153
45154
45155
45156
45157
45158
45189
45190
45191
45192
45193
45194
45225
45226
45227
45228
45229
45230
45261
45262
45263
45264
45265
45266
45297
45298
45299
45300
45301
45302
45333
45334
45335
45336
45337
45338
45369
45370
45371
45372
45373
45374
45404
45405
45406
45407
45408
45409
45410
45440
45441
45442
45443
45444
45445
45446
45476
45477
45478
45479
45480
45481
45482
45512
45513
45514
45515
45516
45517
45518
45548
45549
45550
45551
45552
45553
45554
45584
45585
45586
45587
45588
45589
45590
45620
45621
45622
45623
45624
45625
45626
45656
45657
45658
45659
45660
45661
45662
45692
45693
45694
45695
45696
45697
45698
45728
45729
45730
45731
45732
45733
45734
45764
45765
45766
45767
45768
45769
45770
45800
45801
45802
45803
45804
45805
45806
45836
45837
45838
45839
45840
45841
45842
45872
45873
45874
45875
45876
45877
45878
45908
45909
45910
45911
45912
45913
45914
45944
45945
45946
45947
45948
45949
45950
45980
45981
45982
45983
45984
45985
45986
46016
46017
46018
46019
46020
46021
46022
46052
46053
46054
46055
46056
46057
46058
46088
46089
46090
46091
46092
46093
46094
46124
46125
46126
46127
46128
46129
46130
46160
46161
46162
46163
46164
46165
46166
46196
46197
46198
46199
46200
46201
46202
46232
46233
46234
46235
46236
46237
46238
46268
46269
46270
46271
46272
46273
46274
46304
46305
46306
46307
46308
46309
46310
46340
46341
46342
46343
46344
46345
46346
46376
46377
46378
46379
46380
46381
46382
46412
46413
46414
46415
46416
46417
46418
46448
46449
46450
46451
46452
46453
46454
46484
46485
46486
46487
46488
46489
46490
46520
46521
46522
46523
46524
46525
46526
46556
46557
46558
46559
46560
46561
46562
46592
46593
46594
46595
46596
46597
46598
46628
46629
46630
46631
46632
46633
46634
46664
46665
46666
46667
46668
46669
46670
46700
46701
46702
46703
46704
46705
46706
46737
46738
46739
46740
46741
46742
46773
46774
46775
46776
46777
46778
46809
46810
46811
46812
46813
46814
46845
46846
46847
46848
46849
46850
46881
46882
46883
46884
46885
46886
46916
46917
46918
46919
46920
46921
46922
46952
46953
46954
46955
46956
46957
46958
46988
46989
46990
46991
46992
46993
46994
47024
47025
47026
47027
47028
47029
47030
47060
47061
47062
47063
47064
47065
47066
47096
47097
47098
47099
47100
47101
47102
47132
47133
47134
47135
47136
47137
47138
47168
47169
47170
47171
47172
47173
47174
47204
47205
47206
47207
47208
47209
47210
47240
47241
47242
47243
47244
47245
47246
47276
47277
47278
47279
47280
47281
47282
47312
47313
47314
47315
47316
47317
47318
47348
47349
47350
47351
47352
47353
47354
47384
47385
47386
47387
47388
47389
47390
47420
47421
47422
47423
47424
47425
47426
47456
47457
47458
47459
47460
47461
47462
47492
47493
47494
47495
47496
47497
47498
47528
47529
47530
47531
47532
47533
47534
47564
47565
47566
47567
47568
47569
47570
47600
47601
47602
47603
47604
47605
47606
47636
47637
47638
47639
47640
47641
47642
47672
47673
47674
47675
47676
47677
47678
47708
47709
47710
47711
47712
47713
47714
47744
47745
47746
47747
47748
47749
47750
47780
47781
47782
47783
47784
47785
47786
47816
47817
47818
47819
47820
47821
47822
47852
47853
47854
47855
47856
47857
47858
47888
47889
47890
47891
47892
47893
47894
47924
47925
47926
47927
47928
47929
47930
47960
47961
47962
47963
47964
47965
47966
47996
47997
47998
47999
48000
48001
48002
48032
48033
48034
48035
48036
48037
48038
48068
48069
48070
48071
48072
48073
48074
48104
48105
48106
48107
48108
48109
48110
48140
48141
48142
48143
48144
48145
48146
48176
48177
48178
48179
48180
48181
48182
48212
48213
48214
48215
48216
48217
48218
48248
48249
48250
48251
48252
48253
48254
48285
48286
48287
48288
48289
48290
48321
48322
48323
48324
48325
48326
48357
48358
48359
48360
48361
48362
48393
48394
48395
48396
48397
48398
48428
48429
48430
48431
48432
48433
48434
48464
48465
48466
48467
48468
48469
48470
48500
48501
48502
48503
48504
48505
48506
48536
48537
48538
48539
48540
48541
48542
48572
48573
48574
48575
48576
48577
48578
48608
48609
48610
48611
48612
48613
48614
48644
48645
48646
48647
48648
48649
48650
48680
48681
48682
48683
48684
48685
48686
48716
48717
48718
48719
48720
48721
48722
48752
48753
48754
48755
48756
48757
48758
48788
48789
48790
48791
48792
48793
48794
48824
48825
48826
48827
48828
48829
48830
48860
48861
48862
48863
48864
48865
48866
48896
48897
48898
48899
48900
48901
48902
48932
48933
48934
48935
48936
48937
48938
48968
48969
48970
48971
48972
48973
48974
49004
49005
49006
49007
49008
49009
49010
49040
49041
49042
49043
49044
49045
49046
49076
49077
49078
49079
49080
49081
49082
49112
49113
49114
49115
49116
49117
49118
49148
49149
49150
49151
49152
49153
49154
49184
49185
49186
49187
49188
49189
49190
49220
49221
49222
49223
49224
49225
49226
49256
49257
49258
49259
49260
49261
49262
49292
49293
49294
49295
49296
49297
49298
49328
49329
49330
49331
49332
49333
49334
49364
49365
49366
49367
49368
49369
49370
49400
49401
49402
49403
49404
49405
49406
49436
49437
49438
49439
49440
49441
49442
49472
49473
49474
49475
49476
49477
49478
49508
49509
49510
49511
49512
49513
49514
49544
49545
49546
49547
49548
49549
49550
49580
49581
49582
49583
49584
49585
49586
49616
49617
49618
49619
49620
49621
49622
49652
49653
49654
49655
49656
49657
49658
49688
49689
49690
49691
49692
49693
49694
49724
49725
49726
49727
49728
49729
49730
49760
49761
49762
49763
49764
49765
49766
49796
49797
49798
49799
49800
49801
49802
49833
49834
49835
49836
49837
49838
49869
49870
49871
49872
49873
49874
49905
49906
49907
49908
49909
49910
49940
49941
49942
49943
49944
49945
49946
49976
49977
49978
49979
49980
49981
49982
50012
50013
50014
50015
50016
50017
50018
50048
50049
50050
50051
50052
50053
50054
50084
50085
50086
50087
50088
50089
50090
50120
50121
50122
50123
50124
50125
50126
50156
50157
50158
50159
50160
50161
50162
50192
50193
50194
50195
50196
50197
50198
50228
50229
50230
50231
50232
50233
50234
50264
50265
50266
50267
50268
50269
50270
50300
50301
50302
50303
50304
50305
50306
50336
50337
50338
50339
50340
50341
50342
50372
50373
50374
50375
50376
50377
50378
50408
50409
50410
50411
50412
50413
50414
50444
50445
50446
50447
50448
50449
50450
50480
50481
50482
50483
50484
50485
50486
50516
50517
50518
50519
50520
50521
50522
50552
50553
50554
50555
50556
50557
50558
50588
50589
50590
50591
50592
50593
50594
50624
50625
50626
50627
50628
50629
50630
50660
50661
50662
50663
50664
50665
50666
50696
50697
50698
50699
50700
50701
50702
50732
50733
50734
50735
50736
50737
50738
50768
50769
50770
50771
50772
50773
50774
50804
50805
50806
50807
50808
50809
50810
50840
50841
50842
50843
50844
50845
50846
50876
50877
50878
50879
50880
50881
50882
50912
50913
50914
50915
50916
50917
50918
50948
50949
50950
50951
50952
50953
50954
50984
50985
50986
50987
50988
50989
50990
51020
51021
51022
51023
51024
51025
51026
51056
51057
51058
51059
51060
51061
51062
51092
51093
51094
51095
51096
51097
51098
51128
51129
51130
51131
51132
51133
51134
51164
51165
51166
51167
51168
51169
51170
51200
51201
51202
51203
51204
51205
51206
51236
51237
51238
51239
51240
51241
51242
51272
51273
51274
51275
51276
51277
51278
51308
51309
51310
51311
51312
51313
51314
51344
51345
51346
51347
51348
51349
51350
51381
51382
51383
51384
51385
51386
51417
51418
51419
51420
51421
51422
51452
51453
51454
51455
51456
51457
51458
51488
51489
51490
51491
51492
51493
51494
51524
51525
51526
51527
51528
51529
51530
51560
51561
51562
51563
51564
51565
51566
51596
51597
51598
51599
51600
51601
51602
51632
51633
51634
51635
51636
51637
51638
51668
51669
51670
51671
51672
51673
51674
51704
51705
51706
51707
51708
51709
51710
51740
51741
51742
51743
51744
51745
51746
51776
51777
51778
51779
51780
51781
51782
51812
51813
51814
51815
51816
51817
51818
51848
51849
51850
51851
51852
51853
51854
51884
51885
51886
51887
51888
51889
51890
51920
51921
51922
51923
51924
51925
51926
51956
51957
51958
51959
51960
51961
51962
51992
51993
51994
51995
51996
51997
51998
52028
52029
52030
52031
52032
52033
52034
52064
52065
52066
52067
52068
52069
52070
52100
52101
52102
52103
52104
52105
52106
52136
52137
52138
52139
52140
52141
52142
52172
52173
52174
52175
52176
52177
52178
52208
52209
52210
52211
52212
52213
52214
52244
52245
52246
52247
52248
52249
52250
52280
52281
52282
52283
52284
52285
52286
52316
52317
52318
52319
52320
52321
52322
52352
52353
52354
52355
52356
52357
52358
52388
52389
52390
52391
52392
52393
52394
52424
52425
52426
52427
52428
52429
52430
52460
52461
52462
52463
52464
52465
52466
52496
52497
52498
52499
52500
52501
52502
52532
52533
52534
52535
52536
52537
52538
52568
52569
52570
52571
52572
52573
52574
52604
52605
52606
52607
52608
52609
52610
52640
52641
52642
52643
52644
52645
52646
52676
52677
52678
52679
52680
52681
52682
52712
52713
52714
52715
52716
52717
52718
52748
52749
52750
52751
52752
52753
52754
52784
52785
52786
52787
52788
52789
52790
52820
52821
52822
52823
52824
52825
52826
52856
52857
52858
52859
52860
52861
52862
52892
52893
52894
52895
52896
52897
52898
52929
52930
52931
52932
52933
52934
52964
52965
52966
52967
52968
52969
52970
53000
53001
53002
53003
53004
53005
53006
53036
53037
53038
53039
53040
53041
53042
53072
53073
53074
53075
53076
53077
53078
53108
53109
53110
53111
53112
53113
53114
53144
53145
53146
53147
53148
53149
53150
53180
53181
53182
53183
53184
53185
53186
53216
53217
53218
53219
53220
53221
53222
53252
53253
53254
53255
53256
53257
53258
53288
53289
53290
53291
53292
53293
53294
53324
53325
53326
53327
53328
53329
53330
53360
53361
53362
53363
53364
53365
53366
53396
53397
53398
53399
53400
53401
53402
53432
53433
53434
53435
53436
53437
53438
53468
53469
53470
53471
53472
53473
53474
53504
53505
53506
53507
53508
53509
53510
53540
53541
53542
53543
53544
53545
53546
53576
53577
53578
53579
53580
53581
53582
53612
53613
53614
53615
53616
53617
53618
53648
53649
53650
53651
53652
53653
53654
53684
53685
53686
53687
53688
53689
53690
53720
53721
53722
53723
53724
53725
53726
53756
53757
53758
53759
53760
53761
53762
53792
53793
53794
53795
53796
53797
53798
53828
53829
53830
53831
53832
53833
53834
53864
53865
53866
53867
53868
53869
53870
53900
53901
53902
53903
53904
53905
53906
53936
53937
53938
53939
53940
53941
53942
53972
53973
53974
53975
53976
53977
53978
54008
54009
54010
54011
54012
54013
54014
54044
54045
54046
54047
54048
54049
54050
54080
54081
54082
54083
54084
54085
54086
54116
54117
54118
54119
54120
54121
54122
54152
54153
54154
54155
54156
54157
54158
54188
54189
54190
54191
54192
54193
54194
54224
54225
54226
54227
54228
54229
54230
54260
54261
54262
54263
54264
54265
54266
54296
54297
54298
54299
54300
54301
54302
54332
54333
54334
54335
54336
54337
54338
54368
54369
54370
54371
54372
54373
54374
54404
54405
54406
54407
54408
54409
54410
54441
54442
54443
54444
54445
54446
54469
54470
54471
54472
54473
54474
54475
54505
54506
54507
54508
54509
54510
54523
54524
54525
54526
54527
54530
54531
54532
54533
54534
54535
54537
54538
54539
54540
54541
54542
54544
54545
54546
54547
54548
54549
54551
54552
54553
54554
54555
54556
54558
54559
54560
54561
54562
54563
54565
54566
54567
54568
54569
54570
54572
54573
54574
54575
54576
54579
54580
54581
54582
54583
54586
54587
54588
54589
54590
54591
54593
54594
54595
54596
54597
54598
54600
54601
54602
54603
54604
54605
54607
54608
54609
54610
54611
54612
54614
54615
54616
54617
54618
54619
)


// ************************************************************************* //
