/*--------------------------------*- C++ -*----------------------------------*\
| =========                 |                                                 |
| \\      /  F ield         | OpenFOAM: The Open Source CFD Toolbox           |
|  \\    /   O peration     | Version:  2.3.1                                 |
|   \\  /    A nd           | Web:      www.OpenFOAM.org                      |
|    \\/     M anipulation  |                                                 |
\*---------------------------------------------------------------------------*/
FoamFile
{
    version     2.0;
    format      ascii;
    class       labelList;
    location    "constant/polyMesh";
    object      cellProcAddressing;
}
// * * * * * * * * * * * * * * * * * * * * * * * * * * * * * * * * * * * * * //


6852
(
15
16
17
18
19
50
51
52
53
54
85
86
87
88
89
120
121
122
123
124
155
156
157
158
159
190
191
192
193
194
195
225
226
227
228
229
230
260
261
262
263
264
265
295
296
297
298
299
300
330
331
332
333
334
335
365
366
367
368
369
370
400
401
402
403
404
405
435
436
437
438
439
440
470
471
472
473
474
475
505
506
507
508
509
510
540
541
542
543
544
545
575
576
577
578
579
580
610
611
612
613
614
615
645
646
647
648
649
650
680
681
682
683
684
685
715
716
717
718
719
720
750
751
752
753
754
755
785
786
787
788
789
790
820
821
822
823
824
825
855
856
857
858
859
860
890
891
892
893
894
895
926
927
928
929
930
961
962
963
964
965
996
997
998
999
1000
1031
1032
1033
1034
1035
1066
1067
1068
1069
1070
1101
1102
1103
1104
1105
1136
1137
1138
1139
1140
1171
1172
1173
1174
1175
1206
1207
1208
1209
1210
1241
1242
1243
1244
1245
1276
1277
1278
1279
1280
1311
1312
1313
1314
1315
1346
1347
1348
1349
1350
1381
1382
1383
1384
1385
1416
1417
1418
1419
1420
1450
1451
1452
1453
1454
1485
1486
1487
1488
1489
1520
1521
1522
1523
1524
1555
1556
1557
1558
1559
1590
1591
1592
1593
1594
1625
1626
1627
1628
1629
1660
1661
1662
1663
1664
1665
1695
1696
1697
1698
1699
1700
1730
1731
1732
1733
1734
1735
1765
1766
1767
1768
1769
1770
1800
1801
1802
1803
1804
1805
1835
1836
1837
1838
1839
1840
1870
1871
1872
1873
1874
1875
1905
1906
1907
1908
1909
1910
1940
1941
1942
1943
1944
1945
1975
1976
1977
1978
1979
1980
2010
2011
2012
2013
2014
2015
2045
2046
2047
2048
2049
2050
2080
2081
2082
2083
2084
2085
2115
2116
2117
2118
2119
2120
2150
2151
2152
2153
2154
2155
2185
2186
2187
2188
2189
2190
2220
2221
2222
2223
2224
2225
2255
2256
2257
2258
2259
2260
2290
2291
2292
2293
2294
2295
2325
2326
2327
2328
2329
2330
2360
2361
2362
2363
2364
2365
2396
2397
2398
2399
2400
2431
2432
2433
2434
2435
2466
2467
2468
2469
2470
2501
2502
2503
2504
2505
2536
2537
2538
2539
2540
2571
2572
2573
2574
2575
2606
2607
2608
2609
2610
2641
2642
2643
2644
2645
2676
2677
2678
2679
2680
2711
2712
2713
2714
2715
2746
2747
2748
2749
2750
2781
2782
2783
2784
2785
2816
2817
2818
2819
2820
2851
2852
2853
2854
2855
2885
2886
2887
2888
2889
2920
2921
2922
2923
2924
2955
2956
2957
2958
2959
2990
2991
2992
2993
2994
3025
3026
3027
3028
3029
3060
3061
3062
3063
3064
3095
3096
3097
3098
3099
3130
3131
3132
3133
3134
3135
3165
3166
3167
3168
3169
3170
3200
3201
3202
3203
3204
3205
3235
3236
3237
3238
3239
3240
3270
3271
3272
3273
3274
3275
3305
3306
3307
3308
3309
3310
3340
3341
3342
3343
3344
3345
3375
3376
3377
3378
3379
3380
3410
3411
3412
3413
3414
3415
3445
3446
3447
3448
3449
3450
3480
3481
3482
3483
3484
3485
3515
3516
3517
3518
3519
3520
3550
3551
3552
3553
3554
3555
3585
3586
3587
3588
3589
3590
3620
3621
3622
3623
3624
3625
3655
3656
3657
3658
3659
3660
3690
3691
3692
3693
3694
3695
3725
3726
3727
3728
3729
3730
3760
3761
3762
3763
3764
3765
3795
3796
3797
3798
3799
3800
3830
3831
3832
3833
3834
3835
3866
3867
3868
3869
3870
3901
3902
3903
3904
3905
3936
3937
3938
3939
3940
3971
3972
3973
3974
3975
4006
4007
4008
4009
4010
4041
4042
4043
4044
4045
4076
4077
4078
4079
4080
4111
4112
4113
4114
4115
4146
4147
4148
4149
4150
4181
4182
4183
4184
4185
4216
4217
4218
4219
4220
4251
4252
4253
4254
4255
4286
4287
4288
4289
4290
4320
4321
4322
4323
4324
4355
4356
4357
4358
4359
4390
4391
4392
4393
4394
4425
4426
4427
4428
4429
4460
4461
4462
4463
4464
4495
4496
4497
4498
4499
4530
4531
4532
4533
4534
4565
4566
4567
4568
4569
4600
4601
4602
4603
4604
4635
4636
4637
4638
4639
4640
4670
4671
4672
4673
4674
4675
4705
4706
4707
4708
4709
4710
4740
4741
4742
4743
4744
4745
4775
4776
4777
4778
4779
4780
4810
4811
4812
4813
4814
4815
4845
4846
4847
4848
4849
4850
4880
4881
4882
4883
4884
4885
4915
4916
4917
4918
4919
4920
4950
4951
4952
4953
4954
4955
4985
4986
4987
4988
4989
4990
5020
5021
5022
5023
5024
5025
5055
5056
5057
5058
5059
5060
5090
5091
5092
5093
5094
5095
5125
5126
5127
5128
5129
5130
5160
5161
5162
5163
5164
5165
5195
5196
5197
5198
5199
5200
5230
5231
5232
5233
5234
5235
5265
5266
5267
5268
5269
5270
5300
5301
5302
5303
5304
5305
5336
5337
5338
5339
5340
5371
5372
5373
5374
5375
5406
5407
5408
5409
5410
5441
5442
5443
5444
5445
5476
5477
5478
5479
5480
5511
5512
5513
5514
5515
5546
5547
5548
5549
5550
5581
5582
5583
5584
5585
5616
5617
5618
5619
5620
5651
5652
5653
5654
5655
5686
5687
5688
5689
5690
5721
5722
5723
5724
5725
5755
5756
5757
5758
5759
5790
5791
5792
5793
5794
5825
5826
5827
5828
5829
5860
5861
5862
5863
5864
5895
5896
5897
5898
5899
5930
5931
5932
5933
5934
5965
5966
5967
5968
5969
6000
6001
6002
6003
6004
6035
6036
6037
6038
6039
6070
6071
6072
6073
6074
6105
6106
6107
6108
6109
6110
6140
6141
6142
6143
6144
6145
6175
6176
6177
6178
6179
6180
6210
6211
6212
6213
6214
6215
6245
6246
6247
6248
6249
6250
6280
6281
6282
6283
6284
6285
6315
6316
6317
6318
6319
6320
6350
6351
6352
6353
6354
6355
6385
6386
6387
6388
6389
6390
6420
6421
6422
6423
6424
6425
6455
6456
6457
6458
6459
6460
6490
6491
6492
6493
6494
6495
6525
6526
6527
6528
6529
6530
6560
6561
6562
6563
6564
6565
6595
6596
6597
6598
6599
6600
6630
6631
6632
6633
6634
6635
6665
6666
6667
6668
6669
6670
6700
6701
6702
6703
6704
6705
6735
6736
6737
6738
6739
6740
6770
6771
6772
6773
6774
6775
6806
6807
6808
6809
6810
6841
6842
6843
6844
6845
6876
6877
6878
6879
6880
6911
6912
6913
6914
6915
6946
6947
6948
6949
6950
6981
6982
6983
6984
6985
7016
7017
7018
7019
7020
7051
7052
7053
7054
7055
7086
7087
7088
7089
7090
7121
7122
7123
7124
7125
7156
7157
7158
7159
7160
7190
7191
7192
7193
7194
7225
7226
7227
7228
7229
7260
7261
7262
7263
7264
7295
7296
7297
7298
7299
7330
7331
7332
7333
7334
7365
7366
7367
7368
7369
7400
7401
7402
7403
7404
7435
7436
7437
7438
7439
7470
7471
7472
7473
7474
7505
7506
7507
7508
7509
7540
7541
7542
7543
7544
7575
7576
7577
7578
7579
7580
7610
7611
7612
7613
7614
7615
7645
7646
7647
7648
7649
7650
7680
7681
7682
7683
7684
7685
7715
7716
7717
7718
7719
7720
7750
7751
7752
7753
7754
7755
7785
7786
7787
7788
7789
7790
7820
7821
7822
7823
7824
7825
7855
7856
7857
7858
7859
7860
7890
7891
7892
7893
7894
7895
7925
7926
7927
7928
7929
7930
7960
7961
7962
7963
7964
7965
7995
7996
7997
7998
7999
8000
8030
8031
8032
8033
8034
8035
8065
8066
8067
8068
8069
8070
8100
8101
8102
8103
8104
8105
8135
8136
8137
8138
8139
8140
8170
8171
8172
8173
8174
8175
8205
8206
8207
8208
8209
8210
8240
8241
8242
8243
8244
8245
8276
8277
8278
8279
8280
8311
8312
8313
8314
8315
8346
8347
8348
8349
8350
8381
8382
8383
8384
8385
8416
8417
8418
8419
8420
8451
8452
8453
8454
8455
8486
8487
8488
8489
8490
8521
8522
8523
8524
8525
8556
8557
8558
8559
8560
8591
8592
8593
8594
8595
8618
8619
8620
8621
8622
8638
8639
8640
8641
8642
8658
8659
8660
8661
8662
8678
8679
8680
8681
8682
8698
8699
8700
8701
8702
8718
8719
8720
8721
8722
8738
8739
8740
8741
8742
8758
8759
8760
8761
8762
8774
8775
8781
8787
8793
8799
8805
8814
8815
8816
8817
8818
8834
8835
8836
8837
8838
8854
8855
8856
8857
8858
8874
8875
8876
8877
8878
8894
8895
8896
8897
8898
8914
8915
8916
8917
8918
8934
8935
8936
8937
8938
8954
8955
8956
8957
8958
8970
8971
8976
8977
8983
8989
8995
9001
9017
9018
9019
9020
9021
9052
9053
9054
9055
9056
9087
9088
9089
9090
9091
9242
9243
9244
9245
9246
9277
9278
9279
9280
9281
9312
9313
9314
9315
9316
9347
9348
9349
9350
9351
9352
9382
9383
9384
9385
9386
9387
9417
9418
9419
9420
9421
9422
9452
9453
9454
9455
9456
9457
9487
9488
9489
9490
9491
9492
9522
9523
9524
9525
9526
9527
9557
9558
9559
9560
9561
9562
9592
9593
9594
9595
9596
9597
9627
9628
9629
9630
9631
9632
9658
9659
9660
9661
9687
9688
9689
9690
9716
9717
9718
9719
9745
9746
9747
9748
9774
9775
9776
9777
9803
9804
9805
9806
9832
9833
9834
9835
9861
9862
9863
9864
9894
9895
9896
9897
9898
9899
9929
9930
9931
9932
9933
9934
9964
9965
9966
9967
9968
9969
9999
10000
10001
10002
10003
10004
10035
10036
10037
10038
10039
10070
10071
10072
10073
10074
10105
10106
10107
10108
10109
10140
10141
10142
10143
10144
10175
10176
10177
10178
10179
10210
10211
10212
10213
10214
10244
10245
10246
10247
10248
10279
10280
10281
10282
10283
10314
10315
10316
10317
10318
10469
10470
10471
10472
10473
10504
10505
10506
10507
10508
10539
10540
10541
10542
10543
10574
10575
10576
10577
10578
10609
10610
10611
10612
10613
10614
10644
10645
10646
10647
10648
10649
10679
10680
10681
10682
10683
10684
10714
10715
10716
10717
10718
10719
10749
10750
10751
10752
10753
10754
10784
10785
10786
10787
10788
10789
10819
10820
10821
10822
10823
10824
10854
10855
10856
10857
10858
10859
10885
10886
10887
10888
10914
10915
10916
10917
10943
10944
10945
10946
10972
10973
10974
10975
11001
11002
11003
11004
11030
11031
11032
11033
11059
11060
11061
11062
11088
11089
11090
11091
11121
11122
11123
11124
11125
11126
11156
11157
11158
11159
11160
11161
11191
11192
11193
11194
11195
11196
11226
11227
11228
11229
11230
11231
11261
11262
11263
11264
11265
11266
11297
11298
11299
11300
11301
11332
11333
11334
11335
11336
11367
11368
11369
11370
11371
11402
11403
11404
11405
11406
11437
11438
11439
11440
11441
11471
11472
11473
11474
11475
11506
11507
11508
11509
11510
11541
11542
11543
11544
11545
11696
11697
11698
11699
11700
11731
11732
11733
11734
11735
11766
11767
11768
11769
11770
11801
11802
11803
11804
11805
11836
11837
11838
11839
11840
11871
11872
11873
11874
11875
11876
11906
11907
11908
11909
11910
11911
11941
11942
11943
11944
11945
11946
11976
11977
11978
11979
11980
11981
12011
12012
12013
12014
12015
12016
12046
12047
12048
12049
12050
12051
12081
12082
12083
12084
12085
12086
12112
12113
12114
12115
12141
12142
12143
12144
12170
12171
12172
12173
12199
12200
12201
12202
12228
12229
12230
12231
12257
12258
12259
12260
12286
12287
12288
12289
12315
12316
12317
12318
12348
12349
12350
12351
12352
12353
12383
12384
12385
12386
12387
12388
12418
12419
12420
12421
12422
12423
12453
12454
12455
12456
12457
12458
12488
12489
12490
12491
12492
12493
12523
12524
12525
12526
12527
12528
12559
12560
12561
12562
12563
12594
12595
12596
12597
12598
12629
12630
12631
12632
12633
12664
12665
12666
12667
12668
12698
12699
12700
12701
12702
12733
12734
12735
12736
12737
12768
12769
12770
12771
12772
12923
12924
12925
12926
12927
12958
12959
12960
12961
12962
12993
12994
12995
12996
12997
13028
13029
13030
13031
13032
13063
13064
13065
13066
13067
13098
13099
13100
13101
13102
13133
13134
13135
13136
13137
13138
13168
13169
13170
13171
13172
13173
13203
13204
13205
13206
13207
13208
13238
13239
13240
13241
13242
13243
13273
13274
13275
13276
13277
13278
13308
13309
13310
13311
13312
13313
13339
13340
13341
13342
13368
13369
13370
13371
13397
13398
13399
13400
13426
13427
13428
13429
13455
13456
13457
13458
13484
13485
13486
13487
13513
13514
13515
13516
13542
13543
13544
13545
13575
13576
13577
13578
13579
13580
13610
13611
13612
13613
13614
13615
13645
13646
13647
13648
13649
13650
13680
13681
13682
13683
13684
13685
13715
13716
13717
13718
13719
13720
13750
13751
13752
13753
13754
13755
13785
13786
13787
13788
13789
13790
13821
13822
13823
13824
13825
13856
13857
13858
13859
13860
13891
13892
13893
13894
13895
13925
13926
13927
13928
13929
13960
13961
13962
13963
13964
13995
13996
13997
13998
13999
14150
14151
14152
14153
14154
14185
14186
14187
14188
14189
14220
14221
14222
14223
14224
14255
14256
14257
14258
14259
14290
14291
14292
14293
14294
14325
14326
14327
14328
14329
14360
14361
14362
14363
14364
14395
14396
14397
14398
14399
14400
14430
14431
14432
14433
14434
14435
14465
14466
14467
14468
14469
14470
14500
14501
14502
14503
14504
14505
14535
14536
14537
14538
14539
14540
14566
14567
14568
14569
14595
14596
14597
14598
14624
14625
14626
14627
14653
14654
14655
14656
14682
14683
14684
14685
14711
14712
14713
14714
14740
14741
14742
14743
14769
14770
14771
14772
14802
14803
14804
14805
14806
14807
14837
14838
14839
14840
14841
14842
14872
14873
14874
14875
14876
14877
14907
14908
14909
14910
14911
14912
14942
14943
14944
14945
14946
14947
14977
14978
14979
14980
14981
14982
15012
15013
15014
15015
15016
15017
15047
15048
15049
15050
15051
15052
15083
15084
15085
15086
15087
15118
15119
15120
15121
15122
15152
15153
15154
15155
15156
15187
15188
15189
15190
15191
15222
15223
15224
15225
15226
15377
15378
15379
15380
15381
15412
15413
15414
15415
15416
15447
15448
15449
15450
15451
15482
15483
15484
15485
15486
15517
15518
15519
15520
15521
15552
15553
15554
15555
15556
15587
15588
15589
15590
15591
15622
15623
15624
15625
15626
15657
15658
15659
15660
15661
15662
15692
15693
15694
15695
15696
15697
15727
15728
15729
15730
15731
15732
15762
15763
15764
15765
15766
15767
15793
15794
15795
15796
15822
15823
15824
15825
15851
15852
15853
15854
15880
15881
15882
15883
15909
15910
15911
15912
15938
15939
15940
15941
15967
15968
15969
15970
15996
15997
15998
15999
16029
16030
16031
16032
16033
16034
16064
16065
16066
16067
16068
16069
16099
16100
16101
16102
16103
16104
16134
16135
16136
16137
16138
16139
16169
16170
16171
16172
16173
16174
16204
16205
16206
16207
16208
16209
16239
16240
16241
16242
16243
16244
16274
16275
16276
16277
16278
16279
16309
16310
16311
16312
16313
16314
16345
16346
16347
16348
16349
16379
16380
16381
16382
16383
16414
16415
16416
16417
16418
16449
16450
16451
16452
16453
16604
16605
16606
16607
16608
16639
16640
16641
16642
16643
16674
16675
16676
16677
16678
16709
16710
16711
16712
16713
16744
16745
16746
16747
16748
16779
16780
16781
16782
16783
16814
16815
16816
16817
16818
16849
16850
16851
16852
16853
16884
16885
16886
16887
16888
16919
16920
16921
16922
16923
16924
16954
16955
16956
16957
16958
16959
16989
16990
16991
16992
16993
16994
17020
17021
17022
17023
17049
17050
17051
17052
17078
17079
17080
17081
17107
17108
17109
17110
17136
17137
17138
17139
17165
17166
17167
17168
17194
17195
17196
17197
17223
17224
17225
17226
17256
17257
17258
17259
17260
17261
17291
17292
17293
17294
17295
17296
17326
17327
17328
17329
17330
17331
17361
17362
17363
17364
17365
17366
17396
17397
17398
17399
17400
17401
17431
17432
17433
17434
17435
17436
17466
17467
17468
17469
17470
17471
17501
17502
17503
17504
17505
17506
17536
17537
17538
17539
17540
17541
17571
17572
17573
17574
17575
17576
17606
17607
17608
17609
17610
17641
17642
17643
17644
17645
17676
17677
17678
17679
17680
17831
17832
17833
17834
17835
17866
17867
17868
17869
17870
17901
17902
17903
17904
17905
17936
17937
17938
17939
17940
17971
17972
17973
17974
17975
18006
18007
18008
18009
18010
18041
18042
18043
18044
18045
18076
18077
18078
18079
18080
18111
18112
18113
18114
18115
18146
18147
18148
18149
18150
18181
18182
18183
18184
18185
18186
18216
18217
18218
18219
18220
18221
18247
18248
18249
18250
18276
18277
18278
18279
18305
18306
18307
18308
18334
18335
18336
18337
18363
18364
18365
18366
18392
18393
18394
18395
18421
18422
18423
18424
18450
18451
18452
18453
18483
18484
18485
18486
18487
18488
18518
18519
18520
18521
18522
18523
18553
18554
18555
18556
18557
18558
18588
18589
18590
18591
18592
18593
18623
18624
18625
18626
18627
18628
18658
18659
18660
18661
18662
18663
18693
18694
18695
18696
18697
18698
18728
18729
18730
18731
18732
18733
18763
18764
18765
18766
18767
18768
18798
18799
18800
18801
18802
18803
18833
18834
18835
18836
18837
18868
18869
18870
18871
18872
18903
18904
18905
18906
18907
19058
19059
19060
19061
19062
19093
19094
19095
19096
19097
19128
19129
19130
19131
19132
19163
19164
19165
19166
19167
19198
19199
19200
19201
19202
19233
19234
19235
19236
19237
19268
19269
19270
19271
19272
19303
19304
19305
19306
19307
19338
19339
19340
19341
19342
19373
19374
19375
19376
19377
19408
19409
19410
19411
19412
19443
19444
19445
19446
19447
19448
19474
19475
19476
19477
19503
19504
19505
19506
19532
19533
19534
19535
19561
19562
19563
19564
19590
19591
19592
19593
19619
19620
19621
19622
19648
19649
19650
19651
19677
19678
19679
19680
19710
19711
19712
19713
19714
19715
19745
19746
19747
19748
19749
19750
19780
19781
19782
19783
19784
19785
19815
19816
19817
19818
19819
19820
19850
19851
19852
19853
19854
19855
19885
19886
19887
19888
19889
19890
19920
19921
19922
19923
19924
19925
19955
19956
19957
19958
19959
19960
19990
19991
19992
19993
19994
19995
20025
20026
20027
20028
20029
20030
20060
20061
20062
20063
20064
20095
20096
20097
20098
20099
20130
20131
20132
20133
20134
20285
20286
20287
20288
20289
20320
20321
20322
20323
20324
20355
20356
20357
20358
20359
20390
20391
20392
20393
20394
20425
20426
20427
20428
20429
20460
20461
20462
20463
20464
20495
20496
20497
20498
20499
20530
20531
20532
20533
20534
20565
20566
20567
20568
20569
20600
20601
20602
20603
20604
20635
20636
20637
20638
20639
20670
20671
20672
20673
20674
20701
20702
20703
20704
20730
20731
20732
20733
20759
20760
20761
20762
20788
20789
20790
20791
20817
20818
20819
20820
20846
20847
20848
20849
20875
20876
20877
20878
20904
20905
20906
20907
20937
20938
20939
20940
20941
20942
20972
20973
20974
20975
20976
20977
21007
21008
21009
21010
21011
21012
21042
21043
21044
21045
21046
21047
21077
21078
21079
21080
21081
21082
21112
21113
21114
21115
21116
21117
21147
21148
21149
21150
21151
21152
21182
21183
21184
21185
21186
21187
21217
21218
21219
21220
21221
21222
21252
21253
21254
21255
21256
21257
21287
21288
21289
21290
21291
21322
21323
21324
21325
21326
21357
21358
21359
21360
21361
21512
21513
21514
21515
21516
21547
21548
21549
21550
21551
21582
21583
21584
21585
21586
21617
21618
21619
21620
21621
21652
21653
21654
21655
21656
21687
21688
21689
21690
21691
21722
21723
21724
21725
21726
21757
21758
21759
21760
21761
21792
21793
21794
21795
21796
21827
21828
21829
21830
21831
21862
21863
21864
21865
21866
21897
21898
21899
21900
21901
21928
21929
21930
21957
21958
21959
21960
21986
21987
21988
21989
22015
22016
22017
22018
22044
22045
22046
22047
22073
22074
22075
22076
22102
22103
22104
22105
22131
22132
22133
22134
22164
22165
22166
22167
22168
22169
22199
22200
22201
22202
22203
22204
22234
22235
22236
22237
22238
22239
22269
22270
22271
22272
22273
22274
22304
22305
22306
22307
22308
22309
22339
22340
22341
22342
22343
22344
22374
22375
22376
22377
22378
22379
22409
22410
22411
22412
22413
22414
22444
22445
22446
22447
22448
22449
22479
22480
22481
22482
22483
22484
22514
22515
22516
22517
22518
22549
22550
22551
22552
22553
22584
22585
22586
22587
22588
22739
22740
22741
22742
22743
22774
22775
22776
22777
22778
22809
22810
22811
22812
22813
22844
22845
22846
22847
22848
22879
22880
22881
22882
22883
22914
22915
22916
22917
22918
22949
22950
22951
22952
22953
22984
22985
22986
22987
22988
23019
23020
23021
23022
23023
23054
23055
23056
23057
23058
23089
23090
23091
23092
23093
23124
23125
23126
23127
23128
23155
23156
23157
23184
23185
23186
23213
23214
23215
23216
23242
23243
23244
23245
23271
23272
23273
23274
23300
23301
23302
23303
23329
23330
23331
23332
23358
23359
23360
23361
23391
23392
23393
23394
23395
23396
23426
23427
23428
23429
23430
23431
23461
23462
23463
23464
23465
23466
23496
23497
23498
23499
23500
23501
23531
23532
23533
23534
23535
23536
23566
23567
23568
23569
23570
23571
23601
23602
23603
23604
23605
23606
23636
23637
23638
23639
23640
23641
23671
23672
23673
23674
23675
23676
23706
23707
23708
23709
23710
23711
23741
23742
23743
23744
23745
23776
23777
23778
23779
23780
23811
23812
23813
23814
23815
23966
23967
23968
23969
23970
24001
24002
24003
24004
24005
24036
24037
24038
24039
24040
24071
24072
24073
24074
24075
24106
24107
24108
24109
24110
24141
24142
24143
24144
24145
24176
24177
24178
24179
24180
24211
24212
24213
24214
24215
24246
24247
24248
24249
24250
24281
24282
24283
24284
24285
24316
24317
24318
24319
24320
24351
24352
24353
24354
24355
24382
24383
24384
24411
24412
24413
24440
24441
24442
24469
24470
24471
24472
24498
24499
24500
24501
24527
24528
24529
24530
24556
24557
24558
24559
24585
24586
24587
24588
24618
24619
24620
24621
24622
24623
24653
24654
24655
24656
24657
24658
24688
24689
24690
24691
24692
24693
24723
24724
24725
24726
24727
24728
24758
24759
24760
24761
24762
24763
24793
24794
24795
24796
24797
24798
24828
24829
24830
24831
24832
24833
24863
24864
24865
24866
24867
24868
24898
24899
24900
24901
24902
24903
24933
24934
24935
24936
24937
24938
24968
24969
24970
24971
24972
25003
25004
25005
25006
25007
25038
25039
25040
25041
25042
25193
25194
25195
25196
25197
25228
25229
25230
25231
25232
25263
25264
25265
25266
25267
25298
25299
25300
25301
25302
25333
25334
25335
25336
25337
25368
25369
25370
25371
25372
25403
25404
25405
25406
25407
25438
25439
25440
25441
25442
25473
25474
25475
25476
25477
25508
25509
25510
25511
25512
25543
25544
25545
25546
25547
25578
25579
25580
25581
25582
25609
25610
25611
25638
25639
25640
25667
25668
25669
25696
25697
25698
25725
25726
25727
25728
25754
25755
25756
25757
25783
25784
25785
25786
25812
25813
25814
25815
25845
25846
25847
25848
25849
25850
25880
25881
25882
25883
25884
25885
25915
25916
25917
25918
25919
25920
25950
25951
25952
25953
25954
25955
25985
25986
25987
25988
25989
25990
26020
26021
26022
26023
26024
26025
26055
26056
26057
26058
26059
26060
26090
26091
26092
26093
26094
26095
26125
26126
26127
26128
26129
26130
26160
26161
26162
26163
26164
26165
26195
26196
26197
26198
26199
26230
26231
26232
26233
26234
26265
26266
26267
26268
26269
26420
26421
26422
26423
26424
26455
26456
26457
26458
26459
26490
26491
26492
26493
26494
26525
26526
26527
26528
26529
26560
26561
26562
26563
26564
26595
26596
26597
26598
26599
26630
26631
26632
26633
26634
26665
26666
26667
26668
26669
26700
26701
26702
26703
26704
26735
26736
26737
26738
26739
26770
26771
26772
26773
26774
26805
26806
26807
26808
26809
26836
26837
26838
26865
26866
26867
26894
26895
26896
26923
26924
26925
26952
26953
26954
26981
26982
26983
26984
27010
27011
27012
27013
27039
27040
27041
27042
27072
27073
27074
27075
27076
27077
27107
27108
27109
27110
27111
27112
27142
27143
27144
27145
27146
27147
27177
27178
27179
27180
27181
27182
27212
27213
27214
27215
27216
27217
27247
27248
27249
27250
27251
27252
27282
27283
27284
27285
27286
27287
27317
27318
27319
27320
27321
27322
27352
27353
27354
27355
27356
27357
27387
27388
27389
27390
27391
27392
27422
27423
27424
27425
27426
27457
27458
27459
27460
27461
27492
27493
27494
27495
27496
27647
27648
27649
27650
27651
27682
27683
27684
27685
27686
27717
27718
27719
27720
27721
27752
27753
27754
27755
27756
27787
27788
27789
27790
27791
27822
27823
27824
27825
27826
27857
27858
27859
27860
27861
27892
27893
27894
27895
27896
27927
27928
27929
27930
27931
27962
27963
27964
27965
27966
27997
27998
27999
28000
28001
28032
28033
28034
28035
28036
28063
28064
28065
28092
28093
28094
28121
28122
28123
28150
28151
28152
28179
28180
28181
28208
28209
28210
28237
28238
28239
28240
28266
28267
28268
28269
28299
28300
28301
28302
28303
28304
28334
28335
28336
28337
28338
28339
28369
28370
28371
28372
28373
28374
28404
28405
28406
28407
28408
28409
28439
28440
28441
28442
28443
28444
28474
28475
28476
28477
28478
28479
28509
28510
28511
28512
28513
28514
28544
28545
28546
28547
28548
28549
28579
28580
28581
28582
28583
28584
28614
28615
28616
28617
28618
28619
28649
28650
28651
28652
28653
28684
28685
28686
28687
28688
28719
28720
28721
28722
28723
28874
28875
28876
28877
28878
28909
28910
28911
28912
28913
28944
28945
28946
28947
28948
28979
28980
28981
28982
28983
29014
29015
29016
29017
29018
29049
29050
29051
29052
29053
29084
29085
29086
29087
29088
29119
29120
29121
29122
29123
29154
29155
29156
29157
29158
29189
29190
29191
29192
29193
29224
29225
29226
29227
29228
29259
29260
29261
29262
29263
29290
29291
29292
29319
29320
29321
29348
29349
29350
29377
29378
29379
29406
29407
29408
29435
29436
29437
29464
29465
29466
29493
29494
29495
29496
29526
29527
29528
29529
29530
29531
29561
29562
29563
29564
29565
29566
29596
29597
29598
29599
29600
29601
29631
29632
29633
29634
29635
29636
29666
29667
29668
29669
29670
29671
29701
29702
29703
29704
29705
29706
29736
29737
29738
29739
29740
29741
29771
29772
29773
29774
29775
29776
29806
29807
29808
29809
29810
29811
29841
29842
29843
29844
29845
29846
29876
29877
29878
29879
29880
29911
29912
29913
29914
29915
29946
29947
29948
29949
29950
30101
30102
30103
30104
30105
30136
30137
30138
30139
30140
30171
30172
30173
30174
30175
30206
30207
30208
30209
30210
30241
30242
30243
30244
30245
30276
30277
30278
30279
30280
30311
30312
30313
30314
30315
30346
30347
30348
30349
30350
30381
30382
30383
30384
30385
30416
30417
30418
30419
30420
30451
30452
30453
30454
30455
30486
30487
30488
30489
30490
30517
30518
30519
30546
30547
30548
30575
30576
30577
30604
30605
30606
30633
30634
30635
30662
30663
30664
30691
30692
30693
30720
30721
30722
30753
30754
30755
30756
30757
30758
30788
30789
30790
30791
30792
30793
30823
30824
30825
30826
30827
30828
30858
30859
30860
30861
30862
30863
30893
30894
30895
30896
30897
30898
30928
30929
30930
30931
30932
30933
30963
30964
30965
30966
30967
30968
30998
30999
31000
31001
31002
31003
31033
31034
31035
31036
31037
31038
31068
31069
31070
31071
31072
31073
31103
31104
31105
31106
31107
31138
31139
31140
31141
31142
31173
31174
31175
31176
31177
31328
31329
31330
31331
31332
31363
31364
31365
31366
31367
31398
31399
31400
31401
31402
31433
31434
31435
31436
31437
31468
31469
31470
31471
31472
31503
31504
31505
31506
31507
31538
31539
31540
31541
31542
31573
31574
31575
31576
31577
31608
31609
31610
31611
31612
31643
31644
31645
31646
31647
31678
31679
31680
31681
31682
31713
31714
31715
31716
31717
31744
31745
31746
31773
31774
31775
31802
31803
31804
31831
31832
31833
31860
31861
31862
31889
31890
31891
31918
31919
31920
31947
31948
31949
31980
31981
31982
31983
31984
32015
32016
32017
32018
32019
32020
32050
32051
32052
32053
32054
32055
32085
32086
32087
32088
32089
32090
32120
32121
32122
32123
32124
32125
32155
32156
32157
32158
32159
32160
32190
32191
32192
32193
32194
32195
32225
32226
32227
32228
32229
32230
32260
32261
32262
32263
32264
32265
32295
32296
32297
32298
32299
32300
32330
32331
32332
32333
32334
32365
32366
32367
32368
32369
32400
32401
32402
32403
32404
32555
32556
32557
32558
32559
32590
32591
32592
32593
32594
32625
32626
32627
32628
32629
32660
32661
32662
32663
32664
32695
32696
32697
32698
32699
32730
32731
32732
32733
32734
32765
32766
32767
32768
32769
32800
32801
32802
32803
32804
32835
32836
32837
32838
32839
32870
32871
32872
32873
32874
32905
32906
32907
32908
32909
32940
32941
32942
32943
32944
32971
32972
32973
33000
33001
33002
33029
33030
33031
33058
33059
33060
33087
33088
33089
33116
33117
33118
33145
33146
33147
33174
33175
33176
33207
33208
33209
33210
33211
33242
33243
33244
33245
33246
33277
33278
33279
33280
33281
33282
33312
33313
33314
33315
33316
33317
33347
33348
33349
33350
33351
33352
33382
33383
33384
33385
33386
33387
33417
33418
33419
33420
33421
33422
33452
33453
33454
33455
33456
33457
33487
33488
33489
33490
33491
33492
33522
33523
33524
33525
33526
33527
33557
33558
33559
33560
33561
33592
33593
33594
33595
33596
33627
33628
33629
33630
33631
33662
33663
33664
33665
33666
33697
33698
33699
33700
33701
33732
33733
33734
33735
33736
33767
33768
33769
33770
33771
33802
33803
33804
33805
33806
33837
33838
33839
33840
33841
33872
33873
33874
33875
33876
33907
33908
33909
33910
33911
33942
33943
33944
33945
33946
33977
33978
33979
33980
33981
34012
34013
34014
34015
34016
34047
34048
34049
34050
34051
34082
34083
34084
34085
34086
34117
34118
34119
34120
34121
34152
34153
34154
34155
34156
34187
34188
34189
34190
34191
34222
34223
34224
34225
34226
34257
34258
34259
34260
34261
34292
34293
34294
34295
34296
34327
34328
34329
34330
34331
34362
34363
34364
34365
34366
34397
34398
34399
34400
34401
34432
34433
34434
34435
34436
34467
34468
34469
34470
34471
34502
34503
34504
34505
34506
34537
34538
34539
34540
34541
34572
34573
34574
34575
34576
34607
34608
34609
34610
34611
34642
34643
34644
34645
34646
34677
34678
34679
34680
34681
34712
34713
34714
34715
34716
34747
34748
34749
34750
34751
34752
34782
34783
34784
34785
34786
34787
34817
34818
34819
34820
34821
34822
34852
34853
34854
34855
34856
34857
34887
34888
34889
34890
34891
34892
34922
34923
34924
34925
34926
34927
34957
34958
34959
34960
34961
34962
34992
34993
34994
34995
34996
35027
35028
35029
35030
35031
35062
35063
35064
35065
35066
35097
35098
35099
35100
35101
35132
35133
35134
35135
35136
35167
35168
35169
35170
35171
35202
35203
35204
35205
35206
35237
35238
35239
35240
35241
35272
35273
35274
35275
35276
35307
35308
35309
35310
35311
35342
35343
35344
35345
35346
35377
35378
35379
35380
35381
35412
35413
35414
35415
35416
35447
35448
35449
35450
35451
35482
35483
35484
35485
35486
35517
35518
35519
35520
35521
35552
35553
35554
35555
35556
35587
35588
35589
35590
35591
35622
35623
35624
35625
35626
35657
35658
35659
35660
35661
35692
35693
35694
35695
35696
35727
35728
35729
35730
35731
35762
35763
35764
35765
35766
35797
35798
35799
35800
35801
35832
35833
35834
35835
35836
35867
35868
35869
35870
35871
35902
35903
35904
35905
35906
35937
35938
35939
35940
35941
35972
35973
35974
35975
35976
36007
36008
36009
36010
36011
36042
36043
36044
36045
36046
36077
36078
36079
36080
36081
36112
36113
36114
36115
36116
36147
36148
36149
36150
36151
36182
36183
36184
36185
36186
36217
36218
36219
36220
36221
36222
36252
36253
36254
36255
36256
36257
36287
36288
36289
36290
36291
36292
36322
36323
36324
36325
36326
36327
36357
36358
36359
36360
36361
36362
36392
36393
36394
36395
36396
36397
36427
36428
36429
36430
36431
36462
36463
36464
36465
36466
36497
36498
36499
36500
36501
36532
36533
36534
36535
36536
36567
36568
36569
36570
36571
36602
36603
36604
36605
36606
36637
36638
36639
36640
36641
36672
36673
36674
36675
36676
36707
36708
36709
36710
36711
36742
36743
36744
36745
36746
36777
36778
36779
36780
36781
36812
36813
36814
36815
36816
36847
36848
36849
36850
36851
36882
36883
36884
36885
36886
36917
36918
36919
36920
36921
36952
36953
36954
36955
36956
36987
36988
36989
36990
36991
37022
37023
37024
37025
37026
37057
37058
37059
37060
37061
37092
37093
37094
37095
37096
37127
37128
37129
37130
37131
37162
37163
37164
37165
37166
37197
37198
37199
37200
37201
37232
37233
37234
37235
37236
37267
37268
37269
37270
37271
37302
37303
37304
37305
37306
37337
37338
37339
37340
37341
37372
37373
37374
37375
37376
37407
37408
37409
37410
37411
37442
37443
37444
37445
37446
37477
37478
37479
37480
37481
37512
37513
37514
37515
37516
37547
37548
37549
37550
37551
37582
37583
37584
37585
37586
37617
37618
37619
37620
37621
37652
37653
37654
37655
37656
37687
37688
37689
37690
37691
37692
37722
37723
37724
37725
37726
37727
37757
37758
37759
37760
37761
37762
37792
37793
37794
37795
37796
37797
37827
37828
37829
37830
37831
37832
37862
37863
37864
37865
37866
37897
37898
37899
37900
37901
37932
37933
37934
37935
37936
37967
37968
37969
37970
37971
38002
38003
38004
38005
38006
38037
38038
38039
38040
38041
38072
38073
38074
38075
38076
38107
38108
38109
38110
38111
38142
38143
38144
38145
38146
38177
38178
38179
38180
38181
38212
38213
38214
38215
38216
38247
38248
38249
38250
38251
38282
38283
38284
38285
38286
38317
38318
38319
38320
38321
38352
38353
38354
38355
38356
38387
38388
38389
38390
38391
38422
38423
38424
38425
38426
38457
38458
38459
38460
38461
38492
38493
38494
38495
38496
38527
38528
38529
38530
38531
38562
38563
38564
38565
38566
38597
38598
38599
38600
38601
38632
38633
38634
38635
38636
38667
38668
38669
38670
38671
38702
38703
38704
38705
38706
38737
38738
38739
38740
38741
38772
38773
38774
38775
38776
38807
38808
38809
38810
38811
38842
38843
38844
38845
38846
38877
38878
38879
38880
38881
38912
38913
38914
38915
38916
38947
38948
38949
38950
38951
38982
38983
38984
38985
38986
39017
39018
39019
39020
39021
39052
39053
39054
39055
39056
39087
39088
39089
39090
39091
39122
39123
39124
39125
39126
39157
39158
39159
39160
39161
39162
39192
39193
39194
39195
39196
39197
39227
39228
39229
39230
39231
39232
39262
39263
39264
39265
39266
39267
39297
39298
39299
39300
39301
39332
39333
39334
39335
39336
39367
39368
39369
39370
39371
39402
39403
39404
39405
39406
39437
39438
39439
39440
39441
39472
39473
39474
39475
39476
39507
39508
39509
39510
39511
39542
39543
39544
39545
39546
39577
39578
39579
39580
39581
39612
39613
39614
39615
39616
39647
39648
39649
39650
39651
39682
39683
39684
39685
39686
39717
39718
39719
39720
39721
39752
39753
39754
39755
39756
39787
39788
39789
39790
39791
39822
39823
39824
39825
39826
39857
39858
39859
39860
39861
39892
39893
39894
39895
39896
39927
39928
39929
39930
39931
39962
39963
39964
39965
39966
39997
39998
39999
40000
40001
40032
40033
40034
40035
40036
40067
40068
40069
40070
40071
40102
40103
40104
40105
40106
40137
40138
40139
40140
40141
40172
40173
40174
40175
40176
40207
40208
40209
40210
40211
40242
40243
40244
40245
40246
40277
40278
40279
40280
40281
40312
40313
40314
40315
40316
40347
40348
40349
40350
40351
40382
40383
40384
40385
40386
40417
40418
40419
40420
40421
40452
40453
40454
40455
40456
40487
40488
40489
40490
40491
40522
40523
40524
40525
40526
40557
40558
40559
40560
40561
40592
40593
40594
40595
40596
40627
40628
40629
40630
40631
40632
40662
40663
40664
40665
40666
40667
40697
40698
40699
40700
40701
40702
40732
40733
40734
40735
40736
40767
40768
40769
40770
40771
40802
40803
40804
40805
40806
40837
40838
40839
40840
40841
40872
40873
40874
40875
40876
40907
40908
40909
40910
40911
40942
40943
40944
40945
40946
40977
40978
40979
40980
40981
41012
41013
41014
41015
41016
41047
41048
41049
41050
41051
41082
41083
41084
41085
41086
41117
41118
41119
41120
41121
41152
41153
41154
41155
41156
41187
41188
41189
41190
41191
41222
41223
41224
41225
41226
41257
41258
41259
41260
41261
41292
41293
41294
41295
41296
41327
41328
41329
41330
41331
41362
41363
41364
41365
41366
41397
41398
41399
41400
41401
41432
41433
41434
41435
41436
41467
41468
41469
41470
41471
41502
41503
41504
41505
41506
41537
41538
41539
41540
41541
41572
41573
41574
41575
41576
41607
41608
41609
41610
41611
41642
41643
41644
41645
41646
41677
41678
41679
41680
41681
41712
41713
41714
41715
41716
41747
41748
41749
41750
41751
41782
41783
41784
41785
41786
41817
41818
41819
41820
41821
41852
41853
41854
41855
41856
41887
41888
41889
41890
41891
41922
41923
41924
41925
41926
41957
41958
41959
41960
41961
41992
41993
41994
41995
41996
42027
42028
42029
42030
42031
42062
42063
42064
42065
42066
42097
42098
42099
42100
42101
42102
42132
42133
42134
42135
42136
42137
42167
42168
42169
42170
42171
42202
42203
42204
42205
42206
42237
42238
42239
42240
42241
42272
42273
42274
42275
42276
42307
42308
42309
42310
42311
42342
42343
42344
42345
42346
42377
42378
42379
42380
42381
42412
42413
42414
42415
42416
42447
42448
42449
42450
42451
42482
42483
42484
42485
42486
42517
42518
42519
42520
42521
42552
42553
42554
42555
42556
42587
42588
42589
42590
42591
42622
42623
42624
42625
42626
42657
42658
42659
42660
42661
42692
42693
42694
42695
42696
42727
42728
42729
42730
42731
42762
42763
42764
42765
42766
42797
42798
42799
42800
42801
42832
42833
42834
42835
42836
42867
42868
42869
42870
42871
42902
42903
42904
42905
42906
42937
42938
42939
42940
42941
42972
42973
42974
42975
42976
43007
43008
43009
43010
43011
43042
43043
43044
43045
43046
43077
43078
43079
43080
43081
43112
43113
43114
43115
43116
43147
43148
43149
43150
43151
43182
43183
43184
43185
43186
43217
43218
43219
43220
43221
43252
43253
43254
43255
43256
43287
43288
43289
43290
43291
43322
43323
43324
43325
43326
43357
43358
43359
43360
43361
43392
43393
43394
43395
43396
43427
43428
43429
43430
43431
43462
43463
43464
43465
43466
43497
43498
43499
43500
43501
43532
43533
43534
43535
43536
43567
43568
43569
43570
43571
43572
43602
43603
43604
43605
43606
43637
43638
43639
43640
43641
43672
43673
43674
43675
43676
43707
43708
43709
43710
43711
43742
43743
43744
43745
43746
43777
43778
43779
43780
43781
43812
43813
43814
43815
43816
43847
43848
43849
43850
43851
43882
43883
43884
43885
43886
43917
43918
43919
43920
43921
43952
43953
43954
43955
43956
43987
43988
43989
43990
43991
44022
44023
44024
44025
44026
44057
44058
44059
44060
44061
44092
44093
44094
44095
44096
44127
44128
44129
44130
44131
44162
44163
44164
44165
44166
44197
44198
44199
44200
44201
44232
44233
44234
44235
44236
44267
44268
44269
44270
44271
44302
44303
44304
44305
44306
44337
44338
44339
44340
44341
44372
44373
44374
44375
44376
44407
44408
44409
44410
44411
44442
44443
44444
44445
44446
44477
44478
44479
44480
44481
44512
44513
44514
44515
44516
44547
44548
44549
44550
44551
44582
44583
44584
44585
44586
44617
44618
44619
44620
44621
44652
44653
44654
44655
44656
44687
44688
44689
44690
44691
44722
44723
44724
44725
44726
44757
44758
44759
44760
44761
44792
44793
44794
44795
44796
44827
44828
44829
44830
44831
44862
44863
44864
44865
44866
44897
44898
44899
44900
44901
44932
44933
44934
44935
44936
44967
44968
44969
44970
44971
45002
45003
45004
45005
45006
45037
45038
45039
45040
45041
45072
45073
45074
45075
45076
45107
45108
45109
45110
45111
45142
45143
45144
45145
45146
45177
45178
45179
45180
45181
45212
45213
45214
45215
45216
45247
45248
45249
45250
45251
45282
45283
45284
45285
45286
45317
45318
45319
45320
45321
45352
45353
45354
45355
45356
45387
45388
45389
45390
45391
45422
45423
45424
45425
45426
45457
45458
45459
45460
45461
45492
45493
45494
45495
45496
45527
45528
45529
45530
45531
45562
45563
45564
45565
45566
45597
45598
45599
45600
45601
45632
45633
45634
45635
45636
45667
45668
45669
45670
45671
45702
45703
45704
45705
45706
45737
45738
45739
45740
45741
45772
45773
45774
45775
45776
45807
45808
45809
45810
45811
45842
45843
45844
45845
45846
45877
45878
45879
45880
45881
45912
45913
45914
45915
45916
45947
45948
45949
45950
45951
45982
45983
45984
45985
45986
46017
46018
46019
46020
46021
46052
46053
46054
46055
46056
46087
46088
46089
46090
46091
46122
46123
46124
46125
46126
46157
46158
46159
46160
46161
46192
46193
46194
46195
46196
46227
46228
46229
46230
46231
46262
46263
46264
46265
46266
46297
46298
46299
46300
46301
46332
46333
46334
46335
46336
46367
46368
46369
46370
46371
46402
46403
46404
46405
46406
46437
46438
46439
46440
46441
46472
46473
46474
46475
46476
46507
46508
46509
46510
46511
46542
46543
46544
46545
46546
46577
46578
46579
46580
46581
46612
46613
46614
46615
46616
46647
46648
46649
46650
46651
46682
46683
46684
46685
46686
46717
46718
46719
46720
46721
46752
46753
46754
46755
46756
46787
46788
46789
46790
46791
46822
46823
46824
46825
46826
46857
46858
46859
46860
46861
46892
46893
46894
46895
46896
46927
46928
46929
46930
46931
46962
46963
46964
46965
46966
46997
46998
46999
47000
47001
47032
47033
47034
47035
47036
47067
47068
47069
47070
47071
47102
47103
47104
47105
47106
47137
47138
47139
47140
47141
47172
47173
47174
47175
47176
47207
47208
47209
47210
47211
47242
47243
47244
47245
47246
47277
47278
47279
47280
47281
47312
47313
47314
47315
47316
47347
47348
47349
47350
47351
47382
47383
47384
47385
47386
47417
47418
47419
47420
47421
47452
47453
47454
47455
47456
47487
47488
47489
47490
47491
47522
47523
47524
47525
47526
47557
47558
47559
47560
47561
47592
47593
47594
47595
47596
47627
47628
47629
47630
47631
47662
47663
47664
47665
47666
47697
47698
47699
47700
47701
47732
47733
47734
47735
47736
47767
47768
47769
47770
47771
47802
47803
47804
47805
47806
47837
47838
47839
47840
47841
47872
47873
47874
47875
47876
47896
47897
47902
47903
47909
47915
47921
47927
47932
47933
47938
47939
47944
47945
47951
47957
47963
)


// ************************************************************************* //
