/*--------------------------------*- C++ -*----------------------------------*\
| =========                 |                                                 |
| \\      /  F ield         | OpenFOAM: The Open Source CFD Toolbox           |
|  \\    /   O peration     | Version:  2.3.1                                 |
|   \\  /    A nd           | Web:      www.OpenFOAM.org                      |
|    \\/     M anipulation  |                                                 |
\*---------------------------------------------------------------------------*/
FoamFile
{
    version     2.0;
    format      ascii;
    class       labelList;
    note        "nPoints: 9185 nCells: 6852 nFaces: 22740 nInternalFaces: 18372";
    location    "constant/polyMesh";
    object      neighbour;
}
// * * * * * * * * * * * * * * * * * * * * * * * * * * * * * * * * * * * * * //


18372
(
1
5
226
2
6
227
3
7
228
4
8
229
9
230
6
10
231
7
11
232
8
12
233
9
13
234
14
235
11
15
236
12
16
237
13
17
238
14
18
239
19
240
16
20
241
17
21
242
18
22
243
19
23
244
24
245
21
25
246
22
26
247
23
27
248
24
28
249
29
250
26
31
251
27
32
252
28
33
253
29
34
254
30
35
255
36
32
37
256
33
38
257
34
39
258
35
40
259
36
41
260
42
261
38
43
262
39
44
263
40
45
264
41
46
265
42
47
266
48
267
44
49
268
45
50
269
46
51
270
47
52
271
48
53
272
54
273
50
55
274
51
56
275
52
57
276
53
58
277
54
59
278
60
279
56
61
280
57
62
281
58
63
282
59
64
283
60
65
284
66
285
62
67
286
63
68
287
64
69
288
65
70
289
66
71
290
72
291
68
73
292
69
74
293
70
75
294
71
76
295
72
77
296
78
297
74
79
298
75
80
299
76
81
300
77
82
301
78
83
302
84
303
80
85
304
81
86
305
82
87
306
83
88
307
84
89
308
90
309
86
91
310
87
92
311
88
93
312
89
94
313
90
95
314
96
315
92
97
316
93
98
317
94
99
318
95
100
319
96
101
320
102
321
98
103
322
99
104
323
100
105
324
101
106
325
102
107
326
108
327
104
109
328
105
110
329
106
111
330
107
112
331
108
113
332
114
333
110
115
334
111
116
335
112
117
336
113
118
337
114
119
338
120
339
116
121
340
117
122
341
118
123
342
119
124
343
120
125
344
126
345
122
127
346
123
128
347
124
129
348
125
130
349
126
131
350
132
351
128
133
352
129
134
353
130
135
354
131
136
355
132
137
356
138
357
134
139
358
135
140
359
136
141
360
137
142
361
138
143
362
144
363
140
145
364
141
146
365
142
147
366
143
148
367
144
149
368
150
369
146
370
147
151
371
148
152
372
149
153
373
150
154
374
155
375
152
156
377
153
157
378
154
158
379
155
159
380
160
381
157
161
382
158
162
383
159
163
384
160
164
385
165
386
162
166
387
163
167
388
164
168
389
165
169
390
170
391
167
171
392
168
172
393
169
173
394
170
174
395
175
396
172
176
397
173
177
398
174
178
399
175
179
400
180
401
177
181
402
178
182
403
179
183
404
180
184
405
185
406
182
186
407
183
187
408
184
188
409
185
189
410
190
411
187
191
412
188
192
413
189
193
414
190
194
415
195
416
192
196
417
193
197
418
194
198
419
195
199
420
200
421
197
201
422
198
202
423
199
203
424
200
204
425
205
426
202
206
427
203
207
428
204
208
429
205
209
430
210
431
207
211
432
208
212
433
209
213
434
210
214
435
215
436
212
216
437
213
217
438
214
218
439
215
219
440
220
441
217
221
442
218
222
443
219
223
444
220
224
445
225
446
222
447
223
448
224
449
225
450
451
227
231
452
228
232
453
229
233
454
230
234
455
235
456
232
236
457
233
237
458
234
238
459
235
239
460
240
461
237
241
462
238
242
463
239
243
464
240
244
465
245
466
242
246
467
243
247
468
244
248
469
245
249
470
250
471
247
251
472
248
252
473
249
253
474
250
254
475
255
476
252
256
477
253
257
478
254
258
479
255
259
480
260
481
257
262
482
258
263
483
259
264
484
260
265
485
261
266
486
267
263
268
487
264
269
488
265
270
489
266
271
490
267
272
491
273
492
269
274
493
270
275
494
271
276
495
272
277
496
273
278
497
279
498
275
280
499
276
281
500
277
282
501
278
283
502
279
284
503
285
504
281
286
505
282
287
506
283
288
507
284
289
508
285
290
509
291
510
287
292
511
288
293
512
289
294
513
290
295
514
291
296
515
297
516
293
298
517
294
299
518
295
300
519
296
301
520
297
302
521
303
522
299
304
523
300
305
524
301
306
525
302
307
526
303
308
527
309
528
305
310
529
306
311
530
307
312
531
308
313
532
309
314
533
315
534
311
316
535
312
317
536
313
318
537
314
319
538
315
320
539
321
540
317
322
541
318
323
542
319
324
543
320
325
544
321
326
545
327
546
323
328
547
324
329
548
325
330
549
326
331
550
327
332
551
333
552
329
334
553
330
335
554
331
336
555
332
337
556
333
338
557
339
558
335
340
559
336
341
560
337
342
561
338
343
562
339
344
563
345
564
341
346
565
342
347
566
343
348
567
344
349
568
345
350
569
351
570
347
352
571
348
353
572
349
354
573
350
355
574
351
356
575
357
576
353
358
577
354
359
578
355
360
579
356
361
580
357
362
581
363
582
359
364
583
360
365
584
361
366
585
362
367
586
363
368
587
369
588
365
370
589
366
371
590
367
372
591
368
373
592
369
374
593
375
594
371
376
595
372
377
596
373
378
597
374
379
598
375
380
599
381
600
377
601
378
382
602
379
383
603
380
384
604
381
385
605
386
606
383
387
608
384
388
609
385
389
610
386
390
611
391
612
388
392
613
389
393
614
390
394
615
391
395
616
396
617
393
397
618
394
398
619
395
399
620
396
400
621
401
622
398
402
623
399
403
624
400
404
625
401
405
626
406
627
403
407
628
404
408
629
405
409
630
406
410
631
411
632
408
412
633
409
413
634
410
414
635
411
415
636
416
637
413
417
638
414
418
639
415
419
640
416
420
641
421
642
418
422
643
419
423
644
420
424
645
421
425
646
426
647
423
427
648
424
428
649
425
429
650
426
430
651
431
652
428
432
653
429
433
654
430
434
655
431
435
656
436
657
433
437
658
434
438
659
435
439
660
436
440
661
441
662
438
442
663
439
443
664
440
444
665
441
445
666
446
667
443
447
668
444
448
669
445
449
670
446
450
671
451
672
448
673
449
674
450
675
451
676
677
453
457
678
454
458
679
455
459
680
456
460
681
461
682
458
462
683
459
463
684
460
464
685
461
465
686
466
687
463
467
688
464
468
689
465
469
690
466
470
691
471
692
468
472
693
469
473
694
470
474
695
471
475
696
476
697
473
477
698
474
478
699
475
479
700
476
480
701
481
702
478
482
703
479
483
704
480
484
705
481
485
706
486
707
483
487
708
484
488
709
485
489
710
486
490
711
491
712
488
493
713
489
494
714
490
495
715
491
496
716
492
497
717
498
494
499
718
495
500
719
496
501
720
497
502
721
498
503
722
504
500
505
723
501
506
724
502
507
725
503
508
726
504
509
727
510
728
506
511
729
507
512
730
508
513
731
509
514
732
510
515
733
516
734
512
517
735
513
518
736
514
519
737
515
520
738
516
521
739
522
740
518
523
741
519
524
742
520
525
743
521
526
744
522
527
745
528
746
524
529
747
525
530
748
526
531
749
527
532
750
528
533
751
534
752
530
535
753
531
536
754
532
537
755
533
538
756
534
539
757
540
758
536
541
759
537
542
760
538
543
761
539
544
762
540
545
763
546
764
542
547
765
543
548
766
544
549
767
545
550
768
546
551
769
552
770
548
553
771
549
554
772
550
555
773
551
556
774
552
557
775
558
776
554
559
777
555
560
778
556
561
779
557
562
780
558
563
781
564
782
560
565
783
561
566
784
562
567
785
563
568
786
564
569
787
570
788
566
571
789
567
572
790
568
573
791
569
574
792
570
575
793
576
794
572
577
795
573
578
796
574
579
797
575
580
798
576
581
799
582
800
578
583
801
579
584
802
580
585
803
581
586
804
582
587
805
588
806
584
589
807
585
590
808
586
591
809
587
592
810
588
593
811
594
812
590
595
813
591
596
814
592
597
815
593
598
816
594
599
817
600
818
596
601
819
597
602
820
598
603
821
599
604
822
600
605
823
606
824
602
607
825
603
608
826
604
609
827
605
610
828
606
611
829
612
830
608
831
609
613
832
610
614
833
611
615
834
612
616
835
617
836
614
618
838
615
619
839
616
620
840
617
621
841
622
842
619
623
843
620
624
844
621
625
845
622
626
846
627
847
624
628
848
625
629
849
626
630
850
627
631
851
632
852
629
633
853
630
634
854
631
635
855
632
636
856
637
857
634
638
858
635
639
859
636
640
860
637
641
861
642
862
639
643
863
640
644
864
641
645
865
642
646
866
647
867
644
648
868
645
649
869
646
650
870
647
651
871
652
872
649
653
873
650
654
874
651
655
875
652
656
876
657
877
654
658
878
655
659
879
656
660
880
657
661
881
662
882
659
663
883
660
664
884
661
665
885
662
666
886
667
887
664
668
888
665
669
889
666
670
890
667
671
891
672
892
669
673
893
670
674
894
671
675
895
672
676
896
677
897
674
898
675
899
676
900
677
901
902
679
683
903
680
684
904
681
685
905
682
686
906
687
907
684
688
908
685
689
909
686
690
910
687
691
911
692
912
689
693
913
690
694
914
691
695
915
692
696
916
697
917
694
698
918
695
699
919
696
700
920
697
701
921
702
922
699
703
923
700
704
924
701
705
925
702
706
926
707
927
704
708
928
705
709
929
706
710
930
707
711
931
712
932
709
713
933
710
714
934
711
715
935
712
716
936
717
937
714
718
938
715
719
939
716
720
940
717
721
941
722
942
719
723
943
720
724
944
721
725
945
722
726
946
727
947
724
729
948
725
730
949
726
731
950
727
732
951
728
733
952
734
730
735
953
731
736
954
732
737
955
733
738
956
734
739
957
740
958
736
741
959
737
742
960
738
743
961
739
744
962
740
745
963
746
964
742
747
965
743
748
966
744
749
967
745
750
968
746
751
969
752
970
748
753
971
749
754
972
750
755
973
751
756
974
752
757
975
758
976
754
759
977
755
760
978
756
761
979
757
762
980
758
763
981
764
982
760
765
983
761
766
984
762
767
985
763
768
986
764
769
987
770
988
766
771
989
767
772
990
768
773
991
769
774
992
770
775
993
776
994
772
777
995
773
778
996
774
779
997
775
780
998
776
781
999
782
1000
778
783
1001
779
784
1002
780
785
1003
781
786
1004
782
787
1005
788
1006
784
789
1007
785
790
1008
786
791
1009
787
792
1010
788
793
1011
794
1012
790
795
1013
791
796
1014
792
797
1015
793
798
1016
794
799
1017
800
1018
796
801
1019
797
802
1020
798
803
1021
799
804
1022
800
805
1023
806
1024
802
807
1025
803
808
1026
804
809
1027
805
810
1028
806
811
1029
812
1030
808
813
1031
809
814
1032
810
815
1033
811
816
1034
812
817
1035
818
1036
814
819
1037
815
820
1038
816
821
1039
817
822
1040
818
823
1041
824
1042
820
825
1043
821
826
1044
822
827
1045
823
828
1046
824
829
1047
830
1048
826
831
1049
827
832
1050
828
833
1051
829
834
1052
830
835
1053
836
1054
832
837
1055
833
838
1056
834
839
1057
835
840
1058
836
841
1059
842
1060
838
1061
839
843
1062
840
844
1063
841
845
1064
842
846
1065
847
1066
844
848
1068
845
849
1069
846
850
1070
847
851
1071
852
1072
849
853
1073
850
854
1074
851
855
1075
852
856
1076
857
1077
854
858
1078
855
859
1079
856
860
1080
857
861
1081
862
1082
859
863
1083
860
864
1084
861
865
1085
862
866
1086
867
1087
864
868
1088
865
869
1089
866
870
1090
867
871
1091
872
1092
869
873
1093
870
874
1094
871
875
1095
872
876
1096
877
1097
874
878
1098
875
879
1099
876
880
1100
877
881
1101
882
1102
879
883
1103
880
884
1104
881
885
1105
882
886
1106
887
1107
884
888
1108
885
889
1109
886
890
1110
887
891
1111
892
1112
889
893
1113
890
894
1114
891
895
1115
892
896
1116
897
1117
894
898
1118
895
899
1119
896
900
1120
897
901
1121
902
1122
899
1123
900
1124
901
1125
902
1126
1127
904
908
1128
905
909
1129
906
910
1130
907
911
1131
912
1132
909
913
1133
910
914
1134
911
915
1135
912
916
1136
917
1137
914
918
1138
915
919
1139
916
920
1140
917
921
1141
922
1142
919
923
1143
920
924
1144
921
925
1145
922
926
1146
927
1147
924
928
1148
925
929
1149
926
930
1150
927
931
1151
932
1152
929
933
1153
930
934
1154
931
935
1155
932
936
1156
937
1157
934
938
1158
935
939
1159
936
940
1160
937
941
1161
942
1162
939
943
1163
940
944
1164
941
945
1165
942
946
1166
947
1167
944
948
1168
945
949
1169
946
950
1170
947
951
1171
952
1172
949
953
1173
950
954
1174
951
955
1175
952
956
1176
957
1177
954
959
1178
955
960
1179
956
961
1180
957
962
1181
958
963
1182
964
960
965
1183
961
966
1184
962
967
1185
963
968
1186
964
969
1187
970
1188
966
971
1189
967
972
1190
968
973
1191
969
974
1192
970
975
1193
976
1194
972
977
1195
973
978
1196
974
979
1197
975
980
1198
976
981
1199
982
1200
978
983
1201
979
984
1202
980
985
1203
981
986
1204
982
987
1205
988
1206
984
989
1207
985
990
1208
986
991
1209
987
992
1210
988
993
1211
994
1212
990
995
1213
991
996
1214
992
997
1215
993
998
1216
994
999
1217
1000
1218
996
1001
1219
997
1002
1220
998
1003
1221
999
1004
1222
1000
1005
1223
1006
1224
1002
1007
1225
1003
1008
1226
1004
1009
1227
1005
1010
1228
1006
1011
1229
1012
1230
1008
1013
1231
1009
1014
1232
1010
1015
1233
1011
1016
1234
1012
1017
1235
1018
1236
1014
1019
1237
1015
1020
1238
1016
1021
1239
1017
1022
1240
1018
1023
1241
1024
1242
1020
1025
1243
1021
1026
1244
1022
1027
1245
1023
1028
1246
1024
1029
1247
1030
1248
1026
1031
1249
1027
1032
1250
1028
1033
1251
1029
1034
1252
1030
1035
1253
1036
1254
1032
1037
1255
1033
1038
1256
1034
1039
1257
1035
1040
1258
1036
1041
1259
1042
1260
1038
1043
1261
1039
1044
1262
1040
1045
1263
1041
1046
1264
1042
1047
1265
1048
1266
1044
1049
1267
1045
1050
1268
1046
1051
1269
1047
1052
1270
1048
1053
1271
1054
1272
1050
1055
1273
1051
1056
1274
1052
1057
1275
1053
1058
1276
1054
1059
1277
1060
1278
1056
1061
1279
1057
1062
1280
1058
1063
1281
1059
1064
1282
1060
1065
1283
1066
1284
1062
1067
1285
1063
1068
1286
1064
1069
1287
1065
1070
1288
1066
1071
1289
1072
1290
1068
1291
1069
1073
1292
1070
1074
1293
1071
1075
1294
1072
1076
1295
1077
1296
1074
1078
1298
1075
1079
1299
1076
1080
1300
1077
1081
1301
1082
1302
1079
1083
1303
1080
1084
1304
1081
1085
1305
1082
1086
1306
1087
1307
1084
1088
1308
1085
1089
1309
1086
1090
1310
1087
1091
1311
1092
1312
1089
1093
1313
1090
1094
1314
1091
1095
1315
1092
1096
1316
1097
1317
1094
1098
1318
1095
1099
1319
1096
1100
1320
1097
1101
1321
1102
1322
1099
1103
1323
1100
1104
1324
1101
1105
1325
1102
1106
1326
1107
1327
1104
1108
1328
1105
1109
1329
1106
1110
1330
1107
1111
1331
1112
1332
1109
1113
1333
1110
1114
1334
1111
1115
1335
1112
1116
1336
1117
1337
1114
1118
1338
1115
1119
1339
1116
1120
1340
1117
1121
1341
1122
1342
1119
1123
1343
1120
1124
1344
1121
1125
1345
1122
1126
1346
1127
1347
1124
1348
1125
1349
1126
1350
1127
1351
1352
1129
1133
1130
1134
1131
1135
1132
1136
1137
1134
1138
1135
1139
1136
1140
1137
1141
1142
1139
1143
1140
1144
1141
1145
1142
1146
1147
1144
1148
1353
1145
1149
1354
1146
1150
1355
1147
1151
1356
1152
1357
1149
1153
1358
1150
1154
1359
1151
1155
1360
1152
1156
1361
1157
1362
1154
1158
1363
1155
1159
1364
1156
1160
1365
1157
1161
1366
1162
1367
1159
1163
1368
1160
1164
1369
1161
1165
1370
1162
1166
1371
1167
1372
1164
1168
1373
1165
1169
1374
1166
1170
1375
1167
1171
1376
1172
1377
1169
1173
1378
1170
1174
1379
1171
1175
1380
1172
1176
1381
1177
1382
1174
1178
1383
1175
1179
1384
1176
1180
1385
1177
1181
1386
1182
1387
1179
1183
1388
1180
1184
1389
1181
1185
1390
1182
1186
1391
1187
1392
1184
1189
1185
1190
1186
1191
1187
1192
1188
1193
1194
1190
1195
1191
1196
1192
1197
1193
1198
1194
1199
1200
1196
1201
1197
1202
1198
1203
1199
1204
1200
1205
1206
1202
1207
1203
1208
1204
1209
1205
1210
1206
1211
1212
1208
1213
1209
1214
1210
1215
1211
1216
1212
1217
1218
1214
1219
1215
1220
1216
1221
1217
1222
1218
1223
1224
1220
1225
1221
1226
1222
1227
1223
1228
1224
1229
1230
1226
1231
1227
1232
1228
1233
1229
1234
1230
1235
1236
1232
1237
1233
1238
1234
1239
1235
1240
1236
1241
1242
1238
1243
1239
1244
1240
1245
1241
1246
1242
1247
1248
1244
1249
1245
1250
1246
1251
1247
1252
1248
1253
1254
1250
1255
1251
1256
1252
1257
1253
1258
1254
1259
1260
1256
1261
1257
1262
1258
1263
1259
1264
1260
1265
1266
1262
1267
1263
1268
1264
1269
1265
1270
1266
1271
1272
1268
1273
1269
1274
1270
1275
1271
1276
1272
1277
1278
1274
1279
1275
1280
1276
1281
1277
1282
1278
1283
1284
1280
1285
1281
1286
1282
1287
1283
1288
1284
1289
1290
1286
1291
1287
1292
1288
1293
1289
1294
1290
1295
1296
1292
1297
1293
1298
1294
1299
1295
1300
1296
1301
1302
1298
1299
1303
1300
1304
1301
1305
1302
1306
1307
1304
1308
6836
1305
1309
1306
1310
1307
1311
1312
1309
1313
6838
1310
1314
1311
1315
1312
1316
1317
1314
1318
6839
1315
1319
1316
1320
1317
1321
1322
1319
1323
6840
1320
1324
1321
1325
1322
1326
1327
1324
1328
6841
1325
1329
1326
1330
1327
1331
1332
1329
1333
1399
1330
1334
1331
1335
1332
1336
1337
1334
1338
1335
1339
1336
1340
1337
1341
1342
1339
1343
1340
1344
1341
1345
1342
1346
1347
1344
1348
1345
1349
1346
1350
1347
1351
1352
1349
1350
1351
1352
1354
1358
1400
1355
1359
1401
1356
1360
1402
1357
1361
1403
1362
1404
1359
1363
1405
1360
1364
1406
1361
1365
1407
1362
1366
1408
1367
1409
1364
1368
1410
1365
1369
1411
1366
1370
1412
1367
1371
1413
1372
1414
1369
1373
1415
1370
1374
1416
1371
1375
1417
1372
1376
1418
1377
1419
1374
1378
1420
1375
1379
1421
1376
1380
1422
1377
1381
1423
1382
1424
1379
1383
1425
1380
1384
1426
1381
1385
1427
1382
1386
1428
1387
1429
1384
1388
1430
1385
1389
1431
1386
1390
1432
1387
1391
1433
1392
1434
1389
1435
1390
1436
1391
1437
1392
1438
1439
6835
6836
1395
6835
6836
6844
1396
6837
6838
6846
1397
6839
6848
1398
6840
6849
6841
6842
6850
6841
6842
1401
1405
1402
1406
1403
1407
1404
1408
1409
1406
1410
1407
1411
1408
1412
1409
1413
1414
1411
1415
1412
1416
1413
1417
1414
1418
1419
1416
1420
1417
1421
1418
1422
1419
1423
1424
1421
1425
1422
1426
1423
1427
1424
1428
1429
1426
1430
1427
1431
1428
1432
1429
1433
1434
1431
1435
1432
1436
1433
1437
1434
1438
1439
1436
1437
1438
1439
1442
6835
6843
6844
1443
1565
6843
6844
6837
6845
6846
1444
1571
6845
6846
1445
1577
6847
6848
1446
1583
6849
1588
6850
6851
6842
6850
6851
1449
1453
1618
1450
1454
1619
1451
1455
1620
1452
1456
1621
1457
1622
1454
1458
1623
1455
1459
1624
1456
1460
1625
1457
1461
1626
1462
1627
1459
1628
1460
1629
1461
1630
1462
1631
1632
1464
1468
1633
1465
1469
1634
1466
1470
1635
1467
1471
1636
1472
1637
1469
1473
1638
1470
1474
1639
1471
1475
1640
1472
1476
1641
1477
1642
1474
1478
1643
1475
1479
1644
1476
1480
1645
1477
1481
1646
1482
1647
1479
1484
1648
1480
1485
1649
1481
1486
1650
1482
1487
1651
1483
1488
1652
1489
1485
1490
1653
1486
1491
1654
1487
1492
1655
1488
1493
1656
1489
1494
1657
1495
1658
1491
1496
1659
1492
1497
1660
1493
1498
1661
1494
1499
1662
1495
1500
1663
1501
1664
1497
1502
1665
1498
1503
1666
1499
1504
1667
1500
1505
1668
1501
1506
1669
1507
1670
1503
1508
1671
1504
1509
1672
1505
1510
1673
1506
1511
1674
1507
1512
1675
1513
1676
1509
1514
1677
1510
1515
1678
1511
1516
1679
1512
1517
1680
1513
1518
1681
1519
1682
1515
1520
1683
1516
1521
1684
1517
1522
1685
1518
1523
1686
1519
1524
1687
1525
1688
1521
1526
1689
1522
1527
1690
1523
1528
1691
1524
1529
1692
1525
1530
1693
1531
1694
1527
1695
1528
1696
1529
1532
1697
1530
1533
1698
1531
1534
1699
1535
1700
1533
1536
1701
1534
1537
1702
1535
1538
1703
1539
1704
1537
1540
1705
1538
1541
1706
1539
1542
1707
1543
1708
1541
1544
1709
1542
1545
1710
1543
1546
1711
1547
1712
1545
1548
1713
1546
1549
1714
1547
1550
1715
1551
1716
1549
1552
1717
1550
1553
1718
1551
1554
1719
1555
1720
1553
1556
1721
1554
1557
1722
1555
1558
1723
1559
1724
1557
1560
1725
1558
1561
1726
1559
1562
1727
1563
1728
1561
1566
1729
1562
1567
1730
1563
1568
1731
1569
1732
1565
1570
1733
6843
1566
1571
1734
1567
1572
1735
1568
1573
1736
1569
1574
1737
1575
1738
1571
1576
1739
6845
1572
1577
1740
1573
1578
1741
1574
1579
1742
1575
1580
1743
1581
1744
1577
1582
1745
6847
1578
1583
1746
1579
1584
1747
1580
1585
1748
1581
1586
1749
1587
1750
1583
1751
1584
1588
1752
1585
1589
1753
1586
1590
1754
1587
1591
1755
1592
1756
1589
1593
1758
1590
1594
1759
1591
1595
1760
1592
1596
1761
1597
1762
1594
1598
1763
6851
1595
1599
1764
1596
1600
1765
1597
1601
1766
1602
1767
1599
1603
1768
1600
1604
1769
1601
1605
1770
1602
1606
1771
1607
1772
1604
1608
1773
1605
1609
1774
1606
1610
1775
1607
1611
1776
1612
1777
1609
1613
1778
1610
1614
1779
1611
1615
1780
1612
1616
1781
1617
1782
1614
1783
1615
1784
1616
1785
1617
1786
1787
1619
1623
1788
1620
1624
1789
1621
1625
1790
1622
1626
1791
1627
1792
1624
1628
1793
1625
1629
1794
1626
1630
1795
1627
1631
1796
1632
1797
1629
1798
1630
1799
1631
1800
1632
1801
1802
1634
1638
1803
1635
1639
1804
1636
1640
1805
1637
1641
1806
1642
1807
1639
1643
1808
1640
1644
1809
1641
1645
1810
1642
1646
1811
1647
1812
1644
1648
1813
1645
1649
1814
1646
1650
1815
1647
1651
1816
1652
1817
1649
1653
1818
1650
1654
1819
1651
1655
1820
1652
1656
1821
1657
1822
1654
1659
1823
1655
1660
1824
1656
1661
1825
1657
1662
1826
1658
1663
1827
1664
1660
1665
1828
1661
1666
1829
1662
1667
1830
1663
1668
1831
1664
1669
1832
1670
1833
1666
1671
1834
1667
1672
1835
1668
1673
1836
1669
1674
1837
1670
1675
1838
1676
1839
1672
1677
1840
1673
1678
1841
1674
1679
1842
1675
1680
1843
1676
1681
1844
1682
1845
1678
1683
1846
1679
1684
1847
1680
1685
1848
1681
1686
1849
1682
1687
1850
1688
1851
1684
1689
1852
1685
1690
1853
1686
1691
1854
1687
1692
1855
1688
1693
1856
1694
1857
1690
1695
1858
1691
1696
1859
1692
1697
1860
1693
1698
1861
1694
1699
1862
1700
1863
1696
1864
1697
1865
1698
1701
1866
1699
1702
1867
1700
1703
1868
1704
1869
1702
1705
1870
1703
1706
1871
1704
1707
1872
1708
1873
1706
1709
1874
1707
1710
1875
1708
1711
1876
1712
1877
1710
1713
1878
1711
1714
1879
1712
1715
1880
1716
1881
1714
1717
1882
1715
1718
1883
1716
1719
1884
1720
1885
1718
1721
1886
1719
1722
1887
1720
1723
1888
1724
1889
1722
1725
1890
1723
1726
1891
1724
1727
1892
1728
1893
1726
1729
1894
1727
1730
1895
1728
1731
1896
1732
1897
1730
1735
1898
1731
1736
1899
1732
1737
1900
1738
1901
1734
1739
1902
1735
1740
1903
1736
1741
1904
1737
1742
1905
1738
1743
1906
1744
1907
1740
1745
1908
1741
1746
1909
1742
1747
1910
1743
1748
1911
1744
1749
1912
1750
1913
1746
1751
1914
1747
1752
1915
1748
1753
1916
1749
1754
1917
1750
1755
1918
1756
1919
1752
1757
1920
1753
1758
1921
1754
1759
1922
1755
1760
1923
1756
1761
1924
1762
1925
1758
1926
1759
1763
1927
1760
1764
1928
1761
1765
1929
1762
1766
1930
1767
1931
1764
1768
1933
1765
1769
1934
1766
1770
1935
1767
1771
1936
1772
1937
1769
1773
1938
1770
1774
1939
1771
1775
1940
1772
1776
1941
1777
1942
1774
1778
1943
1775
1779
1944
1776
1780
1945
1777
1781
1946
1782
1947
1779
1783
1948
1780
1784
1949
1781
1785
1950
1782
1786
1951
1787
1952
1784
1953
1785
1954
1786
1955
1787
1956
1957
1789
1793
1958
1790
1794
1959
1791
1795
1960
1792
1796
1961
1797
1962
1794
1798
1963
1795
1799
1964
1796
1800
1965
1797
1801
1966
1802
1967
1799
1968
1800
1969
1801
1970
1802
1971
1972
1804
1808
1973
1805
1809
1974
1806
1810
1975
1807
1811
1976
1812
1977
1809
1813
1978
1810
1814
1979
1811
1815
1980
1812
1816
1981
1817
1982
1814
1818
1983
1815
1819
1984
1816
1820
1985
1817
1821
1986
1822
1987
1819
1823
1988
1820
1824
1989
1821
1825
1990
1822
1826
1991
1827
1992
1824
1828
1993
1825
1829
1994
1826
1830
1995
1827
1831
1996
1832
1997
1829
1834
1998
1830
1835
1999
1831
1836
2000
1832
1837
2001
1833
1838
2002
1839
1835
1840
2003
1836
1841
2004
1837
1842
2005
1838
1843
2006
1839
1844
2007
1845
2008
1841
1846
2009
1842
1847
2010
1843
1848
2011
1844
1849
2012
1845
1850
2013
1851
2014
1847
1852
2015
1848
1853
2016
1849
1854
2017
1850
1855
2018
1851
1856
2019
1857
2020
1853
1858
2021
1854
1859
2022
1855
1860
2023
1856
1861
2024
1857
1862
2025
1863
2026
1859
1864
2027
1860
1865
2028
1861
1866
2029
1862
1867
2030
1863
1868
2031
1869
2032
1865
2033
1866
2034
1867
1870
2035
1868
1871
2036
1869
1872
2037
1873
2038
1871
1874
2039
1872
1875
2040
1873
1876
2041
1877
2042
1875
1878
2043
1876
1879
2044
1877
1880
2045
1881
2046
1879
1882
2047
1880
1883
2048
1881
1884
2049
1885
2050
1883
1886
2051
1884
1887
2052
1885
1888
2053
1889
2054
1887
1890
2055
1888
1891
2056
1889
1892
2057
1893
2058
1891
1894
2059
1892
1895
2060
1893
1896
2061
1897
2062
1895
1898
2063
1896
1899
2064
1897
1900
2065
1901
2066
1899
1904
2067
1900
1905
2068
1901
1906
2069
1907
2070
1903
1908
2071
1904
1909
2072
1905
1910
2073
1906
1911
2074
1907
1912
2075
1913
2076
1909
1914
2077
1910
1915
2078
1911
1916
2079
1912
1917
2080
1913
1918
2081
1919
2082
1915
1920
2083
1916
1921
2084
1917
1922
2085
1918
1923
2086
1919
1924
2087
1925
2088
1921
1926
2089
1922
1927
2090
1923
1928
2091
1924
1929
2092
1925
1930
2093
1931
2094
1927
1932
2095
1928
1933
2096
1929
1934
2097
1930
1935
2098
1931
1936
2099
1937
2100
1933
2101
1934
1938
2102
1935
1939
2103
1936
1940
2104
1937
1941
2105
1942
2106
1939
1943
2108
1940
1944
2109
1941
1945
2110
1942
1946
2111
1947
2112
1944
1948
2113
1945
1949
2114
1946
1950
2115
1947
1951
2116
1952
2117
1949
1953
2118
1950
1954
2119
1951
1955
2120
1952
1956
2121
1957
2122
1954
2123
1955
2124
1956
2125
1957
2126
2127
1959
1963
2128
1960
1964
2129
1961
1965
2130
1962
1966
2131
1967
2132
1964
1968
2133
1965
1969
2134
1966
1970
2135
1967
1971
2136
1972
2137
1969
2138
1970
2139
1971
2140
1972
2141
2142
1974
1978
2143
1975
1979
2144
1976
1980
2145
1977
1981
2146
1982
2147
1979
1983
2148
1980
1984
2149
1981
1985
2150
1982
1986
2151
1987
2152
1984
1988
2153
1985
1989
2154
1986
1990
2155
1987
1991
2156
1992
2157
1989
1993
2158
1990
1994
2159
1991
1995
2160
1992
1996
2161
1997
2162
1994
1998
2163
1995
1999
2164
1996
2000
2165
1997
2001
2166
2002
2167
1999
2003
2168
2000
2004
2169
2001
2005
2170
2002
2006
2171
2007
2172
2004
2009
2173
2005
2010
2174
2006
2011
2175
2007
2012
2176
2008
2013
2177
2014
2010
2015
2178
2011
2016
2179
2012
2017
2180
2013
2018
2181
2014
2019
2182
2020
2183
2016
2021
2184
2017
2022
2185
2018
2023
2186
2019
2024
2187
2020
2025
2188
2026
2189
2022
2027
2190
2023
2028
2191
2024
2029
2192
2025
2030
2193
2026
2031
2194
2032
2195
2028
2033
2196
2029
2034
2197
2030
2035
2198
2031
2036
2199
2032
2037
2200
2038
2201
2034
2202
2035
2203
2036
2039
2204
2037
2040
2205
2038
2041
2206
2042
2207
2040
2043
2208
2041
2044
2209
2042
2045
2210
2046
2211
2044
2047
2212
2045
2048
2213
2046
2049
2214
2050
2215
2048
2051
2216
2049
2052
2217
2050
2053
2218
2054
2219
2052
2055
2220
2053
2056
2221
2054
2057
2222
2058
2223
2056
2059
2224
2057
2060
2225
2058
2061
2226
2062
2227
2060
2063
2228
2061
2064
2229
2062
2065
2230
2066
2231
2064
2067
2232
2065
2068
2233
2066
2069
2234
2070
2235
2068
2073
2236
2069
2074
2237
2070
2075
2238
2076
2239
2072
2077
2240
2073
2078
2241
2074
2079
2242
2075
2080
2243
2076
2081
2244
2082
2245
2078
2083
2246
2079
2084
2247
2080
2085
2248
2081
2086
2249
2082
2087
2250
2088
2251
2084
2089
2252
2085
2090
2253
2086
2091
2254
2087
2092
2255
2088
2093
2256
2094
2257
2090
2095
2258
2091
2096
2259
2092
2097
2260
2093
2098
2261
2094
2099
2262
2100
2263
2096
2101
2264
2097
2102
2265
2098
2103
2266
2099
2104
2267
2100
2105
2268
2106
2269
2102
2107
2270
2103
2108
2271
2104
2109
2272
2105
2110
2273
2106
2111
2274
2112
2275
2108
2276
2109
2113
2277
2110
2114
2278
2111
2115
2279
2112
2116
2280
2117
2281
2114
2118
2283
2115
2119
2284
2116
2120
2285
2117
2121
2286
2122
2287
2119
2123
2288
2120
2124
2289
2121
2125
2290
2122
2126
2291
2127
2292
2124
2293
2125
2294
2126
2295
2127
2296
2297
2129
2133
2298
2130
2134
2299
2131
2135
2300
2132
2136
2301
2137
2302
2134
2138
2303
2135
2139
2304
2136
2140
2305
2137
2141
2306
2142
2307
2139
2308
2140
2309
2141
2310
2142
2311
2312
2144
2148
2313
2145
2149
2314
2146
2150
2315
2147
2151
2316
2152
2317
2149
2153
2318
2150
2154
2319
2151
2155
2320
2152
2156
2321
2157
2322
2154
2158
2323
2155
2159
2324
2156
2160
2325
2157
2161
2326
2162
2327
2159
2163
2328
2160
2164
2329
2161
2165
2330
2162
2166
2331
2167
2332
2164
2168
2333
2165
2169
2334
2166
2170
2335
2167
2171
2336
2172
2337
2169
2173
2338
2170
2174
2339
2171
2175
2340
2172
2176
2341
2177
2342
2174
2178
2343
2175
2179
2344
2176
2180
2345
2177
2181
2346
2182
2347
2179
2184
2348
2180
2185
2349
2181
2186
2350
2182
2187
2351
2183
2188
2352
2189
2185
2190
2353
2186
2191
2354
2187
2192
2355
2188
2193
2356
2189
2194
2357
2195
2358
2191
2196
2359
2192
2197
2360
2193
2198
2361
2194
2199
2362
2195
2200
2363
2201
2364
2197
2202
2365
2198
2203
2366
2199
2204
2367
2200
2205
2368
2201
2206
2369
2207
2370
2203
2371
2204
2372
2205
2208
2373
2206
2209
2374
2207
2210
2375
2211
2376
2209
2212
2377
2210
2213
2378
2211
2214
2379
2215
2380
2213
2216
2381
2214
2217
2382
2215
2218
2383
2219
2384
2217
2220
2385
2218
2221
2386
2219
2222
2387
2223
2388
2221
2224
2389
2222
2225
2390
2223
2226
2391
2227
2392
2225
2228
2393
2226
2229
2394
2227
2230
2395
2231
2396
2229
2232
2397
2230
2233
2398
2231
2234
2399
2235
2400
2233
2236
2401
2234
2237
2402
2235
2238
2403
2239
2404
2237
2242
2405
2238
2243
2406
2239
2244
2407
2245
2408
2241
2246
2409
2242
2247
2410
2243
2248
2411
2244
2249
2412
2245
2250
2413
2251
2414
2247
2252
2415
2248
2253
2416
2249
2254
2417
2250
2255
2418
2251
2256
2419
2257
2420
2253
2258
2421
2254
2259
2422
2255
2260
2423
2256
2261
2424
2257
2262
2425
2263
2426
2259
2264
2427
2260
2265
2428
2261
2266
2429
2262
2267
2430
2263
2268
2431
2269
2432
2265
2270
2433
2266
2271
2434
2267
2272
2435
2268
2273
2436
2269
2274
2437
2275
2438
2271
2276
2439
2272
2277
2440
2273
2278
2441
2274
2279
2442
2275
2280
2443
2281
2444
2277
2282
2445
2278
2283
2446
2279
2284
2447
2280
2285
2448
2281
2286
2449
2287
2450
2283
2451
2284
2288
2452
2285
2289
2453
2286
2290
2454
2287
2291
2455
2292
2456
2289
2293
2458
2290
2294
2459
2291
2295
2460
2292
2296
2461
2297
2462
2294
2463
2295
2464
2296
2465
2297
2466
2467
2299
2303
2468
2300
2304
2469
2301
2305
2470
2302
2306
2471
2307
2472
2304
2308
2473
2305
2309
2474
2306
2310
2475
2307
2311
2476
2312
2477
2309
2478
2310
2479
2311
2480
2312
2481
2482
2314
2318
2483
2315
2319
2484
2316
2320
2485
2317
2321
2486
2322
2487
2319
2323
2488
2320
2324
2489
2321
2325
2490
2322
2326
2491
2327
2492
2324
2328
2493
2325
2329
2494
2326
2330
2495
2327
2331
2496
2332
2497
2329
2333
2498
2330
2334
2499
2331
2335
2500
2332
2336
2501
2337
2502
2334
2338
2503
2335
2339
2504
2336
2340
2505
2337
2341
2506
2342
2507
2339
2343
2508
2340
2344
2509
2341
2345
2510
2342
2346
2511
2347
2512
2344
2348
2513
2345
2349
2514
2346
2350
2515
2347
2351
2516
2352
2517
2349
2353
2518
2350
2354
2519
2351
2355
2520
2352
2356
2521
2357
2522
2354
2359
2523
2355
2360
2524
2356
2361
2525
2357
2362
2526
2358
2363
2527
2364
2360
2365
2528
2361
2366
2529
2362
2367
2530
2363
2368
2531
2364
2369
2532
2370
2533
2366
2371
2534
2367
2372
2535
2368
2373
2536
2369
2374
2537
2370
2375
2538
2376
2539
2372
2540
2373
2541
2374
2377
2542
2375
2378
2543
2376
2379
2544
2380
2545
2378
2381
2546
2379
2382
2547
2380
2383
2548
2384
2549
2382
2385
2550
2383
2386
2551
2384
2387
2552
2388
2553
2386
2389
2554
2387
2390
2555
2388
2391
2556
2392
2557
2390
2393
2558
2391
2394
2559
2392
2395
2560
2396
2561
2394
2397
2562
2395
2398
2563
2396
2399
2564
2400
2565
2398
2401
2566
2399
2402
2567
2400
2403
2568
2404
2569
2402
2405
2570
2403
2406
2571
2404
2407
2572
2408
2573
2406
2411
2574
2407
2412
2575
2408
2413
2576
2414
2577
2410
2415
2578
2411
2416
2579
2412
2417
2580
2413
2418
2581
2414
2419
2582
2420
2583
2416
2421
2584
2417
2422
2585
2418
2423
2586
2419
2424
2587
2420
2425
2588
2426
2589
2422
2427
2590
2423
2428
2591
2424
2429
2592
2425
2430
2593
2426
2431
2594
2432
2595
2428
2433
2596
2429
2434
2597
2430
2435
2598
2431
2436
2599
2432
2437
2600
2438
2601
2434
2439
2602
2435
2440
2603
2436
2441
2604
2437
2442
2605
2438
2443
2606
2444
2607
2440
2445
2608
2441
2446
2609
2442
2447
2610
2443
2448
2611
2444
2449
2612
2450
2613
2446
2451
2614
2447
2452
2615
2448
2453
2616
2449
2454
2617
2450
2455
2618
2456
2619
2452
2457
2620
2453
2458
2621
2454
2459
2622
2455
2460
2623
2456
2461
2624
2462
2625
2458
2626
2459
2463
2627
2460
2464
2628
2461
2465
2629
2462
2466
2630
2467
2631
2464
2633
2465
2634
2466
2635
2467
2636
2637
2469
2473
2638
2470
2474
2639
2471
2475
2640
2472
2476
2641
2477
2642
2474
2478
2643
2475
2479
2644
2476
2480
2645
2477
2481
2646
2482
2647
2479
2648
2480
2649
2481
2650
2482
2651
2652
2484
2488
2653
2485
2489
2654
2486
2490
2655
2487
2491
2656
2492
2657
2489
2493
2658
2490
2494
2659
2491
2495
2660
2492
2496
2661
2497
2662
2494
2498
2663
2495
2499
2664
2496
2500
2665
2497
2501
2666
2502
2667
2499
2503
2668
2500
2504
2669
2501
2505
2670
2502
2506
2671
2507
2672
2504
2508
2673
2505
2509
2674
2506
2510
2675
2507
2511
2676
2512
2677
2509
2513
2678
2510
2514
2679
2511
2515
2680
2512
2516
2681
2517
2682
2514
2518
2683
2515
2519
2684
2516
2520
2685
2517
2521
2686
2522
2687
2519
2523
2688
2520
2524
2689
2521
2525
2690
2522
2526
2691
2527
2692
2524
2528
2693
2525
2529
2694
2526
2530
2695
2527
2531
2696
2532
2697
2529
2534
2698
2530
2535
2699
2531
2536
2700
2532
2537
2701
2533
2538
2702
2539
2535
2540
2703
2536
2541
2704
2537
2542
2705
2538
2543
2706
2539
2544
2707
2545
2708
2541
2709
2542
2710
2543
2546
2711
2544
2547
2712
2545
2548
2713
2549
2714
2547
2550
2715
2548
2551
2716
2549
2552
2717
2553
2718
2551
2554
2719
2552
2555
2720
2553
2556
2721
2557
2722
2555
2558
2723
2556
2559
2724
2557
2560
2725
2561
2726
2559
2562
2727
2560
2563
2728
2561
2564
2729
2565
2730
2563
2566
2731
2564
2567
2732
2565
2568
2733
2569
2734
2567
2570
2735
2568
2571
2736
2569
2572
2737
2573
2738
2571
2574
2739
2572
2575
2740
2573
2576
2741
2577
2742
2575
2580
2743
2576
2581
2744
2577
2582
2745
2583
2746
2579
2584
2747
2580
2585
2748
2581
2586
2749
2582
2587
2750
2583
2588
2751
2589
2752
2585
2590
2753
2586
2591
2754
2587
2592
2755
2588
2593
2756
2589
2594
2757
2595
2758
2591
2596
2759
2592
2597
2760
2593
2598
2761
2594
2599
2762
2595
2600
2763
2601
2764
2597
2602
2765
2598
2603
2766
2599
2604
2767
2600
2605
2768
2601
2606
2769
2607
2770
2603
2608
2771
2604
2609
2772
2605
2610
2773
2606
2611
2774
2607
2612
2775
2613
2776
2609
2614
2777
2610
2615
2778
2611
2616
2779
2612
2617
2780
2613
2618
2781
2619
2782
2615
2620
2783
2616
2621
2784
2617
2622
2785
2618
2623
2786
2619
2624
2787
2625
2788
2621
2626
2789
2622
2627
2790
2623
2628
2791
2624
2629
2792
2625
2630
2793
2631
2794
2627
2632
2795
2628
2633
2796
2629
2634
2797
2630
2635
2798
2631
2636
2799
2637
2800
2633
2801
2634
2802
2635
2803
2636
2804
2637
2805
2806
2639
2643
2807
2640
2644
2808
2641
2645
2809
2642
2646
2810
2647
2811
2644
2648
2812
2645
2649
2813
2646
2650
2814
2647
2651
2815
2652
2816
2649
2817
2650
2818
2651
2819
2652
2820
2821
2654
2658
2822
2655
2659
2823
2656
2660
2824
2657
2661
2825
2662
2826
2659
2663
2827
2660
2664
2828
2661
2665
2829
2662
2666
2830
2667
2831
2664
2668
2832
2665
2669
2833
2666
2670
2834
2667
2671
2835
2672
2836
2669
2673
2837
2670
2674
2838
2671
2675
2839
2672
2676
2840
2677
2841
2674
2678
2842
2675
2679
2843
2676
2680
2844
2677
2681
2845
2682
2846
2679
2683
2847
2680
2684
2848
2681
2685
2849
2682
2686
2850
2687
2851
2684
2688
2852
2685
2689
2853
2686
2690
2854
2687
2691
2855
2692
2856
2689
2693
2857
2690
2694
2858
2691
2695
2859
2692
2696
2860
2697
2861
2694
2698
2862
2695
2699
2863
2696
2700
2864
2697
2701
2865
2702
2866
2699
2703
2867
2700
2704
2868
2701
2705
2869
2702
2706
2870
2707
2871
2704
2709
2872
2705
2710
2873
2706
2711
2874
2707
2712
2875
2708
2713
2876
2714
2710
2877
2711
2878
2712
2715
2879
2713
2716
2880
2714
2717
2881
2718
2882
2716
2719
2883
2717
2720
2884
2718
2721
2885
2722
2886
2720
2723
2887
2721
2724
2888
2722
2725
2889
2726
2890
2724
2727
2891
2725
2728
2892
2726
2729
2893
2730
2894
2728
2731
2895
2729
2732
2896
2730
2733
2897
2734
2898
2732
2735
2899
2733
2736
2900
2734
2737
2901
2738
2902
2736
2739
2903
2737
2740
2904
2738
2741
2905
2742
2906
2740
2743
2907
2741
2744
2908
2742
2745
2909
2746
2910
2744
2749
2911
2745
2750
2912
2746
2751
2913
2752
2914
2748
2753
2915
2749
2754
2916
2750
2755
2917
2751
2756
2918
2752
2757
2919
2758
2920
2754
2759
2921
2755
2760
2922
2756
2761
2923
2757
2762
2924
2758
2763
2925
2764
2926
2760
2765
2927
2761
2766
2928
2762
2767
2929
2763
2768
2930
2764
2769
2931
2770
2932
2766
2771
2933
2767
2772
2934
2768
2773
2935
2769
2774
2936
2770
2775
2937
2776
2938
2772
2777
2939
2773
2778
2940
2774
2779
2941
2775
2780
2942
2776
2781
2943
2782
2944
2778
2783
2945
2779
2784
2946
2780
2785
2947
2781
2786
2948
2782
2787
2949
2788
2950
2784
2789
2951
2785
2790
2952
2786
2791
2953
2787
2792
2954
2788
2793
2955
2794
2956
2790
2795
2957
2791
2796
2958
2792
2797
2959
2793
2798
2960
2794
2799
2961
2800
2962
2796
2801
2963
2797
2802
2964
2798
2803
2965
2799
2804
2966
2800
2805
2967
2806
2968
2802
2969
2803
2970
2804
2971
2805
2972
2806
2973
2974
2808
2812
2975
2809
2813
2976
2810
2814
2977
2811
2815
2978
2816
2979
2813
2817
2980
2814
2818
2981
2815
2819
2982
2816
2820
2983
2821
2984
2818
2985
2819
2986
2820
2987
2821
2988
2989
2823
2827
2990
2824
2828
2991
2825
2829
2992
2826
2830
2993
2831
2994
2828
2832
2995
2829
2833
2996
2830
2834
2997
2831
2835
2998
2836
2999
2833
2837
3000
2834
2838
3001
2835
2839
3002
2836
2840
3003
2841
3004
2838
2842
3005
2839
2843
3006
2840
2844
3007
2841
2845
3008
2846
3009
2843
2847
3010
2844
2848
3011
2845
2849
3012
2846
2850
3013
2851
3014
2848
2852
3015
2849
2853
3016
2850
2854
3017
2851
2855
3018
2856
3019
2853
2857
3020
2854
2858
3021
2855
2859
3022
2856
2860
3023
2861
3024
2858
2862
3025
2859
2863
3026
2860
2864
3027
2861
2865
3028
2866
3029
2863
2867
3030
2864
2868
3031
2865
2869
3032
2866
2870
3033
2871
3034
2868
2872
3035
2869
2873
3036
2870
2874
3037
2871
2875
3038
2876
3039
2873
2877
3040
2874
2878
3041
2875
2879
3042
2876
2880
3043
2881
3044
2878
3045
2879
3046
2880
2883
3047
2881
2884
3048
2882
2885
3049
2886
2884
2887
3050
2885
2888
3051
2886
2889
3052
2890
3053
2888
2891
3054
2889
2892
3055
2890
2893
3056
2894
3057
2892
2895
3058
2893
2896
3059
2894
2897
3060
2898
3061
2896
2899
3062
2897
2900
3063
2898
2901
3064
2902
3065
2900
2903
3066
2901
2904
3067
2902
2905
3068
2906
3069
2904
2907
3070
2905
2908
3071
2906
2909
3072
2910
3073
2908
2911
3074
2909
2912
3075
2910
2913
3076
2914
3077
2912
2917
3078
2913
2918
3079
2914
2919
3080
2920
3081
2916
2921
3082
2917
2922
3083
2918
2923
3084
2919
2924
3085
2920
2925
3086
2926
3087
2922
2927
3088
2923
2928
3089
2924
2929
3090
2925
2930
3091
2926
2931
3092
2932
3093
2928
2933
3094
2929
2934
3095
2930
2935
3096
2931
2936
3097
2932
2937
3098
2938
3099
2934
2939
3100
2935
2940
3101
2936
2941
3102
2937
2942
3103
2938
2943
3104
2944
3105
2940
2945
3106
2941
2946
3107
2942
2947
3108
2943
2948
3109
2944
2949
3110
2950
3111
2946
2951
3112
2947
2952
3113
2948
2953
3114
2949
2954
3115
2950
2955
3116
2956
3117
2952
2957
3118
2953
2958
3119
2954
2959
3120
2955
2960
3121
2956
2961
3122
2962
3123
2958
2963
3124
2959
2964
3125
2960
2965
3126
2961
2966
3127
2962
2967
3128
2968
3129
2964
2969
3130
2965
2970
3131
2966
2971
3132
2967
2972
3133
2968
2973
3134
2974
3135
2970
3136
2971
3137
2972
3138
2973
3139
2974
3140
3141
2976
2980
3142
2977
2981
3143
2978
2982
3144
2979
2983
3145
2984
3146
2981
2985
3147
2982
2986
3148
2983
2987
3149
2984
2988
3150
2989
3151
2986
3152
2987
3153
2988
3154
2989
3155
3156
2991
2995
3157
2992
2996
3158
2993
2997
3159
2994
2998
3160
2999
3161
2996
3000
3162
2997
3001
3163
2998
3002
3164
2999
3003
3165
3004
3166
3001
3005
3167
3002
3006
3168
3003
3007
3169
3004
3008
3170
3009
3171
3006
3010
3172
3007
3011
3173
3008
3012
3174
3009
3013
3175
3014
3176
3011
3015
3177
3012
3016
3178
3013
3017
3179
3014
3018
3180
3019
3181
3016
3020
3182
3017
3021
3183
3018
3022
3184
3019
3023
3185
3024
3186
3021
3025
3187
3022
3026
3188
3023
3027
3189
3024
3028
3190
3029
3191
3026
3030
3192
3027
3031
3193
3028
3032
3194
3029
3033
3195
3034
3196
3031
3035
3197
3032
3036
3198
3033
3037
3199
3034
3038
3200
3039
3201
3036
3040
3202
3037
3041
3203
3038
3042
3204
3039
3043
3205
3044
3206
3041
3045
3207
3042
3046
3208
3043
3047
3209
3044
3048
3210
3049
3211
3046
3212
3047
3213
3048
3050
3214
3049
3051
3215
3052
3216
3051
3054
3217
3052
3055
3218
3053
3056
3219
3057
3055
3058
3220
3056
3059
3221
3057
3060
3222
3061
3223
3059
3062
3224
3060
3063
3225
3061
3064
3226
3065
3227
3063
3066
3228
3064
3067
3229
3065
3068
3230
3069
3231
3067
3070
3232
3068
3071
3233
3069
3072
3234
3073
3235
3071
3074
3236
3072
3075
3237
3073
3076
3238
3077
3239
3075
3078
3240
3076
3079
3241
3077
3080
3242
3081
3243
3079
3084
3244
3080
3085
3245
3081
3086
3246
3087
3247
3083
3088
3248
3084
3089
3249
3085
3090
3250
3086
3091
3251
3087
3092
3252
3093
3253
3089
3094
3254
3090
3095
3255
3091
3096
3256
3092
3097
3257
3093
3098
3258
3099
3259
3095
3100
3260
3096
3101
3261
3097
3102
3262
3098
3103
3263
3099
3104
3264
3105
3265
3101
3106
3266
3102
3107
3267
3103
3108
3268
3104
3109
3269
3105
3110
3270
3111
3271
3107
3112
3272
3108
3113
3273
3109
3114
3274
3110
3115
3275
3111
3116
3276
3117
3277
3113
3118
3278
3114
3119
3279
3115
3120
3280
3116
3121
3281
3117
3122
3282
3123
3283
3119
3124
3284
3120
3125
3285
3121
3126
3286
3122
3127
3287
3123
3128
3288
3129
3289
3125
3130
3290
3126
3131
3291
3127
3132
3292
3128
3133
3293
3129
3134
3294
3135
3295
3131
3136
3296
3132
3137
3297
3133
3138
3298
3134
3139
3299
3135
3140
3300
3141
3301
3137
3302
3138
3303
3139
3304
3140
3305
3141
3306
3307
3143
3147
3308
3144
3148
3309
3145
3149
3310
3146
3150
3311
3151
3312
3148
3152
3313
3149
3153
3314
3150
3154
3315
3151
3155
3316
3156
3317
3153
3318
3154
3319
3155
3320
3156
3321
3322
3158
3162
3323
3159
3163
3324
3160
3164
3325
3161
3165
3326
3166
3327
3163
3167
3328
3164
3168
3329
3165
3169
3330
3166
3170
3331
3171
3332
3168
3172
3333
3169
3173
3334
3170
3174
3335
3171
3175
3336
3176
3337
3173
3177
3338
3174
3178
3339
3175
3179
3340
3176
3180
3341
3181
3342
3178
3182
3343
3179
3183
3344
3180
3184
3345
3181
3185
3346
3186
3347
3183
3187
3348
3184
3188
3349
3185
3189
3350
3186
3190
3351
3191
3352
3188
3192
3353
3189
3193
3354
3190
3194
3355
3191
3195
3356
3196
3357
3193
3197
3358
3194
3198
3359
3195
3199
3360
3196
3200
3361
3201
3362
3198
3202
3363
3199
3203
3364
3200
3204
3365
3201
3205
3366
3206
3367
3203
3207
3368
3204
3208
3369
3205
3209
3370
3206
3210
3371
3211
3372
3208
3212
3373
3209
3213
3374
3210
3214
3375
3211
3215
3376
3216
3377
3213
3378
3214
3379
3215
3217
3380
3216
3218
3381
3219
3382
3218
3220
3383
3219
3221
3384
3222
3385
3221
3224
3386
3222
3225
3387
3223
3226
3388
3227
3225
3228
3389
3226
3229
3390
3227
3230
3391
3231
3392
3229
3232
3393
3230
3233
3394
3231
3234
3395
3235
3396
3233
3236
3397
3234
3237
3398
3235
3238
3399
3239
3400
3237
3240
3401
3238
3241
3402
3239
3242
3403
3243
3404
3241
3244
3405
3242
3245
3406
3243
3246
3407
3247
3408
3245
3250
3409
3246
3251
3410
3247
3252
3411
3253
3412
3249
3254
3413
3250
3255
3414
3251
3256
3415
3252
3257
3416
3253
3258
3417
3259
3418
3255
3260
3419
3256
3261
3420
3257
3262
3421
3258
3263
3422
3259
3264
3423
3265
3424
3261
3266
3425
3262
3267
3426
3263
3268
3427
3264
3269
3428
3265
3270
3429
3271
3430
3267
3272
3431
3268
3273
3432
3269
3274
3433
3270
3275
3434
3271
3276
3435
3277
3436
3273
3278
3437
3274
3279
3438
3275
3280
3439
3276
3281
3440
3277
3282
3441
3283
3442
3279
3284
3443
3280
3285
3444
3281
3286
3445
3282
3287
3446
3283
3288
3447
3289
3448
3285
3290
3449
3286
3291
3450
3287
3292
3451
3288
3293
3452
3289
3294
3453
3295
3454
3291
3296
3455
3292
3297
3456
3293
3298
3457
3294
3299
3458
3295
3300
3459
3301
3460
3297
3302
3461
3298
3303
3462
3299
3304
3463
3300
3305
3464
3301
3306
3465
3307
3466
3303
3467
3304
3468
3305
3469
3306
3470
3307
3471
3472
3309
3313
3473
3310
3314
3474
3311
3315
3475
3312
3316
3476
3317
3477
3314
3318
3478
3315
3319
3479
3316
3320
3480
3317
3321
3481
3322
3482
3319
3483
3320
3484
3321
3485
3322
3486
3487
3324
3328
3488
3325
3329
3489
3326
3330
3490
3327
3331
3491
3332
3492
3329
3333
3493
3330
3334
3494
3331
3335
3495
3332
3336
3496
3337
3497
3334
3338
3498
3335
3339
3499
3336
3340
3500
3337
3341
3501
3342
3502
3339
3343
3503
3340
3344
3504
3341
3345
3505
3342
3346
3506
3347
3507
3344
3348
3508
3345
3349
3509
3346
3350
3510
3347
3351
3511
3352
3512
3349
3353
3513
3350
3354
3514
3351
3355
3515
3352
3356
3516
3357
3517
3354
3358
3518
3355
3359
3519
3356
3360
3520
3357
3361
3521
3362
3522
3359
3363
3523
3360
3364
3524
3361
3365
3525
3362
3366
3526
3367
3527
3364
3368
3528
3365
3369
3529
3366
3370
3530
3367
3371
3531
3372
3532
3369
3373
3533
3370
3374
3534
3371
3375
3535
3372
3376
3536
3377
3537
3374
3378
3538
3375
3379
3539
3376
3380
3540
3377
3381
3541
3382
3542
3379
3543
3380
3544
3381
3383
3545
3382
3384
3546
3385
3547
3384
3386
3548
3385
3387
3549
3388
3550
3387
3389
3551
3388
3390
3552
3391
3553
3390
3393
3554
3391
3394
3555
3392
3395
3556
3396
3394
3397
3557
3395
3398
3558
3396
3399
3559
3400
3560
3398
3401
3561
3399
3402
3562
3400
3403
3563
3404
3564
3402
3405
3565
3403
3406
3566
3404
3407
3567
3408
3568
3406
3409
3569
3407
3410
3570
3408
3411
3571
3412
3572
3410
3415
3573
3411
3416
3574
3412
3417
3575
3418
3576
3414
3419
3577
3415
3420
3578
3416
3421
3579
3417
3422
3580
3418
3423
3581
3424
3582
3420
3425
3583
3421
3426
3584
3422
3427
3585
3423
3428
3586
3424
3429
3587
3430
3588
3426
3431
3589
3427
3432
3590
3428
3433
3591
3429
3434
3592
3430
3435
3593
3436
3594
3432
3437
3595
3433
3438
3596
3434
3439
3597
3435
3440
3598
3436
3441
3599
3442
3600
3438
3443
3601
3439
3444
3602
3440
3445
3603
3441
3446
3604
3442
3447
3605
3448
3606
3444
3449
3607
3445
3450
3608
3446
3451
3609
3447
3452
3610
3448
3453
3611
3454
3612
3450
3455
3613
3451
3456
3614
3452
3457
3615
3453
3458
3616
3454
3459
3617
3460
3618
3456
3461
3619
3457
3462
3620
3458
3463
3621
3459
3464
3622
3460
3465
3623
3466
3624
3462
3467
3625
3463
3468
3626
3464
3469
3627
3465
3470
3628
3466
3471
3629
3472
3630
3468
3631
3469
3632
3470
3633
3471
3634
3472
3635
3636
3474
3478
3637
3475
3479
3638
3476
3480
3639
3477
3481
3640
3482
3641
3479
3483
3642
3480
3484
3643
3481
3485
3644
3482
3486
3645
3487
3646
3484
3647
3485
3648
3486
3649
3487
3650
3651
3489
3493
3652
3490
3494
3653
3491
3495
3654
3492
3496
3655
3497
3656
3494
3498
3657
3495
3499
3658
3496
3500
3659
3497
3501
3660
3502
3661
3499
3503
3662
3500
3504
3663
3501
3505
3664
3502
3506
3665
3507
3666
3504
3508
3667
3505
3509
3668
3506
3510
3669
3507
3511
3670
3512
3671
3509
3513
3672
3510
3514
3673
3511
3515
3674
3512
3516
3675
3517
3676
3514
3518
3677
3515
3519
3678
3516
3520
3679
3517
3521
3680
3522
3681
3519
3523
3682
3520
3524
3683
3521
3525
3684
3522
3526
3685
3527
3686
3524
3528
3687
3525
3529
3688
3526
3530
3689
3527
3531
3690
3532
3691
3529
3533
3692
3530
3534
3693
3531
3535
3694
3532
3536
3695
3537
3696
3534
3538
3697
3535
3539
3698
3536
3540
3699
3537
3541
3700
3542
3701
3539
3543
3702
3540
3544
3703
3541
3545
3704
3542
3546
3705
3547
3706
3544
3707
3545
3708
3546
3548
3709
3547
3549
3710
3550
3711
3549
3551
3712
3550
3552
3713
3553
3714
3552
3554
3715
3553
3555
3716
3556
3717
3555
3557
3718
3556
3558
3719
3559
3720
3558
3561
3721
3559
3562
3722
3560
3563
3723
3564
3562
3565
3724
3563
3566
3725
3564
3567
3726
3568
3727
3566
3569
3728
3567
3570
3729
3568
3571
3730
3572
3731
3570
3573
3732
3571
3574
3733
3572
3575
3734
3576
3735
3574
3579
3736
3575
3580
3737
3576
3581
3738
3582
3739
3578
3583
3740
3579
3584
3741
3580
3585
3742
3581
3586
3743
3582
3587
3744
3588
3745
3584
3589
3746
3585
3590
3747
3586
3591
3748
3587
3592
3749
3588
3593
3750
3594
3751
3590
3595
3752
3591
3596
3753
3592
3597
3754
3593
3598
3755
3594
3599
3756
3600
3757
3596
3601
3758
3597
3602
3759
3598
3603
3760
3599
3604
3761
3600
3605
3762
3606
3763
3602
3607
3764
3603
3608
3765
3604
3609
3766
3605
3610
3767
3606
3611
3768
3612
3769
3608
3613
3770
3609
3614
3771
3610
3615
3772
3611
3616
3773
3612
3617
3774
3618
3775
3614
3619
3776
3615
3620
3777
3616
3621
3778
3617
3622
3779
3618
3623
3780
3624
3781
3620
3625
3782
3621
3626
3783
3622
3627
3784
3623
3628
3785
3624
3629
3786
3630
3787
3626
3631
3788
3627
3632
3789
3628
3633
3790
3629
3634
3791
3630
3635
3792
3636
3793
3632
3794
3633
3795
3634
3796
3635
3797
3636
3798
3799
3638
3642
3800
3639
3643
3801
3640
3644
3802
3641
3645
3803
3646
3804
3643
3647
3805
3644
3648
3806
3645
3649
3807
3646
3650
3808
3651
3809
3648
3810
3649
3811
3650
3812
3651
3813
3814
3653
3657
3815
3654
3658
3816
3655
3659
3817
3656
3660
3818
3661
3819
3658
3662
3820
3659
3663
3821
3660
3664
3822
3661
3665
3823
3666
3824
3663
3667
3825
3664
3668
3826
3665
3669
3827
3666
3670
3828
3671
3829
3668
3672
3830
3669
3673
3831
3670
3674
3832
3671
3675
3833
3676
3834
3673
3677
3835
3674
3678
3836
3675
3679
3837
3676
3680
3838
3681
3839
3678
3682
3840
3679
3683
3841
3680
3684
3842
3681
3685
3843
3686
3844
3683
3687
3845
3684
3688
3846
3685
3689
3847
3686
3690
3848
3691
3849
3688
3692
3850
3689
3693
3851
3690
3694
3852
3691
3695
3853
3696
3854
3693
3697
3855
3694
3698
3856
3695
3699
3857
3696
3700
3858
3701
3859
3698
3702
3860
3699
3703
3861
3700
3704
3862
3701
3705
3863
3706
3864
3703
3707
3865
3704
3708
3866
3705
3709
3867
3706
3710
3868
3711
3869
3708
3870
3709
3871
3710
3712
3872
3711
3713
3873
3714
3874
3713
3715
3875
3714
3716
3876
3717
3877
3716
3718
3878
3717
3719
3879
3720
3880
3719
3721
3881
3720
3722
3882
3723
3883
3722
3724
3884
3723
3725
3885
3726
3886
3725
3728
3887
3726
3729
3888
3727
3730
3889
3731
3729
3732
3890
3730
3733
3891
3731
3734
3892
3735
3893
3733
3736
3894
3734
3737
3895
3735
3738
3896
3739
3897
3737
3742
3898
3738
3743
3899
3739
3744
3900
3745
3901
3741
3746
3902
3742
3747
3903
3743
3748
3904
3744
3749
3905
3745
3750
3906
3751
3907
3747
3752
3908
3748
3753
3909
3749
3754
3910
3750
3755
3911
3751
3756
3912
3757
3913
3753
3758
3914
3754
3759
3915
3755
3760
3916
3756
3761
3917
3757
3762
3918
3763
3919
3759
3764
3920
3760
3765
3921
3761
3766
3922
3762
3767
3923
3763
3768
3924
3769
3925
3765
3770
3926
3766
3771
3927
3767
3772
3928
3768
3773
3929
3769
3774
3930
3775
3931
3771
3776
3932
3772
3777
3933
3773
3778
3934
3774
3779
3935
3775
3780
3936
3781
3937
3777
3782
3938
3778
3783
3939
3779
3784
3940
3780
3785
3941
3781
3786
3942
3787
3943
3783
3788
3944
3784
3789
3945
3785
3790
3946
3786
3791
3947
3787
3792
3948
3793
3949
3789
3794
3950
3790
3795
3951
3791
3796
3952
3792
3797
3953
3793
3798
3954
3799
3955
3795
3956
3796
3957
3797
3958
3798
3959
3799
3960
3961
3801
3805
3962
3802
3806
3963
3803
3807
3964
3804
3808
3965
3809
3966
3806
3810
3967
3807
3811
3968
3808
3812
3969
3809
3813
3970
3814
3971
3811
3972
3812
3973
3813
3974
3814
3975
3976
3816
3820
3977
3817
3821
3978
3818
3822
3979
3819
3823
3980
3824
3981
3821
3825
3982
3822
3826
3983
3823
3827
3984
3824
3828
3985
3829
3986
3826
3830
3987
3827
3831
3988
3828
3832
3989
3829
3833
3990
3834
3991
3831
3835
3992
3832
3836
3993
3833
3837
3994
3834
3838
3995
3839
3996
3836
3840
3997
3837
3841
3998
3838
3842
3999
3839
3843
4000
3844
4001
3841
3845
4002
3842
3846
4003
3843
3847
4004
3844
3848
4005
3849
4006
3846
3850
4007
3847
3851
4008
3848
3852
4009
3849
3853
4010
3854
4011
3851
3855
4012
3852
3856
4013
3853
3857
4014
3854
3858
4015
3859
4016
3856
3860
4017
3857
3861
4018
3858
3862
4019
3859
3863
4020
3864
4021
3861
3865
4022
3862
3866
4023
3863
3867
4024
3864
3868
4025
3869
4026
3866
3870
4027
3867
3871
4028
3868
3872
4029
3869
3873
4030
3874
4031
3871
4032
3872
4033
3873
3875
4034
3874
3876
4035
3877
4036
3876
3878
4037
3877
3879
4038
3880
4039
3879
3881
4040
3880
3882
4041
3883
4042
3882
3884
4043
3883
3885
4044
3886
4045
3885
3887
4046
3886
3888
4047
3889
4048
3888
3890
4049
3889
3891
4050
3892
4051
3891
3894
4052
3892
3895
4053
3893
3896
4054
3897
3895
3898
4055
3896
3899
4056
3897
3900
4057
3901
4058
3899
3904
4059
3900
3905
4060
3901
3906
4061
3907
4062
3903
3908
4063
3904
3909
4064
3905
3910
4065
3906
3911
4066
3907
3912
4067
3913
4068
3909
3914
4069
3910
3915
4070
3911
3916
4071
3912
3917
4072
3913
3918
4073
3919
4074
3915
3920
4075
3916
3921
4076
3917
3922
4077
3918
3923
4078
3919
3924
4079
3925
4080
3921
3926
4081
3922
3927
4082
3923
3928
4083
3924
3929
4084
3925
3930
4085
3931
4086
3927
3932
4087
3928
3933
4088
3929
3934
4089
3930
3935
4090
3931
3936
4091
3937
4092
3933
3938
4093
3934
3939
4094
3935
3940
4095
3936
3941
4096
3937
3942
4097
3943
4098
3939
3944
4099
3940
3945
4100
3941
3946
4101
3942
3947
4102
3943
3948
4103
3949
4104
3945
3950
4105
3946
3951
4106
3947
3952
4107
3948
3953
4108
3949
3954
4109
3955
4110
3951
3956
4111
3952
3957
4112
3953
3958
4113
3954
3959
4114
3955
3960
4115
3961
4116
3957
4117
3958
4118
3959
4119
3960
4120
3961
4121
4122
3963
3967
4123
3964
3968
4124
3965
3969
4125
3966
3970
4126
3971
4127
3968
3972
4128
3969
3973
4129
3970
3974
4130
3971
3975
4131
3976
4132
3973
4133
3974
4134
3975
4135
3976
4136
4137
3978
3982
4138
3979
3983
4139
3980
3984
4140
3981
3985
4141
3986
4142
3983
3987
4143
3984
3988
4144
3985
3989
4145
3986
3990
4146
3991
4147
3988
3992
4148
3989
3993
4149
3990
3994
4150
3991
3995
4151
3996
4152
3993
3997
4153
3994
3998
4154
3995
3999
4155
3996
4000
4156
4001
4157
3998
4002
4158
3999
4003
4159
4000
4004
4160
4001
4005
4161
4006
4162
4003
4007
4163
4004
4008
4164
4005
4009
4165
4006
4010
4166
4011
4167
4008
4012
4168
4009
4013
4169
4010
4014
4170
4011
4015
4171
4016
4172
4013
4017
4173
4014
4018
4174
4015
4019
4175
4016
4020
4176
4021
4177
4018
4022
4178
4019
4023
4179
4020
4024
4180
4021
4025
4181
4026
4182
4023
4027
4183
4024
4028
4184
4025
4029
4185
4026
4030
4186
4031
4187
4028
4032
4188
4029
4033
4189
4030
4034
4190
4031
4035
4191
4036
4192
4033
4193
4034
4194
4035
4037
4195
4036
4038
4196
4039
4197
4038
4040
4198
4039
4041
4199
4042
4200
4041
4043
4201
4042
4044
4202
4045
4203
4044
4046
4204
4045
4047
4205
4048
4206
4047
4049
4207
4048
4050
4208
4051
4209
4050
4052
4210
4051
4053
4211
4054
4212
4053
4055
4213
4054
4056
4214
4057
4215
4056
4059
4216
4057
4060
4217
4058
4061
4218
4062
4060
4065
4219
4061
4066
4220
4062
4067
4221
4068
4222
4064
4069
4223
4065
4070
4224
4066
4071
4225
4067
4072
4226
4068
4073
4227
4074
4228
4070
4075
4229
4071
4076
4230
4072
4077
4231
4073
4078
4232
4074
4079
4233
4080
4234
4076
4081
4235
4077
4082
4236
4078
4083
4237
4079
4084
4238
4080
4085
4239
4086
4240
4082
4087
4241
4083
4088
4242
4084
4089
4243
4085
4090
4244
4086
4091
4245
4092
4246
4088
4093
4247
4089
4094
4248
4090
4095
4249
4091
4096
4250
4092
4097
4251
4098
4252
4094
4099
4253
4095
4100
4254
4096
4101
4255
4097
4102
4256
4098
4103
4257
4104
4258
4100
4105
4259
4101
4106
4260
4102
4107
4261
4103
4108
4262
4104
4109
4263
4110
4264
4106
4111
4265
4107
4112
4266
4108
4113
4267
4109
4114
4268
4110
4115
4269
4116
4270
4112
4117
4271
4113
4118
4272
4114
4119
4273
4115
4120
4274
4116
4121
4275
4122
4276
4118
4277
4119
4278
4120
4279
4121
4280
4122
4281
4282
4124
4128
4283
4125
4129
4284
4126
4130
4285
4127
4131
4286
4132
4287
4129
4133
4288
4130
4134
4289
4131
4135
4290
4132
4136
4291
4137
4292
4134
4293
4135
4294
4136
4295
4137
4296
4297
4139
4143
4298
4140
4144
4299
4141
4145
4300
4142
4146
4301
4147
4302
4144
4148
4303
4145
4149
4304
4146
4150
4305
4147
4151
4306
4152
4307
4149
4153
4308
4150
4154
4309
4151
4155
4310
4152
4156
4311
4157
4312
4154
4158
4313
4155
4159
4314
4156
4160
4315
4157
4161
4316
4162
4317
4159
4163
4318
4160
4164
4319
4161
4165
4320
4162
4166
4321
4167
4322
4164
4168
4323
4165
4169
4324
4166
4170
4325
4167
4171
4326
4172
4327
4169
4173
4328
4170
4174
4329
4171
4175
4330
4172
4176
4331
4177
4332
4174
4178
4333
4175
4179
4334
4176
4180
4335
4177
4181
4336
4182
4337
4179
4183
4338
4180
4184
4339
4181
4185
4340
4182
4186
4341
4187
4342
4184
4188
4343
4185
4189
4344
4186
4190
4345
4187
4191
4346
4192
4347
4189
4193
4348
4190
4194
4349
4191
4195
4350
4192
4196
4351
4197
4352
4194
4353
4195
4354
4196
4198
4355
4197
4199
4356
4200
4357
4199
4201
4358
4200
4202
4359
4203
4360
4202
4204
4361
4203
4205
4362
4206
4363
4205
4207
4364
4206
4208
4365
4209
4366
4208
4210
4367
4209
4211
4368
4212
4369
4211
4213
4370
4212
4214
4371
4215
4372
4214
4216
4373
4215
4217
4374
4218
4375
4217
4219
4376
4218
4220
4377
4221
4378
4220
4225
4379
4221
4226
4380
4222
4227
4381
4228
4224
4229
4382
4225
4230
4383
4226
4231
4384
4227
4232
4385
4228
4233
4386
4234
4387
4230
4235
4388
4231
4236
4389
4232
4237
4390
4233
4238
4391
4234
4239
4392
4240
4393
4236
4241
4394
4237
4242
4395
4238
4243
4396
4239
4244
4397
4240
4245
4398
4246
4399
4242
4247
4400
4243
4248
4401
4244
4249
4402
4245
4250
4403
4246
4251
4404
4252
4405
4248
4253
4406
4249
4254
4407
4250
4255
4408
4251
4256
4409
4252
4257
4410
4258
4411
4254
4259
4412
4255
4260
4413
4256
4261
4414
4257
4262
4415
4258
4263
4416
4264
4417
4260
4265
4418
4261
4266
4419
4262
4267
4420
4263
4268
4421
4264
4269
4422
4270
4423
4266
4271
4424
4267
4272
4425
4268
4273
4426
4269
4274
4427
4270
4275
4428
4276
4429
4272
4277
4430
4273
4278
4431
4274
4279
4432
4275
4280
4433
4276
4281
4434
4282
4435
4278
4436
4279
4437
4280
4438
4281
4439
4282
4440
4441
4284
4288
4442
4285
4289
4443
4286
4290
4444
4287
4291
4445
4292
4446
4289
4293
4447
4290
4294
4448
4291
4295
4449
4292
4296
4450
4297
4451
4294
4452
4295
4453
4296
4454
4297
4455
4456
4299
4303
4457
4300
4304
4458
4301
4305
4459
4302
4306
4460
4307
4461
4304
4308
4462
4305
4309
4463
4306
4310
4464
4307
4311
4465
4312
4466
4309
4313
4467
4310
4314
4468
4311
4315
4469
4312
4316
4470
4317
4471
4314
4318
4472
4315
4319
4473
4316
4320
4474
4317
4321
4475
4322
4476
4319
4323
4477
4320
4324
4478
4321
4325
4479
4322
4326
4480
4327
4481
4324
4328
4482
4325
4329
4483
4326
4330
4484
4327
4331
4485
4332
4486
4329
4333
4487
4330
4334
4488
4331
4335
4489
4332
4336
4490
4337
4491
4334
4338
4492
4335
4339
4493
4336
4340
4494
4337
4341
4495
4342
4496
4339
4343
4497
4340
4344
4498
4341
4345
4499
4342
4346
4500
4347
4501
4344
4348
4502
4345
4349
4503
4346
4350
4504
4347
4351
4505
4352
4506
4349
4353
4507
4350
4354
4508
4351
4355
4509
4352
4356
4510
4357
4511
4354
4512
4355
4513
4356
4358
4514
4357
4359
4515
4360
4516
4359
4361
4517
4360
4362
4518
4363
4519
4362
4364
4520
4363
4365
4521
4366
4522
4365
4367
4523
4366
4368
4524
4369
4525
4368
4370
4526
4369
4371
4527
4372
4528
4371
4373
4529
4372
4374
4530
4375
4531
4374
4376
4532
4375
4377
4533
4378
4534
4377
4379
4535
4378
4380
4536
4381
4537
4380
4384
4538
4381
4385
4539
4386
4540
4383
4388
4541
4384
4389
4542
4385
4390
4543
4386
4391
4544
4387
4392
4545
4393
4389
4394
4546
4390
4395
4547
4391
4396
4548
4392
4397
4549
4393
4398
4550
4399
4551
4395
4400
4552
4396
4401
4553
4397
4402
4554
4398
4403
4555
4399
4404
4556
4405
4557
4401
4406
4558
4402
4407
4559
4403
4408
4560
4404
4409
4561
4405
4410
4562
4411
4563
4407
4412
4564
4408
4413
4565
4409
4414
4566
4410
4415
4567
4411
4416
4568
4417
4569
4413
4418
4570
4414
4419
4571
4415
4420
4572
4416
4421
4573
4417
4422
4574
4423
4575
4419
4424
4576
4420
4425
4577
4421
4426
4578
4422
4427
4579
4423
4428
4580
4429
4581
4425
4430
4582
4426
4431
4583
4427
4432
4584
4428
4433
4585
4429
4434
4586
4435
4587
4431
4436
4588
4432
4437
4589
4433
4438
4590
4434
4439
4591
4435
4440
4592
4441
4593
4437
4594
4438
4595
4439
4596
4440
4597
4441
4598
4599
4443
4447
4600
4444
4448
4601
4445
4449
4602
4446
4450
4603
4451
4604
4448
4452
4605
4449
4453
4606
4450
4454
4607
4451
4455
4608
4456
4609
4453
4610
4454
4611
4455
4612
4456
4613
4614
4458
4462
4615
4459
4463
4616
4460
4464
4617
4461
4465
4618
4466
4619
4463
4467
4620
4464
4468
4621
4465
4469
4622
4466
4470
4623
4471
4624
4468
4472
4625
4469
4473
4626
4470
4474
4627
4471
4475
4628
4476
4629
4473
4477
4630
4474
4478
4631
4475
4479
4632
4476
4480
4633
4481
4634
4478
4482
4635
4479
4483
4636
4480
4484
4637
4481
4485
4638
4486
4639
4483
4487
4640
4484
4488
4641
4485
4489
4642
4486
4490
4643
4491
4644
4488
4492
4645
4489
4493
4646
4490
4494
4647
4491
4495
4648
4496
4649
4493
4497
4650
4494
4498
4651
4495
4499
4652
4496
4500
4653
4501
4654
4498
4502
4655
4499
4503
4656
4500
4504
4657
4501
4505
4658
4506
4659
4503
4507
4660
4504
4508
4661
4505
4509
4662
4506
4510
4663
4511
4664
4508
4512
4665
4509
4513
4666
4510
4514
4667
4511
4515
4668
4516
4669
4513
4670
4514
4671
4515
4517
4672
4516
4518
4673
4519
4674
4518
4520
4675
4519
4521
4676
4522
4677
4521
4523
4678
4522
4524
4679
4525
4680
4524
4526
4681
4525
4527
4682
4528
4683
4527
4529
4684
4528
4530
4685
4531
4686
4530
4532
4687
4531
4533
4688
4534
4689
4533
4535
4690
4534
4536
4691
4537
4692
4536
4538
4693
4537
4539
4694
4540
4695
4539
4543
4696
4540
4544
4697
4545
4698
4542
4546
4699
4543
4547
4700
4544
4548
4701
4545
4549
4702
4550
4703
4547
4552
4704
4548
4553
4705
4549
4554
4706
4550
4555
4707
4551
4556
4708
4557
4553
4558
4709
4554
4559
4710
4555
4560
4711
4556
4561
4712
4557
4562
4713
4563
4714
4559
4564
4715
4560
4565
4716
4561
4566
4717
4562
4567
4718
4563
4568
4719
4569
4720
4565
4570
4721
4566
4571
4722
4567
4572
4723
4568
4573
4724
4569
4574
4725
4575
4726
4571
4576
4727
4572
4577
4728
4573
4578
4729
4574
4579
4730
4575
4580
4731
4581
4732
4577
4582
4733
4578
4583
4734
4579
4584
4735
4580
4585
4736
4581
4586
4737
4587
4738
4583
4588
4739
4584
4589
4740
4585
4590
4741
4586
4591
4742
4587
4592
4743
4593
4744
4589
4594
4745
4590
4595
4746
4591
4596
4747
4592
4597
4748
4593
4598
4749
4599
4750
4595
4751
4596
4752
4597
4753
4598
4754
4599
4755
4756
4601
4605
4757
4602
4606
4758
4603
4607
4759
4604
4608
4760
4609
4761
4606
4610
4762
4607
4611
4763
4608
4612
4764
4609
4613
4765
4614
4766
4611
4767
4612
4768
4613
4769
4614
4770
4771
4616
4620
4812
4617
4621
4813
4618
4622
4814
4619
4623
4815
4624
4816
4621
4625
4817
4622
4626
4818
4623
4627
4819
4624
4628
4820
4629
4821
4626
4630
4822
4627
4631
4823
4628
4632
4824
4629
4633
4825
4634
4826
4631
4635
4827
4632
4636
4828
4633
4637
4829
4634
4638
4830
4639
4831
4636
4640
4832
4637
4641
4833
4638
4642
4834
4639
4643
4835
4644
4836
4641
4645
4837
4642
4646
4838
4643
4647
4839
4644
4648
4840
4649
4841
4646
4650
4842
4647
4651
4843
4648
4652
4844
4649
4653
4845
4654
4846
4651
4655
4847
4652
4656
4848
4653
4657
4849
4654
4658
4850
4659
4851
4656
4660
4852
4657
4661
4853
4658
4662
4854
4659
4663
4855
4664
4856
4661
4665
4857
4662
4666
4858
4663
4667
4859
4664
4668
4860
4669
4861
4666
4670
4862
4667
4671
4863
4668
4672
4864
4669
4673
4865
4674
4866
4671
4867
4672
4868
4673
4675
4869
4674
4676
4870
4677
4871
4676
4678
4874
4677
4679
4875
4680
4876
4679
4681
4879
4680
4682
4880
4683
4881
4682
4684
4884
4683
4685
4885
4686
4886
4685
4687
4889
4686
4688
4890
4689
4891
4688
4690
4894
4689
4691
4895
4692
4896
4691
4693
4899
4692
4694
4900
4695
4901
4694
4696
4904
4695
4697
4905
4698
4906
4697
4701
4909
4698
4702
4910
4703
4911
4700
4704
4912
4701
4705
4913
4702
4706
4914
4703
4707
4915
4708
4916
4705
4709
4917
4706
4710
4918
4707
4711
4919
4708
4712
4920
4713
4921
4710
4715
4922
4711
4716
4923
4712
4717
4924
4713
4718
4925
4714
4719
4926
4720
4716
4721
4927
4717
4722
4928
4718
4723
4929
4719
4724
4930
4720
4725
4931
4726
4932
4722
4727
4933
4723
4728
4934
4724
4729
4935
4725
4730
4936
4726
4731
4937
4732
4938
4728
4733
4939
4729
4734
4940
4730
4735
4941
4731
4736
4942
4732
4737
4943
4738
4944
4734
4739
4945
4735
4740
4946
4736
4741
4947
4737
4742
4948
4738
4743
4949
4744
4950
4740
4745
4951
4741
4746
4952
4742
4747
4953
4743
4748
4954
4744
4749
4955
4750
4956
4746
4751
4957
4747
4752
4958
4748
4753
4959
4749
4754
4960
4750
4755
4961
4756
4962
4752
4963
4753
4964
4754
4965
4755
4966
4756
4967
4968
4758
4762
4969
4759
4763
4970
4760
4764
4971
4761
4765
4972
4766
4973
4763
4767
4974
4764
4768
4975
4765
4769
4976
4766
4770
4977
4771
4978
4768
4772
4979
4769
4773
4980
4770
4774
4981
4771
4775
4982
4776
4983
4773
4777
4984
4774
4778
4985
4775
4779
4986
4776
4780
4987
4781
4988
4778
4782
4989
4779
4783
4990
4780
4784
4991
4781
4785
4992
4786
4993
4783
4787
4994
4784
4788
4995
4785
4789
4996
4786
4790
4997
4791
4998
4788
4792
4999
4789
4793
5000
4790
4794
5001
4791
4795
5002
4796
5003
4793
4797
5004
4794
4798
5005
4795
4799
5006
4796
4800
5007
4801
5008
4798
4802
5009
4799
4803
5010
4800
4804
5011
4801
4805
5012
4806
5013
4803
4807
5014
4804
4808
5015
4805
4809
5016
4806
4810
5017
4811
5018
4808
4812
5019
4809
4813
5020
4810
4814
5021
4811
4815
5022
4816
5023
4813
4817
5024
4814
4818
5025
4815
4819
5026
4816
4820
5027
4821
5028
4818
4822
5029
4819
4823
5030
4820
4824
5031
4821
4825
5032
4826
5033
4823
4827
5034
4824
4828
5035
4825
4829
5036
4826
4830
5037
4831
5038
4828
4832
5039
4829
4833
5040
4830
4834
5041
4831
4835
5042
4836
5043
4833
4837
5044
4834
4838
5045
4835
4839
5046
4836
4840
5047
4841
5048
4838
4842
5049
4839
4843
5050
4840
4844
5051
4841
4845
5052
4846
5053
4843
4847
5054
4844
4848
5055
4845
4849
5056
4846
4850
5057
4851
5058
4848
4852
5059
4849
4853
5060
4850
4854
5061
4851
4855
5062
4856
5063
4853
4857
5064
4854
4858
5065
4855
4859
5066
4856
4860
5067
4861
5068
4858
4862
5069
4859
4863
5070
4860
4864
5071
4861
4865
5072
4866
5073
4863
4867
5074
4864
4868
5075
4865
4869
5076
4866
4870
5077
4871
5078
4868
4872
5079
4869
4873
5080
4870
4874
5081
4871
4875
5082
4876
5083
4873
4877
5084
4874
4878
5085
4875
4879
5086
4876
4880
5087
4881
5088
4878
4882
5089
4879
4883
5090
4880
4884
5091
4881
4885
5092
4886
5093
4883
4887
5094
4884
4888
5095
4885
4889
5096
4886
4890
5097
4891
5098
4888
4892
5099
4889
4893
5100
4890
4894
5101
4891
4895
5102
4896
5103
4893
4897
5104
4894
4898
5105
4895
4899
5106
4896
4900
5107
4901
5108
4898
4902
5109
4899
4903
5110
4900
4904
5111
4901
4905
5112
4906
5113
4903
4907
5114
4904
4908
5115
4905
4909
5116
4906
4910
5117
4911
5118
4908
4912
5119
4909
4913
5120
4910
4914
5121
4911
4915
5122
4916
5123
4913
4917
5124
4914
4918
5125
4915
4919
5126
4916
4920
5127
4921
5128
4918
4922
5129
4919
4923
5130
4920
4924
5131
4921
4925
5132
4926
5133
4923
4927
5134
4924
4928
5135
4925
4929
5136
4926
4930
5137
4931
5138
4928
4933
5139
4929
4934
5140
4930
4935
5141
4931
4936
5142
4932
4937
5143
4938
4934
4939
5144
4935
4940
5145
4936
4941
5146
4937
4942
5147
4938
4943
5148
4944
5149
4940
4945
5150
4941
4946
5151
4942
4947
5152
4943
4948
5153
4944
4949
5154
4950
5155
4946
4951
5156
4947
4952
5157
4948
4953
5158
4949
4954
5159
4950
4955
5160
4956
5161
4952
4957
5162
4953
4958
5163
4954
4959
5164
4955
4960
5165
4956
4961
5166
4962
5167
4958
4963
5168
4959
4964
5169
4960
4965
5170
4961
4966
5171
4962
4967
5172
4968
5173
4964
5174
4965
5175
4966
5176
4967
5177
4968
5178
5179
4970
4974
5180
4971
4975
5181
4972
4976
5182
4973
4977
5183
4978
5184
4975
4979
5185
4976
4980
5186
4977
4981
5187
4978
4982
5188
4983
5189
4980
4984
5190
4981
4985
5191
4982
4986
5192
4983
4987
5193
4988
5194
4985
4989
5195
4986
4990
5196
4987
4991
5197
4988
4992
5198
4993
5199
4990
4994
5200
4991
4995
5201
4992
4996
5202
4993
4997
5203
4998
5204
4995
4999
5205
4996
5000
5206
4997
5001
5207
4998
5002
5208
5003
5209
5000
5004
5210
5001
5005
5211
5002
5006
5212
5003
5007
5213
5008
5214
5005
5009
5215
5006
5010
5216
5007
5011
5217
5008
5012
5218
5013
5219
5010
5014
5220
5011
5015
5221
5012
5016
5222
5013
5017
5223
5018
5224
5015
5019
5225
5016
5020
5226
5017
5021
5227
5018
5022
5228
5023
5229
5020
5024
5230
5021
5025
5231
5022
5026
5232
5023
5027
5233
5028
5234
5025
5029
5235
5026
5030
5236
5027
5031
5237
5028
5032
5238
5033
5239
5030
5034
5240
5031
5035
5241
5032
5036
5242
5033
5037
5243
5038
5244
5035
5039
5245
5036
5040
5246
5037
5041
5247
5038
5042
5248
5043
5249
5040
5044
5250
5041
5045
5251
5042
5046
5252
5043
5047
5253
5048
5254
5045
5049
5255
5046
5050
5256
5047
5051
5257
5048
5052
5258
5053
5259
5050
5054
5260
5051
5055
5261
5052
5056
5262
5053
5057
5263
5058
5264
5055
5059
5265
5056
5060
5266
5057
5061
5267
5058
5062
5268
5063
5269
5060
5064
5270
5061
5065
5271
5062
5066
5272
5063
5067
5273
5068
5274
5065
5069
5275
5066
5070
5276
5067
5071
5277
5068
5072
5278
5073
5279
5070
5074
5280
5071
5075
5281
5072
5076
5282
5073
5077
5283
5078
5284
5075
5079
5285
5076
5080
5286
5077
5081
5287
5078
5082
5288
5083
5289
5080
5084
5290
5081
5085
5291
5082
5086
5292
5083
5087
5293
5088
5294
5085
5089
5295
5086
5090
5296
5087
5091
5297
5088
5092
5298
5093
5299
5090
5094
5300
5091
5095
5301
5092
5096
5302
5093
5097
5303
5098
5304
5095
5099
5305
5096
5100
5306
5097
5101
5307
5098
5102
5308
5103
5309
5100
5104
5310
5101
5105
5311
5102
5106
5312
5103
5107
5313
5108
5314
5105
5109
5315
5106
5110
5316
5107
5111
5317
5108
5112
5318
5113
5319
5110
5114
5320
5111
5115
5321
5112
5116
5322
5113
5117
5323
5118
5324
5115
5119
5325
5116
5120
5326
5117
5121
5327
5118
5122
5328
5123
5329
5120
5124
5330
5121
5125
5331
5122
5126
5332
5123
5127
5333
5128
5334
5125
5129
5335
5126
5130
5336
5127
5131
5337
5128
5132
5338
5133
5339
5130
5134
5340
5131
5135
5341
5132
5136
5342
5133
5137
5343
5138
5344
5135
5139
5345
5136
5140
5346
5137
5141
5347
5138
5142
5348
5143
5349
5140
5144
5350
5141
5145
5351
5142
5146
5352
5143
5147
5353
5148
5354
5145
5150
5355
5146
5151
5356
5147
5152
5357
5148
5153
5358
5149
5154
5359
5155
5151
5156
5360
5152
5157
5361
5153
5158
5362
5154
5159
5363
5155
5160
5364
5161
5365
5157
5162
5366
5158
5163
5367
5159
5164
5368
5160
5165
5369
5161
5166
5370
5167
5371
5163
5168
5372
5164
5169
5373
5165
5170
5374
5166
5171
5375
5167
5172
5376
5173
5377
5169
5174
5378
5170
5175
5379
5171
5176
5380
5172
5177
5381
5173
5178
5382
5179
5383
5175
5384
5176
5385
5177
5386
5178
5387
5179
5388
5389
5181
5185
5390
5182
5186
5391
5183
5187
5392
5184
5188
5393
5189
5394
5186
5190
5395
5187
5191
5396
5188
5192
5397
5189
5193
5398
5194
5399
5191
5195
5400
5192
5196
5401
5193
5197
5402
5194
5198
5403
5199
5404
5196
5200
5405
5197
5201
5406
5198
5202
5407
5199
5203
5408
5204
5409
5201
5205
5410
5202
5206
5411
5203
5207
5412
5204
5208
5413
5209
5414
5206
5210
5415
5207
5211
5416
5208
5212
5417
5209
5213
5418
5214
5419
5211
5215
5420
5212
5216
5421
5213
5217
5422
5214
5218
5423
5219
5424
5216
5220
5425
5217
5221
5426
5218
5222
5427
5219
5223
5428
5224
5429
5221
5225
5430
5222
5226
5431
5223
5227
5432
5224
5228
5433
5229
5434
5226
5230
5435
5227
5231
5436
5228
5232
5437
5229
5233
5438
5234
5439
5231
5235
5440
5232
5236
5441
5233
5237
5442
5234
5238
5443
5239
5444
5236
5240
5445
5237
5241
5446
5238
5242
5447
5239
5243
5448
5244
5449
5241
5245
5450
5242
5246
5451
5243
5247
5452
5244
5248
5453
5249
5454
5246
5250
5455
5247
5251
5456
5248
5252
5457
5249
5253
5458
5254
5459
5251
5255
5460
5252
5256
5461
5253
5257
5462
5254
5258
5463
5259
5464
5256
5260
5465
5257
5261
5466
5258
5262
5467
5259
5263
5468
5264
5469
5261
5265
5470
5262
5266
5471
5263
5267
5472
5264
5268
5473
5269
5474
5266
5270
5475
5267
5271
5476
5268
5272
5477
5269
5273
5478
5274
5479
5271
5275
5480
5272
5276
5481
5273
5277
5482
5274
5278
5483
5279
5484
5276
5280
5485
5277
5281
5486
5278
5282
5487
5279
5283
5488
5284
5489
5281
5285
5490
5282
5286
5491
5283
5287
5492
5284
5288
5493
5289
5494
5286
5290
5495
5287
5291
5496
5288
5292
5497
5289
5293
5498
5294
5499
5291
5295
5500
5292
5296
5501
5293
5297
5502
5294
5298
5503
5299
5504
5296
5300
5505
5297
5301
5506
5298
5302
5507
5299
5303
5508
5304
5509
5301
5305
5510
5302
5306
5511
5303
5307
5512
5304
5308
5513
5309
5514
5306
5310
5515
5307
5311
5516
5308
5312
5517
5309
5313
5518
5314
5519
5311
5315
5520
5312
5316
5521
5313
5317
5522
5314
5318
5523
5319
5524
5316
5320
5525
5317
5321
5526
5318
5322
5527
5319
5323
5528
5324
5529
5321
5325
5530
5322
5326
5531
5323
5327
5532
5324
5328
5533
5329
5534
5326
5330
5535
5327
5331
5536
5328
5332
5537
5329
5333
5538
5334
5539
5331
5335
5540
5332
5336
5541
5333
5337
5542
5334
5338
5543
5339
5544
5336
5340
5545
5337
5341
5546
5338
5342
5547
5339
5343
5548
5344
5549
5341
5345
5550
5342
5346
5551
5343
5347
5552
5344
5348
5553
5349
5554
5346
5350
5555
5347
5351
5556
5348
5352
5557
5349
5353
5558
5354
5559
5351
5355
5560
5352
5356
5561
5353
5357
5562
5354
5358
5563
5359
5564
5356
5360
5565
5357
5361
5566
5358
5362
5567
5359
5363
5568
5364
5569
5361
5366
5570
5362
5367
5571
5363
5368
5572
5364
5369
5573
5365
5370
5574
5371
5367
5372
5575
5368
5373
5576
5369
5374
5577
5370
5375
5578
5371
5376
5579
5377
5580
5373
5378
5581
5374
5379
5582
5375
5380
5583
5376
5381
5584
5377
5382
5585
5383
5586
5379
5384
5587
5380
5385
5588
5381
5386
5589
5382
5387
5590
5383
5388
5591
5389
5592
5385
5593
5386
5594
5387
5595
5388
5596
5389
5597
5598
5391
5395
5599
5392
5396
5600
5393
5397
5601
5394
5398
5602
5399
5603
5396
5400
5604
5397
5401
5605
5398
5402
5606
5399
5403
5607
5404
5608
5401
5405
5609
5402
5406
5610
5403
5407
5611
5404
5408
5612
5409
5613
5406
5410
5614
5407
5411
5615
5408
5412
5616
5409
5413
5617
5414
5618
5411
5415
5619
5412
5416
5620
5413
5417
5621
5414
5418
5622
5419
5623
5416
5420
5624
5417
5421
5625
5418
5422
5626
5419
5423
5627
5424
5628
5421
5425
5629
5422
5426
5630
5423
5427
5631
5424
5428
5632
5429
5633
5426
5430
5634
5427
5431
5635
5428
5432
5636
5429
5433
5637
5434
5638
5431
5435
5639
5432
5436
5640
5433
5437
5641
5434
5438
5642
5439
5643
5436
5440
5644
5437
5441
5645
5438
5442
5646
5439
5443
5647
5444
5648
5441
5445
5649
5442
5446
5650
5443
5447
5651
5444
5448
5652
5449
5653
5446
5450
5654
5447
5451
5655
5448
5452
5656
5449
5453
5657
5454
5658
5451
5455
5659
5452
5456
5660
5453
5457
5661
5454
5458
5662
5459
5663
5456
5460
5664
5457
5461
5665
5458
5462
5666
5459
5463
5667
5464
5668
5461
5465
5669
5462
5466
5670
5463
5467
5671
5464
5468
5672
5469
5673
5466
5470
5674
5467
5471
5675
5468
5472
5676
5469
5473
5677
5474
5678
5471
5475
5679
5472
5476
5680
5473
5477
5681
5474
5478
5682
5479
5683
5476
5480
5684
5477
5481
5685
5478
5482
5686
5479
5483
5687
5484
5688
5481
5485
5689
5482
5486
5690
5483
5487
5691
5484
5488
5692
5489
5693
5486
5490
5694
5487
5491
5695
5488
5492
5696
5489
5493
5697
5494
5698
5491
5495
5699
5492
5496
5700
5493
5497
5701
5494
5498
5702
5499
5703
5496
5500
5704
5497
5501
5705
5498
5502
5706
5499
5503
5707
5504
5708
5501
5505
5709
5502
5506
5710
5503
5507
5711
5504
5508
5712
5509
5713
5506
5510
5714
5507
5511
5715
5508
5512
5716
5509
5513
5717
5514
5718
5511
5515
5719
5512
5516
5720
5513
5517
5721
5514
5518
5722
5519
5723
5516
5520
5724
5517
5521
5725
5518
5522
5726
5519
5523
5727
5524
5728
5521
5525
5729
5522
5526
5730
5523
5527
5731
5524
5528
5732
5529
5733
5526
5530
5734
5527
5531
5735
5528
5532
5736
5529
5533
5737
5534
5738
5531
5535
5739
5532
5536
5740
5533
5537
5741
5534
5538
5742
5539
5743
5536
5540
5744
5537
5541
5745
5538
5542
5746
5539
5543
5747
5544
5748
5541
5545
5749
5542
5546
5750
5543
5547
5751
5544
5548
5752
5549
5753
5546
5550
5754
5547
5551
5755
5548
5552
5756
5549
5553
5757
5554
5758
5551
5555
5759
5552
5556
5760
5553
5557
5761
5554
5558
5762
5559
5763
5556
5560
5764
5557
5561
5765
5558
5562
5766
5559
5563
5767
5564
5768
5561
5565
5769
5562
5566
5770
5563
5567
5771
5564
5568
5772
5569
5773
5566
5570
5774
5567
5571
5775
5568
5572
5776
5569
5573
5777
5574
5778
5571
5575
5779
5572
5576
5780
5573
5577
5781
5574
5578
5782
5579
5783
5576
5581
5784
5577
5582
5785
5578
5583
5786
5579
5584
5787
5580
5585
5788
5586
5582
5587
5789
5583
5588
5790
5584
5589
5791
5585
5590
5792
5586
5591
5793
5592
5794
5588
5593
5795
5589
5594
5796
5590
5595
5797
5591
5596
5798
5592
5597
5799
5598
5800
5594
5801
5595
5802
5596
5803
5597
5804
5598
5805
5806
5600
5604
5807
5601
5605
5808
5602
5606
5809
5603
5607
5810
5608
5811
5605
5609
5812
5606
5610
5813
5607
5611
5814
5608
5612
5815
5613
5816
5610
5614
5817
5611
5615
5818
5612
5616
5819
5613
5617
5820
5618
5821
5615
5619
5822
5616
5620
5823
5617
5621
5824
5618
5622
5825
5623
5826
5620
5624
5827
5621
5625
5828
5622
5626
5829
5623
5627
5830
5628
5831
5625
5629
5832
5626
5630
5833
5627
5631
5834
5628
5632
5835
5633
5836
5630
5634
5837
5631
5635
5838
5632
5636
5839
5633
5637
5840
5638
5841
5635
5639
5842
5636
5640
5843
5637
5641
5844
5638
5642
5845
5643
5846
5640
5644
5847
5641
5645
5848
5642
5646
5849
5643
5647
5850
5648
5851
5645
5649
5852
5646
5650
5853
5647
5651
5854
5648
5652
5855
5653
5856
5650
5654
5857
5651
5655
5858
5652
5656
5859
5653
5657
5860
5658
5861
5655
5659
5862
5656
5660
5863
5657
5661
5864
5658
5662
5865
5663
5866
5660
5664
5867
5661
5665
5868
5662
5666
5869
5663
5667
5870
5668
5871
5665
5669
5872
5666
5670
5873
5667
5671
5874
5668
5672
5875
5673
5876
5670
5674
5877
5671
5675
5878
5672
5676
5879
5673
5677
5880
5678
5881
5675
5679
5882
5676
5680
5883
5677
5681
5884
5678
5682
5885
5683
5886
5680
5684
5887
5681
5685
5888
5682
5686
5889
5683
5687
5890
5688
5891
5685
5689
5892
5686
5690
5893
5687
5691
5894
5688
5692
5895
5693
5896
5690
5694
5897
5691
5695
5898
5692
5696
5899
5693
5697
5900
5698
5901
5695
5699
5902
5696
5700
5903
5697
5701
5904
5698
5702
5905
5703
5906
5700
5704
5907
5701
5705
5908
5702
5706
5909
5703
5707
5910
5708
5911
5705
5709
5912
5706
5710
5913
5707
5711
5914
5708
5712
5915
5713
5916
5710
5714
5917
5711
5715
5918
5712
5716
5919
5713
5717
5920
5718
5921
5715
5719
5922
5716
5720
5923
5717
5721
5924
5718
5722
5925
5723
5926
5720
5724
5927
5721
5725
5928
5722
5726
5929
5723
5727
5930
5728
5931
5725
5729
5932
5726
5730
5933
5727
5731
5934
5728
5732
5935
5733
5936
5730
5734
5937
5731
5735
5938
5732
5736
5939
5733
5737
5940
5738
5941
5735
5739
5942
5736
5740
5943
5737
5741
5944
5738
5742
5945
5743
5946
5740
5744
5947
5741
5745
5948
5742
5746
5949
5743
5747
5950
5748
5951
5745
5749
5952
5746
5750
5953
5747
5751
5954
5748
5752
5955
5753
5956
5750
5754
5957
5751
5755
5958
5752
5756
5959
5753
5757
5960
5758
5961
5755
5759
5962
5756
5760
5963
5757
5761
5964
5758
5762
5965
5763
5966
5760
5764
5967
5761
5765
5968
5762
5766
5969
5763
5767
5970
5768
5971
5765
5769
5972
5766
5770
5973
5767
5771
5974
5768
5772
5975
5773
5976
5770
5774
5977
5771
5775
5978
5772
5776
5979
5773
5777
5980
5778
5981
5775
5779
5982
5776
5780
5983
5777
5781
5984
5778
5782
5985
5783
5986
5780
5784
5987
5781
5785
5988
5782
5786
5989
5783
5787
5990
5788
5991
5785
5789
5992
5786
5790
5993
5787
5791
5994
5788
5792
5995
5793
5996
5790
5795
5997
5791
5796
5998
5792
5797
5999
5793
5798
6000
5794
5799
6001
5800
5796
5801
6002
5797
5802
6003
5798
5803
6004
5799
5804
6005
5800
5805
6006
5806
6007
5802
6008
5803
6009
5804
6010
5805
6011
5806
6012
6013
5808
5812
6014
5809
5813
6015
5810
5814
6016
5811
5815
6017
5816
6018
5813
5817
6019
5814
5818
6020
5815
5819
6021
5816
5820
6022
5821
6023
5818
5822
6024
5819
5823
6025
5820
5824
6026
5821
5825
6027
5826
6028
5823
5827
6029
5824
5828
6030
5825
5829
6031
5826
5830
6032
5831
6033
5828
5832
6034
5829
5833
6035
5830
5834
6036
5831
5835
6037
5836
6038
5833
5837
6039
5834
5838
6040
5835
5839
6041
5836
5840
6042
5841
6043
5838
5842
6044
5839
5843
6045
5840
5844
6046
5841
5845
6047
5846
6048
5843
5847
6049
5844
5848
6050
5845
5849
6051
5846
5850
6052
5851
6053
5848
5852
6054
5849
5853
6055
5850
5854
6056
5851
5855
6057
5856
6058
5853
5857
6059
5854
5858
6060
5855
5859
6061
5856
5860
6062
5861
6063
5858
5862
6064
5859
5863
6065
5860
5864
6066
5861
5865
6067
5866
6068
5863
5867
6069
5864
5868
6070
5865
5869
6071
5866
5870
6072
5871
6073
5868
5872
6074
5869
5873
6075
5870
5874
6076
5871
5875
6077
5876
6078
5873
5877
6079
5874
5878
6080
5875
5879
6081
5876
5880
6082
5881
6083
5878
5882
6084
5879
5883
6085
5880
5884
6086
5881
5885
6087
5886
6088
5883
5887
6089
5884
5888
6090
5885
5889
6091
5886
5890
6092
5891
6093
5888
5892
6094
5889
5893
6095
5890
5894
6096
5891
5895
6097
5896
6098
5893
5897
6099
5894
5898
6100
5895
5899
6101
5896
5900
6102
5901
6103
5898
5902
6104
5899
5903
6105
5900
5904
6106
5901
5905
6107
5906
6108
5903
5907
6109
5904
5908
6110
5905
5909
6111
5906
5910
6112
5911
6113
5908
5912
6114
5909
5913
6115
5910
5914
6116
5911
5915
6117
5916
6118
5913
5917
6119
5914
5918
6120
5915
5919
6121
5916
5920
6122
5921
6123
5918
5922
6124
5919
5923
6125
5920
5924
6126
5921
5925
6127
5926
6128
5923
5927
6129
5924
5928
6130
5925
5929
6131
5926
5930
6132
5931
6133
5928
5932
6134
5929
5933
6135
5930
5934
6136
5931
5935
6137
5936
6138
5933
5937
6139
5934
5938
6140
5935
5939
6141
5936
5940
6142
5941
6143
5938
5942
6144
5939
5943
6145
5940
5944
6146
5941
5945
6147
5946
6148
5943
5947
6149
5944
5948
6150
5945
5949
6151
5946
5950
6152
5951
6153
5948
5952
6154
5949
5953
6155
5950
5954
6156
5951
5955
6157
5956
6158
5953
5957
6159
5954
5958
6160
5955
5959
6161
5956
5960
6162
5961
6163
5958
5962
6164
5959
5963
6165
5960
5964
6166
5961
5965
6167
5966
6168
5963
5967
6169
5964
5968
6170
5965
5969
6171
5966
5970
6172
5971
6173
5968
5972
6174
5969
5973
6175
5970
5974
6176
5971
5975
6177
5976
6178
5973
5977
6179
5974
5978
6180
5975
5979
6181
5976
5980
6182
5981
6183
5978
5982
6184
5979
5983
6185
5980
5984
6186
5981
5985
6187
5986
6188
5983
5987
6189
5984
5988
6190
5985
5989
6191
5986
5990
6192
5991
6193
5988
5992
6194
5989
5993
6195
5990
5994
6196
5991
5995
6197
5996
6198
5993
5997
6199
5994
5998
6200
5995
5999
6201
5996
6000
6202
6001
6203
5998
6002
6204
5999
6003
6205
6000
6004
6206
6001
6005
6207
6006
6208
6003
6008
6209
6004
6009
6210
6005
6010
6211
6006
6011
6212
6007
6012
6213
6013
6009
6214
6010
6215
6011
6216
6012
6217
6013
6218
6219
6015
6019
6220
6016
6020
6221
6017
6021
6222
6018
6022
6223
6023
6224
6020
6024
6225
6021
6025
6226
6022
6026
6227
6023
6027
6228
6028
6229
6025
6029
6230
6026
6030
6231
6027
6031
6232
6028
6032
6233
6033
6234
6030
6034
6235
6031
6035
6236
6032
6036
6237
6033
6037
6238
6038
6239
6035
6039
6240
6036
6040
6241
6037
6041
6242
6038
6042
6243
6043
6244
6040
6044
6245
6041
6045
6246
6042
6046
6247
6043
6047
6248
6048
6249
6045
6049
6250
6046
6050
6251
6047
6051
6252
6048
6052
6253
6053
6254
6050
6054
6255
6051
6055
6256
6052
6056
6257
6053
6057
6258
6058
6259
6055
6059
6260
6056
6060
6261
6057
6061
6262
6058
6062
6263
6063
6264
6060
6064
6265
6061
6065
6266
6062
6066
6267
6063
6067
6268
6068
6269
6065
6069
6270
6066
6070
6271
6067
6071
6272
6068
6072
6273
6073
6274
6070
6074
6275
6071
6075
6276
6072
6076
6277
6073
6077
6278
6078
6279
6075
6079
6280
6076
6080
6281
6077
6081
6282
6078
6082
6283
6083
6284
6080
6084
6285
6081
6085
6286
6082
6086
6287
6083
6087
6288
6088
6289
6085
6089
6290
6086
6090
6291
6087
6091
6292
6088
6092
6293
6093
6294
6090
6094
6295
6091
6095
6296
6092
6096
6297
6093
6097
6298
6098
6299
6095
6099
6300
6096
6100
6301
6097
6101
6302
6098
6102
6303
6103
6304
6100
6104
6305
6101
6105
6306
6102
6106
6307
6103
6107
6308
6108
6309
6105
6109
6310
6106
6110
6311
6107
6111
6312
6108
6112
6313
6113
6314
6110
6114
6315
6111
6115
6316
6112
6116
6317
6113
6117
6318
6118
6319
6115
6119
6320
6116
6120
6321
6117
6121
6322
6118
6122
6323
6123
6324
6120
6124
6325
6121
6125
6326
6122
6126
6327
6123
6127
6328
6128
6329
6125
6129
6330
6126
6130
6331
6127
6131
6332
6128
6132
6333
6133
6334
6130
6134
6335
6131
6135
6336
6132
6136
6337
6133
6137
6338
6138
6339
6135
6139
6340
6136
6140
6341
6137
6141
6342
6138
6142
6343
6143
6344
6140
6144
6345
6141
6145
6346
6142
6146
6347
6143
6147
6348
6148
6349
6145
6149
6350
6146
6150
6351
6147
6151
6352
6148
6152
6353
6153
6354
6150
6154
6355
6151
6155
6356
6152
6156
6357
6153
6157
6358
6158
6359
6155
6159
6360
6156
6160
6361
6157
6161
6362
6158
6162
6363
6163
6364
6160
6164
6365
6161
6165
6366
6162
6166
6367
6163
6167
6368
6168
6369
6165
6169
6370
6166
6170
6371
6167
6171
6372
6168
6172
6373
6173
6374
6170
6174
6375
6171
6175
6376
6172
6176
6377
6173
6177
6378
6178
6379
6175
6179
6380
6176
6180
6381
6177
6181
6382
6178
6182
6383
6183
6384
6180
6184
6385
6181
6185
6386
6182
6186
6387
6183
6187
6388
6188
6389
6185
6189
6390
6186
6190
6391
6187
6191
6392
6188
6192
6393
6193
6394
6190
6194
6395
6191
6195
6396
6192
6196
6397
6193
6197
6398
6198
6399
6195
6199
6400
6196
6200
6401
6197
6201
6402
6198
6202
6403
6203
6404
6200
6204
6405
6201
6205
6406
6202
6206
6407
6203
6207
6408
6208
6409
6205
6209
6410
6206
6210
6411
6207
6211
6412
6208
6212
6413
6213
6414
6210
6214
6415
6211
6215
6416
6212
6216
6417
6213
6217
6418
6218
6419
6215
6420
6216
6421
6217
6422
6218
6423
6219
6424
6221
6225
6425
6222
6226
6426
6223
6227
6427
6224
6228
6428
6229
6429
6226
6230
6430
6227
6231
6431
6228
6232
6432
6229
6233
6433
6234
6434
6231
6235
6435
6232
6236
6436
6233
6237
6437
6234
6238
6438
6239
6439
6236
6240
6440
6237
6241
6441
6238
6242
6442
6239
6243
6443
6244
6444
6241
6245
6445
6242
6246
6446
6243
6247
6447
6244
6248
6448
6249
6449
6246
6250
6450
6247
6251
6451
6248
6252
6452
6249
6253
6453
6254
6454
6251
6255
6455
6252
6256
6456
6253
6257
6457
6254
6258
6458
6259
6459
6256
6260
6460
6257
6261
6461
6258
6262
6462
6259
6263
6463
6264
6464
6261
6265
6465
6262
6266
6466
6263
6267
6467
6264
6268
6468
6269
6469
6266
6270
6470
6267
6271
6471
6268
6272
6472
6269
6273
6473
6274
6474
6271
6275
6475
6272
6276
6476
6273
6277
6477
6274
6278
6478
6279
6479
6276
6280
6480
6277
6281
6481
6278
6282
6482
6279
6283
6483
6284
6484
6281
6285
6485
6282
6286
6486
6283
6287
6487
6284
6288
6488
6289
6489
6286
6290
6490
6287
6291
6491
6288
6292
6492
6289
6293
6493
6294
6494
6291
6295
6495
6292
6296
6496
6293
6297
6497
6294
6298
6498
6299
6499
6296
6300
6500
6297
6301
6501
6298
6302
6502
6299
6303
6503
6304
6504
6301
6305
6505
6302
6306
6506
6303
6307
6507
6304
6308
6508
6309
6509
6306
6310
6510
6307
6311
6511
6308
6312
6512
6309
6313
6513
6314
6514
6311
6315
6515
6312
6316
6516
6313
6317
6517
6314
6318
6518
6319
6519
6316
6320
6520
6317
6321
6521
6318
6322
6522
6319
6323
6523
6324
6524
6321
6325
6525
6322
6326
6526
6323
6327
6527
6324
6328
6528
6329
6529
6326
6330
6530
6327
6331
6531
6328
6332
6532
6329
6333
6533
6334
6534
6331
6335
6535
6332
6336
6536
6333
6337
6537
6334
6338
6538
6339
6539
6336
6340
6540
6337
6341
6541
6338
6342
6542
6339
6343
6543
6344
6544
6341
6345
6545
6342
6346
6546
6343
6347
6547
6344
6348
6548
6349
6549
6346
6350
6550
6347
6351
6551
6348
6352
6552
6349
6353
6553
6354
6554
6351
6355
6555
6352
6356
6556
6353
6357
6557
6354
6358
6558
6359
6559
6356
6360
6560
6357
6361
6561
6358
6362
6562
6359
6363
6563
6364
6564
6361
6365
6565
6362
6366
6566
6363
6367
6567
6364
6368
6568
6369
6569
6366
6370
6570
6367
6371
6571
6368
6372
6572
6369
6373
6573
6374
6574
6371
6375
6575
6372
6376
6576
6373
6377
6577
6374
6378
6578
6379
6579
6376
6380
6580
6377
6381
6581
6378
6382
6582
6379
6383
6583
6384
6584
6381
6385
6585
6382
6386
6586
6383
6387
6587
6384
6388
6588
6389
6589
6386
6390
6590
6387
6391
6591
6388
6392
6592
6389
6393
6593
6394
6594
6391
6395
6595
6392
6396
6596
6393
6397
6597
6394
6398
6598
6399
6599
6396
6400
6600
6397
6401
6601
6398
6402
6602
6399
6403
6603
6404
6604
6401
6405
6605
6402
6406
6606
6403
6407
6607
6404
6408
6608
6409
6609
6406
6410
6610
6407
6411
6611
6408
6412
6612
6409
6413
6613
6414
6614
6411
6415
6615
6412
6416
6616
6413
6417
6617
6414
6418
6618
6419
6619
6416
6420
6620
6417
6421
6621
6418
6422
6622
6419
6423
6623
6424
6624
6421
6625
6422
6626
6423
6627
6424
6628
6629
6426
6430
6630
6427
6431
6631
6428
6432
6632
6429
6433
6633
6434
6634
6431
6435
6635
6432
6436
6636
6433
6437
6637
6434
6438
6638
6439
6639
6436
6440
6640
6437
6441
6641
6438
6442
6642
6439
6443
6643
6444
6644
6441
6445
6645
6442
6446
6646
6443
6447
6647
6444
6448
6648
6449
6649
6446
6450
6650
6447
6451
6651
6448
6452
6652
6449
6453
6653
6454
6654
6451
6455
6655
6452
6456
6656
6453
6457
6657
6454
6458
6658
6459
6659
6456
6460
6660
6457
6461
6661
6458
6462
6662
6459
6463
6663
6464
6664
6461
6465
6665
6462
6466
6666
6463
6467
6667
6464
6468
6668
6469
6669
6466
6470
6670
6467
6471
6671
6468
6472
6672
6469
6473
6673
6474
6674
6471
6475
6675
6472
6476
6676
6473
6477
6677
6474
6478
6678
6479
6679
6476
6480
6680
6477
6481
6681
6478
6482
6682
6479
6483
6683
6484
6684
6481
6485
6685
6482
6486
6686
6483
6487
6687
6484
6488
6688
6489
6689
6486
6490
6690
6487
6491
6691
6488
6492
6692
6489
6493
6693
6494
6694
6491
6495
6695
6492
6496
6696
6493
6497
6697
6494
6498
6698
6499
6699
6496
6500
6700
6497
6501
6701
6498
6502
6702
6499
6503
6703
6504
6704
6501
6505
6705
6502
6506
6706
6503
6507
6707
6504
6508
6708
6509
6709
6506
6510
6710
6507
6511
6711
6508
6512
6712
6509
6513
6713
6514
6714
6511
6515
6715
6512
6516
6716
6513
6517
6717
6514
6518
6718
6519
6719
6516
6520
6720
6517
6521
6721
6518
6522
6722
6519
6523
6723
6524
6724
6521
6525
6725
6522
6526
6726
6523
6527
6727
6524
6528
6728
6529
6729
6526
6530
6730
6527
6531
6731
6528
6532
6732
6529
6533
6733
6534
6734
6531
6535
6735
6532
6536
6736
6533
6537
6737
6534
6538
6738
6539
6739
6536
6540
6740
6537
6541
6741
6538
6542
6742
6539
6543
6743
6544
6744
6541
6545
6745
6542
6546
6746
6543
6547
6747
6544
6548
6748
6549
6749
6546
6550
6750
6547
6551
6751
6548
6552
6752
6549
6553
6753
6554
6754
6551
6555
6755
6552
6556
6756
6553
6557
6757
6554
6558
6758
6559
6759
6556
6560
6760
6557
6561
6761
6558
6562
6762
6559
6563
6763
6564
6764
6561
6565
6765
6562
6566
6766
6563
6567
6767
6564
6568
6768
6569
6769
6566
6570
6770
6567
6571
6771
6568
6572
6772
6569
6573
6773
6574
6774
6571
6575
6775
6572
6576
6776
6573
6577
6777
6574
6578
6778
6579
6779
6576
6580
6780
6577
6581
6781
6578
6582
6782
6579
6583
6783
6584
6784
6581
6585
6785
6582
6586
6786
6583
6587
6787
6584
6588
6788
6589
6789
6586
6590
6790
6587
6591
6791
6588
6592
6792
6589
6593
6793
6594
6794
6591
6595
6795
6592
6596
6796
6593
6597
6797
6594
6598
6798
6599
6799
6596
6600
6800
6597
6601
6801
6598
6602
6802
6599
6603
6803
6604
6804
6601
6605
6805
6602
6606
6806
6603
6607
6807
6604
6608
6808
6609
6809
6606
6610
6810
6607
6611
6811
6608
6612
6812
6609
6613
6813
6614
6814
6611
6615
6815
6612
6616
6816
6613
6617
6817
6614
6618
6818
6619
6819
6616
6620
6820
6617
6621
6821
6618
6622
6822
6619
6623
6823
6624
6824
6621
6625
6825
6622
6626
6826
6623
6627
6827
6624
6628
6828
6629
6829
6626
6830
6627
6831
6628
6832
6629
6833
6834
6631
6635
6632
6636
6633
6637
6634
6638
6639
6636
6640
6637
6641
6638
6642
6639
6643
6644
6641
6645
6642
6646
6643
6647
6644
6648
6649
6646
6650
6647
6651
6648
6652
6649
6653
6654
6651
6655
6652
6656
6653
6657
6654
6658
6659
6656
6660
6657
6661
6658
6662
6659
6663
6664
6661
6665
6662
6666
6663
6667
6664
6668
6669
6666
6670
6667
6671
6668
6672
6669
6673
6674
6671
6675
6672
6676
6673
6677
6674
6678
6679
6676
6680
6677
6681
6678
6682
6679
6683
6684
6681
6685
6682
6686
6683
6687
6684
6688
6689
6686
6690
6687
6691
6688
6692
6689
6693
6694
6691
6695
6692
6696
6693
6697
6694
6698
6699
6696
6700
6697
6701
6698
6702
6699
6703
6704
6701
6705
6702
6706
6703
6707
6704
6708
6709
6706
6710
6707
6711
6708
6712
6709
6713
6714
6711
6715
6712
6716
6713
6717
6714
6718
6719
6716
6720
6717
6721
6718
6722
6719
6723
6724
6721
6725
6722
6726
6723
6727
6724
6728
6729
6726
6730
6727
6731
6728
6732
6729
6733
6734
6731
6735
6732
6736
6733
6737
6734
6738
6739
6736
6740
6737
6741
6738
6742
6739
6743
6744
6741
6745
6742
6746
6743
6747
6744
6748
6749
6746
6750
6747
6751
6748
6752
6749
6753
6754
6751
6755
6752
6756
6753
6757
6754
6758
6759
6756
6760
6757
6761
6758
6762
6759
6763
6764
6761
6765
6762
6766
6763
6767
6764
6768
6769
6766
6770
6767
6771
6768
6772
6769
6773
6774
6771
6775
6772
6776
6773
6777
6774
6778
6779
6776
6780
6777
6781
6778
6782
6779
6783
6784
6781
6785
6782
6786
6783
6787
6784
6788
6789
6786
6790
6787
6791
6788
6792
6789
6793
6794
6791
6795
6792
6796
6793
6797
6794
6798
6799
6796
6800
6797
6801
6798
6802
6799
6803
6804
6801
6805
6802
6806
6803
6807
6804
6808
6809
6806
6810
6807
6811
6808
6812
6809
6813
6814
6811
6815
6812
6816
6813
6817
6814
6818
6819
6816
6820
6817
6821
6818
6822
6819
6823
6824
6821
6825
6822
6826
6823
6827
6824
6828
6829
6826
6830
6827
6831
6828
6832
6829
6833
6834
6831
6832
6833
6834
6837
6838
6839
6840
6841
6845
6846
6847
6848
6849
6850
)


// ************************************************************************* //
