/*--------------------------------*- C++ -*----------------------------------*\
| =========                 |                                                 |
| \\      /  F ield         | OpenFOAM: The Open Source CFD Toolbox           |
|  \\    /   O peration     | Version:  2.3.1                                 |
|   \\  /    A nd           | Web:      www.OpenFOAM.org                      |
|    \\/     M anipulation  |                                                 |
\*---------------------------------------------------------------------------*/
FoamFile
{
    version     2.0;
    format      ascii;
    class       labelList;
    location    "constant/polyMesh";
    object      pointProcAddressing;
}
// * * * * * * * * * * * * * * * * * * * * * * * * * * * * * * * * * * * * * //


9185
(
15
16
17
18
19
20
51
52
53
54
55
56
87
88
89
90
91
92
123
124
125
126
127
128
159
160
161
162
163
164
195
196
197
198
199
200
201
231
232
233
234
235
236
237
267
268
269
270
271
272
273
303
304
305
306
307
308
309
339
340
341
342
343
344
345
375
376
377
378
379
380
381
411
412
413
414
415
416
417
447
448
449
450
451
452
453
483
484
485
486
487
488
489
519
520
521
522
523
524
525
555
556
557
558
559
560
561
591
592
593
594
595
596
597
627
628
629
630
631
632
633
663
664
665
666
667
668
669
699
700
701
702
703
704
705
735
736
737
738
739
740
741
771
772
773
774
775
776
777
807
808
809
810
811
812
813
843
844
845
846
847
848
849
879
880
881
882
883
884
885
915
916
917
918
919
920
921
951
952
953
954
955
956
957
988
989
990
991
992
993
1024
1025
1026
1027
1028
1029
1060
1061
1062
1063
1064
1065
1096
1097
1098
1099
1100
1101
1132
1133
1134
1135
1136
1137
1168
1169
1170
1171
1172
1173
1204
1205
1206
1207
1208
1209
1240
1241
1242
1243
1244
1245
1276
1277
1278
1279
1280
1281
1312
1313
1314
1315
1316
1317
1348
1349
1350
1351
1352
1353
1384
1385
1386
1387
1388
1389
1420
1421
1422
1423
1424
1425
1456
1457
1458
1459
1460
1461
1492
1493
1494
1495
1496
1497
1527
1528
1529
1530
1531
1532
1563
1564
1565
1566
1567
1568
1599
1600
1601
1602
1603
1604
1635
1636
1637
1638
1639
1640
1671
1672
1673
1674
1675
1676
1707
1708
1709
1710
1711
1712
1713
1743
1744
1745
1746
1747
1748
1749
1779
1780
1781
1782
1783
1784
1785
1815
1816
1817
1818
1819
1820
1821
1851
1852
1853
1854
1855
1856
1857
1887
1888
1889
1890
1891
1892
1893
1923
1924
1925
1926
1927
1928
1929
1959
1960
1961
1962
1963
1964
1965
1995
1996
1997
1998
1999
2000
2001
2031
2032
2033
2034
2035
2036
2037
2067
2068
2069
2070
2071
2072
2073
2103
2104
2105
2106
2107
2108
2109
2139
2140
2141
2142
2143
2144
2145
2175
2176
2177
2178
2179
2180
2181
2211
2212
2213
2214
2215
2216
2217
2247
2248
2249
2250
2251
2252
2253
2283
2284
2285
2286
2287
2288
2289
2319
2320
2321
2322
2323
2324
2325
2355
2356
2357
2358
2359
2360
2361
2391
2392
2393
2394
2395
2396
2397
2427
2428
2429
2430
2431
2432
2433
2463
2464
2465
2466
2467
2468
2469
2499
2500
2501
2502
2503
2504
2505
2536
2537
2538
2539
2540
2541
2572
2573
2574
2575
2576
2577
2608
2609
2610
2611
2612
2613
2644
2645
2646
2647
2648
2649
2680
2681
2682
2683
2684
2685
2716
2717
2718
2719
2720
2721
2752
2753
2754
2755
2756
2757
2788
2789
2790
2791
2792
2793
2824
2825
2826
2827
2828
2829
2860
2861
2862
2863
2864
2865
2896
2897
2898
2899
2900
2901
2932
2933
2934
2935
2936
2937
2968
2969
2970
2971
2972
2973
3004
3005
3006
3007
3008
3009
3039
3040
3041
3042
3043
3044
3075
3076
3077
3078
3079
3080
3111
3112
3113
3114
3115
3116
3147
3148
3149
3150
3151
3152
3183
3184
3185
3186
3187
3188
3219
3220
3221
3222
3223
3224
3255
3256
3257
3258
3259
3260
3261
3291
3292
3293
3294
3295
3296
3297
3327
3328
3329
3330
3331
3332
3333
3363
3364
3365
3366
3367
3368
3369
3399
3400
3401
3402
3403
3404
3405
3435
3436
3437
3438
3439
3440
3441
3471
3472
3473
3474
3475
3476
3477
3507
3508
3509
3510
3511
3512
3513
3543
3544
3545
3546
3547
3548
3549
3579
3580
3581
3582
3583
3584
3585
3615
3616
3617
3618
3619
3620
3621
3651
3652
3653
3654
3655
3656
3657
3687
3688
3689
3690
3691
3692
3693
3723
3724
3725
3726
3727
3728
3729
3759
3760
3761
3762
3763
3764
3765
3795
3796
3797
3798
3799
3800
3801
3831
3832
3833
3834
3835
3836
3837
3867
3868
3869
3870
3871
3872
3873
3903
3904
3905
3906
3907
3908
3909
3939
3940
3941
3942
3943
3944
3945
3975
3976
3977
3978
3979
3980
3981
4011
4012
4013
4014
4015
4016
4017
4047
4048
4049
4050
4051
4052
4053
4084
4085
4086
4087
4088
4089
4120
4121
4122
4123
4124
4125
4156
4157
4158
4159
4160
4161
4192
4193
4194
4195
4196
4197
4228
4229
4230
4231
4232
4233
4264
4265
4266
4267
4268
4269
4300
4301
4302
4303
4304
4305
4336
4337
4338
4339
4340
4341
4372
4373
4374
4375
4376
4377
4408
4409
4410
4411
4412
4413
4444
4445
4446
4447
4448
4449
4480
4481
4482
4483
4484
4485
4516
4517
4518
4519
4520
4521
4551
4552
4553
4554
4555
4556
4587
4588
4589
4590
4591
4592
4623
4624
4625
4626
4627
4628
4659
4660
4661
4662
4663
4664
4695
4696
4697
4698
4699
4700
4731
4732
4733
4734
4735
4736
4767
4768
4769
4770
4771
4772
4803
4804
4805
4806
4807
4808
4809
4839
4840
4841
4842
4843
4844
4845
4875
4876
4877
4878
4879
4880
4881
4911
4912
4913
4914
4915
4916
4917
4947
4948
4949
4950
4951
4952
4953
4983
4984
4985
4986
4987
4988
4989
5019
5020
5021
5022
5023
5024
5025
5055
5056
5057
5058
5059
5060
5061
5091
5092
5093
5094
5095
5096
5097
5127
5128
5129
5130
5131
5132
5133
5163
5164
5165
5166
5167
5168
5169
5199
5200
5201
5202
5203
5204
5205
5235
5236
5237
5238
5239
5240
5241
5271
5272
5273
5274
5275
5276
5277
5307
5308
5309
5310
5311
5312
5313
5343
5344
5345
5346
5347
5348
5349
5379
5380
5381
5382
5383
5384
5385
5415
5416
5417
5418
5419
5420
5421
5451
5452
5453
5454
5455
5456
5457
5487
5488
5489
5490
5491
5492
5493
5523
5524
5525
5526
5527
5528
5529
5559
5560
5561
5562
5563
5564
5565
5595
5596
5597
5598
5599
5600
5601
5632
5633
5634
5635
5636
5637
5668
5669
5670
5671
5672
5673
5704
5705
5706
5707
5708
5709
5740
5741
5742
5743
5744
5745
5776
5777
5778
5779
5780
5781
5812
5813
5814
5815
5816
5817
5848
5849
5850
5851
5852
5853
5884
5885
5886
5887
5888
5889
5920
5921
5922
5923
5924
5925
5956
5957
5958
5959
5960
5961
5992
5993
5994
5995
5996
5997
6028
6029
6030
6031
6032
6033
6063
6064
6065
6066
6067
6068
6099
6100
6101
6102
6103
6104
6135
6136
6137
6138
6139
6140
6171
6172
6173
6174
6175
6176
6207
6208
6209
6210
6211
6212
6243
6244
6245
6246
6247
6248
6279
6280
6281
6282
6283
6284
6315
6316
6317
6318
6319
6320
6351
6352
6353
6354
6355
6356
6387
6388
6389
6390
6391
6392
6393
6423
6424
6425
6426
6427
6428
6429
6459
6460
6461
6462
6463
6464
6465
6495
6496
6497
6498
6499
6500
6501
6531
6532
6533
6534
6535
6536
6537
6567
6568
6569
6570
6571
6572
6573
6603
6604
6605
6606
6607
6608
6609
6639
6640
6641
6642
6643
6644
6645
6675
6676
6677
6678
6679
6680
6681
6711
6712
6713
6714
6715
6716
6717
6747
6748
6749
6750
6751
6752
6753
6783
6784
6785
6786
6787
6788
6789
6819
6820
6821
6822
6823
6824
6825
6855
6856
6857
6858
6859
6860
6861
6891
6892
6893
6894
6895
6896
6897
6927
6928
6929
6930
6931
6932
6933
6963
6964
6965
6966
6967
6968
6969
6999
7000
7001
7002
7003
7004
7005
7035
7036
7037
7038
7039
7040
7041
7071
7072
7073
7074
7075
7076
7077
7107
7108
7109
7110
7111
7112
7113
7143
7144
7145
7146
7147
7148
7149
7180
7181
7182
7183
7184
7185
7216
7217
7218
7219
7220
7221
7252
7253
7254
7255
7256
7257
7288
7289
7290
7291
7292
7293
7324
7325
7326
7327
7328
7329
7360
7361
7362
7363
7364
7365
7396
7397
7398
7399
7400
7401
7432
7433
7434
7435
7436
7437
7468
7469
7470
7471
7472
7473
7504
7505
7506
7507
7508
7509
7540
7541
7542
7543
7544
7545
7575
7576
7577
7578
7579
7580
7611
7612
7613
7614
7615
7616
7647
7648
7649
7650
7651
7652
7683
7684
7685
7686
7687
7688
7719
7720
7721
7722
7723
7724
7755
7756
7757
7758
7759
7760
7791
7792
7793
7794
7795
7796
7827
7828
7829
7830
7831
7832
7863
7864
7865
7866
7867
7868
7899
7900
7901
7902
7903
7904
7935
7936
7937
7938
7939
7940
7941
7971
7972
7973
7974
7975
7976
7977
8007
8008
8009
8010
8011
8012
8013
8043
8044
8045
8046
8047
8048
8049
8079
8080
8081
8082
8083
8084
8085
8115
8116
8117
8118
8119
8120
8121
8151
8152
8153
8154
8155
8156
8157
8187
8188
8189
8190
8191
8192
8193
8223
8224
8225
8226
8227
8228
8229
8259
8260
8261
8262
8263
8264
8265
8295
8296
8297
8298
8299
8300
8301
8331
8332
8333
8334
8335
8336
8337
8367
8368
8369
8370
8371
8372
8373
8403
8404
8405
8406
8407
8408
8409
8439
8440
8441
8442
8443
8444
8445
8475
8476
8477
8478
8479
8480
8481
8511
8512
8513
8514
8515
8516
8517
8547
8548
8549
8550
8551
8552
8553
8583
8584
8585
8586
8587
8588
8589
8619
8620
8621
8622
8623
8624
8625
8655
8656
8657
8658
8659
8660
8661
8691
8692
8693
8694
8695
8696
8697
8728
8729
8730
8731
8732
8733
8764
8765
8766
8767
8768
8769
8800
8801
8802
8803
8804
8805
8836
8837
8838
8839
8840
8841
8872
8873
8874
8875
8876
8877
8908
8909
8910
8911
8912
8913
8944
8945
8946
8947
8948
8949
8980
8981
8982
8983
8984
8985
9016
9017
9018
9019
9020
9021
9052
9053
9054
9055
9056
9057
9087
9088
9089
9090
9091
9092
9123
9124
9125
9126
9127
9128
9159
9160
9161
9162
9163
9164
9195
9196
9197
9198
9199
9200
9231
9232
9233
9234
9235
9236
9267
9268
9269
9270
9271
9272
9303
9304
9305
9306
9307
9308
9339
9340
9341
9342
9343
9344
9375
9376
9377
9378
9379
9380
9411
9412
9413
9414
9415
9416
9447
9448
9449
9450
9451
9452
9483
9484
9485
9486
9487
9488
9489
9519
9520
9521
9522
9523
9524
9525
9555
9556
9557
9558
9559
9560
9561
9591
9592
9593
9594
9595
9596
9597
9627
9628
9629
9630
9631
9632
9633
9663
9664
9665
9666
9667
9668
9669
9699
9700
9701
9702
9703
9704
9705
9735
9736
9737
9738
9739
9740
9741
9771
9772
9773
9774
9775
9776
9777
9807
9808
9809
9810
9811
9812
9813
9843
9844
9845
9846
9847
9848
9849
9879
9880
9881
9882
9883
9884
9885
9915
9916
9917
9918
9919
9920
9921
9951
9952
9953
9954
9955
9956
9957
9987
9988
9989
9990
9991
9992
9993
10023
10024
10025
10026
10027
10028
10029
10059
10060
10061
10062
10063
10064
10065
10095
10096
10097
10098
10099
10100
10101
10131
10132
10133
10134
10135
10136
10137
10167
10168
10169
10170
10171
10172
10173
10203
10204
10205
10206
10207
10208
10209
10239
10240
10241
10242
10243
10244
10245
10276
10277
10278
10279
10280
10281
10312
10313
10314
10315
10316
10317
10348
10349
10350
10351
10352
10353
10384
10385
10386
10387
10388
10389
10420
10421
10422
10423
10424
10425
10456
10457
10458
10459
10460
10461
10492
10493
10494
10495
10496
10497
10528
10529
10530
10531
10532
10533
10564
10565
10566
10567
10568
10569
10592
10593
10594
10595
10596
10597
10613
10614
10615
10616
10617
10618
10634
10635
10636
10637
10638
10639
10655
10656
10657
10658
10659
10660
10676
10677
10678
10679
10680
10681
10697
10698
10699
10700
10701
10702
10718
10719
10720
10721
10722
10723
10739
10740
10741
10742
10743
10744
10760
10761
10762
10763
10764
10765
10777
10778
10779
10784
10785
10786
10791
10792
10793
10799
10800
10806
10807
10813
10814
10820
10821
10837
10838
10839
10840
10841
10842
10873
10874
10875
10876
10877
10878
10909
10910
10911
10912
10913
10914
10945
10946
10947
10948
10949
10950
10981
10982
10983
10984
10985
10986
11017
11018
11019
11020
11021
11022
11053
11054
11055
11056
11057
11058
11089
11090
11091
11092
11093
11094
11125
11126
11127
11128
11129
11130
11161
11162
11163
11164
11165
11166
11197
11198
11199
11200
11201
11202
11233
11234
11235
11236
11237
11238
11269
11270
11271
11272
11273
11274
11305
11306
11307
11308
11309
11310
11341
11342
11343
11344
11345
11346
11347
11377
11378
11379
11380
11381
11382
11383
11413
11414
11415
11416
11417
11418
11419
11449
11450
11451
11452
11453
11454
11455
11485
11486
11487
11488
11489
11490
11491
11521
11522
11523
11524
11525
11526
11527
11557
11558
11559
11560
11561
11562
11563
11593
11594
11595
11596
11597
11598
11599
11629
11630
11631
11632
11633
11634
11635
11665
11666
11667
11668
11669
11670
11671
11698
11699
11700
11701
11702
11729
11730
11731
11732
11733
11760
11761
11762
11763
11764
11791
11792
11793
11794
11795
11822
11823
11824
11825
11826
11853
11854
11855
11856
11857
11884
11885
11886
11887
11888
11918
11919
11920
11921
11922
11923
11924
11954
11955
11956
11957
11958
11959
11960
11990
11991
11992
11993
11994
11995
11996
12026
12027
12028
12029
12030
12031
12032
12062
12063
12064
12065
12066
12067
12068
12099
12100
12101
12102
12103
12104
12135
12136
12137
12138
12139
12140
12171
12172
12173
12174
12175
12176
12207
12208
12209
12210
12211
12212
12243
12244
12245
12246
12247
12248
12279
12280
12281
12282
12283
12284
12314
12315
12316
12317
12318
12319
12350
12351
12352
12353
12354
12355
12386
12387
12388
12389
12390
12391
12422
12423
12424
12425
12426
12427
12577
12578
12579
12580
12581
12582
12613
12614
12615
12616
12617
12618
12649
12650
12651
12652
12653
12654
12685
12686
12687
12688
12689
12690
12691
12721
12722
12723
12724
12725
12726
12727
12757
12758
12759
12760
12761
12762
12763
12793
12794
12795
12796
12797
12798
12799
12829
12830
12831
12832
12833
12834
12835
12865
12866
12867
12868
12869
12870
12871
12901
12902
12903
12904
12905
12906
12907
12937
12938
12939
12940
12941
12942
12943
12973
12974
12975
12976
12977
12978
12979
13009
13010
13011
13012
13013
13014
13015
13042
13043
13044
13045
13046
13073
13074
13075
13076
13077
13104
13105
13106
13107
13108
13135
13136
13137
13138
13139
13166
13167
13168
13169
13170
13197
13198
13199
13200
13201
13228
13229
13230
13231
13232
13262
13263
13264
13265
13266
13267
13268
13298
13299
13300
13301
13302
13303
13304
13334
13335
13336
13337
13338
13339
13340
13370
13371
13372
13373
13374
13375
13376
13406
13407
13408
13409
13410
13411
13412
13442
13443
13444
13445
13446
13447
13448
13479
13480
13481
13482
13483
13484
13515
13516
13517
13518
13519
13520
13551
13552
13553
13554
13555
13556
13587
13588
13589
13590
13591
13592
13623
13624
13625
13626
13627
13628
13658
13659
13660
13661
13662
13663
13694
13695
13696
13697
13698
13699
13730
13731
13732
13733
13734
13735
13766
13767
13768
13769
13770
13771
13921
13922
13923
13924
13925
13926
13957
13958
13959
13960
13961
13962
13993
13994
13995
13996
13997
13998
14029
14030
14031
14032
14033
14034
14065
14066
14067
14068
14069
14070
14071
14101
14102
14103
14104
14105
14106
14107
14137
14138
14139
14140
14141
14142
14143
14173
14174
14175
14176
14177
14178
14179
14209
14210
14211
14212
14213
14214
14215
14245
14246
14247
14248
14249
14250
14251
14281
14282
14283
14284
14285
14286
14287
14317
14318
14319
14320
14321
14322
14323
14353
14354
14355
14356
14357
14358
14359
14386
14387
14388
14389
14390
14417
14418
14419
14420
14421
14448
14449
14450
14451
14452
14479
14480
14481
14482
14483
14510
14511
14512
14513
14514
14541
14542
14543
14544
14545
14572
14573
14574
14575
14576
14606
14607
14608
14609
14610
14611
14612
14642
14643
14644
14645
14646
14647
14648
14678
14679
14680
14681
14682
14683
14684
14714
14715
14716
14717
14718
14719
14720
14750
14751
14752
14753
14754
14755
14756
14786
14787
14788
14789
14790
14791
14792
14822
14823
14824
14825
14826
14827
14828
14859
14860
14861
14862
14863
14864
14895
14896
14897
14898
14899
14900
14931
14932
14933
14934
14935
14936
14967
14968
14969
14970
14971
14972
15002
15003
15004
15005
15006
15007
15038
15039
15040
15041
15042
15043
15074
15075
15076
15077
15078
15079
15110
15111
15112
15113
15114
15115
15265
15266
15267
15268
15269
15270
15301
15302
15303
15304
15305
15306
15337
15338
15339
15340
15341
15342
15373
15374
15375
15376
15377
15378
15409
15410
15411
15412
15413
15414
15445
15446
15447
15448
15449
15450
15451
15481
15482
15483
15484
15485
15486
15487
15517
15518
15519
15520
15521
15522
15523
15553
15554
15555
15556
15557
15558
15559
15589
15590
15591
15592
15593
15594
15595
15625
15626
15627
15628
15629
15630
15631
15661
15662
15663
15664
15665
15666
15667
15697
15698
15699
15700
15701
15702
15703
15730
15731
15732
15733
15734
15761
15762
15763
15764
15765
15792
15793
15794
15795
15796
15823
15824
15825
15826
15827
15854
15855
15856
15857
15858
15885
15886
15887
15888
15889
15916
15917
15918
15919
15920
15950
15951
15952
15953
15954
15955
15956
15986
15987
15988
15989
15990
15991
15992
16022
16023
16024
16025
16026
16027
16028
16058
16059
16060
16061
16062
16063
16064
16094
16095
16096
16097
16098
16099
16100
16130
16131
16132
16133
16134
16135
16136
16166
16167
16168
16169
16170
16171
16172
16202
16203
16204
16205
16206
16207
16208
16239
16240
16241
16242
16243
16244
16275
16276
16277
16278
16279
16280
16311
16312
16313
16314
16315
16316
16346
16347
16348
16349
16350
16351
16382
16383
16384
16385
16386
16387
16418
16419
16420
16421
16422
16423
16454
16455
16456
16457
16458
16459
16609
16610
16611
16612
16613
16614
16645
16646
16647
16648
16649
16650
16681
16682
16683
16684
16685
16686
16717
16718
16719
16720
16721
16722
16753
16754
16755
16756
16757
16758
16789
16790
16791
16792
16793
16794
16825
16826
16827
16828
16829
16830
16831
16861
16862
16863
16864
16865
16866
16867
16897
16898
16899
16900
16901
16902
16903
16933
16934
16935
16936
16937
16938
16939
16969
16970
16971
16972
16973
16974
16975
17005
17006
17007
17008
17009
17010
17011
17041
17042
17043
17044
17045
17046
17047
17074
17075
17076
17077
17078
17105
17106
17107
17108
17109
17136
17137
17138
17139
17140
17167
17168
17169
17170
17171
17198
17199
17200
17201
17202
17229
17230
17231
17232
17233
17260
17261
17262
17263
17264
17294
17295
17296
17297
17298
17299
17300
17330
17331
17332
17333
17334
17335
17336
17366
17367
17368
17369
17370
17371
17372
17402
17403
17404
17405
17406
17407
17408
17438
17439
17440
17441
17442
17443
17444
17474
17475
17476
17477
17478
17479
17480
17510
17511
17512
17513
17514
17515
17516
17546
17547
17548
17549
17550
17551
17552
17582
17583
17584
17585
17586
17587
17588
17619
17620
17621
17622
17623
17624
17655
17656
17657
17658
17659
17660
17690
17691
17692
17693
17694
17695
17726
17727
17728
17729
17730
17731
17762
17763
17764
17765
17766
17767
17798
17799
17800
17801
17802
17803
17953
17954
17955
17956
17957
17958
17989
17990
17991
17992
17993
17994
18025
18026
18027
18028
18029
18030
18061
18062
18063
18064
18065
18066
18097
18098
18099
18100
18101
18102
18133
18134
18135
18136
18137
18138
18169
18170
18171
18172
18173
18174
18205
18206
18207
18208
18209
18210
18211
18241
18242
18243
18244
18245
18246
18247
18277
18278
18279
18280
18281
18282
18283
18313
18314
18315
18316
18317
18318
18319
18349
18350
18351
18352
18353
18354
18355
18385
18386
18387
18388
18389
18390
18391
18418
18419
18420
18421
18422
18449
18450
18451
18452
18453
18480
18481
18482
18483
18484
18511
18512
18513
18514
18515
18542
18543
18544
18545
18546
18573
18574
18575
18576
18577
18604
18605
18606
18607
18608
18638
18639
18640
18641
18642
18643
18644
18674
18675
18676
18677
18678
18679
18680
18710
18711
18712
18713
18714
18715
18716
18746
18747
18748
18749
18750
18751
18752
18782
18783
18784
18785
18786
18787
18788
18818
18819
18820
18821
18822
18823
18824
18854
18855
18856
18857
18858
18859
18860
18890
18891
18892
18893
18894
18895
18896
18926
18927
18928
18929
18930
18931
18932
18962
18963
18964
18965
18966
18967
18968
18999
19000
19001
19002
19003
19004
19034
19035
19036
19037
19038
19039
19070
19071
19072
19073
19074
19075
19106
19107
19108
19109
19110
19111
19142
19143
19144
19145
19146
19147
19297
19298
19299
19300
19301
19302
19333
19334
19335
19336
19337
19338
19369
19370
19371
19372
19373
19374
19405
19406
19407
19408
19409
19410
19441
19442
19443
19444
19445
19446
19477
19478
19479
19480
19481
19482
19513
19514
19515
19516
19517
19518
19549
19550
19551
19552
19553
19554
19585
19586
19587
19588
19589
19590
19591
19621
19622
19623
19624
19625
19626
19627
19657
19658
19659
19660
19661
19662
19663
19693
19694
19695
19696
19697
19698
19699
19729
19730
19731
19732
19733
19734
19735
19762
19763
19764
19765
19766
19793
19794
19795
19796
19797
19824
19825
19826
19827
19828
19855
19856
19857
19858
19859
19886
19887
19888
19889
19890
19917
19918
19919
19920
19921
19948
19949
19950
19951
19952
19982
19983
19984
19985
19986
19987
19988
20018
20019
20020
20021
20022
20023
20024
20054
20055
20056
20057
20058
20059
20060
20090
20091
20092
20093
20094
20095
20096
20126
20127
20128
20129
20130
20131
20132
20162
20163
20164
20165
20166
20167
20168
20198
20199
20200
20201
20202
20203
20204
20234
20235
20236
20237
20238
20239
20240
20270
20271
20272
20273
20274
20275
20276
20306
20307
20308
20309
20310
20311
20312
20342
20343
20344
20345
20346
20347
20348
20378
20379
20380
20381
20382
20383
20414
20415
20416
20417
20418
20419
20450
20451
20452
20453
20454
20455
20486
20487
20488
20489
20490
20491
20641
20642
20643
20644
20645
20646
20677
20678
20679
20680
20681
20682
20713
20714
20715
20716
20717
20718
20749
20750
20751
20752
20753
20754
20785
20786
20787
20788
20789
20790
20821
20822
20823
20824
20825
20826
20857
20858
20859
20860
20861
20862
20893
20894
20895
20896
20897
20898
20929
20930
20931
20932
20933
20934
20965
20966
20967
20968
20969
20970
20971
21001
21002
21003
21004
21005
21006
21007
21037
21038
21039
21040
21041
21042
21043
21073
21074
21075
21076
21077
21078
21079
21106
21107
21108
21109
21110
21137
21138
21139
21140
21141
21168
21169
21170
21171
21172
21199
21200
21201
21202
21203
21230
21231
21232
21233
21234
21261
21262
21263
21264
21265
21292
21293
21294
21295
21296
21326
21327
21328
21329
21330
21331
21332
21362
21363
21364
21365
21366
21367
21368
21398
21399
21400
21401
21402
21403
21404
21434
21435
21436
21437
21438
21439
21440
21470
21471
21472
21473
21474
21475
21476
21506
21507
21508
21509
21510
21511
21512
21542
21543
21544
21545
21546
21547
21548
21578
21579
21580
21581
21582
21583
21584
21614
21615
21616
21617
21618
21619
21620
21650
21651
21652
21653
21654
21655
21656
21686
21687
21688
21689
21690
21691
21692
21722
21723
21724
21725
21726
21727
21758
21759
21760
21761
21762
21763
21794
21795
21796
21797
21798
21799
21830
21831
21832
21833
21834
21835
21985
21986
21987
21988
21989
21990
22021
22022
22023
22024
22025
22026
22057
22058
22059
22060
22061
22062
22093
22094
22095
22096
22097
22098
22129
22130
22131
22132
22133
22134
22165
22166
22167
22168
22169
22170
22201
22202
22203
22204
22205
22206
22237
22238
22239
22240
22241
22242
22273
22274
22275
22276
22277
22278
22309
22310
22311
22312
22313
22314
22345
22346
22347
22348
22349
22350
22351
22381
22382
22383
22384
22385
22386
22387
22417
22418
22419
22420
22421
22422
22423
22450
22451
22452
22453
22454
22481
22482
22483
22484
22485
22512
22513
22514
22515
22516
22543
22544
22545
22546
22547
22574
22575
22576
22577
22578
22605
22606
22607
22608
22609
22636
22637
22638
22639
22640
22670
22671
22672
22673
22674
22675
22676
22706
22707
22708
22709
22710
22711
22712
22742
22743
22744
22745
22746
22747
22748
22778
22779
22780
22781
22782
22783
22784
22814
22815
22816
22817
22818
22819
22820
22850
22851
22852
22853
22854
22855
22856
22886
22887
22888
22889
22890
22891
22892
22922
22923
22924
22925
22926
22927
22928
22958
22959
22960
22961
22962
22963
22964
22994
22995
22996
22997
22998
22999
23000
23030
23031
23032
23033
23034
23035
23036
23066
23067
23068
23069
23070
23071
23102
23103
23104
23105
23106
23107
23138
23139
23140
23141
23142
23143
23174
23175
23176
23177
23178
23179
23329
23330
23331
23332
23333
23334
23365
23366
23367
23368
23369
23370
23401
23402
23403
23404
23405
23406
23437
23438
23439
23440
23441
23442
23473
23474
23475
23476
23477
23478
23509
23510
23511
23512
23513
23514
23545
23546
23547
23548
23549
23550
23581
23582
23583
23584
23585
23586
23617
23618
23619
23620
23621
23622
23653
23654
23655
23656
23657
23658
23689
23690
23691
23692
23693
23694
23725
23726
23727
23728
23729
23730
23731
23761
23762
23763
23764
23765
23766
23767
23794
23795
23796
23797
23798
23825
23826
23827
23828
23829
23856
23857
23858
23859
23860
23887
23888
23889
23890
23891
23918
23919
23920
23921
23922
23949
23950
23951
23952
23953
23980
23981
23982
23983
23984
24014
24015
24016
24017
24018
24019
24020
24050
24051
24052
24053
24054
24055
24056
24086
24087
24088
24089
24090
24091
24092
24122
24123
24124
24125
24126
24127
24128
24158
24159
24160
24161
24162
24163
24164
24194
24195
24196
24197
24198
24199
24200
24230
24231
24232
24233
24234
24235
24236
24266
24267
24268
24269
24270
24271
24272
24302
24303
24304
24305
24306
24307
24308
24338
24339
24340
24341
24342
24343
24344
24374
24375
24376
24377
24378
24379
24380
24410
24411
24412
24413
24414
24415
24446
24447
24448
24449
24450
24451
24482
24483
24484
24485
24486
24487
24518
24519
24520
24521
24522
24523
24673
24674
24675
24676
24677
24678
24709
24710
24711
24712
24713
24714
24745
24746
24747
24748
24749
24750
24781
24782
24783
24784
24785
24786
24817
24818
24819
24820
24821
24822
24853
24854
24855
24856
24857
24858
24889
24890
24891
24892
24893
24894
24925
24926
24927
24928
24929
24930
24961
24962
24963
24964
24965
24966
24997
24998
24999
25000
25001
25002
25033
25034
25035
25036
25037
25038
25069
25070
25071
25072
25073
25074
25105
25106
25107
25108
25109
25110
25111
25138
25139
25140
25141
25142
25169
25170
25171
25172
25173
25200
25201
25202
25203
25204
25231
25232
25233
25234
25235
25262
25263
25264
25265
25266
25293
25294
25295
25296
25297
25324
25325
25326
25327
25328
25358
25359
25360
25361
25362
25363
25364
25394
25395
25396
25397
25398
25399
25400
25430
25431
25432
25433
25434
25435
25436
25466
25467
25468
25469
25470
25471
25472
25502
25503
25504
25505
25506
25507
25508
25538
25539
25540
25541
25542
25543
25544
25574
25575
25576
25577
25578
25579
25580
25610
25611
25612
25613
25614
25615
25616
25646
25647
25648
25649
25650
25651
25652
25682
25683
25684
25685
25686
25687
25688
25718
25719
25720
25721
25722
25723
25724
25754
25755
25756
25757
25758
25759
25790
25791
25792
25793
25794
25795
25826
25827
25828
25829
25830
25831
25862
25863
25864
25865
25866
25867
26017
26018
26019
26020
26021
26022
26053
26054
26055
26056
26057
26058
26089
26090
26091
26092
26093
26094
26125
26126
26127
26128
26129
26130
26161
26162
26163
26164
26165
26166
26197
26198
26199
26200
26201
26202
26233
26234
26235
26236
26237
26238
26269
26270
26271
26272
26273
26274
26305
26306
26307
26308
26309
26310
26341
26342
26343
26344
26345
26346
26377
26378
26379
26380
26381
26382
26413
26414
26415
26416
26417
26418
26449
26450
26451
26452
26453
26454
26482
26483
26484
26485
26486
26513
26514
26515
26516
26517
26544
26545
26546
26547
26548
26575
26576
26577
26578
26579
26606
26607
26608
26609
26610
26637
26638
26639
26640
26641
26668
26669
26670
26671
26672
26702
26703
26704
26705
26706
26707
26708
26738
26739
26740
26741
26742
26743
26744
26774
26775
26776
26777
26778
26779
26780
26810
26811
26812
26813
26814
26815
26816
26846
26847
26848
26849
26850
26851
26852
26882
26883
26884
26885
26886
26887
26888
26918
26919
26920
26921
26922
26923
26924
26954
26955
26956
26957
26958
26959
26960
26990
26991
26992
26993
26994
26995
26996
27026
27027
27028
27029
27030
27031
27032
27062
27063
27064
27065
27066
27067
27068
27098
27099
27100
27101
27102
27103
27134
27135
27136
27137
27138
27139
27170
27171
27172
27173
27174
27175
27206
27207
27208
27209
27210
27211
27361
27362
27363
27364
27365
27366
27397
27398
27399
27400
27401
27402
27433
27434
27435
27436
27437
27438
27469
27470
27471
27472
27473
27474
27505
27506
27507
27508
27509
27510
27541
27542
27543
27544
27545
27546
27577
27578
27579
27580
27581
27582
27613
27614
27615
27616
27617
27618
27649
27650
27651
27652
27653
27654
27685
27686
27687
27688
27689
27690
27721
27722
27723
27724
27725
27726
27757
27758
27759
27760
27761
27762
27793
27794
27795
27796
27797
27798
27826
27827
27828
27829
27857
27858
27859
27860
27861
27888
27889
27890
27891
27892
27919
27920
27921
27922
27923
27950
27951
27952
27953
27954
27981
27982
27983
27984
27985
28012
28013
28014
28015
28016
28046
28047
28048
28049
28050
28051
28052
28082
28083
28084
28085
28086
28087
28088
28118
28119
28120
28121
28122
28123
28124
28154
28155
28156
28157
28158
28159
28160
28190
28191
28192
28193
28194
28195
28196
28226
28227
28228
28229
28230
28231
28232
28262
28263
28264
28265
28266
28267
28268
28298
28299
28300
28301
28302
28303
28304
28334
28335
28336
28337
28338
28339
28340
28370
28371
28372
28373
28374
28375
28376
28406
28407
28408
28409
28410
28411
28412
28442
28443
28444
28445
28446
28447
28478
28479
28480
28481
28482
28483
28514
28515
28516
28517
28518
28519
28550
28551
28552
28553
28554
28555
28705
28706
28707
28708
28709
28710
28741
28742
28743
28744
28745
28746
28777
28778
28779
28780
28781
28782
28813
28814
28815
28816
28817
28818
28849
28850
28851
28852
28853
28854
28885
28886
28887
28888
28889
28890
28921
28922
28923
28924
28925
28926
28957
28958
28959
28960
28961
28962
28993
28994
28995
28996
28997
28998
29029
29030
29031
29032
29033
29034
29065
29066
29067
29068
29069
29070
29101
29102
29103
29104
29105
29106
29137
29138
29139
29140
29141
29142
29170
29171
29172
29173
29201
29202
29203
29204
29232
29233
29234
29235
29236
29263
29264
29265
29266
29267
29294
29295
29296
29297
29298
29325
29326
29327
29328
29329
29356
29357
29358
29359
29360
29390
29391
29392
29393
29394
29395
29396
29426
29427
29428
29429
29430
29431
29432
29462
29463
29464
29465
29466
29467
29468
29498
29499
29500
29501
29502
29503
29504
29534
29535
29536
29537
29538
29539
29540
29570
29571
29572
29573
29574
29575
29576
29606
29607
29608
29609
29610
29611
29612
29642
29643
29644
29645
29646
29647
29648
29678
29679
29680
29681
29682
29683
29684
29714
29715
29716
29717
29718
29719
29720
29750
29751
29752
29753
29754
29755
29756
29786
29787
29788
29789
29790
29791
29822
29823
29824
29825
29826
29827
29858
29859
29860
29861
29862
29863
29894
29895
29896
29897
29898
29899
30049
30050
30051
30052
30053
30054
30085
30086
30087
30088
30089
30090
30121
30122
30123
30124
30125
30126
30157
30158
30159
30160
30161
30162
30193
30194
30195
30196
30197
30198
30229
30230
30231
30232
30233
30234
30265
30266
30267
30268
30269
30270
30301
30302
30303
30304
30305
30306
30337
30338
30339
30340
30341
30342
30373
30374
30375
30376
30377
30378
30409
30410
30411
30412
30413
30414
30445
30446
30447
30448
30449
30450
30481
30482
30483
30484
30485
30486
30514
30515
30516
30517
30545
30546
30547
30548
30576
30577
30578
30579
30607
30608
30609
30610
30611
30638
30639
30640
30641
30642
30669
30670
30671
30672
30673
30700
30701
30702
30703
30704
30734
30735
30736
30737
30738
30739
30740
30770
30771
30772
30773
30774
30775
30776
30806
30807
30808
30809
30810
30811
30812
30842
30843
30844
30845
30846
30847
30848
30878
30879
30880
30881
30882
30883
30884
30914
30915
30916
30917
30918
30919
30920
30950
30951
30952
30953
30954
30955
30956
30986
30987
30988
30989
30990
30991
30992
31022
31023
31024
31025
31026
31027
31028
31058
31059
31060
31061
31062
31063
31064
31094
31095
31096
31097
31098
31099
31100
31130
31131
31132
31133
31134
31135
31166
31167
31168
31169
31170
31171
31202
31203
31204
31205
31206
31207
31238
31239
31240
31241
31242
31243
31393
31394
31395
31396
31397
31398
31429
31430
31431
31432
31433
31434
31465
31466
31467
31468
31469
31470
31501
31502
31503
31504
31505
31506
31537
31538
31539
31540
31541
31542
31573
31574
31575
31576
31577
31578
31609
31610
31611
31612
31613
31614
31645
31646
31647
31648
31649
31650
31681
31682
31683
31684
31685
31686
31717
31718
31719
31720
31721
31722
31753
31754
31755
31756
31757
31758
31789
31790
31791
31792
31793
31794
31825
31826
31827
31828
31829
31830
31858
31859
31860
31861
31889
31890
31891
31892
31920
31921
31922
31923
31951
31952
31953
31954
31982
31983
31984
31985
31986
32013
32014
32015
32016
32017
32044
32045
32046
32047
32048
32078
32079
32080
32081
32082
32083
32084
32114
32115
32116
32117
32118
32119
32120
32150
32151
32152
32153
32154
32155
32156
32186
32187
32188
32189
32190
32191
32192
32222
32223
32224
32225
32226
32227
32228
32258
32259
32260
32261
32262
32263
32264
32294
32295
32296
32297
32298
32299
32300
32330
32331
32332
32333
32334
32335
32336
32366
32367
32368
32369
32370
32371
32372
32402
32403
32404
32405
32406
32407
32408
32438
32439
32440
32441
32442
32443
32444
32474
32475
32476
32477
32478
32479
32510
32511
32512
32513
32514
32515
32546
32547
32548
32549
32550
32551
32582
32583
32584
32585
32586
32587
32737
32738
32739
32740
32741
32742
32773
32774
32775
32776
32777
32778
32809
32810
32811
32812
32813
32814
32845
32846
32847
32848
32849
32850
32881
32882
32883
32884
32885
32886
32917
32918
32919
32920
32921
32922
32953
32954
32955
32956
32957
32958
32989
32990
32991
32992
32993
32994
33025
33026
33027
33028
33029
33030
33061
33062
33063
33064
33065
33066
33097
33098
33099
33100
33101
33102
33133
33134
33135
33136
33137
33138
33169
33170
33171
33172
33173
33174
33202
33203
33204
33205
33233
33234
33235
33236
33264
33265
33266
33267
33295
33296
33297
33298
33326
33327
33328
33329
33357
33358
33359
33360
33361
33388
33389
33390
33391
33392
33422
33423
33424
33425
33426
33427
33428
33458
33459
33460
33461
33462
33463
33464
33494
33495
33496
33497
33498
33499
33500
33530
33531
33532
33533
33534
33535
33536
33566
33567
33568
33569
33570
33571
33572
33602
33603
33604
33605
33606
33607
33608
33638
33639
33640
33641
33642
33643
33644
33674
33675
33676
33677
33678
33679
33680
33710
33711
33712
33713
33714
33715
33716
33746
33747
33748
33749
33750
33751
33752
33782
33783
33784
33785
33786
33787
33788
33818
33819
33820
33821
33822
33823
33854
33855
33856
33857
33858
33859
33890
33891
33892
33893
33894
33895
33926
33927
33928
33929
33930
33931
34081
34082
34083
34084
34085
34086
34117
34118
34119
34120
34121
34122
34153
34154
34155
34156
34157
34158
34189
34190
34191
34192
34193
34194
34225
34226
34227
34228
34229
34230
34261
34262
34263
34264
34265
34266
34297
34298
34299
34300
34301
34302
34333
34334
34335
34336
34337
34338
34369
34370
34371
34372
34373
34374
34405
34406
34407
34408
34409
34410
34441
34442
34443
34444
34445
34446
34477
34478
34479
34480
34481
34482
34513
34514
34515
34516
34517
34518
34546
34547
34548
34549
34577
34578
34579
34580
34608
34609
34610
34611
34639
34640
34641
34642
34670
34671
34672
34673
34701
34702
34703
34704
34732
34733
34734
34735
34736
34766
34767
34768
34769
34770
34771
34772
34802
34803
34804
34805
34806
34807
34808
34838
34839
34840
34841
34842
34843
34844
34874
34875
34876
34877
34878
34879
34880
34910
34911
34912
34913
34914
34915
34916
34946
34947
34948
34949
34950
34951
34952
34982
34983
34984
34985
34986
34987
34988
35018
35019
35020
35021
35022
35023
35024
35054
35055
35056
35057
35058
35059
35060
35090
35091
35092
35093
35094
35095
35096
35126
35127
35128
35129
35130
35131
35132
35162
35163
35164
35165
35166
35167
35198
35199
35200
35201
35202
35203
35234
35235
35236
35237
35238
35239
35270
35271
35272
35273
35274
35275
35425
35426
35427
35428
35429
35430
35461
35462
35463
35464
35465
35466
35497
35498
35499
35500
35501
35502
35533
35534
35535
35536
35537
35538
35569
35570
35571
35572
35573
35574
35605
35606
35607
35608
35609
35610
35641
35642
35643
35644
35645
35646
35677
35678
35679
35680
35681
35682
35713
35714
35715
35716
35717
35718
35749
35750
35751
35752
35753
35754
35785
35786
35787
35788
35789
35790
35821
35822
35823
35824
35825
35826
35857
35858
35859
35860
35861
35862
35890
35891
35892
35893
35921
35922
35923
35924
35952
35953
35954
35955
35983
35984
35985
35986
36014
36015
36016
36017
36045
36046
36047
36048
36076
36077
36078
36079
36110
36111
36112
36113
36114
36115
36116
36146
36147
36148
36149
36150
36151
36152
36182
36183
36184
36185
36186
36187
36188
36218
36219
36220
36221
36222
36223
36224
36254
36255
36256
36257
36258
36259
36260
36290
36291
36292
36293
36294
36295
36296
36326
36327
36328
36329
36330
36331
36332
36362
36363
36364
36365
36366
36367
36368
36398
36399
36400
36401
36402
36403
36404
36434
36435
36436
36437
36438
36439
36440
36470
36471
36472
36473
36474
36475
36476
36506
36507
36508
36509
36510
36511
36542
36543
36544
36545
36546
36547
36578
36579
36580
36581
36582
36583
36614
36615
36616
36617
36618
36619
36769
36770
36771
36772
36773
36774
36805
36806
36807
36808
36809
36810
36841
36842
36843
36844
36845
36846
36877
36878
36879
36880
36881
36882
36913
36914
36915
36916
36917
36918
36949
36950
36951
36952
36953
36954
36985
36986
36987
36988
36989
36990
37021
37022
37023
37024
37025
37026
37057
37058
37059
37060
37061
37062
37093
37094
37095
37096
37097
37098
37129
37130
37131
37132
37133
37134
37165
37166
37167
37168
37169
37170
37201
37202
37203
37204
37205
37206
37234
37235
37236
37237
37265
37266
37267
37268
37296
37297
37298
37299
37327
37328
37329
37330
37358
37359
37360
37361
37389
37390
37391
37392
37420
37421
37422
37423
37454
37455
37456
37457
37458
37459
37490
37491
37492
37493
37494
37495
37496
37526
37527
37528
37529
37530
37531
37532
37562
37563
37564
37565
37566
37567
37568
37598
37599
37600
37601
37602
37603
37604
37634
37635
37636
37637
37638
37639
37640
37670
37671
37672
37673
37674
37675
37676
37706
37707
37708
37709
37710
37711
37712
37742
37743
37744
37745
37746
37747
37748
37778
37779
37780
37781
37782
37783
37784
37814
37815
37816
37817
37818
37819
37820
37850
37851
37852
37853
37854
37855
37886
37887
37888
37889
37890
37891
37922
37923
37924
37925
37926
37927
37958
37959
37960
37961
37962
37963
37994
37995
37996
37997
37998
37999
38030
38031
38032
38033
38034
38035
38066
38067
38068
38069
38070
38071
38102
38103
38104
38105
38106
38107
38138
38139
38140
38141
38142
38143
38174
38175
38176
38177
38178
38179
38210
38211
38212
38213
38214
38215
38246
38247
38248
38249
38250
38251
38282
38283
38284
38285
38286
38287
38318
38319
38320
38321
38322
38323
38354
38355
38356
38357
38358
38359
38390
38391
38392
38393
38394
38395
38426
38427
38428
38429
38430
38431
38462
38463
38464
38465
38466
38467
38498
38499
38500
38501
38502
38503
38534
38535
38536
38537
38538
38539
38570
38571
38572
38573
38574
38575
38606
38607
38608
38609
38610
38611
38642
38643
38644
38645
38646
38647
38678
38679
38680
38681
38682
38683
38714
38715
38716
38717
38718
38719
38750
38751
38752
38753
38754
38755
38786
38787
38788
38789
38790
38791
38822
38823
38824
38825
38826
38827
38858
38859
38860
38861
38862
38863
38894
38895
38896
38897
38898
38899
38930
38931
38932
38933
38934
38935
38966
38967
38968
38969
38970
38971
39002
39003
39004
39005
39006
39007
39038
39039
39040
39041
39042
39043
39044
39074
39075
39076
39077
39078
39079
39080
39110
39111
39112
39113
39114
39115
39116
39146
39147
39148
39149
39150
39151
39152
39182
39183
39184
39185
39186
39187
39188
39218
39219
39220
39221
39222
39223
39224
39254
39255
39256
39257
39258
39259
39260
39290
39291
39292
39293
39294
39295
39296
39326
39327
39328
39329
39330
39331
39332
39362
39363
39364
39365
39366
39367
39398
39399
39400
39401
39402
39403
39434
39435
39436
39437
39438
39439
39470
39471
39472
39473
39474
39475
39506
39507
39508
39509
39510
39511
39542
39543
39544
39545
39546
39547
39578
39579
39580
39581
39582
39583
39614
39615
39616
39617
39618
39619
39650
39651
39652
39653
39654
39655
39686
39687
39688
39689
39690
39691
39722
39723
39724
39725
39726
39727
39758
39759
39760
39761
39762
39763
39794
39795
39796
39797
39798
39799
39830
39831
39832
39833
39834
39835
39866
39867
39868
39869
39870
39871
39902
39903
39904
39905
39906
39907
39938
39939
39940
39941
39942
39943
39974
39975
39976
39977
39978
39979
40010
40011
40012
40013
40014
40015
40046
40047
40048
40049
40050
40051
40082
40083
40084
40085
40086
40087
40118
40119
40120
40121
40122
40123
40154
40155
40156
40157
40158
40159
40190
40191
40192
40193
40194
40195
40226
40227
40228
40229
40230
40231
40262
40263
40264
40265
40266
40267
40298
40299
40300
40301
40302
40303
40334
40335
40336
40337
40338
40339
40370
40371
40372
40373
40374
40375
40406
40407
40408
40409
40410
40411
40442
40443
40444
40445
40446
40447
40478
40479
40480
40481
40482
40483
40514
40515
40516
40517
40518
40519
40550
40551
40552
40553
40554
40555
40586
40587
40588
40589
40590
40591
40592
40622
40623
40624
40625
40626
40627
40628
40658
40659
40660
40661
40662
40663
40664
40694
40695
40696
40697
40698
40699
40700
40730
40731
40732
40733
40734
40735
40736
40766
40767
40768
40769
40770
40771
40772
40802
40803
40804
40805
40806
40807
40808
40838
40839
40840
40841
40842
40843
40844
40874
40875
40876
40877
40878
40879
40910
40911
40912
40913
40914
40915
40946
40947
40948
40949
40950
40951
40982
40983
40984
40985
40986
40987
41018
41019
41020
41021
41022
41023
41054
41055
41056
41057
41058
41059
41090
41091
41092
41093
41094
41095
41126
41127
41128
41129
41130
41131
41162
41163
41164
41165
41166
41167
41198
41199
41200
41201
41202
41203
41234
41235
41236
41237
41238
41239
41270
41271
41272
41273
41274
41275
41306
41307
41308
41309
41310
41311
41342
41343
41344
41345
41346
41347
41378
41379
41380
41381
41382
41383
41414
41415
41416
41417
41418
41419
41450
41451
41452
41453
41454
41455
41486
41487
41488
41489
41490
41491
41522
41523
41524
41525
41526
41527
41558
41559
41560
41561
41562
41563
41594
41595
41596
41597
41598
41599
41630
41631
41632
41633
41634
41635
41666
41667
41668
41669
41670
41671
41702
41703
41704
41705
41706
41707
41738
41739
41740
41741
41742
41743
41774
41775
41776
41777
41778
41779
41810
41811
41812
41813
41814
41815
41846
41847
41848
41849
41850
41851
41882
41883
41884
41885
41886
41887
41918
41919
41920
41921
41922
41923
41954
41955
41956
41957
41958
41959
41990
41991
41992
41993
41994
41995
42026
42027
42028
42029
42030
42031
42062
42063
42064
42065
42066
42067
42098
42099
42100
42101
42102
42103
42134
42135
42136
42137
42138
42139
42140
42170
42171
42172
42173
42174
42175
42176
42206
42207
42208
42209
42210
42211
42212
42242
42243
42244
42245
42246
42247
42248
42278
42279
42280
42281
42282
42283
42284
42314
42315
42316
42317
42318
42319
42320
42350
42351
42352
42353
42354
42355
42356
42386
42387
42388
42389
42390
42391
42422
42423
42424
42425
42426
42427
42458
42459
42460
42461
42462
42463
42494
42495
42496
42497
42498
42499
42530
42531
42532
42533
42534
42535
42566
42567
42568
42569
42570
42571
42602
42603
42604
42605
42606
42607
42638
42639
42640
42641
42642
42643
42674
42675
42676
42677
42678
42679
42710
42711
42712
42713
42714
42715
42746
42747
42748
42749
42750
42751
42782
42783
42784
42785
42786
42787
42818
42819
42820
42821
42822
42823
42854
42855
42856
42857
42858
42859
42890
42891
42892
42893
42894
42895
42926
42927
42928
42929
42930
42931
42962
42963
42964
42965
42966
42967
42998
42999
43000
43001
43002
43003
43034
43035
43036
43037
43038
43039
43070
43071
43072
43073
43074
43075
43106
43107
43108
43109
43110
43111
43142
43143
43144
43145
43146
43147
43178
43179
43180
43181
43182
43183
43214
43215
43216
43217
43218
43219
43250
43251
43252
43253
43254
43255
43286
43287
43288
43289
43290
43291
43322
43323
43324
43325
43326
43327
43358
43359
43360
43361
43362
43363
43394
43395
43396
43397
43398
43399
43430
43431
43432
43433
43434
43435
43466
43467
43468
43469
43470
43471
43502
43503
43504
43505
43506
43507
43538
43539
43540
43541
43542
43543
43574
43575
43576
43577
43578
43579
43610
43611
43612
43613
43614
43615
43646
43647
43648
43649
43650
43651
43682
43683
43684
43685
43686
43687
43688
43718
43719
43720
43721
43722
43723
43724
43754
43755
43756
43757
43758
43759
43760
43790
43791
43792
43793
43794
43795
43796
43826
43827
43828
43829
43830
43831
43832
43862
43863
43864
43865
43866
43867
43868
43898
43899
43900
43901
43902
43903
43934
43935
43936
43937
43938
43939
43970
43971
43972
43973
43974
43975
44006
44007
44008
44009
44010
44011
44042
44043
44044
44045
44046
44047
44078
44079
44080
44081
44082
44083
44114
44115
44116
44117
44118
44119
44150
44151
44152
44153
44154
44155
44186
44187
44188
44189
44190
44191
44222
44223
44224
44225
44226
44227
44258
44259
44260
44261
44262
44263
44294
44295
44296
44297
44298
44299
44330
44331
44332
44333
44334
44335
44366
44367
44368
44369
44370
44371
44402
44403
44404
44405
44406
44407
44438
44439
44440
44441
44442
44443
44474
44475
44476
44477
44478
44479
44510
44511
44512
44513
44514
44515
44546
44547
44548
44549
44550
44551
44582
44583
44584
44585
44586
44587
44618
44619
44620
44621
44622
44623
44654
44655
44656
44657
44658
44659
44690
44691
44692
44693
44694
44695
44726
44727
44728
44729
44730
44731
44762
44763
44764
44765
44766
44767
44798
44799
44800
44801
44802
44803
44834
44835
44836
44837
44838
44839
44870
44871
44872
44873
44874
44875
44906
44907
44908
44909
44910
44911
44942
44943
44944
44945
44946
44947
44978
44979
44980
44981
44982
44983
45014
45015
45016
45017
45018
45019
45050
45051
45052
45053
45054
45055
45086
45087
45088
45089
45090
45091
45122
45123
45124
45125
45126
45127
45158
45159
45160
45161
45162
45163
45194
45195
45196
45197
45198
45199
45230
45231
45232
45233
45234
45235
45236
45266
45267
45268
45269
45270
45271
45272
45302
45303
45304
45305
45306
45307
45308
45338
45339
45340
45341
45342
45343
45344
45374
45375
45376
45377
45378
45379
45380
45410
45411
45412
45413
45414
45415
45446
45447
45448
45449
45450
45451
45482
45483
45484
45485
45486
45487
45518
45519
45520
45521
45522
45523
45554
45555
45556
45557
45558
45559
45590
45591
45592
45593
45594
45595
45626
45627
45628
45629
45630
45631
45662
45663
45664
45665
45666
45667
45698
45699
45700
45701
45702
45703
45734
45735
45736
45737
45738
45739
45770
45771
45772
45773
45774
45775
45806
45807
45808
45809
45810
45811
45842
45843
45844
45845
45846
45847
45878
45879
45880
45881
45882
45883
45914
45915
45916
45917
45918
45919
45950
45951
45952
45953
45954
45955
45986
45987
45988
45989
45990
45991
46022
46023
46024
46025
46026
46027
46058
46059
46060
46061
46062
46063
46094
46095
46096
46097
46098
46099
46130
46131
46132
46133
46134
46135
46166
46167
46168
46169
46170
46171
46202
46203
46204
46205
46206
46207
46238
46239
46240
46241
46242
46243
46274
46275
46276
46277
46278
46279
46310
46311
46312
46313
46314
46315
46346
46347
46348
46349
46350
46351
46382
46383
46384
46385
46386
46387
46418
46419
46420
46421
46422
46423
46454
46455
46456
46457
46458
46459
46490
46491
46492
46493
46494
46495
46526
46527
46528
46529
46530
46531
46562
46563
46564
46565
46566
46567
46598
46599
46600
46601
46602
46603
46634
46635
46636
46637
46638
46639
46670
46671
46672
46673
46674
46675
46706
46707
46708
46709
46710
46711
46742
46743
46744
46745
46746
46747
46778
46779
46780
46781
46782
46783
46784
46814
46815
46816
46817
46818
46819
46820
46850
46851
46852
46853
46854
46855
46856
46886
46887
46888
46889
46890
46891
46892
46922
46923
46924
46925
46926
46927
46958
46959
46960
46961
46962
46963
46994
46995
46996
46997
46998
46999
47030
47031
47032
47033
47034
47035
47066
47067
47068
47069
47070
47071
47102
47103
47104
47105
47106
47107
47138
47139
47140
47141
47142
47143
47174
47175
47176
47177
47178
47179
47210
47211
47212
47213
47214
47215
47246
47247
47248
47249
47250
47251
47282
47283
47284
47285
47286
47287
47318
47319
47320
47321
47322
47323
47354
47355
47356
47357
47358
47359
47390
47391
47392
47393
47394
47395
47426
47427
47428
47429
47430
47431
47462
47463
47464
47465
47466
47467
47498
47499
47500
47501
47502
47503
47534
47535
47536
47537
47538
47539
47570
47571
47572
47573
47574
47575
47606
47607
47608
47609
47610
47611
47642
47643
47644
47645
47646
47647
47678
47679
47680
47681
47682
47683
47714
47715
47716
47717
47718
47719
47750
47751
47752
47753
47754
47755
47786
47787
47788
47789
47790
47791
47822
47823
47824
47825
47826
47827
47858
47859
47860
47861
47862
47863
47894
47895
47896
47897
47898
47899
47930
47931
47932
47933
47934
47935
47966
47967
47968
47969
47970
47971
48002
48003
48004
48005
48006
48007
48038
48039
48040
48041
48042
48043
48074
48075
48076
48077
48078
48079
48110
48111
48112
48113
48114
48115
48146
48147
48148
48149
48150
48151
48182
48183
48184
48185
48186
48187
48218
48219
48220
48221
48222
48223
48254
48255
48256
48257
48258
48259
48290
48291
48292
48293
48294
48295
48326
48327
48328
48329
48330
48331
48332
48362
48363
48364
48365
48366
48367
48368
48398
48399
48400
48401
48402
48403
48404
48434
48435
48436
48437
48438
48439
48470
48471
48472
48473
48474
48475
48506
48507
48508
48509
48510
48511
48542
48543
48544
48545
48546
48547
48578
48579
48580
48581
48582
48583
48614
48615
48616
48617
48618
48619
48650
48651
48652
48653
48654
48655
48686
48687
48688
48689
48690
48691
48722
48723
48724
48725
48726
48727
48758
48759
48760
48761
48762
48763
48794
48795
48796
48797
48798
48799
48830
48831
48832
48833
48834
48835
48866
48867
48868
48869
48870
48871
48902
48903
48904
48905
48906
48907
48938
48939
48940
48941
48942
48943
48974
48975
48976
48977
48978
48979
49010
49011
49012
49013
49014
49015
49046
49047
49048
49049
49050
49051
49082
49083
49084
49085
49086
49087
49118
49119
49120
49121
49122
49123
49154
49155
49156
49157
49158
49159
49190
49191
49192
49193
49194
49195
49226
49227
49228
49229
49230
49231
49262
49263
49264
49265
49266
49267
49298
49299
49300
49301
49302
49303
49334
49335
49336
49337
49338
49339
49370
49371
49372
49373
49374
49375
49406
49407
49408
49409
49410
49411
49442
49443
49444
49445
49446
49447
49478
49479
49480
49481
49482
49483
49514
49515
49516
49517
49518
49519
49550
49551
49552
49553
49554
49555
49586
49587
49588
49589
49590
49591
49622
49623
49624
49625
49626
49627
49658
49659
49660
49661
49662
49663
49694
49695
49696
49697
49698
49699
49730
49731
49732
49733
49734
49735
49766
49767
49768
49769
49770
49771
49802
49803
49804
49805
49806
49807
49838
49839
49840
49841
49842
49843
49874
49875
49876
49877
49878
49879
49880
49910
49911
49912
49913
49914
49915
49916
49946
49947
49948
49949
49950
49951
49982
49983
49984
49985
49986
49987
50018
50019
50020
50021
50022
50023
50054
50055
50056
50057
50058
50059
50090
50091
50092
50093
50094
50095
50126
50127
50128
50129
50130
50131
50162
50163
50164
50165
50166
50167
50198
50199
50200
50201
50202
50203
50234
50235
50236
50237
50238
50239
50270
50271
50272
50273
50274
50275
50306
50307
50308
50309
50310
50311
50342
50343
50344
50345
50346
50347
50378
50379
50380
50381
50382
50383
50414
50415
50416
50417
50418
50419
50450
50451
50452
50453
50454
50455
50486
50487
50488
50489
50490
50491
50522
50523
50524
50525
50526
50527
50558
50559
50560
50561
50562
50563
50594
50595
50596
50597
50598
50599
50630
50631
50632
50633
50634
50635
50666
50667
50668
50669
50670
50671
50702
50703
50704
50705
50706
50707
50738
50739
50740
50741
50742
50743
50774
50775
50776
50777
50778
50779
50810
50811
50812
50813
50814
50815
50846
50847
50848
50849
50850
50851
50882
50883
50884
50885
50886
50887
50918
50919
50920
50921
50922
50923
50954
50955
50956
50957
50958
50959
50990
50991
50992
50993
50994
50995
51026
51027
51028
51029
51030
51031
51062
51063
51064
51065
51066
51067
51098
51099
51100
51101
51102
51103
51134
51135
51136
51137
51138
51139
51170
51171
51172
51173
51174
51175
51206
51207
51208
51209
51210
51211
51242
51243
51244
51245
51246
51247
51278
51279
51280
51281
51282
51283
51314
51315
51316
51317
51318
51319
51350
51351
51352
51353
51354
51355
51386
51387
51388
51389
51390
51391
51422
51423
51424
51425
51426
51427
51458
51459
51460
51461
51462
51463
51494
51495
51496
51497
51498
51499
51530
51531
51532
51533
51534
51535
51566
51567
51568
51569
51570
51571
51602
51603
51604
51605
51606
51607
51638
51639
51640
51641
51642
51643
51674
51675
51676
51677
51678
51679
51710
51711
51712
51713
51714
51715
51746
51747
51748
51749
51750
51751
51782
51783
51784
51785
51786
51787
51818
51819
51820
51821
51822
51823
51854
51855
51856
51857
51858
51859
51890
51891
51892
51893
51894
51895
51926
51927
51928
51929
51930
51931
51962
51963
51964
51965
51966
51967
51998
51999
52000
52001
52002
52003
52034
52035
52036
52037
52038
52039
52070
52071
52072
52073
52074
52075
52106
52107
52108
52109
52110
52111
52142
52143
52144
52145
52146
52147
52178
52179
52180
52181
52182
52183
52214
52215
52216
52217
52218
52219
52250
52251
52252
52253
52254
52255
52286
52287
52288
52289
52290
52291
52322
52323
52324
52325
52326
52327
52358
52359
52360
52361
52362
52363
52394
52395
52396
52397
52398
52399
52430
52431
52432
52433
52434
52435
52466
52467
52468
52469
52470
52471
52502
52503
52504
52505
52506
52507
52538
52539
52540
52541
52542
52543
52574
52575
52576
52577
52578
52579
52610
52611
52612
52613
52614
52615
52646
52647
52648
52649
52650
52651
52682
52683
52684
52685
52686
52687
52718
52719
52720
52721
52722
52723
52754
52755
52756
52757
52758
52759
52790
52791
52792
52793
52794
52795
52826
52827
52828
52829
52830
52831
52862
52863
52864
52865
52866
52867
52898
52899
52900
52901
52902
52903
52934
52935
52936
52937
52938
52939
52970
52971
52972
52973
52974
52975
53006
53007
53008
53009
53010
53011
53042
53043
53044
53045
53046
53047
53078
53079
53080
53081
53082
53083
53114
53115
53116
53117
53118
53119
53150
53151
53152
53153
53154
53155
53186
53187
53188
53189
53190
53191
53222
53223
53224
53225
53226
53227
53258
53259
53260
53261
53262
53263
53294
53295
53296
53297
53298
53299
53330
53331
53332
53333
53334
53335
53366
53367
53368
53369
53370
53371
53402
53403
53404
53405
53406
53407
53438
53439
53440
53441
53442
53443
53474
53475
53476
53477
53478
53479
53510
53511
53512
53513
53514
53515
53546
53547
53548
53549
53550
53551
53582
53583
53584
53585
53586
53587
53618
53619
53620
53621
53622
53623
53654
53655
53656
53657
53658
53659
53690
53691
53692
53693
53694
53695
53726
53727
53728
53729
53730
53731
53762
53763
53764
53765
53766
53767
53798
53799
53800
53801
53802
53803
53834
53835
53836
53837
53838
53839
53870
53871
53872
53873
53874
53875
53906
53907
53908
53909
53910
53911
53942
53943
53944
53945
53946
53947
53978
53979
53980
53981
53982
53983
54014
54015
54016
54017
54018
54019
54050
54051
54052
54053
54054
54055
54086
54087
54088
54089
54090
54091
54122
54123
54124
54125
54126
54127
54158
54159
54160
54161
54162
54163
54194
54195
54196
54197
54198
54199
54230
54231
54232
54233
54234
54235
54266
54267
54268
54269
54270
54271
54302
54303
54304
54305
54306
54307
54338
54339
54340
54341
54342
54343
54374
54375
54376
54377
54378
54379
54410
54411
54412
54413
54414
54415
54446
54447
54448
54449
54450
54451
54475
54476
54477
54478
54479
54480
54510
54511
54512
54513
54514
54515
54527
54528
54529
54534
54535
54536
54541
54542
54543
54549
54550
54556
54557
54563
54564
54570
54571
54576
54577
54578
54583
54584
54585
54590
54591
54592
54597
54598
54599
54605
54606
54612
54613
54619
54620
)


// ************************************************************************* //
