/*--------------------------------*- C++ -*----------------------------------*\
| =========                 |                                                 |
| \\      /  F ield         | OpenFOAM: The Open Source CFD Toolbox           |
|  \\    /   O peration     | Version:  2.3.1                                 |
|   \\  /    A nd           | Web:      www.OpenFOAM.org                      |
|    \\/     M anipulation  |                                                 |
\*---------------------------------------------------------------------------*/
FoamFile
{
    version     2.0;
    format      ascii;
    class       labelList;
    location    "constant/polyMesh";
    object      cellProcAddressing;
}
// * * * * * * * * * * * * * * * * * * * * * * * * * * * * * * * * * * * * * //


6852
(
30
31
32
33
34
65
66
67
68
69
100
101
102
103
104
135
136
137
138
139
170
171
172
173
174
205
206
207
208
209
240
241
242
243
244
276
277
278
279
311
312
313
314
346
347
348
349
381
382
383
384
416
417
418
419
451
452
453
454
486
487
488
489
521
522
523
524
556
557
558
559
591
592
593
594
626
627
628
629
661
662
663
664
696
697
698
699
731
732
733
734
766
767
768
769
801
802
803
804
836
837
838
839
871
872
873
874
906
907
908
909
941
942
943
944
976
977
978
979
1011
1012
1013
1014
1046
1047
1048
1049
1081
1082
1083
1084
1116
1117
1118
1119
1151
1152
1153
1154
1186
1187
1188
1189
1221
1222
1223
1224
1256
1257
1258
1259
1291
1292
1293
1294
1326
1327
1328
1329
1361
1362
1363
1364
1396
1397
1398
1399
1431
1432
1433
1434
1465
1466
1467
1468
1469
1500
1501
1502
1503
1504
1535
1536
1537
1538
1539
1570
1571
1572
1573
1574
1605
1606
1607
1608
1609
1640
1641
1642
1643
1644
1675
1676
1677
1678
1679
1710
1711
1712
1713
1714
1746
1747
1748
1749
1781
1782
1783
1784
1816
1817
1818
1819
1851
1852
1853
1854
1886
1887
1888
1889
1921
1922
1923
1924
1956
1957
1958
1959
1991
1992
1993
1994
2026
2027
2028
2029
2061
2062
2063
2064
2096
2097
2098
2099
2131
2132
2133
2134
2166
2167
2168
2169
2201
2202
2203
2204
2236
2237
2238
2239
2271
2272
2273
2274
2306
2307
2308
2309
2341
2342
2343
2344
2376
2377
2378
2379
2411
2412
2413
2414
2446
2447
2448
2449
2481
2482
2483
2484
2516
2517
2518
2519
2551
2552
2553
2554
2586
2587
2588
2589
2621
2622
2623
2624
2656
2657
2658
2659
2691
2692
2693
2694
2726
2727
2728
2729
2761
2762
2763
2764
2796
2797
2798
2799
2831
2832
2833
2834
2866
2867
2868
2869
2900
2901
2902
2903
2904
2935
2936
2937
2938
2939
2970
2971
2972
2973
2974
3005
3006
3007
3008
3009
3040
3041
3042
3043
3044
3075
3076
3077
3078
3079
3110
3111
3112
3113
3114
3145
3146
3147
3148
3149
3180
3181
3182
3183
3184
3216
3217
3218
3219
3251
3252
3253
3254
3286
3287
3288
3289
3321
3322
3323
3324
3356
3357
3358
3359
3391
3392
3393
3394
3426
3427
3428
3429
3461
3462
3463
3464
3496
3497
3498
3499
3531
3532
3533
3534
3566
3567
3568
3569
3601
3602
3603
3604
3636
3637
3638
3639
3671
3672
3673
3674
3706
3707
3708
3709
3741
3742
3743
3744
3776
3777
3778
3779
3811
3812
3813
3814
3846
3847
3848
3849
3881
3882
3883
3884
3916
3917
3918
3919
3951
3952
3953
3954
3986
3987
3988
3989
4021
4022
4023
4024
4056
4057
4058
4059
4091
4092
4093
4094
4126
4127
4128
4129
4161
4162
4163
4164
4196
4197
4198
4199
4231
4232
4233
4234
4266
4267
4268
4269
4301
4302
4303
4304
4335
4336
4337
4338
4339
4370
4371
4372
4373
4374
4405
4406
4407
4408
4409
4440
4441
4442
4443
4444
4475
4476
4477
4478
4479
4510
4511
4512
4513
4514
4545
4546
4547
4548
4549
4580
4581
4582
4583
4584
4615
4616
4617
4618
4619
4650
4651
4652
4653
4654
4686
4687
4688
4689
4721
4722
4723
4724
4756
4757
4758
4759
4791
4792
4793
4794
4826
4827
4828
4829
4861
4862
4863
4864
4896
4897
4898
4899
4931
4932
4933
4934
4966
4967
4968
4969
5001
5002
5003
5004
5036
5037
5038
5039
5071
5072
5073
5074
5106
5107
5108
5109
5141
5142
5143
5144
5176
5177
5178
5179
5211
5212
5213
5214
5246
5247
5248
5249
5281
5282
5283
5284
5316
5317
5318
5319
5351
5352
5353
5354
5386
5387
5388
5389
5421
5422
5423
5424
5456
5457
5458
5459
5491
5492
5493
5494
5526
5527
5528
5529
5561
5562
5563
5564
5596
5597
5598
5599
5631
5632
5633
5634
5666
5667
5668
5669
5701
5702
5703
5704
5736
5737
5738
5739
5770
5771
5772
5773
5774
5805
5806
5807
5808
5809
5840
5841
5842
5843
5844
5875
5876
5877
5878
5879
5910
5911
5912
5913
5914
5945
5946
5947
5948
5949
5980
5981
5982
5983
5984
6015
6016
6017
6018
6019
6050
6051
6052
6053
6054
6085
6086
6087
6088
6089
6120
6121
6122
6123
6124
6156
6157
6158
6159
6191
6192
6193
6194
6226
6227
6228
6229
6261
6262
6263
6264
6296
6297
6298
6299
6331
6332
6333
6334
6366
6367
6368
6369
6401
6402
6403
6404
6436
6437
6438
6439
6471
6472
6473
6474
6506
6507
6508
6509
6541
6542
6543
6544
6576
6577
6578
6579
6611
6612
6613
6614
6646
6647
6648
6649
6681
6682
6683
6684
6716
6717
6718
6719
6751
6752
6753
6754
6786
6787
6788
6789
6821
6822
6823
6824
6856
6857
6858
6859
6891
6892
6893
6894
6926
6927
6928
6929
6961
6962
6963
6964
6996
6997
6998
6999
7031
7032
7033
7034
7066
7067
7068
7069
7101
7102
7103
7104
7136
7137
7138
7139
7171
7172
7173
7174
7205
7206
7207
7208
7209
7240
7241
7242
7243
7244
7275
7276
7277
7278
7279
7310
7311
7312
7313
7314
7345
7346
7347
7348
7349
7380
7381
7382
7383
7384
7415
7416
7417
7418
7419
7450
7451
7452
7453
7454
7485
7486
7487
7488
7489
7520
7521
7522
7523
7524
7555
7556
7557
7558
7559
7590
7591
7592
7593
7594
7626
7627
7628
7629
7661
7662
7663
7664
7696
7697
7698
7699
7731
7732
7733
7734
7766
7767
7768
7769
7801
7802
7803
7804
7836
7837
7838
7839
7871
7872
7873
7874
7906
7907
7908
7909
7941
7942
7943
7944
7976
7977
7978
7979
8011
8012
8013
8014
8046
8047
8048
8049
8081
8082
8083
8084
8116
8117
8118
8119
8151
8152
8153
8154
8186
8187
8188
8189
8221
8222
8223
8224
8256
8257
8258
8259
8291
8292
8293
8294
8326
8327
8328
8329
8361
8362
8363
8364
8396
8397
8398
8399
8431
8432
8433
8434
8466
8467
8468
8469
8501
8502
8503
8504
8536
8537
8538
8539
8571
8572
8573
8574
8606
8607
8608
8609
9032
9033
9034
9035
9036
9067
9068
9069
9070
9071
9102
9103
9104
9105
9106
9117
9118
9119
9120
9121
9132
9133
9134
9135
9136
9147
9148
9149
9150
9151
9162
9163
9164
9165
9166
9177
9178
9179
9180
9181
9192
9193
9194
9195
9196
9207
9208
9209
9210
9211
9222
9223
9224
9225
9226
9257
9258
9259
9260
9261
9292
9293
9294
9295
9296
9327
9328
9329
9330
9331
9362
9363
9364
9365
9366
9398
9399
9400
9401
9433
9434
9435
9436
9468
9469
9470
9471
9503
9504
9505
9506
9538
9539
9540
9541
9573
9574
9575
9576
9608
9609
9610
9611
9643
9644
9645
9646
9672
9673
9674
9675
9701
9702
9703
9704
9730
9731
9732
9733
9759
9760
9761
9762
9788
9789
9790
9791
9817
9818
9819
9820
9846
9847
9848
9849
9875
9876
9877
9878
9910
9911
9912
9913
9945
9946
9947
9948
9980
9981
9982
9983
10015
10016
10017
10018
10050
10051
10052
10053
10085
10086
10087
10088
10120
10121
10122
10123
10155
10156
10157
10158
10190
10191
10192
10193
10225
10226
10227
10228
10259
10260
10261
10262
10263
10294
10295
10296
10297
10298
10329
10330
10331
10332
10333
10344
10345
10346
10347
10348
10359
10360
10361
10362
10363
10374
10375
10376
10377
10378
10389
10390
10391
10392
10393
10404
10405
10406
10407
10408
10419
10420
10421
10422
10423
10434
10435
10436
10437
10438
10449
10450
10451
10452
10453
10484
10485
10486
10487
10488
10519
10520
10521
10522
10523
10554
10555
10556
10557
10558
10589
10590
10591
10592
10593
10624
10625
10626
10627
10628
10660
10661
10662
10663
10695
10696
10697
10698
10730
10731
10732
10733
10765
10766
10767
10768
10800
10801
10802
10803
10835
10836
10837
10838
10870
10871
10872
10873
10899
10900
10901
10902
10928
10929
10930
10931
10957
10958
10959
10960
10986
10987
10988
10989
11015
11016
11017
11018
11044
11045
11046
11047
11073
11074
11075
11076
11102
11103
11104
11105
11137
11138
11139
11140
11172
11173
11174
11175
11207
11208
11209
11210
11242
11243
11244
11245
11277
11278
11279
11280
11312
11313
11314
11315
11347
11348
11349
11350
11382
11383
11384
11385
11417
11418
11419
11420
11452
11453
11454
11455
11486
11487
11488
11489
11490
11521
11522
11523
11524
11525
11556
11557
11558
11559
11560
11571
11572
11573
11574
11575
11586
11587
11588
11589
11590
11601
11602
11603
11604
11605
11616
11617
11618
11619
11620
11631
11632
11633
11634
11635
11646
11647
11648
11649
11650
11661
11662
11663
11664
11665
11676
11677
11678
11679
11680
11711
11712
11713
11714
11715
11746
11747
11748
11749
11750
11781
11782
11783
11784
11785
11816
11817
11818
11819
11820
11851
11852
11853
11854
11855
11886
11887
11888
11889
11890
11922
11923
11924
11925
11957
11958
11959
11960
11992
11993
11994
11995
12027
12028
12029
12030
12062
12063
12064
12065
12097
12098
12099
12100
12126
12127
12128
12129
12155
12156
12157
12158
12184
12185
12186
12187
12213
12214
12215
12216
12242
12243
12244
12245
12271
12272
12273
12274
12300
12301
12302
12303
12329
12330
12331
12332
12364
12365
12366
12367
12399
12400
12401
12402
12434
12435
12436
12437
12469
12470
12471
12472
12504
12505
12506
12507
12539
12540
12541
12542
12574
12575
12576
12577
12609
12610
12611
12612
12644
12645
12646
12647
12679
12680
12681
12682
12713
12714
12715
12716
12717
12748
12749
12750
12751
12752
12783
12784
12785
12786
12787
12798
12799
12800
12801
12802
12813
12814
12815
12816
12817
12828
12829
12830
12831
12832
12843
12844
12845
12846
12847
12858
12859
12860
12861
12862
12873
12874
12875
12876
12877
12888
12889
12890
12891
12892
12903
12904
12905
12906
12907
12938
12939
12940
12941
12942
12973
12974
12975
12976
12977
13008
13009
13010
13011
13012
13043
13044
13045
13046
13047
13078
13079
13080
13081
13082
13113
13114
13115
13116
13117
13148
13149
13150
13151
13152
13184
13185
13186
13187
13219
13220
13221
13222
13254
13255
13256
13257
13289
13290
13291
13292
13324
13325
13326
13327
13353
13354
13355
13356
13382
13383
13384
13385
13411
13412
13413
13414
13440
13441
13442
13443
13469
13470
13471
13472
13498
13499
13500
13501
13527
13528
13529
13530
13556
13557
13558
13559
13591
13592
13593
13594
13626
13627
13628
13629
13661
13662
13663
13664
13696
13697
13698
13699
13731
13732
13733
13734
13766
13767
13768
13769
13801
13802
13803
13804
13836
13837
13838
13839
13871
13872
13873
13874
13906
13907
13908
13909
13940
13941
13942
13943
13944
13975
13976
13977
13978
13979
14010
14011
14012
14013
14014
14025
14026
14027
14028
14029
14040
14041
14042
14043
14044
14055
14056
14057
14058
14059
14070
14071
14072
14073
14074
14085
14086
14087
14088
14089
14100
14101
14102
14103
14104
14115
14116
14117
14118
14119
14130
14131
14132
14133
14134
14165
14166
14167
14168
14169
14200
14201
14202
14203
14204
14235
14236
14237
14238
14239
14270
14271
14272
14273
14274
14305
14306
14307
14308
14309
14340
14341
14342
14343
14344
14375
14376
14377
14378
14379
14410
14411
14412
14413
14414
14446
14447
14448
14449
14481
14482
14483
14484
14516
14517
14518
14519
14551
14552
14553
14554
14580
14581
14582
14583
14609
14610
14611
14612
14638
14639
14640
14641
14667
14668
14669
14670
14696
14697
14698
14699
14725
14726
14727
14728
14754
14755
14756
14757
14783
14784
14785
14786
14818
14819
14820
14821
14853
14854
14855
14856
14888
14889
14890
14891
14923
14924
14925
14926
14958
14959
14960
14961
14993
14994
14995
14996
15028
15029
15030
15031
15063
15064
15065
15066
15098
15099
15100
15101
15133
15134
15135
15136
15167
15168
15169
15170
15171
15202
15203
15204
15205
15206
15237
15238
15239
15240
15241
15252
15253
15254
15255
15256
15267
15268
15269
15270
15271
15282
15283
15284
15285
15286
15297
15298
15299
15300
15301
15312
15313
15314
15315
15316
15327
15328
15329
15330
15331
15342
15343
15344
15345
15346
15357
15358
15359
15360
15361
15392
15393
15394
15395
15396
15427
15428
15429
15430
15431
15462
15463
15464
15465
15466
15497
15498
15499
15500
15501
15532
15533
15534
15535
15536
15567
15568
15569
15570
15571
15602
15603
15604
15605
15606
15637
15638
15639
15640
15641
15672
15673
15674
15675
15676
15708
15709
15710
15711
15743
15744
15745
15746
15778
15779
15780
15781
15807
15808
15809
15810
15836
15837
15838
15839
15865
15866
15867
15868
15894
15895
15896
15897
15923
15924
15925
15926
15952
15953
15954
15955
15981
15982
15983
15984
16010
16011
16012
16013
16045
16046
16047
16048
16080
16081
16082
16083
16115
16116
16117
16118
16150
16151
16152
16153
16185
16186
16187
16188
16220
16221
16222
16223
16255
16256
16257
16258
16290
16291
16292
16293
16325
16326
16327
16328
16360
16361
16362
16363
16394
16395
16396
16397
16398
16429
16430
16431
16432
16433
16464
16465
16466
16467
16468
16479
16480
16481
16482
16483
16494
16495
16496
16497
16498
16509
16510
16511
16512
16513
16524
16525
16526
16527
16528
16539
16540
16541
16542
16543
16554
16555
16556
16557
16558
16569
16570
16571
16572
16573
16584
16585
16586
16587
16588
16619
16620
16621
16622
16623
16654
16655
16656
16657
16658
16689
16690
16691
16692
16693
16724
16725
16726
16727
16728
16759
16760
16761
16762
16763
16794
16795
16796
16797
16798
16829
16830
16831
16832
16833
16864
16865
16866
16867
16868
16899
16900
16901
16902
16903
16934
16935
16936
16937
16938
16970
16971
16972
16973
17005
17006
17007
17008
17034
17035
17036
17037
17063
17064
17065
17066
17092
17093
17094
17095
17121
17122
17123
17124
17150
17151
17152
17153
17179
17180
17181
17182
17208
17209
17210
17211
17237
17238
17239
17240
17272
17273
17274
17275
17307
17308
17309
17310
17342
17343
17344
17345
17377
17378
17379
17380
17412
17413
17414
17415
17447
17448
17449
17450
17482
17483
17484
17485
17517
17518
17519
17520
17552
17553
17554
17555
17587
17588
17589
17590
17621
17622
17623
17624
17625
17656
17657
17658
17659
17660
17691
17692
17693
17694
17695
17706
17707
17708
17709
17710
17721
17722
17723
17724
17725
17736
17737
17738
17739
17740
17751
17752
17753
17754
17755
17766
17767
17768
17769
17770
17781
17782
17783
17784
17785
17796
17797
17798
17799
17800
17811
17812
17813
17814
17815
17846
17847
17848
17849
17850
17881
17882
17883
17884
17885
17916
17917
17918
17919
17920
17951
17952
17953
17954
17955
17986
17987
17988
17989
17990
18021
18022
18023
18024
18025
18056
18057
18058
18059
18060
18091
18092
18093
18094
18095
18126
18127
18128
18129
18130
18161
18162
18163
18164
18165
18196
18197
18198
18199
18200
18232
18233
18234
18235
18261
18262
18263
18264
18290
18291
18292
18293
18319
18320
18321
18322
18348
18349
18350
18351
18377
18378
18379
18380
18406
18407
18408
18409
18435
18436
18437
18438
18464
18465
18466
18467
18499
18500
18501
18502
18534
18535
18536
18537
18569
18570
18571
18572
18604
18605
18606
18607
18639
18640
18641
18642
18674
18675
18676
18677
18709
18710
18711
18712
18744
18745
18746
18747
18779
18780
18781
18782
18814
18815
18816
18817
18848
18849
18850
18851
18852
18883
18884
18885
18886
18887
18918
18919
18920
18921
18922
18933
18934
18935
18936
18937
18948
18949
18950
18951
18952
18963
18964
18965
18966
18967
18978
18979
18980
18981
18982
18993
18994
18995
18996
18997
19008
19009
19010
19011
19012
19023
19024
19025
19026
19027
19038
19039
19040
19041
19042
19073
19074
19075
19076
19077
19108
19109
19110
19111
19112
19143
19144
19145
19146
19147
19178
19179
19180
19181
19182
19213
19214
19215
19216
19217
19248
19249
19250
19251
19252
19283
19284
19285
19286
19287
19318
19319
19320
19321
19322
19353
19354
19355
19356
19357
19388
19389
19390
19391
19392
19423
19424
19425
19426
19427
19458
19459
19460
19461
19462
19488
19489
19490
19491
19517
19518
19519
19520
19546
19547
19548
19549
19575
19576
19577
19578
19604
19605
19606
19607
19633
19634
19635
19636
19662
19663
19664
19665
19691
19692
19693
19694
19726
19727
19728
19729
19761
19762
19763
19764
19796
19797
19798
19799
19831
19832
19833
19834
19866
19867
19868
19869
19901
19902
19903
19904
19936
19937
19938
19939
19971
19972
19973
19974
20006
20007
20008
20009
20041
20042
20043
20044
20075
20076
20077
20078
20079
20110
20111
20112
20113
20114
20145
20146
20147
20148
20149
20160
20161
20162
20163
20164
20175
20176
20177
20178
20179
20190
20191
20192
20193
20194
20205
20206
20207
20208
20209
20220
20221
20222
20223
20224
20235
20236
20237
20238
20239
20250
20251
20252
20253
20254
20265
20266
20267
20268
20269
20300
20301
20302
20303
20304
20335
20336
20337
20338
20339
20370
20371
20372
20373
20374
20405
20406
20407
20408
20409
20440
20441
20442
20443
20444
20475
20476
20477
20478
20479
20510
20511
20512
20513
20514
20545
20546
20547
20548
20549
20580
20581
20582
20583
20584
20615
20616
20617
20618
20619
20650
20651
20652
20653
20654
20685
20686
20687
20688
20689
20714
20715
20716
20717
20718
20744
20745
20746
20747
20773
20774
20775
20776
20802
20803
20804
20805
20831
20832
20833
20834
20860
20861
20862
20863
20889
20890
20891
20892
20918
20919
20920
20921
20953
20954
20955
20956
20988
20989
20990
20991
21023
21024
21025
21026
21058
21059
21060
21061
21093
21094
21095
21096
21128
21129
21130
21131
21163
21164
21165
21166
21198
21199
21200
21201
21233
21234
21235
21236
21268
21269
21270
21271
21302
21303
21304
21305
21306
21337
21338
21339
21340
21341
21372
21373
21374
21375
21376
21387
21388
21389
21390
21391
21402
21403
21404
21405
21406
21417
21418
21419
21420
21421
21432
21433
21434
21435
21436
21447
21448
21449
21450
21451
21462
21463
21464
21465
21466
21477
21478
21479
21480
21481
21492
21493
21494
21495
21496
21527
21528
21529
21530
21531
21562
21563
21564
21565
21566
21597
21598
21599
21600
21601
21632
21633
21634
21635
21636
21667
21668
21669
21670
21671
21702
21703
21704
21705
21706
21737
21738
21739
21740
21741
21772
21773
21774
21775
21776
21807
21808
21809
21810
21811
21842
21843
21844
21845
21846
21877
21878
21879
21880
21881
21912
21913
21914
21915
21916
21941
21942
21943
21944
21945
21970
21971
21972
21973
21974
22000
22001
22002
22003
22029
22030
22031
22032
22058
22059
22060
22061
22087
22088
22089
22090
22116
22117
22118
22119
22145
22146
22147
22148
22180
22181
22182
22183
22215
22216
22217
22218
22250
22251
22252
22253
22285
22286
22287
22288
22320
22321
22322
22323
22355
22356
22357
22358
22390
22391
22392
22393
22425
22426
22427
22428
22460
22461
22462
22463
22495
22496
22497
22498
22529
22530
22531
22532
22533
22564
22565
22566
22567
22568
22599
22600
22601
22602
22603
22614
22615
22616
22617
22618
22629
22630
22631
22632
22633
22644
22645
22646
22647
22648
22659
22660
22661
22662
22663
22674
22675
22676
22677
22678
22689
22690
22691
22692
22693
22704
22705
22706
22707
22708
22719
22720
22721
22722
22723
22754
22755
22756
22757
22758
22789
22790
22791
22792
22793
22824
22825
22826
22827
22828
22859
22860
22861
22862
22863
22894
22895
22896
22897
22898
22929
22930
22931
22932
22933
22964
22965
22966
22967
22968
22999
23000
23001
23002
23003
23034
23035
23036
23037
23038
23069
23070
23071
23072
23073
23104
23105
23106
23107
23108
23139
23140
23141
23142
23143
23168
23169
23170
23171
23172
23197
23198
23199
23200
23201
23226
23227
23228
23229
23230
23256
23257
23258
23259
23285
23286
23287
23288
23314
23315
23316
23317
23343
23344
23345
23346
23372
23373
23374
23375
23407
23408
23409
23410
23442
23443
23444
23445
23477
23478
23479
23480
23512
23513
23514
23515
23547
23548
23549
23550
23582
23583
23584
23585
23617
23618
23619
23620
23652
23653
23654
23655
23687
23688
23689
23690
23722
23723
23724
23725
23756
23757
23758
23759
23760
23791
23792
23793
23794
23795
23826
23827
23828
23829
23830
23841
23842
23843
23844
23845
23856
23857
23858
23859
23860
23871
23872
23873
23874
23875
23886
23887
23888
23889
23890
23901
23902
23903
23904
23905
23916
23917
23918
23919
23920
23931
23932
23933
23934
23935
23946
23947
23948
23949
23950
23981
23982
23983
23984
23985
24016
24017
24018
24019
24020
24051
24052
24053
24054
24055
24086
24087
24088
24089
24090
24121
24122
24123
24124
24125
24156
24157
24158
24159
24160
24191
24192
24193
24194
24195
24226
24227
24228
24229
24230
24261
24262
24263
24264
24265
24296
24297
24298
24299
24300
24331
24332
24333
24334
24335
24366
24367
24368
24369
24370
24395
24396
24397
24398
24399
24424
24425
24426
24427
24428
24453
24454
24455
24456
24457
24482
24483
24484
24485
24486
24512
24513
24514
24515
24541
24542
24543
24544
24570
24571
24572
24573
24599
24600
24601
24602
24634
24635
24636
24637
24669
24670
24671
24672
24704
24705
24706
24707
24739
24740
24741
24742
24774
24775
24776
24777
24809
24810
24811
24812
24844
24845
24846
24847
24879
24880
24881
24882
24914
24915
24916
24917
24949
24950
24951
24952
24983
24984
24985
24986
24987
25018
25019
25020
25021
25022
25053
25054
25055
25056
25057
25068
25069
25070
25071
25072
25083
25084
25085
25086
25087
25098
25099
25100
25101
25102
25113
25114
25115
25116
25117
25128
25129
25130
25131
25132
25143
25144
25145
25146
25147
25158
25159
25160
25161
25162
25173
25174
25175
25176
25177
25208
25209
25210
25211
25212
25243
25244
25245
25246
25247
25278
25279
25280
25281
25282
25313
25314
25315
25316
25317
25348
25349
25350
25351
25352
25383
25384
25385
25386
25387
25418
25419
25420
25421
25422
25453
25454
25455
25456
25457
25488
25489
25490
25491
25492
25523
25524
25525
25526
25527
25558
25559
25560
25561
25562
25593
25594
25595
25596
25597
25622
25623
25624
25625
25626
25651
25652
25653
25654
25655
25680
25681
25682
25683
25684
25709
25710
25711
25712
25713
25738
25739
25740
25741
25742
25768
25769
25770
25771
25797
25798
25799
25800
25826
25827
25828
25829
25861
25862
25863
25864
25896
25897
25898
25899
25931
25932
25933
25934
25966
25967
25968
25969
26001
26002
26003
26004
26036
26037
26038
26039
26071
26072
26073
26074
26106
26107
26108
26109
26141
26142
26143
26144
26176
26177
26178
26179
26210
26211
26212
26213
26214
26245
26246
26247
26248
26249
26280
26281
26282
26283
26284
26295
26296
26297
26298
26299
26310
26311
26312
26313
26314
26325
26326
26327
26328
26329
26340
26341
26342
26343
26344
26355
26356
26357
26358
26359
26370
26371
26372
26373
26374
26385
26386
26387
26388
26389
26400
26401
26402
26403
26404
26435
26436
26437
26438
26439
26470
26471
26472
26473
26474
26505
26506
26507
26508
26509
26540
26541
26542
26543
26544
26575
26576
26577
26578
26579
26610
26611
26612
26613
26614
26645
26646
26647
26648
26649
26680
26681
26682
26683
26684
26715
26716
26717
26718
26719
26750
26751
26752
26753
26754
26785
26786
26787
26788
26789
26820
26821
26822
26823
26824
26849
26850
26851
26852
26853
26878
26879
26880
26881
26882
26907
26908
26909
26910
26911
26936
26937
26938
26939
26940
26965
26966
26967
26968
26969
26994
26995
26996
26997
26998
27023
27024
27025
27026
27027
27053
27054
27055
27056
27088
27089
27090
27091
27123
27124
27125
27126
27158
27159
27160
27161
27193
27194
27195
27196
27228
27229
27230
27231
27263
27264
27265
27266
27298
27299
27300
27301
27333
27334
27335
27336
27368
27369
27370
27371
27403
27404
27405
27406
27437
27438
27439
27440
27441
27472
27473
27474
27475
27476
27507
27508
27509
27510
27511
27522
27523
27524
27525
27526
27537
27538
27539
27540
27541
27552
27553
27554
27555
27556
27567
27568
27569
27570
27571
27582
27583
27584
27585
27586
27597
27598
27599
27600
27601
27612
27613
27614
27615
27616
27627
27628
27629
27630
27631
27662
27663
27664
27665
27666
27697
27698
27699
27700
27701
27732
27733
27734
27735
27736
27767
27768
27769
27770
27771
27802
27803
27804
27805
27806
27837
27838
27839
27840
27841
27872
27873
27874
27875
27876
27907
27908
27909
27910
27911
27942
27943
27944
27945
27946
27977
27978
27979
27980
27981
28012
28013
28014
28015
28016
28047
28048
28049
28050
28051
28076
28077
28078
28079
28080
28105
28106
28107
28108
28109
28134
28135
28136
28137
28138
28163
28164
28165
28166
28167
28192
28193
28194
28195
28196
28221
28222
28223
28224
28225
28250
28251
28252
28253
28254
28279
28280
28281
28282
28283
28315
28316
28317
28318
28350
28351
28352
28353
28385
28386
28387
28388
28420
28421
28422
28423
28455
28456
28457
28458
28490
28491
28492
28493
28525
28526
28527
28528
28560
28561
28562
28563
28595
28596
28597
28598
28630
28631
28632
28633
28664
28665
28666
28667
28668
28699
28700
28701
28702
28703
28734
28735
28736
28737
28738
28749
28750
28751
28752
28753
28764
28765
28766
28767
28768
28779
28780
28781
28782
28783
28794
28795
28796
28797
28798
28809
28810
28811
28812
28813
28824
28825
28826
28827
28828
28839
28840
28841
28842
28843
28854
28855
28856
28857
28858
28889
28890
28891
28892
28893
28924
28925
28926
28927
28928
28959
28960
28961
28962
28963
28994
28995
28996
28997
28998
29029
29030
29031
29032
29033
29064
29065
29066
29067
29068
29099
29100
29101
29102
29103
29134
29135
29136
29137
29138
29169
29170
29171
29172
29173
29204
29205
29206
29207
29208
29239
29240
29241
29242
29243
29274
29275
29276
29277
29278
29303
29304
29305
29306
29307
29332
29333
29334
29335
29336
29361
29362
29363
29364
29365
29390
29391
29392
29393
29394
29419
29420
29421
29422
29423
29448
29449
29450
29451
29452
29477
29478
29479
29480
29481
29506
29507
29508
29509
29510
29541
29542
29543
29544
29545
29577
29578
29579
29580
29612
29613
29614
29615
29647
29648
29649
29650
29682
29683
29684
29685
29717
29718
29719
29720
29752
29753
29754
29755
29787
29788
29789
29790
29822
29823
29824
29825
29857
29858
29859
29860
29891
29892
29893
29894
29895
29926
29927
29928
29929
29930
29961
29962
29963
29964
29965
29976
29977
29978
29979
29980
29991
29992
29993
29994
29995
30006
30007
30008
30009
30010
30021
30022
30023
30024
30025
30036
30037
30038
30039
30040
30051
30052
30053
30054
30055
30066
30067
30068
30069
30070
30081
30082
30083
30084
30085
30116
30117
30118
30119
30120
30151
30152
30153
30154
30155
30186
30187
30188
30189
30190
30221
30222
30223
30224
30225
30256
30257
30258
30259
30260
30291
30292
30293
30294
30295
30326
30327
30328
30329
30330
30361
30362
30363
30364
30365
30396
30397
30398
30399
30400
30431
30432
30433
30434
30435
30466
30467
30468
30469
30470
30501
30502
30503
30504
30505
30530
30531
30532
30533
30534
30559
30560
30561
30562
30563
30588
30589
30590
30591
30592
30617
30618
30619
30620
30621
30646
30647
30648
30649
30650
30675
30676
30677
30678
30679
30704
30705
30706
30707
30708
30733
30734
30735
30736
30737
30768
30769
30770
30771
30772
30803
30804
30805
30806
30807
30839
30840
30841
30842
30874
30875
30876
30877
30909
30910
30911
30912
30944
30945
30946
30947
30979
30980
30981
30982
31014
31015
31016
31017
31049
31050
31051
31052
31084
31085
31086
31087
31118
31119
31120
31121
31122
31153
31154
31155
31156
31157
31188
31189
31190
31191
31192
31203
31204
31205
31206
31207
31218
31219
31220
31221
31222
31233
31234
31235
31236
31237
31248
31249
31250
31251
31252
31263
31264
31265
31266
31267
31278
31279
31280
31281
31282
31293
31294
31295
31296
31297
31308
31309
31310
31311
31312
31343
31344
31345
31346
31347
31378
31379
31380
31381
31382
31413
31414
31415
31416
31417
31448
31449
31450
31451
31452
31483
31484
31485
31486
31487
31518
31519
31520
31521
31522
31553
31554
31555
31556
31557
31588
31589
31590
31591
31592
31623
31624
31625
31626
31627
31658
31659
31660
31661
31662
31693
31694
31695
31696
31697
31728
31729
31730
31731
31732
31757
31758
31759
31760
31761
31786
31787
31788
31789
31790
31815
31816
31817
31818
31819
31844
31845
31846
31847
31848
31873
31874
31875
31876
31877
31902
31903
31904
31905
31906
31931
31932
31933
31934
31935
31960
31961
31962
31963
31964
31995
31996
31997
31998
31999
32030
32031
32032
32033
32034
32065
32066
32067
32068
32069
32101
32102
32103
32104
32136
32137
32138
32139
32171
32172
32173
32174
32206
32207
32208
32209
32241
32242
32243
32244
32276
32277
32278
32279
32311
32312
32313
32314
32345
32346
32347
32348
32349
32380
32381
32382
32383
32384
32415
32416
32417
32418
32419
32430
32431
32432
32433
32434
32445
32446
32447
32448
32449
32460
32461
32462
32463
32464
32475
32476
32477
32478
32479
32490
32491
32492
32493
32494
32505
32506
32507
32508
32509
32520
32521
32522
32523
32524
32535
32536
32537
32538
32539
32570
32571
32572
32573
32574
32605
32606
32607
32608
32609
32640
32641
32642
32643
32644
32675
32676
32677
32678
32679
32710
32711
32712
32713
32714
32745
32746
32747
32748
32749
32780
32781
32782
32783
32784
32815
32816
32817
32818
32819
32850
32851
32852
32853
32854
32885
32886
32887
32888
32889
32920
32921
32922
32923
32924
32955
32956
32957
32958
32959
32984
32985
32986
32987
32988
33013
33014
33015
33016
33017
33042
33043
33044
33045
33046
33071
33072
33073
33074
33075
33100
33101
33102
33103
33104
33129
33130
33131
33132
33133
33158
33159
33160
33161
33162
33187
33188
33189
33190
33191
33222
33223
33224
33225
33226
33257
33258
33259
33260
33261
33292
33293
33294
33295
33296
33327
33328
33329
33330
33331
33363
33364
33365
33366
33398
33399
33400
33401
33433
33434
33435
33436
33468
33469
33470
33471
33503
33504
33505
33506
33538
33539
33540
33541
33572
33573
33574
33575
33576
33607
33608
33609
33610
33611
33642
33643
33644
33645
33646
33677
33678
33679
33680
33681
33712
33713
33714
33715
33716
33747
33748
33749
33750
33751
33782
33783
33784
33785
33786
33817
33818
33819
33820
33821
33852
33853
33854
33855
33856
33887
33888
33889
33890
33891
33922
33923
33924
33925
33926
33957
33958
33959
33960
33961
33992
33993
33994
33995
33996
34027
34028
34029
34030
34031
34062
34063
34064
34065
34066
34097
34098
34099
34100
34101
34132
34133
34134
34135
34136
34167
34168
34169
34170
34171
34202
34203
34204
34205
34206
34237
34238
34239
34240
34241
34272
34273
34274
34275
34276
34307
34308
34309
34310
34311
34342
34343
34344
34345
34346
34377
34378
34379
34380
34381
34412
34413
34414
34415
34416
34447
34448
34449
34450
34451
34482
34483
34484
34485
34486
34517
34518
34519
34520
34521
34552
34553
34554
34555
34556
34587
34588
34589
34590
34591
34622
34623
34624
34625
34626
34657
34658
34659
34660
34661
34692
34693
34694
34695
34696
34727
34728
34729
34730
34731
34762
34763
34764
34765
34766
34797
34798
34799
34800
34801
34833
34834
34835
34836
34868
34869
34870
34871
34903
34904
34905
34906
34938
34939
34940
34941
34973
34974
34975
34976
35007
35008
35009
35010
35011
35042
35043
35044
35045
35046
35077
35078
35079
35080
35081
35112
35113
35114
35115
35116
35147
35148
35149
35150
35151
35182
35183
35184
35185
35186
35217
35218
35219
35220
35221
35252
35253
35254
35255
35256
35287
35288
35289
35290
35291
35322
35323
35324
35325
35326
35357
35358
35359
35360
35361
35392
35393
35394
35395
35396
35427
35428
35429
35430
35431
35462
35463
35464
35465
35466
35497
35498
35499
35500
35501
35532
35533
35534
35535
35536
35567
35568
35569
35570
35571
35602
35603
35604
35605
35606
35637
35638
35639
35640
35641
35672
35673
35674
35675
35676
35707
35708
35709
35710
35711
35742
35743
35744
35745
35746
35777
35778
35779
35780
35781
35812
35813
35814
35815
35816
35847
35848
35849
35850
35851
35882
35883
35884
35885
35886
35917
35918
35919
35920
35921
35952
35953
35954
35955
35956
35987
35988
35989
35990
35991
36022
36023
36024
36025
36026
36057
36058
36059
36060
36061
36092
36093
36094
36095
36096
36127
36128
36129
36130
36131
36162
36163
36164
36165
36166
36197
36198
36199
36200
36201
36232
36233
36234
36235
36236
36267
36268
36269
36270
36271
36303
36304
36305
36306
36338
36339
36340
36341
36373
36374
36375
36376
36408
36409
36410
36411
36442
36443
36444
36445
36446
36477
36478
36479
36480
36481
36512
36513
36514
36515
36516
36547
36548
36549
36550
36551
36582
36583
36584
36585
36586
36617
36618
36619
36620
36621
36652
36653
36654
36655
36656
36687
36688
36689
36690
36691
36722
36723
36724
36725
36726
36757
36758
36759
36760
36761
36792
36793
36794
36795
36796
36827
36828
36829
36830
36831
36862
36863
36864
36865
36866
36897
36898
36899
36900
36901
36932
36933
36934
36935
36936
36967
36968
36969
36970
36971
37002
37003
37004
37005
37006
37037
37038
37039
37040
37041
37072
37073
37074
37075
37076
37107
37108
37109
37110
37111
37142
37143
37144
37145
37146
37177
37178
37179
37180
37181
37212
37213
37214
37215
37216
37247
37248
37249
37250
37251
37282
37283
37284
37285
37286
37317
37318
37319
37320
37321
37352
37353
37354
37355
37356
37387
37388
37389
37390
37391
37422
37423
37424
37425
37426
37457
37458
37459
37460
37461
37492
37493
37494
37495
37496
37527
37528
37529
37530
37531
37562
37563
37564
37565
37566
37597
37598
37599
37600
37601
37632
37633
37634
37635
37636
37667
37668
37669
37670
37671
37702
37703
37704
37705
37706
37737
37738
37739
37740
37741
37773
37774
37775
37776
37808
37809
37810
37811
37843
37844
37845
37846
37877
37878
37879
37880
37881
37912
37913
37914
37915
37916
37947
37948
37949
37950
37951
37982
37983
37984
37985
37986
38017
38018
38019
38020
38021
38052
38053
38054
38055
38056
38087
38088
38089
38090
38091
38122
38123
38124
38125
38126
38157
38158
38159
38160
38161
38192
38193
38194
38195
38196
38227
38228
38229
38230
38231
38262
38263
38264
38265
38266
38297
38298
38299
38300
38301
38332
38333
38334
38335
38336
38367
38368
38369
38370
38371
38402
38403
38404
38405
38406
38437
38438
38439
38440
38441
38472
38473
38474
38475
38476
38507
38508
38509
38510
38511
38542
38543
38544
38545
38546
38577
38578
38579
38580
38581
38612
38613
38614
38615
38616
38647
38648
38649
38650
38651
38682
38683
38684
38685
38686
38717
38718
38719
38720
38721
38752
38753
38754
38755
38756
38787
38788
38789
38790
38791
38822
38823
38824
38825
38826
38857
38858
38859
38860
38861
38892
38893
38894
38895
38896
38927
38928
38929
38930
38931
38962
38963
38964
38965
38966
38997
38998
38999
39000
39001
39032
39033
39034
39035
39036
39067
39068
39069
39070
39071
39102
39103
39104
39105
39106
39137
39138
39139
39140
39141
39172
39173
39174
39175
39176
39207
39208
39209
39210
39211
39243
39244
39245
39246
39278
39279
39280
39281
39312
39313
39314
39315
39316
39347
39348
39349
39350
39351
39382
39383
39384
39385
39386
39417
39418
39419
39420
39421
39452
39453
39454
39455
39456
39487
39488
39489
39490
39491
39522
39523
39524
39525
39526
39557
39558
39559
39560
39561
39592
39593
39594
39595
39596
39627
39628
39629
39630
39631
39662
39663
39664
39665
39666
39697
39698
39699
39700
39701
39732
39733
39734
39735
39736
39767
39768
39769
39770
39771
39802
39803
39804
39805
39806
39837
39838
39839
39840
39841
39872
39873
39874
39875
39876
39907
39908
39909
39910
39911
39942
39943
39944
39945
39946
39977
39978
39979
39980
39981
40012
40013
40014
40015
40016
40047
40048
40049
40050
40051
40082
40083
40084
40085
40086
40117
40118
40119
40120
40121
40152
40153
40154
40155
40156
40187
40188
40189
40190
40191
40222
40223
40224
40225
40226
40257
40258
40259
40260
40261
40292
40293
40294
40295
40296
40327
40328
40329
40330
40331
40362
40363
40364
40365
40366
40397
40398
40399
40400
40401
40432
40433
40434
40435
40436
40467
40468
40469
40470
40471
40502
40503
40504
40505
40506
40537
40538
40539
40540
40541
40572
40573
40574
40575
40576
40607
40608
40609
40610
40611
40642
40643
40644
40645
40646
40677
40678
40679
40680
40681
40713
40714
40715
40716
40747
40748
40749
40750
40751
40782
40783
40784
40785
40786
40817
40818
40819
40820
40821
40852
40853
40854
40855
40856
40887
40888
40889
40890
40891
40922
40923
40924
40925
40926
40957
40958
40959
40960
40961
40992
40993
40994
40995
40996
41027
41028
41029
41030
41031
41062
41063
41064
41065
41066
41097
41098
41099
41100
41101
41132
41133
41134
41135
41136
41167
41168
41169
41170
41171
41202
41203
41204
41205
41206
41237
41238
41239
41240
41241
41272
41273
41274
41275
41276
41307
41308
41309
41310
41311
41342
41343
41344
41345
41346
41377
41378
41379
41380
41381
41412
41413
41414
41415
41416
41447
41448
41449
41450
41451
41482
41483
41484
41485
41486
41517
41518
41519
41520
41521
41552
41553
41554
41555
41556
41587
41588
41589
41590
41591
41622
41623
41624
41625
41626
41657
41658
41659
41660
41661
41692
41693
41694
41695
41696
41727
41728
41729
41730
41731
41762
41763
41764
41765
41766
41797
41798
41799
41800
41801
41832
41833
41834
41835
41836
41867
41868
41869
41870
41871
41902
41903
41904
41905
41906
41937
41938
41939
41940
41941
41972
41973
41974
41975
41976
42007
42008
42009
42010
42011
42042
42043
42044
42045
42046
42077
42078
42079
42080
42081
42112
42113
42114
42115
42116
42147
42148
42149
42150
42151
42182
42183
42184
42185
42186
42217
42218
42219
42220
42221
42252
42253
42254
42255
42256
42287
42288
42289
42290
42291
42322
42323
42324
42325
42326
42357
42358
42359
42360
42361
42392
42393
42394
42395
42396
42427
42428
42429
42430
42431
42462
42463
42464
42465
42466
42497
42498
42499
42500
42501
42532
42533
42534
42535
42536
42567
42568
42569
42570
42571
42602
42603
42604
42605
42606
42637
42638
42639
42640
42641
42672
42673
42674
42675
42676
42707
42708
42709
42710
42711
42742
42743
42744
42745
42746
42777
42778
42779
42780
42781
42812
42813
42814
42815
42816
42847
42848
42849
42850
42851
42882
42883
42884
42885
42886
42917
42918
42919
42920
42921
42952
42953
42954
42955
42956
42987
42988
42989
42990
42991
43022
43023
43024
43025
43026
43057
43058
43059
43060
43061
43092
43093
43094
43095
43096
43127
43128
43129
43130
43131
43162
43163
43164
43165
43166
43197
43198
43199
43200
43201
43232
43233
43234
43235
43236
43267
43268
43269
43270
43271
43302
43303
43304
43305
43306
43337
43338
43339
43340
43341
43372
43373
43374
43375
43376
43407
43408
43409
43410
43411
43442
43443
43444
43445
43446
43477
43478
43479
43480
43481
43512
43513
43514
43515
43516
43547
43548
43549
43550
43551
43582
43583
43584
43585
43586
43617
43618
43619
43620
43621
43652
43653
43654
43655
43656
43687
43688
43689
43690
43691
43722
43723
43724
43725
43726
43757
43758
43759
43760
43761
43792
43793
43794
43795
43796
43827
43828
43829
43830
43831
43862
43863
43864
43865
43866
43897
43898
43899
43900
43901
43932
43933
43934
43935
43936
43967
43968
43969
43970
43971
44002
44003
44004
44005
44006
44037
44038
44039
44040
44041
44072
44073
44074
44075
44076
44107
44108
44109
44110
44111
44142
44143
44144
44145
44146
44177
44178
44179
44180
44181
44212
44213
44214
44215
44216
44247
44248
44249
44250
44251
44282
44283
44284
44285
44286
44317
44318
44319
44320
44321
44352
44353
44354
44355
44356
44387
44388
44389
44390
44391
44422
44423
44424
44425
44426
44457
44458
44459
44460
44461
44492
44493
44494
44495
44496
44527
44528
44529
44530
44531
44562
44563
44564
44565
44566
44597
44598
44599
44600
44601
44632
44633
44634
44635
44636
44667
44668
44669
44670
44671
44702
44703
44704
44705
44706
44737
44738
44739
44740
44741
44772
44773
44774
44775
44776
44807
44808
44809
44810
44811
44842
44843
44844
44845
44846
44877
44878
44879
44880
44881
44912
44913
44914
44915
44916
44947
44948
44949
44950
44951
44982
44983
44984
44985
44986
45017
45018
45019
45020
45021
45052
45053
45054
45055
45056
45087
45088
45089
45090
45091
45122
45123
45124
45125
45126
45157
45158
45159
45160
45161
45192
45193
45194
45195
45196
45227
45228
45229
45230
45231
45262
45263
45264
45265
45266
45297
45298
45299
45300
45301
45332
45333
45334
45335
45336
45367
45368
45369
45370
45371
45402
45403
45404
45405
45406
45437
45438
45439
45440
45441
45472
45473
45474
45475
45476
45507
45508
45509
45510
45511
45542
45543
45544
45545
45546
45577
45578
45579
45580
45581
45612
45613
45614
45615
45616
45647
45648
45649
45650
45651
45682
45683
45684
45685
45686
45717
45718
45719
45720
45721
45752
45753
45754
45755
45756
45787
45788
45789
45790
45791
45822
45823
45824
45825
45826
45857
45858
45859
45860
45861
45892
45893
45894
45895
45896
45927
45928
45929
45930
45931
45962
45963
45964
45965
45966
45997
45998
45999
46000
46001
46032
46033
46034
46035
46036
46067
46068
46069
46070
46071
46102
46103
46104
46105
46106
46137
46138
46139
46140
46141
46172
46173
46174
46175
46176
46207
46208
46209
46210
46211
46242
46243
46244
46245
46246
46277
46278
46279
46280
46281
46312
46313
46314
46315
46316
46347
46348
46349
46350
46351
46382
46383
46384
46385
46386
46417
46418
46419
46420
46421
46452
46453
46454
46455
46456
46487
46488
46489
46490
46491
46522
46523
46524
46525
46526
46557
46558
46559
46560
46561
46592
46593
46594
46595
46596
46627
46628
46629
46630
46631
46662
46663
46664
46665
46666
46697
46698
46699
46700
46701
46732
46733
46734
46735
46736
46767
46768
46769
46770
46771
46802
46803
46804
46805
46806
46837
46838
46839
46840
46841
46872
46873
46874
46875
46876
46907
46908
46909
46910
46911
46942
46943
46944
46945
46946
46977
46978
46979
46980
46981
47012
47013
47014
47015
47016
47047
47048
47049
47050
47051
47082
47083
47084
47085
47086
47117
47118
47119
47120
47121
47152
47153
47154
47155
47156
47187
47188
47189
47190
47191
47222
47223
47224
47225
47226
47257
47258
47259
47260
47261
47292
47293
47294
47295
47296
47327
47328
47329
47330
47331
47362
47363
47364
47365
47366
47397
47398
47399
47400
47401
47432
47433
47434
47435
47436
47467
47468
47469
47470
47471
47502
47503
47504
47505
47506
47537
47538
47539
47540
47541
47572
47573
47574
47575
47576
47607
47608
47609
47610
47611
47642
47643
47644
47645
47646
47677
47678
47679
47680
47681
47712
47713
47714
47715
47716
47747
47748
47749
47750
47751
47782
47783
47784
47785
47786
47817
47818
47819
47820
47821
47852
47853
47854
47855
47856
47887
47888
47889
47890
47891
)


// ************************************************************************* //
