/*--------------------------------*- C++ -*----------------------------------*\
| =========                 |                                                 |
| \\      /  F ield         | OpenFOAM: The Open Source CFD Toolbox           |
|  \\    /   O peration     | Version:  2.3.1                                 |
|   \\  /    A nd           | Web:      www.OpenFOAM.org                      |
|    \\/     M anipulation  |                                                 |
\*---------------------------------------------------------------------------*/
FoamFile
{
    version     2.0;
    format      ascii;
    class       labelList;
    note        "nPoints: 9019 nCells: 6852 nFaces: 22593 nInternalFaces: 18519";
    location    "constant/polyMesh";
    object      neighbour;
}
// * * * * * * * * * * * * * * * * * * * * * * * * * * * * * * * * * * * * * //


18519
(
1
5
171
2
6
172
3
7
173
4
8
174
9
175
6
10
176
7
11
177
8
12
178
9
13
179
14
180
11
15
181
12
16
182
13
17
183
14
18
184
19
185
16
20
186
17
21
187
18
22
188
19
23
189
24
190
21
25
191
22
26
192
23
27
193
24
28
194
29
195
26
30
196
27
31
197
28
32
198
29
33
199
34
200
31
201
32
35
202
33
36
203
34
37
204
38
205
36
39
207
37
40
208
38
41
209
42
210
40
43
211
41
44
212
42
45
213
46
214
44
47
215
45
48
216
46
49
217
50
218
48
51
219
49
52
220
50
53
221
54
222
52
55
223
53
56
224
54
57
225
58
226
56
59
227
57
60
228
58
61
229
62
230
60
63
231
61
64
232
62
65
233
66
234
64
67
235
65
68
236
66
69
237
70
238
68
71
239
69
72
240
70
73
241
74
242
72
75
243
73
76
244
74
77
245
78
246
76
79
247
77
80
248
78
81
249
82
250
80
83
251
81
84
252
82
85
253
86
254
84
87
255
85
88
256
86
89
257
90
258
88
91
259
89
92
260
90
93
261
94
262
92
95
263
93
96
264
94
97
265
98
266
96
99
267
97
100
268
98
101
269
102
270
100
103
271
101
104
272
102
105
273
106
274
104
107
275
105
108
276
106
109
277
110
278
108
111
279
109
112
280
110
113
281
114
282
112
115
283
113
116
284
114
117
285
118
286
116
119
287
117
120
288
118
121
289
122
290
120
123
291
121
124
292
122
125
293
126
294
124
127
295
125
128
296
126
129
297
130
298
128
131
299
129
132
300
130
133
301
134
302
132
135
303
133
136
304
134
137
305
138
306
136
139
307
137
140
308
138
141
309
142
310
140
143
311
141
144
312
142
145
313
146
314
144
147
315
145
148
316
146
149
317
150
318
148
151
319
149
152
320
150
153
321
154
322
152
155
323
153
156
324
154
157
325
158
326
156
159
327
157
160
328
158
161
329
162
330
160
163
331
161
164
332
162
165
333
166
334
164
167
335
165
168
336
166
169
337
170
338
168
339
169
340
170
341
342
172
176
343
173
177
344
174
178
345
175
179
346
180
347
177
181
348
178
182
349
179
183
350
180
184
351
185
352
182
186
353
183
187
354
184
188
355
185
189
356
190
357
187
191
358
188
192
359
189
193
360
190
194
361
195
362
192
196
363
193
197
364
194
198
365
195
199
366
200
367
197
201
368
198
202
369
199
203
370
200
204
371
205
372
202
206
373
203
207
374
204
208
375
205
209
376
210
377
207
378
208
211
379
209
212
380
210
213
381
214
382
212
215
384
213
216
385
214
217
386
218
387
216
219
388
217
220
389
218
221
390
222
391
220
223
392
221
224
393
222
225
394
226
395
224
227
396
225
228
397
226
229
398
230
399
228
231
400
229
232
401
230
233
402
234
403
232
235
404
233
236
405
234
237
406
238
407
236
239
408
237
240
409
238
241
410
242
411
240
243
412
241
244
413
242
245
414
246
415
244
247
416
245
248
417
246
249
418
250
419
248
251
420
249
252
421
250
253
422
254
423
252
255
424
253
256
425
254
257
426
258
427
256
259
428
257
260
429
258
261
430
262
431
260
263
432
261
264
433
262
265
434
266
435
264
267
436
265
268
437
266
269
438
270
439
268
271
440
269
272
441
270
273
442
274
443
272
275
444
273
276
445
274
277
446
278
447
276
279
448
277
280
449
278
281
450
282
451
280
283
452
281
284
453
282
285
454
286
455
284
287
456
285
288
457
286
289
458
290
459
288
291
460
289
292
461
290
293
462
294
463
292
295
464
293
296
465
294
297
466
298
467
296
299
468
297
300
469
298
301
470
302
471
300
303
472
301
304
473
302
305
474
306
475
304
307
476
305
308
477
306
309
478
310
479
308
311
480
309
312
481
310
313
482
314
483
312
315
484
313
316
485
314
317
486
318
487
316
319
488
317
320
489
318
321
490
322
491
320
323
492
321
324
493
322
325
494
326
495
324
327
496
325
328
497
326
329
498
330
499
328
331
500
329
332
501
330
333
502
334
503
332
335
504
333
336
505
334
337
506
338
507
336
339
508
337
340
509
338
341
510
342
511
340
512
341
513
342
514
515
344
348
516
345
349
517
346
350
518
347
351
519
352
520
349
353
521
350
354
522
351
355
523
352
356
524
357
525
354
358
526
355
359
527
356
360
528
357
361
529
362
530
359
363
531
360
364
532
361
365
533
362
366
534
367
535
364
368
536
365
369
537
366
370
538
367
371
539
372
540
369
373
541
370
374
542
371
375
543
372
376
544
377
545
374
378
546
375
379
547
376
380
548
377
381
549
382
550
379
383
551
380
384
552
381
385
553
382
386
554
387
555
384
556
385
388
557
386
389
558
387
390
559
391
560
389
392
562
390
393
563
391
394
564
395
565
393
396
566
394
397
567
395
398
568
399
569
397
400
570
398
401
571
399
402
572
403
573
401
404
574
402
405
575
403
406
576
407
577
405
408
578
406
409
579
407
410
580
411
581
409
412
582
410
413
583
411
414
584
415
585
413
416
586
414
417
587
415
418
588
419
589
417
420
590
418
421
591
419
422
592
423
593
421
424
594
422
425
595
423
426
596
427
597
425
428
598
426
429
599
427
430
600
431
601
429
432
602
430
433
603
431
434
604
435
605
433
436
606
434
437
607
435
438
608
439
609
437
440
610
438
441
611
439
442
612
443
613
441
444
614
442
445
615
443
446
616
447
617
445
448
618
446
449
619
447
450
620
451
621
449
452
622
450
453
623
451
454
624
455
625
453
456
626
454
457
627
455
458
628
459
629
457
460
630
458
461
631
459
462
632
463
633
461
464
634
462
465
635
463
466
636
467
637
465
468
638
466
469
639
467
470
640
471
641
469
472
642
470
473
643
471
474
644
475
645
473
476
646
474
477
647
475
478
648
479
649
477
480
650
478
481
651
479
482
652
483
653
481
484
654
482
485
655
483
486
656
487
657
485
488
658
486
489
659
487
490
660
491
661
489
492
662
490
493
663
491
494
664
495
665
493
496
666
494
497
667
495
498
668
499
669
497
500
670
498
501
671
499
502
672
503
673
501
504
674
502
505
675
503
506
676
507
677
505
508
678
506
509
679
507
510
680
511
681
509
512
682
510
513
683
511
514
684
515
685
513
686
514
687
515
688
689
517
521
690
518
522
691
519
523
692
520
524
693
525
694
522
526
695
523
527
696
524
528
697
525
529
698
530
699
527
531
700
528
532
701
529
533
702
530
534
703
535
704
532
536
705
533
537
706
534
538
707
535
539
708
540
709
537
541
710
538
542
711
539
543
712
540
544
713
545
714
542
546
715
543
547
716
544
548
717
545
549
718
550
719
547
551
720
548
552
721
549
553
722
550
554
723
555
724
552
556
725
553
557
726
554
558
727
555
559
728
560
729
557
561
730
558
562
731
559
563
732
560
564
733
565
734
562
735
563
566
736
564
567
737
565
568
738
569
739
567
570
741
568
571
742
569
572
743
573
744
571
574
745
572
575
746
573
576
747
577
748
575
578
749
576
579
750
577
580
751
581
752
579
582
753
580
583
754
581
584
755
585
756
583
586
757
584
587
758
585
588
759
589
760
587
590
761
588
591
762
589
592
763
593
764
591
594
765
592
595
766
593
596
767
597
768
595
598
769
596
599
770
597
600
771
601
772
599
602
773
600
603
774
601
604
775
605
776
603
606
777
604
607
778
605
608
779
609
780
607
610
781
608
611
782
609
612
783
613
784
611
614
785
612
615
786
613
616
787
617
788
615
618
789
616
619
790
617
620
791
621
792
619
622
793
620
623
794
621
624
795
625
796
623
626
797
624
627
798
625
628
799
629
800
627
630
801
628
631
802
629
632
803
633
804
631
634
805
632
635
806
633
636
807
637
808
635
638
809
636
639
810
637
640
811
641
812
639
642
813
640
643
814
641
644
815
645
816
643
646
817
644
647
818
645
648
819
649
820
647
650
821
648
651
822
649
652
823
653
824
651
654
825
652
655
826
653
656
827
657
828
655
658
829
656
659
830
657
660
831
661
832
659
662
833
660
663
834
661
664
835
665
836
663
666
837
664
667
838
665
668
839
669
840
667
670
841
668
671
842
669
672
843
673
844
671
674
845
672
675
846
673
676
847
677
848
675
678
849
676
679
850
677
680
851
681
852
679
682
853
680
683
854
681
684
855
685
856
683
686
857
684
687
858
685
688
859
689
860
687
861
688
862
689
863
864
691
695
865
692
696
866
693
697
867
694
698
868
699
869
696
700
870
697
701
871
698
702
872
699
703
873
704
874
701
705
875
702
706
876
703
707
877
704
708
878
709
879
706
710
880
707
711
881
708
712
882
709
713
883
714
884
711
715
885
712
716
886
713
717
887
714
718
888
719
889
716
720
890
717
721
891
718
722
892
719
723
893
724
894
721
725
895
722
726
896
723
727
897
724
728
898
729
899
726
730
900
727
731
901
728
732
902
729
733
903
734
904
731
735
905
732
736
906
733
737
907
734
738
908
739
909
736
740
910
737
741
911
738
742
912
739
743
913
744
914
741
915
742
745
916
743
746
917
744
747
918
748
919
746
749
921
747
750
922
748
751
923
752
924
750
753
925
751
754
926
752
755
927
756
928
754
757
929
755
758
930
756
759
931
760
932
758
761
933
759
762
934
760
763
935
764
936
762
765
937
763
766
938
764
767
939
768
940
766
769
941
767
770
942
768
771
943
772
944
770
773
945
771
774
946
772
775
947
776
948
774
777
949
775
778
950
776
779
951
780
952
778
781
953
779
782
954
780
783
955
784
956
782
785
957
783
786
958
784
787
959
788
960
786
789
961
787
790
962
788
791
963
792
964
790
793
965
791
794
966
792
795
967
796
968
794
797
969
795
798
970
796
799
971
800
972
798
801
973
799
802
974
800
803
975
804
976
802
805
977
803
806
978
804
807
979
808
980
806
809
981
807
810
982
808
811
983
812
984
810
813
985
811
814
986
812
815
987
816
988
814
817
989
815
818
990
816
819
991
820
992
818
821
993
819
822
994
820
823
995
824
996
822
825
997
823
826
998
824
827
999
828
1000
826
829
1001
827
830
1002
828
831
1003
832
1004
830
833
1005
831
834
1006
832
835
1007
836
1008
834
837
1009
835
838
1010
836
839
1011
840
1012
838
841
1013
839
842
1014
840
843
1015
844
1016
842
845
1017
843
846
1018
844
847
1019
848
1020
846
849
1021
847
850
1022
848
851
1023
852
1024
850
853
1025
851
854
1026
852
855
1027
856
1028
854
857
1029
855
858
1030
856
859
1031
860
1032
858
861
1033
859
862
1034
860
863
1035
864
1036
862
1037
863
1038
864
1039
1040
866
870
867
871
868
872
869
873
874
871
875
872
876
873
877
874
878
879
876
880
877
881
878
882
879
883
884
881
885
882
886
883
887
884
888
889
886
890
887
891
888
892
889
893
894
891
895
892
896
893
897
894
898
899
896
900
897
901
898
902
899
903
904
901
905
902
906
903
907
904
908
909
906
910
907
911
908
912
909
913
914
911
915
912
916
913
917
914
918
919
916
920
917
921
918
922
919
923
924
921
922
925
923
926
924
927
928
926
929
927
930
928
931
932
930
933
931
934
932
935
936
934
937
935
938
936
939
940
938
941
939
942
940
943
944
942
945
943
946
944
947
948
946
949
947
950
948
951
952
950
953
951
954
952
955
956
954
957
955
958
956
959
960
958
961
959
962
960
963
964
962
965
963
966
964
967
968
966
969
967
970
968
971
972
970
973
971
974
972
975
976
974
977
975
978
976
979
980
978
981
979
982
980
983
984
982
985
983
986
984
987
988
986
989
987
990
988
991
992
990
993
991
994
992
995
996
994
997
995
998
996
999
1000
998
1001
999
1002
1000
1003
1004
1002
1005
1003
1006
1004
1007
1008
1006
1009
1007
1010
1008
1011
1012
1010
1013
1011
1014
1012
1015
1016
1014
1017
1015
1018
1016
1019
1020
1018
1021
1019
1022
1020
1023
1024
1022
1025
1023
1026
1024
1027
1028
1026
1029
1027
1030
1028
1031
1032
1030
1033
1031
1034
1032
1035
1036
1034
1037
1035
1038
1036
1039
1040
1038
1039
1040
1042
1046
1220
1043
1047
1221
1044
1048
1222
1045
1049
1223
1050
1224
1047
1051
1225
1048
1052
1226
1049
1053
1227
1050
1054
1228
1055
1229
1052
1056
1230
1053
1057
1231
1054
1058
1232
1055
1059
1233
1060
1234
1057
1061
1235
1058
1062
1236
1059
1063
1237
1060
1064
1238
1065
1239
1062
1066
1240
1063
1067
1241
1064
1068
1242
1065
1069
1243
1070
1244
1067
1071
1245
1068
1072
1246
1069
1073
1247
1070
1074
1248
1075
1249
1072
1076
1250
1073
1077
1251
1074
1078
1252
1075
1079
1253
1080
1254
1077
1081
1255
1078
1082
1256
1079
1083
1257
1080
1084
1258
1085
1259
1082
1086
1260
1083
1087
1261
1084
1088
1262
1085
1089
1263
1090
1264
1087
1091
1265
1088
1092
1266
1089
1093
1267
1090
1094
1268
1095
1269
1092
1096
1270
1093
1097
1271
1094
1098
1272
1095
1099
1273
1100
1274
1097
1101
1275
1098
1102
1276
1099
1103
1277
1100
1104
1278
1105
1279
1102
1106
1280
1103
1107
1281
1104
1108
1282
1105
1109
1283
1110
1284
1107
1111
1285
1108
1112
1286
1109
1113
1287
1110
1114
1288
1115
1289
1112
1290
1113
1116
1291
1114
1117
1292
1115
1118
1293
1119
1294
1117
1120
1296
1118
1121
1297
1119
1122
1298
1123
1299
1121
1124
1300
1122
1125
1301
1123
1126
1302
1127
1303
1125
1128
1304
1126
1129
1305
1127
1130
1306
1131
1307
1129
1132
1308
1130
1133
1309
1131
1134
1310
1135
1311
1133
1136
1312
1134
1137
1313
1135
1138
1314
1139
1315
1137
1140
1316
1138
1141
1317
1139
1142
1318
1143
1319
1141
1144
1320
1142
1145
1321
1143
1146
1322
1147
1323
1145
1148
1324
1146
1149
1325
1147
1150
1326
1151
1327
1149
1152
1328
1150
1153
1329
1151
1154
1330
1155
1331
1153
1156
1332
1154
1157
1333
1155
1158
1334
1159
1335
1157
1160
1336
1158
1161
1337
1159
1162
1338
1163
1339
1161
1164
1340
1162
1165
1341
1163
1166
1342
1167
1343
1165
1168
1344
1166
1169
1345
1167
1170
1346
1171
1347
1169
1172
1348
1170
1173
1349
1171
1174
1350
1175
1351
1173
1176
1352
1174
1177
1353
1175
1178
1354
1179
1355
1177
1180
1356
1178
1181
1357
1179
1182
1358
1183
1359
1181
1184
1360
1182
1185
1361
1183
1186
1362
1187
1363
1185
1188
1364
1186
1189
1365
1187
1190
1366
1191
1367
1189
1192
1368
1190
1193
1369
1191
1194
1370
1195
1371
1193
1196
1372
1194
1197
1373
1195
1198
1374
1199
1375
1197
1200
1376
1198
1201
1377
1199
1202
1378
1203
1379
1201
1204
1380
1202
1205
1381
1203
1206
1382
1207
1383
1205
1208
1384
1206
1209
1385
1207
1210
1386
1211
1387
1209
1212
1388
1210
1213
1389
1211
1214
1390
1215
1391
1213
1216
1392
1214
1217
1393
1215
1218
1394
1219
1395
1217
1396
1218
1397
1219
1398
1399
1221
1225
1400
1222
1226
1401
1223
1227
1402
1224
1228
1403
1229
1404
1226
1230
1405
1227
1231
1406
1228
1232
1407
1229
1233
1408
1234
1409
1231
1235
1410
1232
1236
1411
1233
1237
1412
1234
1238
1413
1239
1414
1236
1240
1415
1237
1241
1416
1238
1242
1417
1239
1243
1418
1244
1419
1241
1245
1420
1242
1246
1421
1243
1247
1422
1244
1248
1423
1249
1424
1246
1250
1425
1247
1251
1426
1248
1252
1427
1249
1253
1428
1254
1429
1251
1255
1430
1252
1256
1431
1253
1257
1432
1254
1258
1433
1259
1434
1256
1260
1435
1257
1261
1436
1258
1262
1437
1259
1263
1438
1264
1439
1261
1265
1440
1262
1266
1441
1263
1267
1442
1264
1268
1443
1269
1444
1266
1270
1445
1267
1271
1446
1268
1272
1447
1269
1273
1448
1274
1449
1271
1275
1450
1272
1276
1451
1273
1277
1452
1274
1278
1453
1279
1454
1276
1280
1455
1277
1281
1456
1278
1282
1457
1279
1283
1458
1284
1459
1281
1285
1460
1282
1286
1461
1283
1287
1462
1284
1288
1463
1289
1464
1286
1290
1465
1287
1291
1466
1288
1292
1467
1289
1293
1468
1294
1469
1291
1295
1470
1292
1296
1471
1293
1297
1472
1294
1298
1473
1299
1474
1296
1475
1297
1300
1476
1298
1301
1477
1299
1302
1478
1303
1479
1301
1304
1481
1302
1305
1482
1303
1306
1483
1307
1484
1305
1308
1485
1306
1309
1486
1307
1310
1487
1311
1488
1309
1312
1489
1310
1313
1490
1311
1314
1491
1315
1492
1313
1316
1493
1314
1317
1494
1315
1318
1495
1319
1496
1317
1320
1497
1318
1321
1498
1319
1322
1499
1323
1500
1321
1324
1501
1322
1325
1502
1323
1326
1503
1327
1504
1325
1328
1505
1326
1329
1506
1327
1330
1507
1331
1508
1329
1332
1509
1330
1333
1510
1331
1334
1511
1335
1512
1333
1336
1513
1334
1337
1514
1335
1338
1515
1339
1516
1337
1340
1517
1338
1341
1518
1339
1342
1519
1343
1520
1341
1344
1521
1342
1345
1522
1343
1346
1523
1347
1524
1345
1348
1525
1346
1349
1526
1347
1350
1527
1351
1528
1349
1352
1529
1350
1353
1530
1351
1354
1531
1355
1532
1353
1356
1533
1354
1357
1534
1355
1358
1535
1359
1536
1357
1360
1537
1358
1361
1538
1359
1362
1539
1363
1540
1361
1364
1541
1362
1365
1542
1363
1366
1543
1367
1544
1365
1368
1545
1366
1369
1546
1367
1370
1547
1371
1548
1369
1372
1549
1370
1373
1550
1371
1374
1551
1375
1552
1373
1376
1553
1374
1377
1554
1375
1378
1555
1379
1556
1377
1380
1557
1378
1381
1558
1379
1382
1559
1383
1560
1381
1384
1561
1382
1385
1562
1383
1386
1563
1387
1564
1385
1388
1565
1386
1389
1566
1387
1390
1567
1391
1568
1389
1392
1569
1390
1393
1570
1391
1394
1571
1395
1572
1393
1396
1573
1394
1397
1574
1395
1398
1575
1399
1576
1397
1577
1398
1578
1399
1579
1580
1401
1405
1581
1402
1406
1582
1403
1407
1583
1404
1408
1584
1409
1585
1406
1410
1586
1407
1411
1587
1408
1412
1588
1409
1413
1589
1414
1590
1411
1415
1591
1412
1416
1592
1413
1417
1593
1414
1418
1594
1419
1595
1416
1420
1596
1417
1421
1597
1418
1422
1598
1419
1423
1599
1424
1600
1421
1425
1601
1422
1426
1602
1423
1427
1603
1424
1428
1604
1429
1605
1426
1430
1606
1427
1431
1607
1428
1432
1608
1429
1433
1609
1434
1610
1431
1435
1611
1432
1436
1612
1433
1437
1613
1434
1438
1614
1439
1615
1436
1440
1616
1437
1441
1617
1438
1442
1618
1439
1443
1619
1444
1620
1441
1445
1621
1442
1446
1622
1443
1447
1623
1444
1448
1624
1449
1625
1446
1450
1626
1447
1451
1627
1448
1452
1628
1449
1453
1629
1454
1630
1451
1455
1631
1452
1456
1632
1453
1457
1633
1454
1458
1634
1459
1635
1456
1460
1636
1457
1461
1637
1458
1462
1638
1459
1463
1639
1464
1640
1461
1465
1641
1462
1466
1642
1463
1467
1643
1464
1468
1644
1469
1645
1466
1470
1646
1467
1471
1647
1468
1472
1648
1469
1473
1649
1474
1650
1471
1475
1651
1472
1476
1652
1473
1477
1653
1474
1478
1654
1479
1655
1476
1480
1656
1477
1481
1657
1478
1482
1658
1479
1483
1659
1484
1660
1481
1661
1482
1485
1662
1483
1486
1663
1484
1487
1664
1488
1665
1486
1489
1667
1487
1490
1668
1488
1491
1669
1492
1670
1490
1493
1671
1491
1494
1672
1492
1495
1673
1496
1674
1494
1497
1675
1495
1498
1676
1496
1499
1677
1500
1678
1498
1501
1679
1499
1502
1680
1500
1503
1681
1504
1682
1502
1505
1683
1503
1506
1684
1504
1507
1685
1508
1686
1506
1509
1687
1507
1510
1688
1508
1511
1689
1512
1690
1510
1513
1691
1511
1514
1692
1512
1515
1693
1516
1694
1514
1517
1695
1515
1518
1696
1516
1519
1697
1520
1698
1518
1521
1699
1519
1522
1700
1520
1523
1701
1524
1702
1522
1525
1703
1523
1526
1704
1524
1527
1705
1528
1706
1526
1529
1707
1527
1530
1708
1528
1531
1709
1532
1710
1530
1533
1711
1531
1534
1712
1532
1535
1713
1536
1714
1534
1537
1715
1535
1538
1716
1536
1539
1717
1540
1718
1538
1541
1719
1539
1542
1720
1540
1543
1721
1544
1722
1542
1545
1723
1543
1546
1724
1544
1547
1725
1548
1726
1546
1549
1727
1547
1550
1728
1548
1551
1729
1552
1730
1550
1553
1731
1551
1554
1732
1552
1555
1733
1556
1734
1554
1557
1735
1555
1558
1736
1556
1559
1737
1560
1738
1558
1561
1739
1559
1562
1740
1560
1563
1741
1564
1742
1562
1565
1743
1563
1566
1744
1564
1567
1745
1568
1746
1566
1569
1747
1567
1570
1748
1568
1571
1749
1572
1750
1570
1573
1751
1571
1574
1752
1572
1575
1753
1576
1754
1574
1577
1755
1575
1578
1756
1576
1579
1757
1580
1758
1578
1759
1579
1760
1580
1761
1762
1582
1586
1763
1583
1587
1764
1584
1588
1765
1585
1589
1766
1590
1767
1587
1591
1768
1588
1592
1769
1589
1593
1770
1590
1594
1771
1595
1772
1592
1596
1773
1593
1597
1774
1594
1598
1775
1595
1599
1776
1600
1777
1597
1601
1778
1598
1602
1779
1599
1603
1780
1600
1604
1781
1605
1782
1602
1606
1783
1603
1607
1784
1604
1608
1785
1605
1609
1786
1610
1787
1607
1611
1788
1608
1612
1789
1609
1613
1790
1610
1614
1791
1615
1792
1612
1616
1793
1613
1617
1794
1614
1618
1795
1615
1619
1796
1620
1797
1617
1621
1798
1618
1622
1799
1619
1623
1800
1620
1624
1801
1625
1802
1622
1626
1803
1623
1627
1804
1624
1628
1805
1625
1629
1806
1630
1807
1627
1631
1808
1628
1632
1809
1629
1633
1810
1630
1634
1811
1635
1812
1632
1636
1813
1633
1637
1814
1634
1638
1815
1635
1639
1816
1640
1817
1637
1641
1818
1638
1642
1819
1639
1643
1820
1640
1644
1821
1645
1822
1642
1646
1823
1643
1647
1824
1644
1648
1825
1645
1649
1826
1650
1827
1647
1651
1828
1648
1652
1829
1649
1653
1830
1650
1654
1831
1655
1832
1652
1656
1833
1653
1657
1834
1654
1658
1835
1655
1659
1836
1660
1837
1657
1661
1838
1658
1662
1839
1659
1663
1840
1660
1664
1841
1665
1842
1662
1666
1843
1663
1667
1844
1664
1668
1845
1665
1669
1846
1670
1847
1667
1848
1668
1671
1849
1669
1672
1850
1670
1673
1851
1674
1852
1672
1675
1854
1673
1676
1855
1674
1677
1856
1678
1857
1676
1679
1858
1677
1680
1859
1678
1681
1860
1682
1861
1680
1683
1862
1681
1684
1863
1682
1685
1864
1686
1865
1684
1687
1866
1685
1688
1867
1686
1689
1868
1690
1869
1688
1691
1870
1689
1692
1871
1690
1693
1872
1694
1873
1692
1695
1874
1693
1696
1875
1694
1697
1876
1698
1877
1696
1699
1878
1697
1700
1879
1698
1701
1880
1702
1881
1700
1703
1882
1701
1704
1883
1702
1705
1884
1706
1885
1704
1707
1886
1705
1708
1887
1706
1709
1888
1710
1889
1708
1711
1890
1709
1712
1891
1710
1713
1892
1714
1893
1712
1715
1894
1713
1716
1895
1714
1717
1896
1718
1897
1716
1719
1898
1717
1720
1899
1718
1721
1900
1722
1901
1720
1723
1902
1721
1724
1903
1722
1725
1904
1726
1905
1724
1727
1906
1725
1728
1907
1726
1729
1908
1730
1909
1728
1731
1910
1729
1732
1911
1730
1733
1912
1734
1913
1732
1735
1914
1733
1736
1915
1734
1737
1916
1738
1917
1736
1739
1918
1737
1740
1919
1738
1741
1920
1742
1921
1740
1743
1922
1741
1744
1923
1742
1745
1924
1746
1925
1744
1747
1926
1745
1748
1927
1746
1749
1928
1750
1929
1748
1751
1930
1749
1752
1931
1750
1753
1932
1754
1933
1752
1755
1934
1753
1756
1935
1754
1757
1936
1758
1937
1756
1759
1938
1757
1760
1939
1758
1761
1940
1762
1941
1760
1942
1761
1943
1762
1944
1945
1764
1768
1946
1765
1769
1947
1766
1770
1948
1767
1771
1949
1772
1950
1769
1773
1951
1770
1774
1952
1771
1775
1953
1772
1776
1954
1777
1955
1774
1778
1956
1775
1779
1957
1776
1780
1958
1777
1781
1959
1782
1960
1779
1783
1961
1780
1784
1962
1781
1785
1963
1782
1786
1964
1787
1965
1784
1788
1966
1785
1789
1967
1786
1790
1968
1787
1791
1969
1792
1970
1789
1793
1971
1790
1794
1972
1791
1795
1973
1792
1796
1974
1797
1975
1794
1798
1976
1795
1799
1977
1796
1800
1978
1797
1801
1979
1802
1980
1799
1803
1981
1800
1804
1982
1801
1805
1983
1802
1806
1984
1807
1985
1804
1808
1986
1805
1809
1987
1806
1810
1988
1807
1811
1989
1812
1990
1809
1813
1991
1810
1814
1992
1811
1815
1993
1812
1816
1994
1817
1995
1814
1818
1996
1815
1819
1997
1816
1820
1998
1817
1821
1999
1822
2000
1819
1823
2001
1820
1824
2002
1821
1825
2003
1822
1826
2004
1827
2005
1824
1828
2006
1825
1829
2007
1826
1830
2008
1827
1831
2009
1832
2010
1829
1833
2011
1830
1834
2012
1831
1835
2013
1832
1836
2014
1837
2015
1834
1838
2016
1835
1839
2017
1836
1840
2018
1837
1841
2019
1842
2020
1839
1843
2021
1840
1844
2022
1841
1845
2023
1842
1846
2024
1847
2025
1844
1848
2026
1845
1849
2027
1846
1850
2028
1847
1851
2029
1852
2030
1849
1853
2031
1850
1854
2032
1851
1855
2033
1852
1856
2034
1857
2035
1854
2036
1855
1858
2037
1856
1859
2038
1857
1860
2039
1861
2040
1859
1862
2042
1860
1863
2043
1861
1864
2044
1865
2045
1863
1866
2046
1864
1867
2047
1865
1868
2048
1869
2049
1867
1870
2050
1868
1871
2051
1869
1872
2052
1873
2053
1871
1874
2054
1872
1875
2055
1873
1876
2056
1877
2057
1875
1878
2058
1876
1879
2059
1877
1880
2060
1881
2061
1879
1882
2062
1880
1883
2063
1881
1884
2064
1885
2065
1883
1886
2066
1884
1887
2067
1885
1888
2068
1889
2069
1887
1890
2070
1888
1891
2071
1889
1892
2072
1893
2073
1891
1894
2074
1892
1895
2075
1893
1896
2076
1897
2077
1895
1898
2078
1896
1899
2079
1897
1900
2080
1901
2081
1899
1902
2082
1900
1903
2083
1901
1904
2084
1905
2085
1903
1906
2086
1904
1907
2087
1905
1908
2088
1909
2089
1907
1910
2090
1908
1911
2091
1909
1912
2092
1913
2093
1911
1914
2094
1912
1915
2095
1913
1916
2096
1917
2097
1915
1918
2098
1916
1919
2099
1917
1920
2100
1921
2101
1919
1922
2102
1920
1923
2103
1921
1924
2104
1925
2105
1923
1926
2106
1924
1927
2107
1925
1928
2108
1929
2109
1927
1930
2110
1928
1931
2111
1929
1932
2112
1933
2113
1931
1934
2114
1932
1935
2115
1933
1936
2116
1937
2117
1935
1938
2118
1936
1939
2119
1937
1940
2120
1941
2121
1939
1942
2122
1940
1943
2123
1941
1944
2124
1945
2125
1943
2126
1944
2127
1945
2128
2129
1947
1951
2130
1948
1952
2131
1949
1953
2132
1950
1954
2133
1955
2134
1952
1956
2135
1953
1957
2136
1954
1958
2137
1955
1959
2138
1960
2139
1957
1961
2140
1958
1962
2141
1959
1963
2142
1960
1964
2143
1965
2144
1962
1966
2145
1963
1967
2146
1964
1968
2147
1965
1969
2148
1970
2149
1967
1971
2150
1968
1972
2151
1969
1973
2152
1970
1974
2153
1975
2154
1972
1976
2155
1973
1977
2156
1974
1978
2157
1975
1979
2158
1980
2159
1977
1981
2160
1978
1982
2161
1979
1983
2162
1980
1984
2163
1985
2164
1982
1986
2165
1983
1987
2166
1984
1988
2167
1985
1989
2168
1990
2169
1987
1991
2170
1988
1992
2171
1989
1993
2172
1990
1994
2173
1995
2174
1992
1996
2175
1993
1997
2176
1994
1998
2177
1995
1999
2178
2000
2179
1997
2001
2180
1998
2002
2181
1999
2003
2182
2000
2004
2183
2005
2184
2002
2006
2185
2003
2007
2186
2004
2008
2187
2005
2009
2188
2010
2189
2007
2011
2190
2008
2012
2191
2009
2013
2192
2010
2014
2193
2015
2194
2012
2016
2195
2013
2017
2196
2014
2018
2197
2015
2019
2198
2020
2199
2017
2021
2200
2018
2022
2201
2019
2023
2202
2020
2024
2203
2025
2204
2022
2026
2205
2023
2027
2206
2024
2028
2207
2025
2029
2208
2030
2209
2027
2031
2210
2028
2032
2211
2029
2033
2212
2030
2034
2213
2035
2214
2032
2036
2215
2033
2037
2216
2034
2038
2217
2035
2039
2218
2040
2219
2037
2041
2220
2038
2042
2221
2039
2043
2222
2040
2044
2223
2045
2224
2042
2225
2043
2046
2226
2044
2047
2227
2045
2048
2228
2049
2229
2047
2050
2231
2048
2051
2232
2049
2052
2233
2053
2234
2051
2054
2235
2052
2055
2236
2053
2056
2237
2057
2238
2055
2058
2239
2056
2059
2240
2057
2060
2241
2061
2242
2059
2062
2243
2060
2063
2244
2061
2064
2245
2065
2246
2063
2066
2247
2064
2067
2248
2065
2068
2249
2069
2250
2067
2070
2251
2068
2071
2252
2069
2072
2253
2073
2254
2071
2074
2255
2072
2075
2256
2073
2076
2257
2077
2258
2075
2078
2259
2076
2079
2260
2077
2080
2261
2081
2262
2079
2082
2263
2080
2083
2264
2081
2084
2265
2085
2266
2083
2086
2267
2084
2087
2268
2085
2088
2269
2089
2270
2087
2090
2271
2088
2091
2272
2089
2092
2273
2093
2274
2091
2094
2275
2092
2095
2276
2093
2096
2277
2097
2278
2095
2098
2279
2096
2099
2280
2097
2100
2281
2101
2282
2099
2102
2283
2100
2103
2284
2101
2104
2285
2105
2286
2103
2106
2287
2104
2107
2288
2105
2108
2289
2109
2290
2107
2110
2291
2108
2111
2292
2109
2112
2293
2113
2294
2111
2114
2295
2112
2115
2296
2113
2116
2297
2117
2298
2115
2118
2299
2116
2119
2300
2117
2120
2301
2121
2302
2119
2122
2303
2120
2123
2304
2121
2124
2305
2125
2306
2123
2126
2307
2124
2127
2308
2125
2128
2309
2129
2310
2127
2311
2128
2312
2129
2313
2314
2131
2135
2315
2132
2136
2316
2133
2137
2317
2134
2138
2318
2139
2319
2136
2140
2320
2137
2141
2321
2138
2142
2322
2139
2143
2323
2144
2324
2141
2145
2325
2142
2146
2326
2143
2147
2327
2144
2148
2328
2149
2329
2146
2150
2330
2147
2151
2331
2148
2152
2332
2149
2153
2333
2154
2334
2151
2155
2335
2152
2156
2336
2153
2157
2337
2154
2158
2338
2159
2339
2156
2160
2340
2157
2161
2341
2158
2162
2342
2159
2163
2343
2164
2344
2161
2165
2345
2162
2166
2346
2163
2167
2347
2164
2168
2348
2169
2349
2166
2170
2350
2167
2171
2351
2168
2172
2352
2169
2173
2353
2174
2354
2171
2175
2355
2172
2176
2356
2173
2177
2357
2174
2178
2358
2179
2359
2176
2180
2360
2177
2181
2361
2178
2182
2362
2179
2183
2363
2184
2364
2181
2185
2365
2182
2186
2366
2183
2187
2367
2184
2188
2368
2189
2369
2186
2190
2370
2187
2191
2371
2188
2192
2372
2189
2193
2373
2194
2374
2191
2195
2375
2192
2196
2376
2193
2197
2377
2194
2198
2378
2199
2379
2196
2200
2380
2197
2201
2381
2198
2202
2382
2199
2203
2383
2204
2384
2201
2205
2385
2202
2206
2386
2203
2207
2387
2204
2208
2388
2209
2389
2206
2210
2390
2207
2211
2391
2208
2212
2392
2209
2213
2393
2214
2394
2211
2215
2395
2212
2216
2396
2213
2217
2397
2214
2218
2398
2219
2399
2216
2220
2400
2217
2221
2401
2218
2222
2402
2219
2223
2403
2224
2404
2221
2225
2405
2222
2226
2406
2223
2227
2407
2224
2228
2408
2229
2409
2226
2230
2410
2227
2231
2411
2228
2232
2412
2229
2233
2413
2234
2414
2231
2415
2232
2235
2416
2233
2236
2417
2234
2237
2418
2238
2419
2236
2239
2421
2237
2240
2422
2238
2241
2423
2242
2424
2240
2243
2425
2241
2244
2426
2242
2245
2427
2246
2428
2244
2247
2429
2245
2248
2430
2246
2249
2431
2250
2432
2248
2251
2433
2249
2252
2434
2250
2253
2435
2254
2436
2252
2255
2437
2253
2256
2438
2254
2257
2439
2258
2440
2256
2259
2441
2257
2260
2442
2258
2261
2443
2262
2444
2260
2263
2445
2261
2264
2446
2262
2265
2447
2266
2448
2264
2267
2449
2265
2268
2450
2266
2269
2451
2270
2452
2268
2271
2453
2269
2272
2454
2270
2273
2455
2274
2456
2272
2275
2457
2273
2276
2458
2274
2277
2459
2278
2460
2276
2279
2461
2277
2280
2462
2278
2281
2463
2282
2464
2280
2283
2465
2281
2284
2466
2282
2285
2467
2286
2468
2284
2287
2469
2285
2288
2470
2286
2289
2471
2290
2472
2288
2291
2473
2289
2292
2474
2290
2293
2475
2294
2476
2292
2295
2477
2293
2296
2478
2294
2297
2479
2298
2480
2296
2299
2481
2297
2300
2482
2298
2301
2483
2302
2484
2300
2303
2485
2301
2304
2486
2302
2305
2487
2306
2488
2304
2307
2489
2305
2308
2490
2306
2309
2491
2310
2492
2308
2311
2493
2309
2312
2494
2310
2313
2495
2314
2496
2312
2497
2313
2498
2314
2499
2500
2316
2320
2501
2317
2321
2502
2318
2322
2503
2319
2323
2504
2324
2505
2321
2325
2506
2322
2326
2507
2323
2327
2508
2324
2328
2509
2329
2510
2326
2330
2511
2327
2331
2512
2328
2332
2513
2329
2333
2514
2334
2515
2331
2335
2516
2332
2336
2517
2333
2337
2518
2334
2338
2519
2339
2520
2336
2340
2521
2337
2341
2522
2338
2342
2523
2339
2343
2524
2344
2525
2341
2345
2526
2342
2346
2527
2343
2347
2528
2344
2348
2529
2349
2530
2346
2350
2531
2347
2351
2532
2348
2352
2533
2349
2353
2534
2354
2535
2351
2355
2536
2352
2356
2537
2353
2357
2538
2354
2358
2539
2359
2540
2356
2360
2541
2357
2361
2542
2358
2362
2543
2359
2363
2544
2364
2545
2361
2365
2546
2362
2366
2547
2363
2367
2548
2364
2368
2549
2369
2550
2366
2370
2551
2367
2371
2552
2368
2372
2553
2369
2373
2554
2374
2555
2371
2375
2556
2372
2376
2557
2373
2377
2558
2374
2378
2559
2379
2560
2376
2380
2561
2377
2381
2562
2378
2382
2563
2379
2383
2564
2384
2565
2381
2385
2566
2382
2386
2567
2383
2387
2568
2384
2388
2569
2389
2570
2386
2390
2571
2387
2391
2572
2388
2392
2573
2389
2393
2574
2394
2575
2391
2395
2576
2392
2396
2577
2393
2397
2578
2394
2398
2579
2399
2580
2396
2400
2581
2397
2401
2582
2398
2402
2583
2399
2403
2584
2404
2585
2401
2405
2586
2402
2406
2587
2403
2407
2588
2404
2408
2589
2409
2590
2406
2410
2591
2407
2411
2592
2408
2412
2593
2409
2413
2594
2414
2595
2411
2415
2596
2412
2416
2597
2413
2417
2598
2414
2418
2599
2419
2600
2416
2420
2601
2417
2421
2602
2418
2422
2603
2419
2423
2604
2424
2605
2421
2606
2422
2425
2607
2423
2426
2608
2424
2427
2609
2428
2610
2426
2429
2612
2427
2430
2613
2428
2431
2614
2432
2615
2430
2433
2616
2431
2434
2617
2432
2435
2618
2436
2619
2434
2437
2620
2435
2438
2621
2436
2439
2622
2440
2623
2438
2441
2624
2439
2442
2625
2440
2443
2626
2444
2627
2442
2445
2628
2443
2446
2629
2444
2447
2630
2448
2631
2446
2449
2632
2447
2450
2633
2448
2451
2634
2452
2635
2450
2453
2636
2451
2454
2637
2452
2455
2638
2456
2639
2454
2457
2640
2455
2458
2641
2456
2459
2642
2460
2643
2458
2461
2644
2459
2462
2645
2460
2463
2646
2464
2647
2462
2465
2648
2463
2466
2649
2464
2467
2650
2468
2651
2466
2469
2652
2467
2470
2653
2468
2471
2654
2472
2655
2470
2473
2656
2471
2474
2657
2472
2475
2658
2476
2659
2474
2477
2660
2475
2478
2661
2476
2479
2662
2480
2663
2478
2481
2664
2479
2482
2665
2480
2483
2666
2484
2667
2482
2485
2668
2483
2486
2669
2484
2487
2670
2488
2671
2486
2489
2672
2487
2490
2673
2488
2491
2674
2492
2675
2490
2493
2676
2491
2494
2677
2492
2495
2678
2496
2679
2494
2497
2680
2495
2498
2681
2496
2499
2682
2500
2683
2498
2684
2499
2685
2500
2686
2687
2502
2506
2688
2503
2507
2689
2504
2508
2690
2505
2509
2691
2510
2692
2507
2511
2693
2508
2512
2694
2509
2513
2695
2510
2514
2696
2515
2697
2512
2516
2698
2513
2517
2699
2514
2518
2700
2515
2519
2701
2520
2702
2517
2521
2703
2518
2522
2704
2519
2523
2705
2520
2524
2706
2525
2707
2522
2526
2708
2523
2527
2709
2524
2528
2710
2525
2529
2711
2530
2712
2527
2531
2713
2528
2532
2714
2529
2533
2715
2530
2534
2716
2535
2717
2532
2536
2718
2533
2537
2719
2534
2538
2720
2535
2539
2721
2540
2722
2537
2541
2723
2538
2542
2724
2539
2543
2725
2540
2544
2726
2545
2727
2542
2546
2728
2543
2547
2729
2544
2548
2730
2545
2549
2731
2550
2732
2547
2551
2733
2548
2552
2734
2549
2553
2735
2550
2554
2736
2555
2737
2552
2556
2738
2553
2557
2739
2554
2558
2740
2555
2559
2741
2560
2742
2557
2561
2743
2558
2562
2744
2559
2563
2745
2560
2564
2746
2565
2747
2562
2566
2748
2563
2567
2749
2564
2568
2750
2565
2569
2751
2570
2752
2567
2571
2753
2568
2572
2754
2569
2573
2755
2570
2574
2756
2575
2757
2572
2576
2758
2573
2577
2759
2574
2578
2760
2575
2579
2761
2580
2762
2577
2581
2763
2578
2582
2764
2579
2583
2765
2580
2584
2766
2585
2767
2582
2586
2768
2583
2587
2769
2584
2588
2770
2585
2589
2771
2590
2772
2587
2591
2773
2588
2592
2774
2589
2593
2775
2590
2594
2776
2595
2777
2592
2596
2778
2593
2597
2779
2594
2598
2780
2595
2599
2781
2600
2782
2597
2601
2783
2598
2602
2784
2599
2603
2785
2600
2604
2786
2605
2787
2602
2606
2788
2603
2607
2789
2604
2608
2790
2605
2609
2791
2610
2792
2607
2611
2793
2608
2612
2794
2609
2613
2795
2610
2614
2796
2615
2797
2612
2798
2613
2616
2799
2614
2617
2800
2615
2618
2801
2619
2802
2617
2620
2804
2618
2621
2805
2619
2622
2806
2623
2807
2621
2624
2808
2622
2625
2809
2623
2626
2810
2627
2811
2625
2628
2812
2626
2629
2813
2627
2630
2814
2631
2815
2629
2632
2816
2630
2633
2817
2631
2634
2818
2635
2819
2633
2636
2820
2634
2637
2821
2635
2638
2822
2639
2823
2637
2640
2824
2638
2641
2825
2639
2642
2826
2643
2827
2641
2644
2828
2642
2645
2829
2643
2646
2830
2647
2831
2645
2648
2832
2646
2649
2833
2647
2650
2834
2651
2835
2649
2652
2836
2650
2653
2837
2651
2654
2838
2655
2839
2653
2656
2840
2654
2657
2841
2655
2658
2842
2659
2843
2657
2660
2844
2658
2661
2845
2659
2662
2846
2663
2847
2661
2664
2848
2662
2665
2849
2663
2666
2850
2667
2851
2665
2668
2852
2666
2669
2853
2667
2670
2854
2671
2855
2669
2672
2856
2670
2673
2857
2671
2674
2858
2675
2859
2673
2676
2860
2674
2677
2861
2675
2678
2862
2679
2863
2677
2680
2864
2678
2681
2865
2679
2682
2866
2683
2867
2681
2684
2868
2682
2685
2869
2683
2686
2870
2687
2871
2685
2872
2686
2873
2687
2874
2875
2689
2693
2876
2690
2694
2877
2691
2695
2878
2692
2696
2879
2697
2880
2694
2698
2881
2695
2699
2882
2696
2700
2883
2697
2701
2884
2702
2885
2699
2703
2886
2700
2704
2887
2701
2705
2888
2702
2706
2889
2707
2890
2704
2708
2891
2705
2709
2892
2706
2710
2893
2707
2711
2894
2712
2895
2709
2713
2896
2710
2714
2897
2711
2715
2898
2712
2716
2899
2717
2900
2714
2718
2901
2715
2719
2902
2716
2720
2903
2717
2721
2904
2722
2905
2719
2723
2906
2720
2724
2907
2721
2725
2908
2722
2726
2909
2727
2910
2724
2728
2911
2725
2729
2912
2726
2730
2913
2727
2731
2914
2732
2915
2729
2733
2916
2730
2734
2917
2731
2735
2918
2732
2736
2919
2737
2920
2734
2738
2921
2735
2739
2922
2736
2740
2923
2737
2741
2924
2742
2925
2739
2743
2926
2740
2744
2927
2741
2745
2928
2742
2746
2929
2747
2930
2744
2748
2931
2745
2749
2932
2746
2750
2933
2747
2751
2934
2752
2935
2749
2753
2936
2750
2754
2937
2751
2755
2938
2752
2756
2939
2757
2940
2754
2758
2941
2755
2759
2942
2756
2760
2943
2757
2761
2944
2762
2945
2759
2763
2946
2760
2764
2947
2761
2765
2948
2762
2766
2949
2767
2950
2764
2768
2951
2765
2769
2952
2766
2770
2953
2767
2771
2954
2772
2955
2769
2773
2956
2770
2774
2957
2771
2775
2958
2772
2776
2959
2777
2960
2774
2778
2961
2775
2779
2962
2776
2780
2963
2777
2781
2964
2782
2965
2779
2783
2966
2780
2784
2967
2781
2785
2968
2782
2786
2969
2787
2970
2784
2788
2971
2785
2789
2972
2786
2790
2973
2787
2791
2974
2792
2975
2789
2793
2976
2790
2794
2977
2791
2795
2978
2792
2796
2979
2797
2980
2794
2798
2981
2795
2799
2982
2796
2800
2983
2797
2801
2984
2802
2985
2799
2803
2986
2800
2804
2987
2801
2805
2988
2802
2806
2989
2807
2990
2804
2991
2805
2808
2992
2806
2809
2993
2807
2810
2994
2811
2995
2809
2812
2997
2810
2813
2998
2811
2814
2999
2815
3000
2813
2816
3001
2814
2817
3002
2815
2818
3003
2819
3004
2817
2820
3005
2818
2821
3006
2819
2822
3007
2823
3008
2821
2824
3009
2822
2825
3010
2823
2826
3011
2827
3012
2825
2828
3013
2826
2829
3014
2827
2830
3015
2831
3016
2829
2832
3017
2830
2833
3018
2831
2834
3019
2835
3020
2833
2836
3021
2834
2837
3022
2835
2838
3023
2839
3024
2837
2840
3025
2838
2841
3026
2839
2842
3027
2843
3028
2841
2844
3029
2842
2845
3030
2843
2846
3031
2847
3032
2845
2848
3033
2846
2849
3034
2847
2850
3035
2851
3036
2849
2852
3037
2850
2853
3038
2851
2854
3039
2855
3040
2853
2856
3041
2854
2857
3042
2855
2858
3043
2859
3044
2857
2860
3045
2858
2861
3046
2859
2862
3047
2863
3048
2861
2864
3049
2862
2865
3050
2863
2866
3051
2867
3052
2865
2868
3053
2866
2869
3054
2867
2870
3055
2871
3056
2869
2872
3057
2870
2873
3058
2871
2874
3059
2875
3060
2873
3061
2874
3062
2875
3063
3064
2877
2881
3065
2878
2882
3066
2879
2883
3067
2880
2884
3068
2885
3069
2882
2886
3070
2883
2887
3071
2884
2888
3072
2885
2889
3073
2890
3074
2887
2891
3075
2888
2892
3076
2889
2893
3077
2890
2894
3078
2895
3079
2892
2896
3080
2893
2897
3081
2894
2898
3082
2895
2899
3083
2900
3084
2897
2901
3085
2898
2902
3086
2899
2903
3087
2900
2904
3088
2905
3089
2902
2906
3090
2903
2907
3091
2904
2908
3092
2905
2909
3093
2910
3094
2907
2911
3095
2908
2912
3096
2909
2913
3097
2910
2914
3098
2915
3099
2912
2916
3100
2913
2917
3101
2914
2918
3102
2915
2919
3103
2920
3104
2917
2921
3105
2918
2922
3106
2919
2923
3107
2920
2924
3108
2925
3109
2922
2926
3110
2923
2927
3111
2924
2928
3112
2925
2929
3113
2930
3114
2927
2931
3115
2928
2932
3116
2929
2933
3117
2930
2934
3118
2935
3119
2932
2936
3120
2933
2937
3121
2934
2938
3122
2935
2939
3123
2940
3124
2937
2941
3125
2938
2942
3126
2939
2943
3127
2940
2944
3128
2945
3129
2942
2946
3130
2943
2947
3131
2944
2948
3132
2945
2949
3133
2950
3134
2947
2951
3135
2948
2952
3136
2949
2953
3137
2950
2954
3138
2955
3139
2952
2956
3140
2953
2957
3141
2954
2958
3142
2955
2959
3143
2960
3144
2957
2961
3145
2958
2962
3146
2959
2963
3147
2960
2964
3148
2965
3149
2962
2966
3150
2963
2967
3151
2964
2968
3152
2965
2969
3153
2970
3154
2967
2971
3155
2968
2972
3156
2969
2973
3157
2970
2974
3158
2975
3159
2972
2976
3160
2973
2977
3161
2974
2978
3162
2975
2979
3163
2980
3164
2977
2981
3165
2978
2982
3166
2979
2983
3167
2980
2984
3168
2985
3169
2982
2986
3170
2983
2987
3171
2984
2988
3172
2985
2989
3173
2990
3174
2987
2991
3175
2988
2992
3176
2989
2993
3177
2990
2994
3178
2995
3179
2992
2996
3180
2993
2997
3181
2994
2998
3182
2995
2999
3183
3000
3184
2997
3185
2998
3001
3186
2999
3002
3187
3000
3003
3188
3004
3189
3002
3005
3191
3003
3006
3192
3004
3007
3193
3008
3194
3006
3009
3195
3007
3010
3196
3008
3011
3197
3012
3198
3010
3013
3199
3011
3014
3200
3012
3015
3201
3016
3202
3014
3017
3203
3015
3018
3204
3016
3019
3205
3020
3206
3018
3021
3207
3019
3022
3208
3020
3023
3209
3024
3210
3022
3025
3211
3023
3026
3212
3024
3027
3213
3028
3214
3026
3029
3215
3027
3030
3216
3028
3031
3217
3032
3218
3030
3033
3219
3031
3034
3220
3032
3035
3221
3036
3222
3034
3037
3223
3035
3038
3224
3036
3039
3225
3040
3226
3038
3041
3227
3039
3042
3228
3040
3043
3229
3044
3230
3042
3045
3231
3043
3046
3232
3044
3047
3233
3048
3234
3046
3049
3235
3047
3050
3236
3048
3051
3237
3052
3238
3050
3053
3239
3051
3054
3240
3052
3055
3241
3056
3242
3054
3057
3243
3055
3058
3244
3056
3059
3245
3060
3246
3058
3061
3247
3059
3062
3248
3060
3063
3249
3064
3250
3062
3251
3063
3252
3064
3253
3254
3066
3070
3255
3067
3071
3256
3068
3072
3257
3069
3073
3258
3074
3259
3071
3075
3260
3072
3076
3261
3073
3077
3262
3074
3078
3263
3079
3264
3076
3080
3265
3077
3081
3266
3078
3082
3267
3079
3083
3268
3084
3269
3081
3085
3270
3082
3086
3271
3083
3087
3272
3084
3088
3273
3089
3274
3086
3090
3275
3087
3091
3276
3088
3092
3277
3089
3093
3278
3094
3279
3091
3095
3280
3092
3096
3281
3093
3097
3282
3094
3098
3283
3099
3284
3096
3100
3285
3097
3101
3286
3098
3102
3287
3099
3103
3288
3104
3289
3101
3105
3290
3102
3106
3291
3103
3107
3292
3104
3108
3293
3109
3294
3106
3110
3295
3107
3111
3296
3108
3112
3297
3109
3113
3298
3114
3299
3111
3115
3300
3112
3116
3301
3113
3117
3302
3114
3118
3303
3119
3304
3116
3120
3305
3117
3121
3306
3118
3122
3307
3119
3123
3308
3124
3309
3121
3125
3310
3122
3126
3311
3123
3127
3312
3124
3128
3313
3129
3314
3126
3130
3315
3127
3131
3316
3128
3132
3317
3129
3133
3318
3134
3319
3131
3135
3320
3132
3136
3321
3133
3137
3322
3134
3138
3323
3139
3324
3136
3140
3325
3137
3141
3326
3138
3142
3327
3139
3143
3328
3144
3329
3141
3145
3330
3142
3146
3331
3143
3147
3332
3144
3148
3333
3149
3334
3146
3150
3335
3147
3151
3336
3148
3152
3337
3149
3153
3338
3154
3339
3151
3155
3340
3152
3156
3341
3153
3157
3342
3154
3158
3343
3159
3344
3156
3160
3345
3157
3161
3346
3158
3162
3347
3159
3163
3348
3164
3349
3161
3165
3350
3162
3166
3351
3163
3167
3352
3164
3168
3353
3169
3354
3166
3170
3355
3167
3171
3356
3168
3172
3357
3169
3173
3358
3174
3359
3171
3175
3360
3172
3176
3361
3173
3177
3362
3174
3178
3363
3179
3364
3176
3180
3365
3177
3181
3366
3178
3182
3367
3179
3183
3368
3184
3369
3181
3185
3370
3182
3186
3371
3183
3187
3372
3184
3188
3373
3189
3374
3186
3190
3375
3187
3191
3376
3188
3192
3377
3189
3193
3378
3194
3379
3191
3380
3192
3195
3381
3193
3196
3382
3194
3197
3383
3198
3384
3196
3199
3386
3197
3200
3387
3198
3201
3388
3202
3389
3200
3203
3390
3201
3204
3391
3202
3205
3392
3206
3393
3204
3207
3394
3205
3208
3395
3206
3209
3396
3210
3397
3208
3211
3398
3209
3212
3399
3210
3213
3400
3214
3401
3212
3215
3402
3213
3216
3403
3214
3217
3404
3218
3405
3216
3219
3406
3217
3220
3407
3218
3221
3408
3222
3409
3220
3223
3410
3221
3224
3411
3222
3225
3412
3226
3413
3224
3227
3414
3225
3228
3415
3226
3229
3416
3230
3417
3228
3231
3418
3229
3232
3419
3230
3233
3420
3234
3421
3232
3235
3422
3233
3236
3423
3234
3237
3424
3238
3425
3236
3239
3426
3237
3240
3427
3238
3241
3428
3242
3429
3240
3243
3430
3241
3244
3431
3242
3245
3432
3246
3433
3244
3247
3434
3245
3248
3435
3246
3249
3436
3250
3437
3248
3251
3438
3249
3252
3439
3250
3253
3440
3254
3441
3252
3442
3253
3443
3254
3444
3445
3256
3260
3446
3257
3261
3447
3258
3262
3448
3259
3263
3449
3264
3450
3261
3265
3451
3262
3266
3452
3263
3267
3453
3264
3268
3454
3269
3455
3266
3270
3456
3267
3271
3457
3268
3272
3458
3269
3273
3459
3274
3460
3271
3275
3461
3272
3276
3462
3273
3277
3463
3274
3278
3464
3279
3465
3276
3280
3466
3277
3281
3467
3278
3282
3468
3279
3283
3469
3284
3470
3281
3285
3471
3282
3286
3472
3283
3287
3473
3284
3288
3474
3289
3475
3286
3290
3476
3287
3291
3477
3288
3292
3478
3289
3293
3479
3294
3480
3291
3295
3481
3292
3296
3482
3293
3297
3483
3294
3298
3484
3299
3485
3296
3300
3486
3297
3301
3487
3298
3302
3488
3299
3303
3489
3304
3490
3301
3305
3491
3302
3306
3492
3303
3307
3493
3304
3308
3494
3309
3495
3306
3310
3496
3307
3311
3497
3308
3312
3498
3309
3313
3499
3314
3500
3311
3315
3501
3312
3316
3502
3313
3317
3503
3314
3318
3504
3319
3505
3316
3320
3506
3317
3321
3507
3318
3322
3508
3319
3323
3509
3324
3510
3321
3325
3511
3322
3326
3512
3323
3327
3513
3324
3328
3514
3329
3515
3326
3330
3516
3327
3331
3517
3328
3332
3518
3329
3333
3519
3334
3520
3331
3335
3521
3332
3336
3522
3333
3337
3523
3334
3338
3524
3339
3525
3336
3340
3526
3337
3341
3527
3338
3342
3528
3339
3343
3529
3344
3530
3341
3345
3531
3342
3346
3532
3343
3347
3533
3344
3348
3534
3349
3535
3346
3350
3536
3347
3351
3537
3348
3352
3538
3349
3353
3539
3354
3540
3351
3355
3541
3352
3356
3542
3353
3357
3543
3354
3358
3544
3359
3545
3356
3360
3546
3357
3361
3547
3358
3362
3548
3359
3363
3549
3364
3550
3361
3365
3551
3362
3366
3552
3363
3367
3553
3364
3368
3554
3369
3555
3366
3370
3556
3367
3371
3557
3368
3372
3558
3369
3373
3559
3374
3560
3371
3375
3561
3372
3376
3562
3373
3377
3563
3374
3378
3564
3379
3565
3376
3380
3566
3377
3381
3567
3378
3382
3568
3379
3383
3569
3384
3570
3381
3385
3571
3382
3386
3572
3383
3387
3573
3384
3388
3574
3389
3575
3386
3576
3387
3390
3577
3388
3391
3578
3389
3392
3579
3393
3580
3391
3394
3582
3392
3395
3583
3393
3396
3584
3397
3585
3395
3398
3586
3396
3399
3587
3397
3400
3588
3401
3589
3399
3402
3590
3400
3403
3591
3401
3404
3592
3405
3593
3403
3406
3594
3404
3407
3595
3405
3408
3596
3409
3597
3407
3410
3598
3408
3411
3599
3409
3412
3600
3413
3601
3411
3414
3602
3412
3415
3603
3413
3416
3604
3417
3605
3415
3418
3606
3416
3419
3607
3417
3420
3608
3421
3609
3419
3422
3610
3420
3423
3611
3421
3424
3612
3425
3613
3423
3426
3614
3424
3427
3615
3425
3428
3616
3429
3617
3427
3430
3618
3428
3431
3619
3429
3432
3620
3433
3621
3431
3434
3622
3432
3435
3623
3433
3436
3624
3437
3625
3435
3438
3626
3436
3439
3627
3437
3440
3628
3441
3629
3439
3442
3630
3440
3443
3631
3441
3444
3632
3445
3633
3443
3634
3444
3635
3445
3636
3637
3447
3451
3638
3448
3452
3639
3449
3453
3640
3450
3454
3641
3455
3642
3452
3456
3643
3453
3457
3644
3454
3458
3645
3455
3459
3646
3460
3647
3457
3461
3648
3458
3462
3649
3459
3463
3650
3460
3464
3651
3465
3652
3462
3466
3653
3463
3467
3654
3464
3468
3655
3465
3469
3656
3470
3657
3467
3471
3658
3468
3472
3659
3469
3473
3660
3470
3474
3661
3475
3662
3472
3476
3663
3473
3477
3664
3474
3478
3665
3475
3479
3666
3480
3667
3477
3481
3668
3478
3482
3669
3479
3483
3670
3480
3484
3671
3485
3672
3482
3486
3673
3483
3487
3674
3484
3488
3675
3485
3489
3676
3490
3677
3487
3491
3678
3488
3492
3679
3489
3493
3680
3490
3494
3681
3495
3682
3492
3496
3683
3493
3497
3684
3494
3498
3685
3495
3499
3686
3500
3687
3497
3501
3688
3498
3502
3689
3499
3503
3690
3500
3504
3691
3505
3692
3502
3506
3693
3503
3507
3694
3504
3508
3695
3505
3509
3696
3510
3697
3507
3511
3698
3508
3512
3699
3509
3513
3700
3510
3514
3701
3515
3702
3512
3516
3703
3513
3517
3704
3514
3518
3705
3515
3519
3706
3520
3707
3517
3521
3708
3518
3522
3709
3519
3523
3710
3520
3524
3711
3525
3712
3522
3526
3713
3523
3527
3714
3524
3528
3715
3525
3529
3716
3530
3717
3527
3531
3718
3528
3532
3719
3529
3533
3720
3530
3534
3721
3535
3722
3532
3536
3723
3533
3537
3724
3534
3538
3725
3535
3539
3726
3540
3727
3537
3541
3728
3538
3542
3729
3539
3543
3730
3540
3544
3731
3545
3732
3542
3546
3733
3543
3547
3734
3544
3548
3735
3545
3549
3736
3550
3737
3547
3551
3738
3548
3552
3739
3549
3553
3740
3550
3554
3741
3555
3742
3552
3556
3743
3553
3557
3744
3554
3558
3745
3555
3559
3746
3560
3747
3557
3561
3748
3558
3562
3749
3559
3563
3750
3560
3564
3751
3565
3752
3562
3566
3753
3563
3567
3754
3564
3568
3755
3565
3569
3756
3570
3757
3567
3571
3758
3568
3572
3759
3569
3573
3760
3570
3574
3761
3575
3762
3572
3576
3763
3573
3577
3764
3574
3578
3765
3575
3579
3766
3580
3767
3577
3581
3768
3578
3582
3769
3579
3583
3770
3580
3584
3771
3585
3772
3582
3773
3583
3586
3774
3584
3587
3775
3585
3588
3776
3589
3777
3587
3590
3779
3588
3591
3780
3589
3592
3781
3593
3782
3591
3594
3784
3592
3595
3785
3593
3596
3786
3597
3787
3595
3598
3788
3596
3599
3789
3597
3600
3790
3601
3791
3599
3602
3792
3600
3603
3793
3601
3604
3794
3605
3795
3603
3606
3796
3604
3607
3797
3605
3608
3798
3609
3799
3607
3610
3800
3608
3611
3801
3609
3612
3802
3613
3803
3611
3614
3804
3612
3615
3805
3613
3616
3806
3617
3807
3615
3618
3808
3616
3619
3809
3617
3620
3810
3621
3811
3619
3622
3812
3620
3623
3813
3621
3624
3814
3625
3815
3623
3626
3816
3624
3627
3817
3625
3628
3818
3629
3819
3627
3630
3820
3628
3631
3821
3629
3632
3822
3633
3823
3631
3634
3824
3632
3635
3825
3633
3636
3826
3637
3827
3635
3828
3636
3829
3637
3830
3831
3639
3643
3832
3640
3644
3833
3641
3645
3834
3642
3646
3835
3647
3836
3644
3648
3837
3645
3649
3838
3646
3650
3839
3647
3651
3840
3652
3841
3649
3653
3842
3650
3654
3843
3651
3655
3844
3652
3656
3845
3657
3846
3654
3658
3847
3655
3659
3848
3656
3660
3849
3657
3661
3850
3662
3851
3659
3663
3852
3660
3664
3853
3661
3665
3854
3662
3666
3855
3667
3856
3664
3668
3857
3665
3669
3858
3666
3670
3859
3667
3671
3860
3672
3861
3669
3673
3862
3670
3674
3863
3671
3675
3864
3672
3676
3865
3677
3866
3674
3678
3867
3675
3679
3868
3676
3680
3869
3677
3681
3870
3682
3871
3679
3683
3872
3680
3684
3873
3681
3685
3874
3682
3686
3875
3687
3876
3684
3688
3877
3685
3689
3878
3686
3690
3879
3687
3691
3880
3692
3881
3689
3693
3882
3690
3694
3883
3691
3695
3884
3692
3696
3885
3697
3886
3694
3698
3887
3695
3699
3888
3696
3700
3889
3697
3701
3890
3702
3891
3699
3703
3892
3700
3704
3893
3701
3705
3894
3702
3706
3895
3707
3896
3704
3708
3897
3705
3709
3898
3706
3710
3899
3707
3711
3900
3712
3901
3709
3713
3902
3710
3714
3903
3711
3715
3904
3712
3716
3905
3717
3906
3714
3718
3907
3715
3719
3908
3716
3720
3909
3717
3721
3910
3722
3911
3719
3723
3912
3720
3724
3913
3721
3725
3914
3722
3726
3915
3727
3916
3724
3728
3917
3725
3729
3918
3726
3730
3919
3727
3731
3920
3732
3921
3729
3733
3922
3730
3734
3923
3731
3735
3924
3732
3736
3925
3737
3926
3734
3738
3927
3735
3739
3928
3736
3740
3929
3737
3741
3930
3742
3931
3739
3743
3932
3740
3744
3933
3741
3745
3934
3742
3746
3935
3747
3936
3744
3748
3937
3745
3749
3938
3746
3750
3939
3747
3751
3940
3752
3941
3749
3753
3942
3750
3754
3943
3751
3755
3944
3752
3756
3945
3757
3946
3754
3758
3947
3755
3759
3948
3756
3760
3949
3757
3761
3950
3762
3951
3759
3763
3952
3760
3764
3953
3761
3765
3954
3762
3766
3955
3767
3956
3764
3768
3957
3765
3769
3958
3766
3770
3959
3767
3771
3960
3772
3961
3769
3773
3962
3770
3774
3963
3771
3775
3964
3772
3776
3965
3777
3966
3774
3778
3967
3775
3779
3968
3776
3780
3969
3777
3781
3970
3782
3971
3779
3783
3972
3780
3784
3973
3781
3785
3974
3782
3786
3975
3787
3976
3784
3977
3785
3788
3978
3786
3789
3979
3787
3790
3980
3791
3981
3789
3792
3983
3790
3793
3984
3791
3794
3985
3795
3986
3793
3796
3987
3794
3797
3988
3795
3798
3989
3799
3990
3797
3800
3991
3798
3801
3992
3799
3802
3993
3803
3994
3801
3804
3995
3802
3805
3996
3803
3806
3997
3807
3998
3805
3808
3999
3806
3809
4000
3807
3810
4001
3811
4002
3809
3812
4003
3810
3813
4004
3811
3814
4005
3815
4006
3813
3816
4007
3814
3817
4008
3815
3818
4009
3819
4010
3817
3820
4011
3818
3821
4012
3819
3822
4013
3823
4014
3821
3824
4015
3822
3825
4016
3823
3826
4017
3827
4018
3825
3828
4019
3826
3829
4020
3827
3830
4021
3831
4022
3829
4023
3830
4024
3831
4025
4026
3833
3837
4027
3834
3838
4028
3835
3839
4029
3836
3840
4030
3841
4031
3838
3842
4032
3839
3843
4033
3840
3844
4034
3841
3845
4035
3846
4036
3843
3847
4037
3844
3848
4038
3845
3849
4039
3846
3850
4040
3851
4041
3848
3852
4042
3849
3853
4043
3850
3854
4044
3851
3855
4045
3856
4046
3853
3857
4047
3854
3858
4048
3855
3859
4049
3856
3860
4050
3861
4051
3858
3862
4052
3859
3863
4053
3860
3864
4054
3861
3865
4055
3866
4056
3863
3867
4057
3864
3868
4058
3865
3869
4059
3866
3870
4060
3871
4061
3868
3872
4062
3869
3873
4063
3870
3874
4064
3871
3875
4065
3876
4066
3873
3877
4067
3874
3878
4068
3875
3879
4069
3876
3880
4070
3881
4071
3878
3882
4072
3879
3883
4073
3880
3884
4074
3881
3885
4075
3886
4076
3883
3887
4077
3884
3888
4078
3885
3889
4079
3886
3890
4080
3891
4081
3888
3892
4082
3889
3893
4083
3890
3894
4084
3891
3895
4085
3896
4086
3893
3897
4087
3894
3898
4088
3895
3899
4089
3896
3900
4090
3901
4091
3898
3902
4092
3899
3903
4093
3900
3904
4094
3901
3905
4095
3906
4096
3903
3907
4097
3904
3908
4098
3905
3909
4099
3906
3910
4100
3911
4101
3908
3912
4102
3909
3913
4103
3910
3914
4104
3911
3915
4105
3916
4106
3913
3917
4107
3914
3918
4108
3915
3919
4109
3916
3920
4110
3921
4111
3918
3922
4112
3919
3923
4113
3920
3924
4114
3921
3925
4115
3926
4116
3923
3927
4117
3924
3928
4118
3925
3929
4119
3926
3930
4120
3931
4121
3928
3932
4122
3929
3933
4123
3930
3934
4124
3931
3935
4125
3936
4126
3933
3937
4127
3934
3938
4128
3935
3939
4129
3936
3940
4130
3941
4131
3938
3942
4132
3939
3943
4133
3940
3944
4134
3941
3945
4135
3946
4136
3943
3947
4137
3944
3948
4138
3945
3949
4139
3946
3950
4140
3951
4141
3948
3952
4142
3949
3953
4143
3950
3954
4144
3951
3955
4145
3956
4146
3953
3957
4147
3954
3958
4148
3955
3959
4149
3956
3960
4150
3961
4151
3958
3962
4152
3959
3963
4153
3960
3964
4154
3961
3965
4155
3966
4156
3963
3967
4157
3964
3968
4158
3965
3969
4159
3966
3970
4160
3971
4161
3968
3972
4162
3969
3973
4163
3970
3974
4164
3971
3975
4165
3976
4166
3973
3977
4167
3974
3978
4168
3975
3979
4169
3976
3980
4170
3981
4171
3978
3982
4172
3979
3983
4173
3980
3984
4174
3981
3985
4175
3986
4176
3983
4177
3984
3987
4178
3985
3988
4179
3986
3989
4180
3990
4181
3988
3991
4183
3989
3992
4184
3990
3993
4185
3994
4186
3992
3995
4187
3993
3996
4188
3994
3997
4189
3998
4190
3996
3999
4191
3997
4000
4192
3998
4001
4193
4002
4194
4000
4003
4195
4001
4004
4196
4002
4005
4197
4006
4198
4004
4007
4199
4005
4008
4200
4006
4009
4201
4010
4202
4008
4011
4203
4009
4012
4204
4010
4013
4205
4014
4206
4012
4015
4207
4013
4016
4208
4014
4017
4209
4018
4210
4016
4019
4211
4017
4020
4212
4018
4021
4213
4022
4214
4020
4023
4215
4021
4024
4216
4022
4025
4217
4026
4218
4024
4219
4025
4220
4026
4221
4222
4028
4032
4223
4029
4033
4224
4030
4034
4225
4031
4035
4226
4036
4227
4033
4037
4228
4034
4038
4229
4035
4039
4230
4036
4040
4231
4041
4232
4038
4042
4233
4039
4043
4234
4040
4044
4235
4041
4045
4236
4046
4237
4043
4047
4238
4044
4048
4239
4045
4049
4240
4046
4050
4241
4051
4242
4048
4052
4243
4049
4053
4244
4050
4054
4245
4051
4055
4246
4056
4247
4053
4057
4248
4054
4058
4249
4055
4059
4250
4056
4060
4251
4061
4252
4058
4062
4253
4059
4063
4254
4060
4064
4255
4061
4065
4256
4066
4257
4063
4067
4258
4064
4068
4259
4065
4069
4260
4066
4070
4261
4071
4262
4068
4072
4263
4069
4073
4264
4070
4074
4265
4071
4075
4266
4076
4267
4073
4077
4268
4074
4078
4269
4075
4079
4270
4076
4080
4271
4081
4272
4078
4082
4273
4079
4083
4274
4080
4084
4275
4081
4085
4276
4086
4277
4083
4087
4278
4084
4088
4279
4085
4089
4280
4086
4090
4281
4091
4282
4088
4092
4283
4089
4093
4284
4090
4094
4285
4091
4095
4286
4096
4287
4093
4097
4288
4094
4098
4289
4095
4099
4290
4096
4100
4291
4101
4292
4098
4102
4293
4099
4103
4294
4100
4104
4295
4101
4105
4296
4106
4297
4103
4107
4298
4104
4108
4299
4105
4109
4300
4106
4110
4301
4111
4302
4108
4112
4303
4109
4113
4304
4110
4114
4305
4111
4115
4306
4116
4307
4113
4117
4308
4114
4118
4309
4115
4119
4310
4116
4120
4311
4121
4312
4118
4122
4313
4119
4123
4314
4120
4124
4315
4121
4125
4316
4126
4317
4123
4127
4318
4124
4128
4319
4125
4129
4320
4126
4130
4321
4131
4322
4128
4132
4323
4129
4133
4324
4130
4134
4325
4131
4135
4326
4136
4327
4133
4137
4328
4134
4138
4329
4135
4139
4330
4136
4140
4331
4141
4332
4138
4142
4333
4139
4143
4334
4140
4144
4335
4141
4145
4336
4146
4337
4143
4147
4338
4144
4148
4339
4145
4149
4340
4146
4150
4341
4151
4342
4148
4152
4343
4149
4153
4344
4150
4154
4345
4151
4155
4346
4156
4347
4153
4157
4348
4154
4158
4349
4155
4159
4350
4156
4160
4351
4161
4352
4158
4162
4353
4159
4163
4354
4160
4164
4355
4161
4165
4356
4166
4357
4163
4167
4358
4164
4168
4359
4165
4169
4360
4166
4170
4361
4171
4362
4168
4172
4363
4169
4173
4364
4170
4174
4365
4171
4175
4366
4176
4367
4173
4177
4368
4174
4178
4369
4175
4179
4370
4176
4180
4371
4181
4372
4178
4182
4373
4179
4183
4374
4180
4184
4375
4181
4185
4376
4186
4377
4183
4378
4184
4187
4379
4185
4188
4380
4186
4189
4381
4190
4382
4188
4191
4384
4189
4192
4385
4190
4193
4386
4194
4387
4192
4195
4388
4193
4196
4389
4194
4197
4390
4198
4391
4196
4199
4392
4197
4200
4393
4198
4201
4394
4202
4395
4200
4203
4396
4201
4204
4397
4202
4205
4398
4206
4399
4204
4207
4400
4205
4208
4401
4206
4209
4402
4210
4403
4208
4211
4404
4209
4212
4405
4210
4213
4406
4214
4407
4212
4215
4408
4213
4216
4409
4214
4217
4410
4218
4411
4216
4219
4412
4217
4220
4413
4218
4221
4414
4222
4415
4220
4416
4221
4417
4222
4418
4419
4224
4228
4420
4225
4229
4421
4226
4230
4422
4227
4231
4423
4232
4424
4229
4233
4425
4230
4234
4426
4231
4235
4427
4232
4236
4428
4237
4429
4234
4238
4430
4235
4239
4431
4236
4240
4432
4237
4241
4433
4242
4434
4239
4243
4435
4240
4244
4436
4241
4245
4437
4242
4246
4438
4247
4439
4244
4248
4440
4245
4249
4441
4246
4250
4442
4247
4251
4443
4252
4444
4249
4253
4445
4250
4254
4446
4251
4255
4447
4252
4256
4448
4257
4449
4254
4258
4450
4255
4259
4451
4256
4260
4452
4257
4261
4453
4262
4454
4259
4263
4455
4260
4264
4456
4261
4265
4457
4262
4266
4458
4267
4459
4264
4268
4460
4265
4269
4461
4266
4270
4462
4267
4271
4463
4272
4464
4269
4273
4465
4270
4274
4466
4271
4275
4467
4272
4276
4468
4277
4469
4274
4278
4470
4275
4279
4471
4276
4280
4472
4277
4281
4473
4282
4474
4279
4283
4475
4280
4284
4476
4281
4285
4477
4282
4286
4478
4287
4479
4284
4288
4480
4285
4289
4481
4286
4290
4482
4287
4291
4483
4292
4484
4289
4293
4485
4290
4294
4486
4291
4295
4487
4292
4296
4488
4297
4489
4294
4298
4490
4295
4299
4491
4296
4300
4492
4297
4301
4493
4302
4494
4299
4303
4495
4300
4304
4496
4301
4305
4497
4302
4306
4498
4307
4499
4304
4308
4500
4305
4309
4501
4306
4310
4502
4307
4311
4503
4312
4504
4309
4313
4505
4310
4314
4506
4311
4315
4507
4312
4316
4508
4317
4509
4314
4318
4510
4315
4319
4511
4316
4320
4512
4317
4321
4513
4322
4514
4319
4323
4515
4320
4324
4516
4321
4325
4517
4322
4326
4518
4327
4519
4324
4328
4520
4325
4329
4521
4326
4330
4522
4327
4331
4523
4332
4524
4329
4333
4525
4330
4334
4526
4331
4335
4527
4332
4336
4528
4337
4529
4334
4338
4530
4335
4339
4531
4336
4340
4532
4337
4341
4533
4342
4534
4339
4343
4535
4340
4344
4536
4341
4345
4537
4342
4346
4538
4347
4539
4344
4348
4540
4345
4349
4541
4346
4350
4542
4347
4351
4543
4352
4544
4349
4353
4545
4350
4354
4546
4351
4355
4547
4352
4356
4548
4357
4549
4354
4358
4550
4355
4359
4551
4356
4360
4552
4357
4361
4553
4362
4554
4359
4363
4555
4360
4364
4556
4361
4365
4557
4362
4366
4558
4367
4559
4364
4368
4560
4365
4369
4561
4366
4370
4562
4367
4371
4563
4372
4564
4369
4373
4565
4370
4374
4566
4371
4375
4567
4372
4376
4568
4377
4569
4374
4378
4570
4375
4379
4571
4376
4380
4572
4377
4381
4573
4382
4574
4379
4383
4575
4380
4384
4576
4381
4385
4577
4382
4386
4578
4387
4579
4384
4580
4385
4388
4581
4386
4389
4582
4387
4390
4583
4391
4584
4389
4392
4586
4390
4393
4587
4391
4394
4588
4395
4589
4393
4396
4590
4394
4397
4591
4395
4398
4592
4399
4593
4397
4400
4594
4398
4401
4595
4399
4402
4596
4403
4597
4401
4404
4598
4402
4405
4599
4403
4406
4600
4407
4601
4405
4408
4602
4406
4409
4603
4407
4410
4604
4411
4605
4409
4412
4606
4410
4413
4607
4411
4414
4608
4415
4609
4413
4416
4610
4414
4417
4611
4415
4418
4612
4419
4613
4417
4614
4418
4615
4419
4616
4617
4421
4425
4618
4422
4426
4619
4423
4427
4620
4424
4428
4621
4429
4622
4426
4430
4623
4427
4431
4624
4428
4432
4625
4429
4433
4626
4434
4627
4431
4435
4628
4432
4436
4629
4433
4437
4630
4434
4438
4631
4439
4632
4436
4440
4633
4437
4441
4634
4438
4442
4635
4439
4443
4636
4444
4637
4441
4445
4638
4442
4446
4639
4443
4447
4640
4444
4448
4641
4449
4642
4446
4450
4643
4447
4451
4644
4448
4452
4645
4449
4453
4646
4454
4647
4451
4455
4648
4452
4456
4649
4453
4457
4650
4454
4458
4651
4459
4652
4456
4460
4653
4457
4461
4654
4458
4462
4655
4459
4463
4656
4464
4657
4461
4465
4658
4462
4466
4659
4463
4467
4660
4464
4468
4661
4469
4662
4466
4470
4663
4467
4471
4664
4468
4472
4665
4469
4473
4666
4474
4667
4471
4475
4668
4472
4476
4669
4473
4477
4670
4474
4478
4671
4479
4672
4476
4480
4673
4477
4481
4674
4478
4482
4675
4479
4483
4676
4484
4677
4481
4485
4678
4482
4486
4679
4483
4487
4680
4484
4488
4681
4489
4682
4486
4490
4683
4487
4491
4684
4488
4492
4685
4489
4493
4686
4494
4687
4491
4495
4688
4492
4496
4689
4493
4497
4690
4494
4498
4691
4499
4692
4496
4500
4693
4497
4501
4694
4498
4502
4695
4499
4503
4696
4504
4697
4501
4505
4698
4502
4506
4699
4503
4507
4700
4504
4508
4701
4509
4702
4506
4510
4703
4507
4511
4704
4508
4512
4705
4509
4513
4706
4514
4707
4511
4515
4708
4512
4516
4709
4513
4517
4710
4514
4518
4711
4519
4712
4516
4520
4713
4517
4521
4714
4518
4522
4715
4519
4523
4716
4524
4717
4521
4525
4718
4522
4526
4719
4523
4527
4720
4524
4528
4721
4529
4722
4526
4530
4723
4527
4531
4724
4528
4532
4725
4529
4533
4726
4534
4727
4531
4535
4728
4532
4536
4729
4533
4537
4730
4534
4538
4731
4539
4732
4536
4540
4733
4537
4541
4734
4538
4542
4735
4539
4543
4736
4544
4737
4541
4545
4738
4542
4546
4739
4543
4547
4740
4544
4548
4741
4549
4742
4546
4550
4743
4547
4551
4744
4548
4552
4745
4549
4553
4746
4554
4747
4551
4555
4748
4552
4556
4749
4553
4557
4750
4554
4558
4751
4559
4752
4556
4560
4753
4557
4561
4754
4558
4562
4755
4559
4563
4756
4564
4757
4561
4565
4758
4562
4566
4759
4563
4567
4760
4564
4568
4761
4569
4762
4566
4570
4763
4567
4571
4764
4568
4572
4765
4569
4573
4766
4574
4767
4571
4575
4768
4572
4576
4769
4573
4577
4770
4574
4578
4771
4579
4772
4576
4580
4773
4577
4581
4774
4578
4582
4775
4579
4583
4776
4584
4777
4581
4585
4778
4582
4586
4779
4583
4587
4780
4584
4588
4781
4589
4782
4586
4783
4587
4590
4784
4588
4591
4785
4589
4592
4786
4593
4787
4591
4594
4789
4592
4595
4790
4593
4596
4791
4597
4792
4595
4598
4793
4596
4599
4794
4597
4600
4795
4601
4796
4599
4602
4797
4600
4603
4798
4601
4604
4799
4605
4800
4603
4606
4801
4604
4607
4802
4605
4608
4803
4609
4804
4607
4610
4805
4608
4611
4806
4609
4612
4807
4613
4808
4611
4614
4809
4612
4615
4810
4613
4616
4811
4617
4812
4615
4813
4616
4814
4617
4815
4816
4619
4623
4817
4620
4624
4818
4621
4625
4819
4622
4626
4820
4627
4821
4624
4628
4822
4625
4629
4823
4626
4630
4824
4627
4631
4825
4632
4826
4629
4633
4827
4630
4634
4828
4631
4635
4829
4632
4636
4830
4637
4831
4634
4638
4832
4635
4639
4833
4636
4640
4834
4637
4641
4835
4642
4836
4639
4643
4837
4640
4644
4838
4641
4645
4839
4642
4646
4840
4647
4841
4644
4648
4842
4645
4649
4843
4646
4650
4844
4647
4651
4845
4652
4846
4649
4653
4847
4650
4654
4848
4651
4655
4849
4652
4656
4850
4657
4851
4654
4658
4852
4655
4659
4853
4656
4660
4854
4657
4661
4855
4662
4856
4659
4663
4857
4660
4664
4858
4661
4665
4859
4662
4666
4860
4667
4861
4664
4668
4862
4665
4669
4863
4666
4670
4864
4667
4671
4865
4672
4866
4669
4673
4867
4670
4674
4868
4671
4675
4869
4672
4676
4870
4677
4871
4674
4678
4872
4675
4679
4873
4676
4680
4874
4677
4681
4875
4682
4876
4679
4683
4877
4680
4684
4878
4681
4685
4879
4682
4686
4880
4687
4881
4684
4688
4882
4685
4689
4883
4686
4690
4884
4687
4691
4885
4692
4886
4689
4693
4887
4690
4694
4888
4691
4695
4889
4692
4696
4890
4697
4891
4694
4698
4892
4695
4699
4893
4696
4700
4894
4697
4701
4895
4702
4896
4699
4703
4897
4700
4704
4898
4701
4705
4899
4702
4706
4900
4707
4901
4704
4708
4902
4705
4709
4903
4706
4710
4904
4707
4711
4905
4712
4906
4709
4713
4907
4710
4714
4908
4711
4715
4909
4712
4716
4910
4717
4911
4714
4718
4912
4715
4719
4913
4716
4720
4914
4717
4721
4915
4722
4916
4719
4723
4917
4720
4724
4918
4721
4725
4919
4722
4726
4920
4727
4921
4724
4728
4922
4725
4729
4923
4726
4730
4924
4727
4731
4925
4732
4926
4729
4733
4927
4730
4734
4928
4731
4735
4929
4732
4736
4930
4737
4931
4734
4738
4932
4735
4739
4933
4736
4740
4934
4737
4741
4935
4742
4936
4739
4743
4937
4740
4744
4938
4741
4745
4939
4742
4746
4940
4747
4941
4744
4748
4942
4745
4749
4943
4746
4750
4944
4747
4751
4945
4752
4946
4749
4753
4947
4750
4754
4948
4751
4755
4949
4752
4756
4950
4757
4951
4754
4758
4952
4755
4759
4953
4756
4760
4954
4757
4761
4955
4762
4956
4759
4763
4957
4760
4764
4958
4761
4765
4959
4762
4766
4960
4767
4961
4764
4768
4962
4765
4769
4963
4766
4770
4964
4767
4771
4965
4772
4966
4769
4773
4967
4770
4774
4968
4771
4775
4969
4772
4776
4970
4777
4971
4774
4778
4972
4775
4779
4973
4776
4780
4974
4777
4781
4975
4782
4976
4779
4783
4977
4780
4784
4978
4781
4785
4979
4782
4786
4980
4787
4981
4784
4788
4982
4785
4789
4983
4786
4790
4984
4787
4791
4985
4792
4986
4789
4987
4790
4793
4988
4791
4794
4989
4792
4795
4990
4796
4991
4794
4797
4993
4795
4798
4994
4796
4799
4995
4800
4996
4798
4801
4997
4799
4802
4998
4800
4803
4999
4804
5000
4802
4805
5001
4803
4806
5002
4804
4807
5003
4808
5004
4806
4809
5005
4807
4810
5006
4808
4811
5007
4812
5008
4810
4813
5009
4811
4814
5010
4812
4815
5011
4816
5012
4814
5013
4815
5014
4816
5015
5016
4818
4822
5017
4819
4823
5018
4820
4824
5019
4821
4825
5020
4826
5021
4823
4827
5022
4824
4828
5023
4825
4829
5024
4826
4830
5025
4831
5026
4828
4832
5027
4829
4833
5028
4830
4834
5029
4831
4835
5030
4836
5031
4833
4837
5032
4834
4838
5033
4835
4839
5034
4836
4840
5035
4841
5036
4838
4842
5037
4839
4843
5038
4840
4844
5039
4841
4845
5040
4846
5041
4843
4847
5042
4844
4848
5043
4845
4849
5044
4846
4850
5045
4851
5046
4848
4852
5047
4849
4853
5048
4850
4854
5049
4851
4855
5050
4856
5051
4853
4857
5052
4854
4858
5053
4855
4859
5054
4856
4860
5055
4861
5056
4858
4862
5057
4859
4863
5058
4860
4864
5059
4861
4865
5060
4866
5061
4863
4867
5062
4864
4868
5063
4865
4869
5064
4866
4870
5065
4871
5066
4868
4872
5067
4869
4873
5068
4870
4874
5069
4871
4875
5070
4876
5071
4873
4877
5072
4874
4878
5073
4875
4879
5074
4876
4880
5075
4881
5076
4878
4882
5077
4879
4883
5078
4880
4884
5079
4881
4885
5080
4886
5081
4883
4887
5082
4884
4888
5083
4885
4889
5084
4886
4890
5085
4891
5086
4888
4892
5087
4889
4893
5088
4890
4894
5089
4891
4895
5090
4896
5091
4893
4897
5092
4894
4898
5093
4895
4899
5094
4896
4900
5095
4901
5096
4898
4902
5097
4899
4903
5098
4900
4904
5099
4901
4905
5100
4906
5101
4903
4907
5102
4904
4908
5103
4905
4909
5104
4906
4910
5105
4911
5106
4908
4912
5107
4909
4913
5108
4910
4914
5109
4911
4915
5110
4916
5111
4913
4917
5112
4914
4918
5113
4915
4919
5114
4916
4920
5115
4921
5116
4918
4922
5117
4919
4923
5118
4920
4924
5119
4921
4925
5120
4926
5121
4923
4927
5122
4924
4928
5123
4925
4929
5124
4926
4930
5125
4931
5126
4928
4932
5127
4929
4933
5128
4930
4934
5129
4931
4935
5130
4936
5131
4933
4937
5132
4934
4938
5133
4935
4939
5134
4936
4940
5135
4941
5136
4938
4942
5137
4939
4943
5138
4940
4944
5139
4941
4945
5140
4946
5141
4943
4947
5142
4944
4948
5143
4945
4949
5144
4946
4950
5145
4951
5146
4948
4952
5147
4949
4953
5148
4950
4954
5149
4951
4955
5150
4956
5151
4953
4957
5152
4954
4958
5153
4955
4959
5154
4956
4960
5155
4961
5156
4958
4962
5157
4959
4963
5158
4960
4964
5159
4961
4965
5160
4966
5161
4963
4967
5162
4964
4968
5163
4965
4969
5164
4966
4970
5165
4971
5166
4968
4972
5167
4969
4973
5168
4970
4974
5169
4971
4975
5170
4976
5171
4973
4977
5172
4974
4978
5173
4975
4979
5174
4976
4980
5175
4981
5176
4978
4982
5177
4979
4983
5178
4980
4984
5179
4981
4985
5180
4986
5181
4983
4987
5182
4984
4988
5183
4985
4989
5184
4986
4990
5185
4991
5186
4988
4992
5187
4989
4993
5188
4990
4994
5189
4991
4995
5190
4996
5191
4993
5192
4994
4997
5193
4995
4998
5194
4996
4999
5195
5000
5196
4998
5001
5198
4999
5002
5199
5000
5003
5200
5004
5201
5002
5005
5202
5003
5006
5203
5004
5007
5204
5008
5205
5006
5009
5206
5007
5010
5207
5008
5011
5208
5012
5209
5010
5013
5210
5011
5014
5211
5012
5015
5212
5016
5213
5014
5214
5015
5215
5016
5216
5217
5018
5022
5218
5019
5023
5219
5020
5024
5220
5021
5025
5221
5026
5222
5023
5027
5223
5024
5028
5224
5025
5029
5225
5026
5030
5226
5031
5227
5028
5032
5228
5029
5033
5229
5030
5034
5230
5031
5035
5231
5036
5232
5033
5037
5233
5034
5038
5234
5035
5039
5235
5036
5040
5236
5041
5237
5038
5042
5238
5039
5043
5239
5040
5044
5240
5041
5045
5241
5046
5242
5043
5047
5243
5044
5048
5244
5045
5049
5245
5046
5050
5246
5051
5247
5048
5052
5248
5049
5053
5249
5050
5054
5250
5051
5055
5251
5056
5252
5053
5057
5253
5054
5058
5254
5055
5059
5255
5056
5060
5256
5061
5257
5058
5062
5258
5059
5063
5259
5060
5064
5260
5061
5065
5261
5066
5262
5063
5067
5263
5064
5068
5264
5065
5069
5265
5066
5070
5266
5071
5267
5068
5072
5268
5069
5073
5269
5070
5074
5270
5071
5075
5271
5076
5272
5073
5077
5273
5074
5078
5274
5075
5079
5275
5076
5080
5276
5081
5277
5078
5082
5278
5079
5083
5279
5080
5084
5280
5081
5085
5281
5086
5282
5083
5087
5283
5084
5088
5284
5085
5089
5285
5086
5090
5286
5091
5287
5088
5092
5288
5089
5093
5289
5090
5094
5290
5091
5095
5291
5096
5292
5093
5097
5293
5094
5098
5294
5095
5099
5295
5096
5100
5296
5101
5297
5098
5102
5298
5099
5103
5299
5100
5104
5300
5101
5105
5301
5106
5302
5103
5107
5303
5104
5108
5304
5105
5109
5305
5106
5110
5306
5111
5307
5108
5112
5308
5109
5113
5309
5110
5114
5310
5111
5115
5311
5116
5312
5113
5117
5313
5114
5118
5314
5115
5119
5315
5116
5120
5316
5121
5317
5118
5122
5318
5119
5123
5319
5120
5124
5320
5121
5125
5321
5126
5322
5123
5127
5323
5124
5128
5324
5125
5129
5325
5126
5130
5326
5131
5327
5128
5132
5328
5129
5133
5329
5130
5134
5330
5131
5135
5331
5136
5332
5133
5137
5333
5134
5138
5334
5135
5139
5335
5136
5140
5336
5141
5337
5138
5142
5338
5139
5143
5339
5140
5144
5340
5141
5145
5341
5146
5342
5143
5147
5343
5144
5148
5344
5145
5149
5345
5146
5150
5346
5151
5347
5148
5152
5348
5149
5153
5349
5150
5154
5350
5151
5155
5351
5156
5352
5153
5157
5353
5154
5158
5354
5155
5159
5355
5156
5160
5356
5161
5357
5158
5162
5358
5159
5163
5359
5160
5164
5360
5161
5165
5361
5166
5362
5163
5167
5363
5164
5168
5364
5165
5169
5365
5166
5170
5366
5171
5367
5168
5172
5368
5169
5173
5369
5170
5174
5370
5171
5175
5371
5176
5372
5173
5177
5373
5174
5178
5374
5175
5179
5375
5176
5180
5376
5181
5377
5178
5182
5378
5179
5183
5379
5180
5184
5380
5181
5185
5381
5186
5382
5183
5187
5383
5184
5188
5384
5185
5189
5385
5186
5190
5386
5191
5387
5188
5192
5388
5189
5193
5389
5190
5194
5390
5191
5195
5391
5196
5392
5193
5197
5393
5194
5198
5394
5195
5199
5395
5196
5200
5396
5201
5397
5198
5398
5199
5202
5399
5200
5203
5400
5201
5204
5401
5205
5402
5203
5206
5404
5204
5207
5405
5205
5208
5406
5209
5407
5207
5210
5408
5208
5211
5409
5209
5212
5410
5213
5411
5211
5214
5412
5212
5215
5413
5213
5216
5414
5217
5415
5215
5416
5216
5417
5217
5418
5419
5219
5223
5420
5220
5224
5421
5221
5225
5422
5222
5226
5423
5227
5424
5224
5228
5425
5225
5229
5426
5226
5230
5427
5227
5231
5428
5232
5429
5229
5233
5430
5230
5234
5431
5231
5235
5432
5232
5236
5433
5237
5434
5234
5238
5435
5235
5239
5436
5236
5240
5437
5237
5241
5438
5242
5439
5239
5243
5440
5240
5244
5441
5241
5245
5442
5242
5246
5443
5247
5444
5244
5248
5445
5245
5249
5446
5246
5250
5447
5247
5251
5448
5252
5449
5249
5253
5450
5250
5254
5451
5251
5255
5452
5252
5256
5453
5257
5454
5254
5258
5455
5255
5259
5456
5256
5260
5457
5257
5261
5458
5262
5459
5259
5263
5460
5260
5264
5461
5261
5265
5462
5262
5266
5463
5267
5464
5264
5268
5465
5265
5269
5466
5266
5270
5467
5267
5271
5468
5272
5469
5269
5273
5470
5270
5274
5471
5271
5275
5472
5272
5276
5473
5277
5474
5274
5278
5475
5275
5279
5476
5276
5280
5477
5277
5281
5478
5282
5479
5279
5283
5480
5280
5284
5481
5281
5285
5482
5282
5286
5483
5287
5484
5284
5288
5485
5285
5289
5486
5286
5290
5487
5287
5291
5488
5292
5489
5289
5293
5490
5290
5294
5491
5291
5295
5492
5292
5296
5493
5297
5494
5294
5298
5495
5295
5299
5496
5296
5300
5497
5297
5301
5498
5302
5499
5299
5303
5500
5300
5304
5501
5301
5305
5502
5302
5306
5503
5307
5504
5304
5308
5505
5305
5309
5506
5306
5310
5507
5307
5311
5508
5312
5509
5309
5313
5510
5310
5314
5511
5311
5315
5512
5312
5316
5513
5317
5514
5314
5318
5515
5315
5319
5516
5316
5320
5517
5317
5321
5518
5322
5519
5319
5323
5520
5320
5324
5521
5321
5325
5522
5322
5326
5523
5327
5524
5324
5328
5525
5325
5329
5526
5326
5330
5527
5327
5331
5528
5332
5529
5329
5333
5530
5330
5334
5531
5331
5335
5532
5332
5336
5533
5337
5534
5334
5338
5535
5335
5339
5536
5336
5340
5537
5337
5341
5538
5342
5539
5339
5343
5540
5340
5344
5541
5341
5345
5542
5342
5346
5543
5347
5544
5344
5348
5545
5345
5349
5546
5346
5350
5547
5347
5351
5548
5352
5549
5349
5353
5550
5350
5354
5551
5351
5355
5552
5352
5356
5553
5357
5554
5354
5358
5555
5355
5359
5556
5356
5360
5557
5357
5361
5558
5362
5559
5359
5363
5560
5360
5364
5561
5361
5365
5562
5362
5366
5563
5367
5564
5364
5368
5565
5365
5369
5566
5366
5370
5567
5367
5371
5568
5372
5569
5369
5373
5570
5370
5374
5571
5371
5375
5572
5372
5376
5573
5377
5574
5374
5378
5575
5375
5379
5576
5376
5380
5577
5377
5381
5578
5382
5579
5379
5383
5580
5380
5384
5581
5381
5385
5582
5382
5386
5583
5387
5584
5384
5388
5585
5385
5389
5586
5386
5390
5587
5387
5391
5588
5392
5589
5389
5393
5590
5390
5394
5591
5391
5395
5592
5392
5396
5593
5397
5594
5394
5398
5595
5395
5399
5596
5396
5400
5597
5397
5401
5598
5402
5599
5399
5403
5600
5400
5404
5601
5401
5405
5602
5402
5406
5603
5407
5604
5404
5605
5405
5408
5606
5406
5409
5607
5407
5410
5608
5411
5609
5409
5412
5611
5410
5413
5612
5411
5414
5613
5415
5614
5413
5416
5615
5414
5417
5616
5415
5418
5617
5419
5618
5417
5619
5418
5620
5419
5621
5622
5421
5425
5623
5422
5426
5624
5423
5427
5625
5424
5428
5626
5429
5627
5426
5430
5628
5427
5431
5629
5428
5432
5630
5429
5433
5631
5434
5632
5431
5435
5633
5432
5436
5634
5433
5437
5635
5434
5438
5636
5439
5637
5436
5440
5638
5437
5441
5639
5438
5442
5640
5439
5443
5641
5444
5642
5441
5445
5643
5442
5446
5644
5443
5447
5645
5444
5448
5646
5449
5647
5446
5450
5648
5447
5451
5649
5448
5452
5650
5449
5453
5651
5454
5652
5451
5455
5653
5452
5456
5654
5453
5457
5655
5454
5458
5656
5459
5657
5456
5460
5658
5457
5461
5659
5458
5462
5660
5459
5463
5661
5464
5662
5461
5465
5663
5462
5466
5664
5463
5467
5665
5464
5468
5666
5469
5667
5466
5470
5668
5467
5471
5669
5468
5472
5670
5469
5473
5671
5474
5672
5471
5475
5673
5472
5476
5674
5473
5477
5675
5474
5478
5676
5479
5677
5476
5480
5678
5477
5481
5679
5478
5482
5680
5479
5483
5681
5484
5682
5481
5485
5683
5482
5486
5684
5483
5487
5685
5484
5488
5686
5489
5687
5486
5490
5688
5487
5491
5689
5488
5492
5690
5489
5493
5691
5494
5692
5491
5495
5693
5492
5496
5694
5493
5497
5695
5494
5498
5696
5499
5697
5496
5500
5698
5497
5501
5699
5498
5502
5700
5499
5503
5701
5504
5702
5501
5505
5703
5502
5506
5704
5503
5507
5705
5504
5508
5706
5509
5707
5506
5510
5708
5507
5511
5709
5508
5512
5710
5509
5513
5711
5514
5712
5511
5515
5713
5512
5516
5714
5513
5517
5715
5514
5518
5716
5519
5717
5516
5520
5718
5517
5521
5719
5518
5522
5720
5519
5523
5721
5524
5722
5521
5525
5723
5522
5526
5724
5523
5527
5725
5524
5528
5726
5529
5727
5526
5530
5728
5527
5531
5729
5528
5532
5730
5529
5533
5731
5534
5732
5531
5535
5733
5532
5536
5734
5533
5537
5735
5534
5538
5736
5539
5737
5536
5540
5738
5537
5541
5739
5538
5542
5740
5539
5543
5741
5544
5742
5541
5545
5743
5542
5546
5744
5543
5547
5745
5544
5548
5746
5549
5747
5546
5550
5748
5547
5551
5749
5548
5552
5750
5549
5553
5751
5554
5752
5551
5555
5753
5552
5556
5754
5553
5557
5755
5554
5558
5756
5559
5757
5556
5560
5758
5557
5561
5759
5558
5562
5760
5559
5563
5761
5564
5762
5561
5565
5763
5562
5566
5764
5563
5567
5765
5564
5568
5766
5569
5767
5566
5570
5768
5567
5571
5769
5568
5572
5770
5569
5573
5771
5574
5772
5571
5575
5773
5572
5576
5774
5573
5577
5775
5574
5578
5776
5579
5777
5576
5580
5778
5577
5581
5779
5578
5582
5780
5579
5583
5781
5584
5782
5581
5585
5783
5582
5586
5784
5583
5587
5785
5584
5588
5786
5589
5787
5586
5590
5788
5587
5591
5789
5588
5592
5790
5589
5593
5791
5594
5792
5591
5595
5793
5592
5596
5794
5593
5597
5795
5594
5598
5796
5599
5797
5596
5600
5798
5597
5601
5799
5598
5602
5800
5599
5603
5801
5604
5802
5601
5605
5803
5602
5606
5804
5603
5607
5805
5604
5608
5806
5609
5807
5606
5610
5808
5607
5611
5809
5608
5612
5810
5609
5613
5811
5614
5812
5611
5813
5612
5615
5814
5613
5616
5815
5614
5617
5816
5618
5817
5616
5619
5819
5617
5620
5820
5618
5621
5821
5622
5822
5620
5823
5621
5824
5622
5825
5826
5624
5628
5827
5625
5629
5828
5626
5630
5829
5627
5631
5830
5632
5831
5629
5633
5832
5630
5634
5833
5631
5635
5834
5632
5636
5835
5637
5836
5634
5638
5837
5635
5639
5838
5636
5640
5839
5637
5641
5840
5642
5841
5639
5643
5842
5640
5644
5843
5641
5645
5844
5642
5646
5845
5647
5846
5644
5648
5847
5645
5649
5848
5646
5650
5849
5647
5651
5850
5652
5851
5649
5653
5852
5650
5654
5853
5651
5655
5854
5652
5656
5855
5657
5856
5654
5658
5857
5655
5659
5858
5656
5660
5859
5657
5661
5860
5662
5861
5659
5663
5862
5660
5664
5863
5661
5665
5864
5662
5666
5865
5667
5866
5664
5668
5867
5665
5669
5868
5666
5670
5869
5667
5671
5870
5672
5871
5669
5673
5872
5670
5674
5873
5671
5675
5874
5672
5676
5875
5677
5876
5674
5678
5877
5675
5679
5878
5676
5680
5879
5677
5681
5880
5682
5881
5679
5683
5882
5680
5684
5883
5681
5685
5884
5682
5686
5885
5687
5886
5684
5688
5887
5685
5689
5888
5686
5690
5889
5687
5691
5890
5692
5891
5689
5693
5892
5690
5694
5893
5691
5695
5894
5692
5696
5895
5697
5896
5694
5698
5897
5695
5699
5898
5696
5700
5899
5697
5701
5900
5702
5901
5699
5703
5902
5700
5704
5903
5701
5705
5904
5702
5706
5905
5707
5906
5704
5708
5907
5705
5709
5908
5706
5710
5909
5707
5711
5910
5712
5911
5709
5713
5912
5710
5714
5913
5711
5715
5914
5712
5716
5915
5717
5916
5714
5718
5917
5715
5719
5918
5716
5720
5919
5717
5721
5920
5722
5921
5719
5723
5922
5720
5724
5923
5721
5725
5924
5722
5726
5925
5727
5926
5724
5728
5927
5725
5729
5928
5726
5730
5929
5727
5731
5930
5732
5931
5729
5733
5932
5730
5734
5933
5731
5735
5934
5732
5736
5935
5737
5936
5734
5738
5937
5735
5739
5938
5736
5740
5939
5737
5741
5940
5742
5941
5739
5743
5942
5740
5744
5943
5741
5745
5944
5742
5746
5945
5747
5946
5744
5748
5947
5745
5749
5948
5746
5750
5949
5747
5751
5950
5752
5951
5749
5753
5952
5750
5754
5953
5751
5755
5954
5752
5756
5955
5757
5956
5754
5758
5957
5755
5759
5958
5756
5760
5959
5757
5761
5960
5762
5961
5759
5763
5962
5760
5764
5963
5761
5765
5964
5762
5766
5965
5767
5966
5764
5768
5967
5765
5769
5968
5766
5770
5969
5767
5771
5970
5772
5971
5769
5773
5972
5770
5774
5973
5771
5775
5974
5772
5776
5975
5777
5976
5774
5778
5977
5775
5779
5978
5776
5780
5979
5777
5781
5980
5782
5981
5779
5783
5982
5780
5784
5983
5781
5785
5984
5782
5786
5985
5787
5986
5784
5788
5987
5785
5789
5988
5786
5790
5989
5787
5791
5990
5792
5991
5789
5793
5992
5790
5794
5993
5791
5795
5994
5792
5796
5995
5797
5996
5794
5798
5997
5795
5799
5998
5796
5800
5999
5797
5801
6000
5802
6001
5799
5803
6002
5800
5804
6003
5801
5805
6004
5802
5806
6005
5807
6006
5804
5808
6007
5805
5809
6008
5806
5810
6009
5807
5811
6010
5812
6011
5809
5813
6012
5810
5814
6013
5811
5815
6014
5812
5816
6015
5817
6016
5814
5818
6017
5815
5819
6018
5816
5820
6019
5817
5821
6020
5822
6021
5819
6022
5820
5823
6023
5821
5824
6024
5822
5825
6025
5826
6026
5824
6028
5825
6029
5826
6030
6031
5828
5832
6032
5829
5833
6033
5830
5834
6034
5831
5835
6035
5836
6036
5833
5837
6037
5834
5838
6038
5835
5839
6039
5836
5840
6040
5841
6041
5838
5842
6042
5839
5843
6043
5840
5844
6044
5841
5845
6045
5846
6046
5843
5847
6047
5844
5848
6048
5845
5849
6049
5846
5850
6050
5851
6051
5848
5852
6052
5849
5853
6053
5850
5854
6054
5851
5855
6055
5856
6056
5853
5857
6057
5854
5858
6058
5855
5859
6059
5856
5860
6060
5861
6061
5858
5862
6062
5859
5863
6063
5860
5864
6064
5861
5865
6065
5866
6066
5863
5867
6067
5864
5868
6068
5865
5869
6069
5866
5870
6070
5871
6071
5868
5872
6072
5869
5873
6073
5870
5874
6074
5871
5875
6075
5876
6076
5873
5877
6077
5874
5878
6078
5875
5879
6079
5876
5880
6080
5881
6081
5878
5882
6082
5879
5883
6083
5880
5884
6084
5881
5885
6085
5886
6086
5883
5887
6087
5884
5888
6088
5885
5889
6089
5886
5890
6090
5891
6091
5888
5892
6092
5889
5893
6093
5890
5894
6094
5891
5895
6095
5896
6096
5893
5897
6097
5894
5898
6098
5895
5899
6099
5896
5900
6100
5901
6101
5898
5902
6102
5899
5903
6103
5900
5904
6104
5901
5905
6105
5906
6106
5903
5907
6107
5904
5908
6108
5905
5909
6109
5906
5910
6110
5911
6111
5908
5912
6112
5909
5913
6113
5910
5914
6114
5911
5915
6115
5916
6116
5913
5917
6117
5914
5918
6118
5915
5919
6119
5916
5920
6120
5921
6121
5918
5922
6122
5919
5923
6123
5920
5924
6124
5921
5925
6125
5926
6126
5923
5927
6127
5924
5928
6128
5925
5929
6129
5926
5930
6130
5931
6131
5928
5932
6132
5929
5933
6133
5930
5934
6134
5931
5935
6135
5936
6136
5933
5937
6137
5934
5938
6138
5935
5939
6139
5936
5940
6140
5941
6141
5938
5942
6142
5939
5943
6143
5940
5944
6144
5941
5945
6145
5946
6146
5943
5947
6147
5944
5948
6148
5945
5949
6149
5946
5950
6150
5951
6151
5948
5952
6152
5949
5953
6153
5950
5954
6154
5951
5955
6155
5956
6156
5953
5957
6157
5954
5958
6158
5955
5959
6159
5956
5960
6160
5961
6161
5958
5962
6162
5959
5963
6163
5960
5964
6164
5961
5965
6165
5966
6166
5963
5967
6167
5964
5968
6168
5965
5969
6169
5966
5970
6170
5971
6171
5968
5972
6172
5969
5973
6173
5970
5974
6174
5971
5975
6175
5976
6176
5973
5977
6177
5974
5978
6178
5975
5979
6179
5976
5980
6180
5981
6181
5978
5982
6182
5979
5983
6183
5980
5984
6184
5981
5985
6185
5986
6186
5983
5987
6187
5984
5988
6188
5985
5989
6189
5986
5990
6190
5991
6191
5988
5992
6192
5989
5993
6193
5990
5994
6194
5991
5995
6195
5996
6196
5993
5997
6197
5994
5998
6198
5995
5999
6199
5996
6000
6200
6001
6201
5998
6002
6202
5999
6003
6203
6000
6004
6204
6001
6005
6205
6006
6206
6003
6007
6207
6004
6008
6208
6005
6009
6209
6006
6010
6210
6011
6211
6008
6012
6212
6009
6013
6213
6010
6014
6214
6011
6015
6215
6016
6216
6013
6017
6217
6014
6018
6218
6015
6019
6219
6016
6020
6220
6021
6221
6018
6022
6222
6019
6023
6223
6020
6024
6224
6021
6025
6225
6026
6226
6023
6027
6227
6024
6028
6228
6025
6029
6229
6026
6030
6230
6031
6231
6028
6232
6029
6233
6030
6234
6031
6235
6236
6033
6037
6237
6034
6038
6238
6035
6039
6239
6036
6040
6240
6041
6241
6038
6042
6242
6039
6043
6243
6040
6044
6244
6041
6045
6245
6046
6246
6043
6047
6247
6044
6048
6248
6045
6049
6249
6046
6050
6250
6051
6251
6048
6052
6252
6049
6053
6253
6050
6054
6254
6051
6055
6255
6056
6256
6053
6057
6257
6054
6058
6258
6055
6059
6259
6056
6060
6260
6061
6261
6058
6062
6262
6059
6063
6263
6060
6064
6264
6061
6065
6265
6066
6266
6063
6067
6267
6064
6068
6268
6065
6069
6269
6066
6070
6270
6071
6271
6068
6072
6272
6069
6073
6273
6070
6074
6274
6071
6075
6275
6076
6276
6073
6077
6277
6074
6078
6278
6075
6079
6279
6076
6080
6280
6081
6281
6078
6082
6282
6079
6083
6283
6080
6084
6284
6081
6085
6285
6086
6286
6083
6087
6287
6084
6088
6288
6085
6089
6289
6086
6090
6290
6091
6291
6088
6092
6292
6089
6093
6293
6090
6094
6294
6091
6095
6295
6096
6296
6093
6097
6297
6094
6098
6298
6095
6099
6299
6096
6100
6300
6101
6301
6098
6102
6302
6099
6103
6303
6100
6104
6304
6101
6105
6305
6106
6306
6103
6107
6307
6104
6108
6308
6105
6109
6309
6106
6110
6310
6111
6311
6108
6112
6312
6109
6113
6313
6110
6114
6314
6111
6115
6315
6116
6316
6113
6117
6317
6114
6118
6318
6115
6119
6319
6116
6120
6320
6121
6321
6118
6122
6322
6119
6123
6323
6120
6124
6324
6121
6125
6325
6126
6326
6123
6127
6327
6124
6128
6328
6125
6129
6329
6126
6130
6330
6131
6331
6128
6132
6332
6129
6133
6333
6130
6134
6334
6131
6135
6335
6136
6336
6133
6137
6337
6134
6138
6338
6135
6139
6339
6136
6140
6340
6141
6341
6138
6142
6342
6139
6143
6343
6140
6144
6344
6141
6145
6345
6146
6346
6143
6147
6347
6144
6148
6348
6145
6149
6349
6146
6150
6350
6151
6351
6148
6152
6352
6149
6153
6353
6150
6154
6354
6151
6155
6355
6156
6356
6153
6157
6357
6154
6158
6358
6155
6159
6359
6156
6160
6360
6161
6361
6158
6162
6362
6159
6163
6363
6160
6164
6364
6161
6165
6365
6166
6366
6163
6167
6367
6164
6168
6368
6165
6169
6369
6166
6170
6370
6171
6371
6168
6172
6372
6169
6173
6373
6170
6174
6374
6171
6175
6375
6176
6376
6173
6177
6377
6174
6178
6378
6175
6179
6379
6176
6180
6380
6181
6381
6178
6182
6382
6179
6183
6383
6180
6184
6384
6181
6185
6385
6186
6386
6183
6187
6387
6184
6188
6388
6185
6189
6389
6186
6190
6390
6191
6391
6188
6192
6392
6189
6193
6393
6190
6194
6394
6191
6195
6395
6196
6396
6193
6197
6397
6194
6198
6398
6195
6199
6399
6196
6200
6400
6201
6401
6198
6202
6402
6199
6203
6403
6200
6204
6404
6201
6205
6405
6206
6406
6203
6207
6407
6204
6208
6408
6205
6209
6409
6206
6210
6410
6211
6411
6208
6212
6412
6209
6213
6413
6210
6214
6414
6211
6215
6415
6216
6416
6213
6217
6417
6214
6218
6418
6215
6219
6419
6216
6220
6420
6221
6421
6218
6222
6422
6219
6223
6423
6220
6224
6424
6221
6225
6425
6226
6426
6223
6227
6427
6224
6228
6428
6225
6229
6429
6226
6230
6430
6231
6431
6228
6232
6432
6229
6233
6433
6230
6234
6434
6231
6235
6435
6236
6436
6233
6437
6234
6438
6235
6439
6236
6440
6441
6238
6242
6442
6239
6243
6443
6240
6244
6444
6241
6245
6445
6246
6446
6243
6247
6447
6244
6248
6448
6245
6249
6449
6246
6250
6450
6251
6451
6248
6252
6452
6249
6253
6453
6250
6254
6454
6251
6255
6455
6256
6456
6253
6257
6457
6254
6258
6458
6255
6259
6459
6256
6260
6460
6261
6461
6258
6262
6462
6259
6263
6463
6260
6264
6464
6261
6265
6465
6266
6466
6263
6267
6467
6264
6268
6468
6265
6269
6469
6266
6270
6470
6271
6471
6268
6272
6472
6269
6273
6473
6270
6274
6474
6271
6275
6475
6276
6476
6273
6277
6477
6274
6278
6478
6275
6279
6479
6276
6280
6480
6281
6481
6278
6282
6482
6279
6283
6483
6280
6284
6484
6281
6285
6485
6286
6486
6283
6287
6487
6284
6288
6488
6285
6289
6489
6286
6290
6490
6291
6491
6288
6292
6492
6289
6293
6493
6290
6294
6494
6291
6295
6495
6296
6496
6293
6297
6497
6294
6298
6498
6295
6299
6499
6296
6300
6500
6301
6501
6298
6302
6502
6299
6303
6503
6300
6304
6504
6301
6305
6505
6306
6506
6303
6307
6507
6304
6308
6508
6305
6309
6509
6306
6310
6510
6311
6511
6308
6312
6512
6309
6313
6513
6310
6314
6514
6311
6315
6515
6316
6516
6313
6317
6517
6314
6318
6518
6315
6319
6519
6316
6320
6520
6321
6521
6318
6322
6522
6319
6323
6523
6320
6324
6524
6321
6325
6525
6326
6526
6323
6327
6527
6324
6328
6528
6325
6329
6529
6326
6330
6530
6331
6531
6328
6332
6532
6329
6333
6533
6330
6334
6534
6331
6335
6535
6336
6536
6333
6337
6537
6334
6338
6538
6335
6339
6539
6336
6340
6540
6341
6541
6338
6342
6542
6339
6343
6543
6340
6344
6544
6341
6345
6545
6346
6546
6343
6347
6547
6344
6348
6548
6345
6349
6549
6346
6350
6550
6351
6551
6348
6352
6552
6349
6353
6553
6350
6354
6554
6351
6355
6555
6356
6556
6353
6357
6557
6354
6358
6558
6355
6359
6559
6356
6360
6560
6361
6561
6358
6362
6562
6359
6363
6563
6360
6364
6564
6361
6365
6565
6366
6566
6363
6367
6567
6364
6368
6568
6365
6369
6569
6366
6370
6570
6371
6571
6368
6372
6572
6369
6373
6573
6370
6374
6574
6371
6375
6575
6376
6576
6373
6377
6577
6374
6378
6578
6375
6379
6579
6376
6380
6580
6381
6581
6378
6382
6582
6379
6383
6583
6380
6384
6584
6381
6385
6585
6386
6586
6383
6387
6587
6384
6388
6588
6385
6389
6589
6386
6390
6590
6391
6591
6388
6392
6592
6389
6393
6593
6390
6394
6594
6391
6395
6595
6396
6596
6393
6397
6597
6394
6398
6598
6395
6399
6599
6396
6400
6600
6401
6601
6398
6402
6602
6399
6403
6603
6400
6404
6604
6401
6405
6605
6406
6606
6403
6407
6607
6404
6408
6608
6405
6409
6609
6406
6410
6610
6411
6611
6408
6412
6612
6409
6413
6613
6410
6414
6614
6411
6415
6615
6416
6616
6413
6417
6617
6414
6418
6618
6415
6419
6619
6416
6420
6620
6421
6621
6418
6422
6622
6419
6423
6623
6420
6424
6624
6421
6425
6625
6426
6626
6423
6427
6627
6424
6428
6628
6425
6429
6629
6426
6430
6630
6431
6631
6428
6432
6632
6429
6433
6633
6430
6434
6634
6431
6435
6635
6436
6636
6433
6437
6637
6434
6438
6638
6435
6439
6639
6436
6440
6640
6441
6641
6438
6642
6439
6643
6440
6644
6441
6645
6646
6443
6447
6647
6444
6448
6648
6445
6449
6649
6446
6450
6650
6451
6651
6448
6452
6652
6449
6453
6653
6450
6454
6654
6451
6455
6655
6456
6656
6453
6457
6657
6454
6458
6658
6455
6459
6659
6456
6460
6660
6461
6661
6458
6462
6662
6459
6463
6663
6460
6464
6664
6461
6465
6665
6466
6666
6463
6467
6667
6464
6468
6668
6465
6469
6669
6466
6470
6670
6471
6671
6468
6472
6672
6469
6473
6673
6470
6474
6674
6471
6475
6675
6476
6676
6473
6477
6677
6474
6478
6678
6475
6479
6679
6476
6480
6680
6481
6681
6478
6482
6682
6479
6483
6683
6480
6484
6684
6481
6485
6685
6486
6686
6483
6487
6687
6484
6488
6688
6485
6489
6689
6486
6490
6690
6491
6691
6488
6492
6692
6489
6493
6693
6490
6494
6694
6491
6495
6695
6496
6696
6493
6497
6697
6494
6498
6698
6495
6499
6699
6496
6500
6700
6501
6701
6498
6502
6702
6499
6503
6703
6500
6504
6704
6501
6505
6705
6506
6706
6503
6507
6707
6504
6508
6708
6505
6509
6709
6506
6510
6710
6511
6711
6508
6512
6712
6509
6513
6713
6510
6514
6714
6511
6515
6715
6516
6716
6513
6517
6717
6514
6518
6718
6515
6519
6719
6516
6520
6720
6521
6721
6518
6522
6722
6519
6523
6723
6520
6524
6724
6521
6525
6725
6526
6726
6523
6527
6727
6524
6528
6728
6525
6529
6729
6526
6530
6730
6531
6731
6528
6532
6732
6529
6533
6733
6530
6534
6734
6531
6535
6735
6536
6736
6533
6537
6737
6534
6538
6738
6535
6539
6739
6536
6540
6740
6541
6741
6538
6542
6742
6539
6543
6743
6540
6544
6744
6541
6545
6745
6546
6746
6543
6547
6747
6544
6548
6748
6545
6549
6749
6546
6550
6750
6551
6751
6548
6552
6752
6549
6553
6753
6550
6554
6754
6551
6555
6755
6556
6756
6553
6557
6757
6554
6558
6758
6555
6559
6759
6556
6560
6760
6561
6761
6558
6562
6762
6559
6563
6763
6560
6564
6764
6561
6565
6765
6566
6766
6563
6567
6767
6564
6568
6768
6565
6569
6769
6566
6570
6770
6571
6771
6568
6572
6772
6569
6573
6773
6570
6574
6774
6571
6575
6775
6576
6776
6573
6577
6777
6574
6578
6778
6575
6579
6779
6576
6580
6780
6581
6781
6578
6582
6782
6579
6583
6783
6580
6584
6784
6581
6585
6785
6586
6786
6583
6587
6787
6584
6588
6788
6585
6589
6789
6586
6590
6790
6591
6791
6588
6592
6792
6589
6593
6793
6590
6594
6794
6591
6595
6795
6596
6796
6593
6597
6797
6594
6598
6798
6595
6599
6799
6596
6600
6800
6601
6801
6598
6602
6802
6599
6603
6803
6600
6604
6804
6601
6605
6805
6606
6806
6603
6607
6807
6604
6608
6808
6605
6609
6809
6606
6610
6810
6611
6811
6608
6612
6812
6609
6613
6813
6610
6614
6814
6611
6615
6815
6616
6816
6613
6617
6817
6614
6618
6818
6615
6619
6819
6616
6620
6820
6621
6821
6618
6622
6822
6619
6623
6823
6620
6624
6824
6621
6625
6825
6626
6826
6623
6627
6827
6624
6628
6828
6625
6629
6829
6626
6630
6830
6631
6831
6628
6632
6832
6629
6633
6833
6630
6634
6834
6631
6635
6835
6636
6836
6633
6637
6837
6634
6638
6838
6635
6639
6839
6636
6640
6840
6641
6841
6638
6642
6842
6639
6643
6843
6640
6644
6844
6641
6645
6845
6646
6846
6643
6847
6644
6848
6645
6849
6646
6850
6851
6648
6652
6649
6653
6650
6654
6651
6655
6656
6653
6657
6654
6658
6655
6659
6656
6660
6661
6658
6662
6659
6663
6660
6664
6661
6665
6666
6663
6667
6664
6668
6665
6669
6666
6670
6671
6668
6672
6669
6673
6670
6674
6671
6675
6676
6673
6677
6674
6678
6675
6679
6676
6680
6681
6678
6682
6679
6683
6680
6684
6681
6685
6686
6683
6687
6684
6688
6685
6689
6686
6690
6691
6688
6692
6689
6693
6690
6694
6691
6695
6696
6693
6697
6694
6698
6695
6699
6696
6700
6701
6698
6702
6699
6703
6700
6704
6701
6705
6706
6703
6707
6704
6708
6705
6709
6706
6710
6711
6708
6712
6709
6713
6710
6714
6711
6715
6716
6713
6717
6714
6718
6715
6719
6716
6720
6721
6718
6722
6719
6723
6720
6724
6721
6725
6726
6723
6727
6724
6728
6725
6729
6726
6730
6731
6728
6732
6729
6733
6730
6734
6731
6735
6736
6733
6737
6734
6738
6735
6739
6736
6740
6741
6738
6742
6739
6743
6740
6744
6741
6745
6746
6743
6747
6744
6748
6745
6749
6746
6750
6751
6748
6752
6749
6753
6750
6754
6751
6755
6756
6753
6757
6754
6758
6755
6759
6756
6760
6761
6758
6762
6759
6763
6760
6764
6761
6765
6766
6763
6767
6764
6768
6765
6769
6766
6770
6771
6768
6772
6769
6773
6770
6774
6771
6775
6776
6773
6777
6774
6778
6775
6779
6776
6780
6781
6778
6782
6779
6783
6780
6784
6781
6785
6786
6783
6787
6784
6788
6785
6789
6786
6790
6791
6788
6792
6789
6793
6790
6794
6791
6795
6796
6793
6797
6794
6798
6795
6799
6796
6800
6801
6798
6802
6799
6803
6800
6804
6801
6805
6806
6803
6807
6804
6808
6805
6809
6806
6810
6811
6808
6812
6809
6813
6810
6814
6811
6815
6816
6813
6817
6814
6818
6815
6819
6816
6820
6821
6818
6822
6819
6823
6820
6824
6821
6825
6826
6823
6827
6824
6828
6825
6829
6826
6830
6831
6828
6832
6829
6833
6830
6834
6831
6835
6836
6833
6837
6834
6838
6835
6839
6836
6840
6841
6838
6842
6839
6843
6840
6844
6841
6845
6846
6843
6847
6844
6848
6845
6849
6846
6850
6851
6848
6849
6850
6851
)


// ************************************************************************* //
