/*--------------------------------*- C++ -*----------------------------------*\
| =========                 |                                                 |
| \\      /  F ield         | OpenFOAM: The Open Source CFD Toolbox           |
|  \\    /   O peration     | Version:  2.3.1                                 |
|   \\  /    A nd           | Web:      www.OpenFOAM.org                      |
|    \\/     M anipulation  |                                                 |
\*---------------------------------------------------------------------------*/
FoamFile
{
    version     2.0;
    format      ascii;
    class       labelList;
    location    "constant/polyMesh";
    object      pointProcAddressing;
}
// * * * * * * * * * * * * * * * * * * * * * * * * * * * * * * * * * * * * * //


9019
(
30
31
32
33
34
35
66
67
68
69
70
71
102
103
104
105
106
107
138
139
140
141
142
143
174
175
176
177
178
179
210
211
212
213
214
215
246
247
248
249
250
251
282
283
284
285
286
287
319
320
321
322
323
355
356
357
358
359
391
392
393
394
395
427
428
429
430
431
463
464
465
466
467
499
500
501
502
503
535
536
537
538
539
571
572
573
574
575
607
608
609
610
611
643
644
645
646
647
679
680
681
682
683
715
716
717
718
719
751
752
753
754
755
787
788
789
790
791
823
824
825
826
827
859
860
861
862
863
895
896
897
898
899
931
932
933
934
935
967
968
969
970
971
1003
1004
1005
1006
1007
1039
1040
1041
1042
1043
1075
1076
1077
1078
1079
1111
1112
1113
1114
1115
1147
1148
1149
1150
1151
1183
1184
1185
1186
1187
1219
1220
1221
1222
1223
1255
1256
1257
1258
1259
1291
1292
1293
1294
1295
1327
1328
1329
1330
1331
1363
1364
1365
1366
1367
1399
1400
1401
1402
1403
1435
1436
1437
1438
1439
1471
1472
1473
1474
1475
1507
1508
1509
1510
1511
1542
1543
1544
1545
1546
1547
1578
1579
1580
1581
1582
1583
1614
1615
1616
1617
1618
1619
1650
1651
1652
1653
1654
1655
1686
1687
1688
1689
1690
1691
1722
1723
1724
1725
1726
1727
1758
1759
1760
1761
1762
1763
1794
1795
1796
1797
1798
1799
1830
1831
1832
1833
1834
1835
1867
1868
1869
1870
1871
1903
1904
1905
1906
1907
1939
1940
1941
1942
1943
1975
1976
1977
1978
1979
2011
2012
2013
2014
2015
2047
2048
2049
2050
2051
2083
2084
2085
2086
2087
2119
2120
2121
2122
2123
2155
2156
2157
2158
2159
2191
2192
2193
2194
2195
2227
2228
2229
2230
2231
2263
2264
2265
2266
2267
2299
2300
2301
2302
2303
2335
2336
2337
2338
2339
2371
2372
2373
2374
2375
2407
2408
2409
2410
2411
2443
2444
2445
2446
2447
2479
2480
2481
2482
2483
2515
2516
2517
2518
2519
2551
2552
2553
2554
2555
2587
2588
2589
2590
2591
2623
2624
2625
2626
2627
2659
2660
2661
2662
2663
2695
2696
2697
2698
2699
2731
2732
2733
2734
2735
2767
2768
2769
2770
2771
2803
2804
2805
2806
2807
2839
2840
2841
2842
2843
2875
2876
2877
2878
2879
2911
2912
2913
2914
2915
2947
2948
2949
2950
2951
2983
2984
2985
2986
2987
3019
3020
3021
3022
3023
3054
3055
3056
3057
3058
3059
3090
3091
3092
3093
3094
3095
3126
3127
3128
3129
3130
3131
3162
3163
3164
3165
3166
3167
3198
3199
3200
3201
3202
3203
3234
3235
3236
3237
3238
3239
3270
3271
3272
3273
3274
3275
3306
3307
3308
3309
3310
3311
3342
3343
3344
3345
3346
3347
3378
3379
3380
3381
3382
3383
3415
3416
3417
3418
3419
3451
3452
3453
3454
3455
3487
3488
3489
3490
3491
3523
3524
3525
3526
3527
3559
3560
3561
3562
3563
3595
3596
3597
3598
3599
3631
3632
3633
3634
3635
3667
3668
3669
3670
3671
3703
3704
3705
3706
3707
3739
3740
3741
3742
3743
3775
3776
3777
3778
3779
3811
3812
3813
3814
3815
3847
3848
3849
3850
3851
3883
3884
3885
3886
3887
3919
3920
3921
3922
3923
3955
3956
3957
3958
3959
3991
3992
3993
3994
3995
4027
4028
4029
4030
4031
4063
4064
4065
4066
4067
4099
4100
4101
4102
4103
4135
4136
4137
4138
4139
4171
4172
4173
4174
4175
4207
4208
4209
4210
4211
4243
4244
4245
4246
4247
4279
4280
4281
4282
4283
4315
4316
4317
4318
4319
4351
4352
4353
4354
4355
4387
4388
4389
4390
4391
4423
4424
4425
4426
4427
4459
4460
4461
4462
4463
4495
4496
4497
4498
4499
4531
4532
4533
4534
4535
4566
4567
4568
4569
4570
4571
4602
4603
4604
4605
4606
4607
4638
4639
4640
4641
4642
4643
4674
4675
4676
4677
4678
4679
4710
4711
4712
4713
4714
4715
4746
4747
4748
4749
4750
4751
4782
4783
4784
4785
4786
4787
4818
4819
4820
4821
4822
4823
4854
4855
4856
4857
4858
4859
4890
4891
4892
4893
4894
4895
4926
4927
4928
4929
4930
4931
4963
4964
4965
4966
4967
4999
5000
5001
5002
5003
5035
5036
5037
5038
5039
5071
5072
5073
5074
5075
5107
5108
5109
5110
5111
5143
5144
5145
5146
5147
5179
5180
5181
5182
5183
5215
5216
5217
5218
5219
5251
5252
5253
5254
5255
5287
5288
5289
5290
5291
5323
5324
5325
5326
5327
5359
5360
5361
5362
5363
5395
5396
5397
5398
5399
5431
5432
5433
5434
5435
5467
5468
5469
5470
5471
5503
5504
5505
5506
5507
5539
5540
5541
5542
5543
5575
5576
5577
5578
5579
5611
5612
5613
5614
5615
5647
5648
5649
5650
5651
5683
5684
5685
5686
5687
5719
5720
5721
5722
5723
5755
5756
5757
5758
5759
5791
5792
5793
5794
5795
5827
5828
5829
5830
5831
5863
5864
5865
5866
5867
5899
5900
5901
5902
5903
5935
5936
5937
5938
5939
5971
5972
5973
5974
5975
6007
6008
6009
6010
6011
6043
6044
6045
6046
6047
6078
6079
6080
6081
6082
6083
6114
6115
6116
6117
6118
6119
6150
6151
6152
6153
6154
6155
6186
6187
6188
6189
6190
6191
6222
6223
6224
6225
6226
6227
6258
6259
6260
6261
6262
6263
6294
6295
6296
6297
6298
6299
6330
6331
6332
6333
6334
6335
6366
6367
6368
6369
6370
6371
6402
6403
6404
6405
6406
6407
6438
6439
6440
6441
6442
6443
6474
6475
6476
6477
6478
6479
6511
6512
6513
6514
6515
6547
6548
6549
6550
6551
6583
6584
6585
6586
6587
6619
6620
6621
6622
6623
6655
6656
6657
6658
6659
6691
6692
6693
6694
6695
6727
6728
6729
6730
6731
6763
6764
6765
6766
6767
6799
6800
6801
6802
6803
6835
6836
6837
6838
6839
6871
6872
6873
6874
6875
6907
6908
6909
6910
6911
6943
6944
6945
6946
6947
6979
6980
6981
6982
6983
7015
7016
7017
7018
7019
7051
7052
7053
7054
7055
7087
7088
7089
7090
7091
7123
7124
7125
7126
7127
7159
7160
7161
7162
7163
7195
7196
7197
7198
7199
7231
7232
7233
7234
7235
7267
7268
7269
7270
7271
7303
7304
7305
7306
7307
7339
7340
7341
7342
7343
7375
7376
7377
7378
7379
7411
7412
7413
7414
7415
7447
7448
7449
7450
7451
7483
7484
7485
7486
7487
7519
7520
7521
7522
7523
7555
7556
7557
7558
7559
7590
7591
7592
7593
7594
7595
7626
7627
7628
7629
7630
7631
7662
7663
7664
7665
7666
7667
7698
7699
7700
7701
7702
7703
7734
7735
7736
7737
7738
7739
7770
7771
7772
7773
7774
7775
7806
7807
7808
7809
7810
7811
7842
7843
7844
7845
7846
7847
7878
7879
7880
7881
7882
7883
7914
7915
7916
7917
7918
7919
7950
7951
7952
7953
7954
7955
7986
7987
7988
7989
7990
7991
8022
8023
8024
8025
8026
8027
8059
8060
8061
8062
8063
8095
8096
8097
8098
8099
8131
8132
8133
8134
8135
8167
8168
8169
8170
8171
8203
8204
8205
8206
8207
8239
8240
8241
8242
8243
8275
8276
8277
8278
8279
8311
8312
8313
8314
8315
8347
8348
8349
8350
8351
8383
8384
8385
8386
8387
8419
8420
8421
8422
8423
8455
8456
8457
8458
8459
8491
8492
8493
8494
8495
8527
8528
8529
8530
8531
8563
8564
8565
8566
8567
8599
8600
8601
8602
8603
8635
8636
8637
8638
8639
8671
8672
8673
8674
8675
8707
8708
8709
8710
8711
8743
8744
8745
8746
8747
8779
8780
8781
8782
8783
8815
8816
8817
8818
8819
8851
8852
8853
8854
8855
8887
8888
8889
8890
8891
8923
8924
8925
8926
8927
8959
8960
8961
8962
8963
8995
8996
8997
8998
8999
9031
9032
9033
9034
9035
9067
9068
9069
9070
9071
9102
9103
9104
9105
9106
9107
9138
9139
9140
9141
9142
9143
9174
9175
9176
9177
9178
9179
9210
9211
9212
9213
9214
9215
9246
9247
9248
9249
9250
9251
9282
9283
9284
9285
9286
9287
9318
9319
9320
9321
9322
9323
9354
9355
9356
9357
9358
9359
9390
9391
9392
9393
9394
9395
9426
9427
9428
9429
9430
9431
9462
9463
9464
9465
9466
9467
9498
9499
9500
9501
9502
9503
9534
9535
9536
9537
9538
9539
9571
9572
9573
9574
9575
9607
9608
9609
9610
9611
9643
9644
9645
9646
9647
9679
9680
9681
9682
9683
9715
9716
9717
9718
9719
9751
9752
9753
9754
9755
9787
9788
9789
9790
9791
9823
9824
9825
9826
9827
9859
9860
9861
9862
9863
9895
9896
9897
9898
9899
9931
9932
9933
9934
9935
9967
9968
9969
9970
9971
10003
10004
10005
10006
10007
10039
10040
10041
10042
10043
10075
10076
10077
10078
10079
10111
10112
10113
10114
10115
10147
10148
10149
10150
10151
10183
10184
10185
10186
10187
10219
10220
10221
10222
10223
10255
10256
10257
10258
10259
10291
10292
10293
10294
10295
10327
10328
10329
10330
10331
10363
10364
10365
10366
10367
10399
10400
10401
10402
10403
10435
10436
10437
10438
10439
10471
10472
10473
10474
10475
10507
10508
10509
10510
10511
10543
10544
10545
10546
10547
10579
10580
10581
10582
10583
10852
10853
10854
10855
10856
10857
10888
10889
10890
10891
10892
10893
10924
10925
10926
10927
10928
10929
10960
10961
10962
10963
10964
10965
10996
10997
10998
10999
11000
11001
11032
11033
11034
11035
11036
11037
11068
11069
11070
11071
11072
11073
11104
11105
11106
11107
11108
11109
11140
11141
11142
11143
11144
11145
11176
11177
11178
11179
11180
11181
11212
11213
11214
11215
11216
11217
11248
11249
11250
11251
11252
11253
11284
11285
11286
11287
11288
11289
11320
11321
11322
11323
11324
11325
11356
11357
11358
11359
11360
11361
11392
11393
11394
11395
11396
11397
11429
11430
11431
11432
11433
11465
11466
11467
11468
11469
11501
11502
11503
11504
11505
11537
11538
11539
11540
11541
11573
11574
11575
11576
11577
11609
11610
11611
11612
11613
11645
11646
11647
11648
11649
11681
11682
11683
11684
11685
11712
11713
11714
11715
11716
11743
11744
11745
11746
11747
11774
11775
11776
11777
11778
11805
11806
11807
11808
11809
11836
11837
11838
11839
11840
11867
11868
11869
11870
11871
11898
11899
11900
11901
11902
11934
11935
11936
11937
11938
11970
11971
11972
11973
11974
12006
12007
12008
12009
12010
12042
12043
12044
12045
12046
12078
12079
12080
12081
12082
12114
12115
12116
12117
12118
12150
12151
12152
12153
12154
12186
12187
12188
12189
12190
12222
12223
12224
12225
12226
12258
12259
12260
12261
12262
12294
12295
12296
12297
12298
12329
12330
12331
12332
12333
12334
12365
12366
12367
12368
12369
12370
12401
12402
12403
12404
12405
12406
12437
12438
12439
12440
12441
12442
12454
12455
12456
12457
12458
12459
12471
12472
12473
12474
12475
12476
12488
12489
12490
12491
12492
12493
12505
12506
12507
12508
12509
12510
12522
12523
12524
12525
12526
12527
12539
12540
12541
12542
12543
12544
12556
12557
12558
12559
12560
12561
12592
12593
12594
12595
12596
12597
12628
12629
12630
12631
12632
12633
12664
12665
12666
12667
12668
12669
12700
12701
12702
12703
12704
12705
12736
12737
12738
12739
12740
12741
12772
12773
12774
12775
12776
12777
12809
12810
12811
12812
12813
12845
12846
12847
12848
12849
12881
12882
12883
12884
12885
12917
12918
12919
12920
12921
12953
12954
12955
12956
12957
12989
12990
12991
12992
12993
13025
13026
13027
13028
13029
13056
13057
13058
13059
13060
13087
13088
13089
13090
13091
13118
13119
13120
13121
13122
13149
13150
13151
13152
13153
13180
13181
13182
13183
13184
13211
13212
13213
13214
13215
13242
13243
13244
13245
13246
13278
13279
13280
13281
13282
13314
13315
13316
13317
13318
13350
13351
13352
13353
13354
13386
13387
13388
13389
13390
13422
13423
13424
13425
13426
13458
13459
13460
13461
13462
13494
13495
13496
13497
13498
13530
13531
13532
13533
13534
13566
13567
13568
13569
13570
13602
13603
13604
13605
13606
13638
13639
13640
13641
13642
13673
13674
13675
13676
13677
13678
13709
13710
13711
13712
13713
13714
13745
13746
13747
13748
13749
13750
13781
13782
13783
13784
13785
13786
13798
13799
13800
13801
13802
13803
13815
13816
13817
13818
13819
13820
13832
13833
13834
13835
13836
13837
13849
13850
13851
13852
13853
13854
13866
13867
13868
13869
13870
13871
13883
13884
13885
13886
13887
13888
13900
13901
13902
13903
13904
13905
13936
13937
13938
13939
13940
13941
13972
13973
13974
13975
13976
13977
14008
14009
14010
14011
14012
14013
14044
14045
14046
14047
14048
14049
14080
14081
14082
14083
14084
14085
14116
14117
14118
14119
14120
14121
14152
14153
14154
14155
14156
14157
14189
14190
14191
14192
14193
14225
14226
14227
14228
14229
14261
14262
14263
14264
14265
14297
14298
14299
14300
14301
14333
14334
14335
14336
14337
14369
14370
14371
14372
14373
14400
14401
14402
14403
14404
14431
14432
14433
14434
14435
14462
14463
14464
14465
14466
14493
14494
14495
14496
14497
14524
14525
14526
14527
14528
14555
14556
14557
14558
14559
14586
14587
14588
14589
14590
14622
14623
14624
14625
14626
14658
14659
14660
14661
14662
14694
14695
14696
14697
14698
14730
14731
14732
14733
14734
14766
14767
14768
14769
14770
14802
14803
14804
14805
14806
14838
14839
14840
14841
14842
14874
14875
14876
14877
14878
14910
14911
14912
14913
14914
14946
14947
14948
14949
14950
14982
14983
14984
14985
14986
15017
15018
15019
15020
15021
15022
15053
15054
15055
15056
15057
15058
15089
15090
15091
15092
15093
15094
15125
15126
15127
15128
15129
15130
15142
15143
15144
15145
15146
15147
15159
15160
15161
15162
15163
15164
15176
15177
15178
15179
15180
15181
15193
15194
15195
15196
15197
15198
15210
15211
15212
15213
15214
15215
15227
15228
15229
15230
15231
15232
15244
15245
15246
15247
15248
15249
15280
15281
15282
15283
15284
15285
15316
15317
15318
15319
15320
15321
15352
15353
15354
15355
15356
15357
15388
15389
15390
15391
15392
15393
15424
15425
15426
15427
15428
15429
15460
15461
15462
15463
15464
15465
15496
15497
15498
15499
15500
15501
15532
15533
15534
15535
15536
15537
15569
15570
15571
15572
15573
15605
15606
15607
15608
15609
15641
15642
15643
15644
15645
15677
15678
15679
15680
15681
15713
15714
15715
15716
15717
15744
15745
15746
15747
15748
15775
15776
15777
15778
15779
15806
15807
15808
15809
15810
15837
15838
15839
15840
15841
15868
15869
15870
15871
15872
15899
15900
15901
15902
15903
15930
15931
15932
15933
15934
15966
15967
15968
15969
15970
16002
16003
16004
16005
16006
16038
16039
16040
16041
16042
16074
16075
16076
16077
16078
16110
16111
16112
16113
16114
16146
16147
16148
16149
16150
16182
16183
16184
16185
16186
16218
16219
16220
16221
16222
16254
16255
16256
16257
16258
16290
16291
16292
16293
16294
16326
16327
16328
16329
16330
16361
16362
16363
16364
16365
16366
16397
16398
16399
16400
16401
16402
16433
16434
16435
16436
16437
16438
16469
16470
16471
16472
16473
16474
16486
16487
16488
16489
16490
16491
16503
16504
16505
16506
16507
16508
16520
16521
16522
16523
16524
16525
16537
16538
16539
16540
16541
16542
16554
16555
16556
16557
16558
16559
16571
16572
16573
16574
16575
16576
16588
16589
16590
16591
16592
16593
16624
16625
16626
16627
16628
16629
16660
16661
16662
16663
16664
16665
16696
16697
16698
16699
16700
16701
16732
16733
16734
16735
16736
16737
16768
16769
16770
16771
16772
16773
16804
16805
16806
16807
16808
16809
16840
16841
16842
16843
16844
16845
16876
16877
16878
16879
16880
16881
16912
16913
16914
16915
16916
16917
16949
16950
16951
16952
16953
16985
16986
16987
16988
16989
17021
17022
17023
17024
17025
17057
17058
17059
17060
17061
17088
17089
17090
17091
17092
17119
17120
17121
17122
17123
17150
17151
17152
17153
17154
17181
17182
17183
17184
17185
17212
17213
17214
17215
17216
17243
17244
17245
17246
17247
17274
17275
17276
17277
17278
17310
17311
17312
17313
17314
17346
17347
17348
17349
17350
17382
17383
17384
17385
17386
17418
17419
17420
17421
17422
17454
17455
17456
17457
17458
17490
17491
17492
17493
17494
17526
17527
17528
17529
17530
17562
17563
17564
17565
17566
17598
17599
17600
17601
17602
17634
17635
17636
17637
17638
17670
17671
17672
17673
17674
17705
17706
17707
17708
17709
17710
17741
17742
17743
17744
17745
17746
17777
17778
17779
17780
17781
17782
17813
17814
17815
17816
17817
17818
17830
17831
17832
17833
17834
17835
17847
17848
17849
17850
17851
17852
17864
17865
17866
17867
17868
17869
17881
17882
17883
17884
17885
17886
17898
17899
17900
17901
17902
17903
17915
17916
17917
17918
17919
17920
17932
17933
17934
17935
17936
17937
17968
17969
17970
17971
17972
17973
18004
18005
18006
18007
18008
18009
18040
18041
18042
18043
18044
18045
18076
18077
18078
18079
18080
18081
18112
18113
18114
18115
18116
18117
18148
18149
18150
18151
18152
18153
18184
18185
18186
18187
18188
18189
18220
18221
18222
18223
18224
18225
18256
18257
18258
18259
18260
18261
18292
18293
18294
18295
18296
18297
18329
18330
18331
18332
18333
18365
18366
18367
18368
18369
18401
18402
18403
18404
18405
18432
18433
18434
18435
18436
18463
18464
18465
18466
18467
18494
18495
18496
18497
18498
18525
18526
18527
18528
18529
18556
18557
18558
18559
18560
18587
18588
18589
18590
18591
18618
18619
18620
18621
18622
18654
18655
18656
18657
18658
18690
18691
18692
18693
18694
18726
18727
18728
18729
18730
18762
18763
18764
18765
18766
18798
18799
18800
18801
18802
18834
18835
18836
18837
18838
18870
18871
18872
18873
18874
18906
18907
18908
18909
18910
18942
18943
18944
18945
18946
18978
18979
18980
18981
18982
19014
19015
19016
19017
19018
19049
19050
19051
19052
19053
19054
19085
19086
19087
19088
19089
19090
19121
19122
19123
19124
19125
19126
19157
19158
19159
19160
19161
19162
19174
19175
19176
19177
19178
19179
19191
19192
19193
19194
19195
19196
19208
19209
19210
19211
19212
19213
19225
19226
19227
19228
19229
19230
19242
19243
19244
19245
19246
19247
19259
19260
19261
19262
19263
19264
19276
19277
19278
19279
19280
19281
19312
19313
19314
19315
19316
19317
19348
19349
19350
19351
19352
19353
19384
19385
19386
19387
19388
19389
19420
19421
19422
19423
19424
19425
19456
19457
19458
19459
19460
19461
19492
19493
19494
19495
19496
19497
19528
19529
19530
19531
19532
19533
19564
19565
19566
19567
19568
19569
19600
19601
19602
19603
19604
19605
19636
19637
19638
19639
19640
19641
19672
19673
19674
19675
19676
19677
19709
19710
19711
19712
19713
19745
19746
19747
19748
19749
19776
19777
19778
19779
19780
19807
19808
19809
19810
19811
19838
19839
19840
19841
19842
19869
19870
19871
19872
19873
19900
19901
19902
19903
19904
19931
19932
19933
19934
19935
19962
19963
19964
19965
19966
19998
19999
20000
20001
20002
20034
20035
20036
20037
20038
20070
20071
20072
20073
20074
20106
20107
20108
20109
20110
20142
20143
20144
20145
20146
20178
20179
20180
20181
20182
20214
20215
20216
20217
20218
20250
20251
20252
20253
20254
20286
20287
20288
20289
20290
20322
20323
20324
20325
20326
20358
20359
20360
20361
20362
20393
20394
20395
20396
20397
20398
20429
20430
20431
20432
20433
20434
20465
20466
20467
20468
20469
20470
20501
20502
20503
20504
20505
20506
20518
20519
20520
20521
20522
20523
20535
20536
20537
20538
20539
20540
20552
20553
20554
20555
20556
20557
20569
20570
20571
20572
20573
20574
20586
20587
20588
20589
20590
20591
20603
20604
20605
20606
20607
20608
20620
20621
20622
20623
20624
20625
20656
20657
20658
20659
20660
20661
20692
20693
20694
20695
20696
20697
20728
20729
20730
20731
20732
20733
20764
20765
20766
20767
20768
20769
20800
20801
20802
20803
20804
20805
20836
20837
20838
20839
20840
20841
20872
20873
20874
20875
20876
20877
20908
20909
20910
20911
20912
20913
20944
20945
20946
20947
20948
20949
20980
20981
20982
20983
20984
20985
21016
21017
21018
21019
21020
21021
21052
21053
21054
21055
21056
21057
21089
21090
21091
21092
21093
21120
21121
21122
21123
21124
21151
21152
21153
21154
21155
21182
21183
21184
21185
21186
21213
21214
21215
21216
21217
21244
21245
21246
21247
21248
21275
21276
21277
21278
21279
21306
21307
21308
21309
21310
21342
21343
21344
21345
21346
21378
21379
21380
21381
21382
21414
21415
21416
21417
21418
21450
21451
21452
21453
21454
21486
21487
21488
21489
21490
21522
21523
21524
21525
21526
21558
21559
21560
21561
21562
21594
21595
21596
21597
21598
21630
21631
21632
21633
21634
21666
21667
21668
21669
21670
21702
21703
21704
21705
21706
21737
21738
21739
21740
21741
21742
21773
21774
21775
21776
21777
21778
21809
21810
21811
21812
21813
21814
21845
21846
21847
21848
21849
21850
21862
21863
21864
21865
21866
21867
21879
21880
21881
21882
21883
21884
21896
21897
21898
21899
21900
21901
21913
21914
21915
21916
21917
21918
21930
21931
21932
21933
21934
21935
21947
21948
21949
21950
21951
21952
21964
21965
21966
21967
21968
21969
22000
22001
22002
22003
22004
22005
22036
22037
22038
22039
22040
22041
22072
22073
22074
22075
22076
22077
22108
22109
22110
22111
22112
22113
22144
22145
22146
22147
22148
22149
22180
22181
22182
22183
22184
22185
22216
22217
22218
22219
22220
22221
22252
22253
22254
22255
22256
22257
22288
22289
22290
22291
22292
22293
22324
22325
22326
22327
22328
22329
22360
22361
22362
22363
22364
22365
22396
22397
22398
22399
22400
22401
22432
22433
22434
22435
22436
22437
22464
22465
22466
22467
22468
22495
22496
22497
22498
22499
22526
22527
22528
22529
22530
22557
22558
22559
22560
22561
22588
22589
22590
22591
22592
22619
22620
22621
22622
22623
22650
22651
22652
22653
22654
22686
22687
22688
22689
22690
22722
22723
22724
22725
22726
22758
22759
22760
22761
22762
22794
22795
22796
22797
22798
22830
22831
22832
22833
22834
22866
22867
22868
22869
22870
22902
22903
22904
22905
22906
22938
22939
22940
22941
22942
22974
22975
22976
22977
22978
23010
23011
23012
23013
23014
23046
23047
23048
23049
23050
23081
23082
23083
23084
23085
23086
23117
23118
23119
23120
23121
23122
23153
23154
23155
23156
23157
23158
23189
23190
23191
23192
23193
23194
23206
23207
23208
23209
23210
23211
23223
23224
23225
23226
23227
23228
23240
23241
23242
23243
23244
23245
23257
23258
23259
23260
23261
23262
23274
23275
23276
23277
23278
23279
23291
23292
23293
23294
23295
23296
23308
23309
23310
23311
23312
23313
23344
23345
23346
23347
23348
23349
23380
23381
23382
23383
23384
23385
23416
23417
23418
23419
23420
23421
23452
23453
23454
23455
23456
23457
23488
23489
23490
23491
23492
23493
23524
23525
23526
23527
23528
23529
23560
23561
23562
23563
23564
23565
23596
23597
23598
23599
23600
23601
23632
23633
23634
23635
23636
23637
23668
23669
23670
23671
23672
23673
23704
23705
23706
23707
23708
23709
23740
23741
23742
23743
23744
23745
23776
23777
23778
23779
23780
23781
23807
23808
23809
23810
23811
23812
23839
23840
23841
23842
23843
23870
23871
23872
23873
23874
23901
23902
23903
23904
23905
23932
23933
23934
23935
23936
23963
23964
23965
23966
23967
23994
23995
23996
23997
23998
24030
24031
24032
24033
24034
24066
24067
24068
24069
24070
24102
24103
24104
24105
24106
24138
24139
24140
24141
24142
24174
24175
24176
24177
24178
24210
24211
24212
24213
24214
24246
24247
24248
24249
24250
24282
24283
24284
24285
24286
24318
24319
24320
24321
24322
24354
24355
24356
24357
24358
24390
24391
24392
24393
24394
24425
24426
24427
24428
24429
24430
24461
24462
24463
24464
24465
24466
24497
24498
24499
24500
24501
24502
24533
24534
24535
24536
24537
24538
24550
24551
24552
24553
24554
24555
24567
24568
24569
24570
24571
24572
24584
24585
24586
24587
24588
24589
24601
24602
24603
24604
24605
24606
24618
24619
24620
24621
24622
24623
24635
24636
24637
24638
24639
24640
24652
24653
24654
24655
24656
24657
24688
24689
24690
24691
24692
24693
24724
24725
24726
24727
24728
24729
24760
24761
24762
24763
24764
24765
24796
24797
24798
24799
24800
24801
24832
24833
24834
24835
24836
24837
24868
24869
24870
24871
24872
24873
24904
24905
24906
24907
24908
24909
24940
24941
24942
24943
24944
24945
24976
24977
24978
24979
24980
24981
25012
25013
25014
25015
25016
25017
25048
25049
25050
25051
25052
25053
25084
25085
25086
25087
25088
25089
25120
25121
25122
25123
25124
25125
25151
25152
25153
25154
25155
25156
25182
25183
25184
25185
25186
25187
25214
25215
25216
25217
25218
25245
25246
25247
25248
25249
25276
25277
25278
25279
25280
25307
25308
25309
25310
25311
25338
25339
25340
25341
25342
25374
25375
25376
25377
25378
25410
25411
25412
25413
25414
25446
25447
25448
25449
25450
25482
25483
25484
25485
25486
25518
25519
25520
25521
25522
25554
25555
25556
25557
25558
25590
25591
25592
25593
25594
25626
25627
25628
25629
25630
25662
25663
25664
25665
25666
25698
25699
25700
25701
25702
25734
25735
25736
25737
25738
25769
25770
25771
25772
25773
25774
25805
25806
25807
25808
25809
25810
25841
25842
25843
25844
25845
25846
25877
25878
25879
25880
25881
25882
25894
25895
25896
25897
25898
25899
25911
25912
25913
25914
25915
25916
25928
25929
25930
25931
25932
25933
25945
25946
25947
25948
25949
25950
25962
25963
25964
25965
25966
25967
25979
25980
25981
25982
25983
25984
25996
25997
25998
25999
26000
26001
26032
26033
26034
26035
26036
26037
26068
26069
26070
26071
26072
26073
26104
26105
26106
26107
26108
26109
26140
26141
26142
26143
26144
26145
26176
26177
26178
26179
26180
26181
26212
26213
26214
26215
26216
26217
26248
26249
26250
26251
26252
26253
26284
26285
26286
26287
26288
26289
26320
26321
26322
26323
26324
26325
26356
26357
26358
26359
26360
26361
26392
26393
26394
26395
26396
26397
26428
26429
26430
26431
26432
26433
26464
26465
26466
26467
26468
26469
26495
26496
26497
26498
26499
26500
26526
26527
26528
26529
26530
26531
26557
26558
26559
26560
26561
26562
26589
26590
26591
26592
26593
26620
26621
26622
26623
26624
26651
26652
26653
26654
26655
26682
26683
26684
26685
26686
26718
26719
26720
26721
26722
26754
26755
26756
26757
26758
26790
26791
26792
26793
26794
26826
26827
26828
26829
26830
26862
26863
26864
26865
26866
26898
26899
26900
26901
26902
26934
26935
26936
26937
26938
26970
26971
26972
26973
26974
27006
27007
27008
27009
27010
27042
27043
27044
27045
27046
27078
27079
27080
27081
27082
27113
27114
27115
27116
27117
27118
27149
27150
27151
27152
27153
27154
27185
27186
27187
27188
27189
27190
27221
27222
27223
27224
27225
27226
27238
27239
27240
27241
27242
27243
27255
27256
27257
27258
27259
27260
27272
27273
27274
27275
27276
27277
27289
27290
27291
27292
27293
27294
27306
27307
27308
27309
27310
27311
27323
27324
27325
27326
27327
27328
27340
27341
27342
27343
27344
27345
27376
27377
27378
27379
27380
27381
27412
27413
27414
27415
27416
27417
27448
27449
27450
27451
27452
27453
27484
27485
27486
27487
27488
27489
27520
27521
27522
27523
27524
27525
27556
27557
27558
27559
27560
27561
27592
27593
27594
27595
27596
27597
27628
27629
27630
27631
27632
27633
27664
27665
27666
27667
27668
27669
27700
27701
27702
27703
27704
27705
27736
27737
27738
27739
27740
27741
27772
27773
27774
27775
27776
27777
27808
27809
27810
27811
27812
27813
27839
27840
27841
27842
27843
27844
27870
27871
27872
27873
27874
27875
27901
27902
27903
27904
27905
27906
27932
27933
27934
27935
27936
27937
27964
27965
27966
27967
27968
27995
27996
27997
27998
27999
28026
28027
28028
28029
28030
28062
28063
28064
28065
28066
28098
28099
28100
28101
28102
28134
28135
28136
28137
28138
28170
28171
28172
28173
28174
28206
28207
28208
28209
28210
28242
28243
28244
28245
28246
28278
28279
28280
28281
28282
28314
28315
28316
28317
28318
28350
28351
28352
28353
28354
28386
28387
28388
28389
28390
28422
28423
28424
28425
28426
28457
28458
28459
28460
28461
28462
28493
28494
28495
28496
28497
28498
28529
28530
28531
28532
28533
28534
28565
28566
28567
28568
28569
28570
28582
28583
28584
28585
28586
28587
28599
28600
28601
28602
28603
28604
28616
28617
28618
28619
28620
28621
28633
28634
28635
28636
28637
28638
28650
28651
28652
28653
28654
28655
28667
28668
28669
28670
28671
28672
28684
28685
28686
28687
28688
28689
28720
28721
28722
28723
28724
28725
28756
28757
28758
28759
28760
28761
28792
28793
28794
28795
28796
28797
28828
28829
28830
28831
28832
28833
28864
28865
28866
28867
28868
28869
28900
28901
28902
28903
28904
28905
28936
28937
28938
28939
28940
28941
28972
28973
28974
28975
28976
28977
29008
29009
29010
29011
29012
29013
29044
29045
29046
29047
29048
29049
29080
29081
29082
29083
29084
29085
29116
29117
29118
29119
29120
29121
29152
29153
29154
29155
29156
29157
29183
29184
29185
29186
29187
29188
29214
29215
29216
29217
29218
29219
29245
29246
29247
29248
29249
29250
29276
29277
29278
29279
29280
29281
29307
29308
29309
29310
29311
29312
29339
29340
29341
29342
29343
29370
29371
29372
29373
29374
29406
29407
29408
29409
29410
29442
29443
29444
29445
29446
29478
29479
29480
29481
29482
29514
29515
29516
29517
29518
29550
29551
29552
29553
29554
29586
29587
29588
29589
29590
29622
29623
29624
29625
29626
29658
29659
29660
29661
29662
29694
29695
29696
29697
29698
29730
29731
29732
29733
29734
29766
29767
29768
29769
29770
29801
29802
29803
29804
29805
29806
29837
29838
29839
29840
29841
29842
29873
29874
29875
29876
29877
29878
29909
29910
29911
29912
29913
29914
29926
29927
29928
29929
29930
29931
29943
29944
29945
29946
29947
29948
29960
29961
29962
29963
29964
29965
29977
29978
29979
29980
29981
29982
29994
29995
29996
29997
29998
29999
30011
30012
30013
30014
30015
30016
30028
30029
30030
30031
30032
30033
30064
30065
30066
30067
30068
30069
30100
30101
30102
30103
30104
30105
30136
30137
30138
30139
30140
30141
30172
30173
30174
30175
30176
30177
30208
30209
30210
30211
30212
30213
30244
30245
30246
30247
30248
30249
30280
30281
30282
30283
30284
30285
30316
30317
30318
30319
30320
30321
30352
30353
30354
30355
30356
30357
30388
30389
30390
30391
30392
30393
30424
30425
30426
30427
30428
30429
30460
30461
30462
30463
30464
30465
30496
30497
30498
30499
30500
30501
30527
30528
30529
30530
30531
30532
30558
30559
30560
30561
30562
30563
30589
30590
30591
30592
30593
30594
30620
30621
30622
30623
30624
30625
30651
30652
30653
30654
30655
30656
30682
30683
30684
30685
30686
30687
30713
30714
30715
30716
30717
30718
30750
30751
30752
30753
30754
30786
30787
30788
30789
30790
30822
30823
30824
30825
30826
30858
30859
30860
30861
30862
30894
30895
30896
30897
30898
30930
30931
30932
30933
30934
30966
30967
30968
30969
30970
31002
31003
31004
31005
31006
31038
31039
31040
31041
31042
31074
31075
31076
31077
31078
31110
31111
31112
31113
31114
31145
31146
31147
31148
31149
31150
31181
31182
31183
31184
31185
31186
31217
31218
31219
31220
31221
31222
31253
31254
31255
31256
31257
31258
31270
31271
31272
31273
31274
31275
31287
31288
31289
31290
31291
31292
31304
31305
31306
31307
31308
31309
31321
31322
31323
31324
31325
31326
31338
31339
31340
31341
31342
31343
31355
31356
31357
31358
31359
31360
31372
31373
31374
31375
31376
31377
31408
31409
31410
31411
31412
31413
31444
31445
31446
31447
31448
31449
31480
31481
31482
31483
31484
31485
31516
31517
31518
31519
31520
31521
31552
31553
31554
31555
31556
31557
31588
31589
31590
31591
31592
31593
31624
31625
31626
31627
31628
31629
31660
31661
31662
31663
31664
31665
31696
31697
31698
31699
31700
31701
31732
31733
31734
31735
31736
31737
31768
31769
31770
31771
31772
31773
31804
31805
31806
31807
31808
31809
31840
31841
31842
31843
31844
31845
31871
31872
31873
31874
31875
31876
31902
31903
31904
31905
31906
31907
31933
31934
31935
31936
31937
31938
31964
31965
31966
31967
31968
31969
31995
31996
31997
31998
31999
32000
32026
32027
32028
32029
32030
32031
32057
32058
32059
32060
32061
32062
32093
32094
32095
32096
32097
32098
32130
32131
32132
32133
32134
32166
32167
32168
32169
32170
32202
32203
32204
32205
32206
32238
32239
32240
32241
32242
32274
32275
32276
32277
32278
32310
32311
32312
32313
32314
32346
32347
32348
32349
32350
32382
32383
32384
32385
32386
32418
32419
32420
32421
32422
32454
32455
32456
32457
32458
32489
32490
32491
32492
32493
32494
32525
32526
32527
32528
32529
32530
32561
32562
32563
32564
32565
32566
32597
32598
32599
32600
32601
32602
32614
32615
32616
32617
32618
32619
32631
32632
32633
32634
32635
32636
32648
32649
32650
32651
32652
32653
32665
32666
32667
32668
32669
32670
32682
32683
32684
32685
32686
32687
32699
32700
32701
32702
32703
32704
32716
32717
32718
32719
32720
32721
32752
32753
32754
32755
32756
32757
32788
32789
32790
32791
32792
32793
32824
32825
32826
32827
32828
32829
32860
32861
32862
32863
32864
32865
32896
32897
32898
32899
32900
32901
32932
32933
32934
32935
32936
32937
32968
32969
32970
32971
32972
32973
33004
33005
33006
33007
33008
33009
33040
33041
33042
33043
33044
33045
33076
33077
33078
33079
33080
33081
33112
33113
33114
33115
33116
33117
33148
33149
33150
33151
33152
33153
33184
33185
33186
33187
33188
33189
33215
33216
33217
33218
33219
33220
33246
33247
33248
33249
33250
33251
33277
33278
33279
33280
33281
33282
33308
33309
33310
33311
33312
33313
33339
33340
33341
33342
33343
33344
33370
33371
33372
33373
33374
33375
33401
33402
33403
33404
33405
33406
33437
33438
33439
33440
33441
33442
33473
33474
33475
33476
33477
33478
33510
33511
33512
33513
33514
33546
33547
33548
33549
33550
33582
33583
33584
33585
33586
33618
33619
33620
33621
33622
33654
33655
33656
33657
33658
33690
33691
33692
33693
33694
33726
33727
33728
33729
33730
33762
33763
33764
33765
33766
33798
33799
33800
33801
33802
33833
33834
33835
33836
33837
33838
33869
33870
33871
33872
33873
33874
33905
33906
33907
33908
33909
33910
33941
33942
33943
33944
33945
33946
33958
33959
33960
33961
33962
33963
33975
33976
33977
33978
33979
33980
33992
33993
33994
33995
33996
33997
34009
34010
34011
34012
34013
34014
34026
34027
34028
34029
34030
34031
34043
34044
34045
34046
34047
34048
34060
34061
34062
34063
34064
34065
34096
34097
34098
34099
34100
34101
34132
34133
34134
34135
34136
34137
34168
34169
34170
34171
34172
34173
34204
34205
34206
34207
34208
34209
34240
34241
34242
34243
34244
34245
34276
34277
34278
34279
34280
34281
34312
34313
34314
34315
34316
34317
34348
34349
34350
34351
34352
34353
34384
34385
34386
34387
34388
34389
34420
34421
34422
34423
34424
34425
34456
34457
34458
34459
34460
34461
34492
34493
34494
34495
34496
34497
34528
34529
34530
34531
34532
34533
34559
34560
34561
34562
34563
34564
34590
34591
34592
34593
34594
34595
34621
34622
34623
34624
34625
34626
34652
34653
34654
34655
34656
34657
34683
34684
34685
34686
34687
34688
34714
34715
34716
34717
34718
34719
34745
34746
34747
34748
34749
34750
34781
34782
34783
34784
34785
34786
34817
34818
34819
34820
34821
34822
34853
34854
34855
34856
34857
34858
34890
34891
34892
34893
34894
34926
34927
34928
34929
34930
34962
34963
34964
34965
34966
34998
34999
35000
35001
35002
35034
35035
35036
35037
35038
35070
35071
35072
35073
35074
35106
35107
35108
35109
35110
35142
35143
35144
35145
35146
35177
35178
35179
35180
35181
35182
35213
35214
35215
35216
35217
35218
35249
35250
35251
35252
35253
35254
35285
35286
35287
35288
35289
35290
35302
35303
35304
35305
35306
35307
35319
35320
35321
35322
35323
35324
35336
35337
35338
35339
35340
35341
35353
35354
35355
35356
35357
35358
35370
35371
35372
35373
35374
35375
35387
35388
35389
35390
35391
35392
35404
35405
35406
35407
35408
35409
35440
35441
35442
35443
35444
35445
35476
35477
35478
35479
35480
35481
35512
35513
35514
35515
35516
35517
35548
35549
35550
35551
35552
35553
35584
35585
35586
35587
35588
35589
35620
35621
35622
35623
35624
35625
35656
35657
35658
35659
35660
35661
35692
35693
35694
35695
35696
35697
35728
35729
35730
35731
35732
35733
35764
35765
35766
35767
35768
35769
35800
35801
35802
35803
35804
35805
35836
35837
35838
35839
35840
35841
35872
35873
35874
35875
35876
35877
35903
35904
35905
35906
35907
35908
35934
35935
35936
35937
35938
35939
35965
35966
35967
35968
35969
35970
35996
35997
35998
35999
36000
36001
36027
36028
36029
36030
36031
36032
36058
36059
36060
36061
36062
36063
36089
36090
36091
36092
36093
36094
36125
36126
36127
36128
36129
36130
36161
36162
36163
36164
36165
36166
36197
36198
36199
36200
36201
36202
36233
36234
36235
36236
36237
36238
36270
36271
36272
36273
36274
36306
36307
36308
36309
36310
36342
36343
36344
36345
36346
36378
36379
36380
36381
36382
36414
36415
36416
36417
36418
36450
36451
36452
36453
36454
36486
36487
36488
36489
36490
36521
36522
36523
36524
36525
36526
36557
36558
36559
36560
36561
36562
36593
36594
36595
36596
36597
36598
36629
36630
36631
36632
36633
36634
36646
36647
36648
36649
36650
36651
36663
36664
36665
36666
36667
36668
36680
36681
36682
36683
36684
36685
36697
36698
36699
36700
36701
36702
36714
36715
36716
36717
36718
36719
36731
36732
36733
36734
36735
36736
36748
36749
36750
36751
36752
36753
36784
36785
36786
36787
36788
36789
36820
36821
36822
36823
36824
36825
36856
36857
36858
36859
36860
36861
36892
36893
36894
36895
36896
36897
36928
36929
36930
36931
36932
36933
36964
36965
36966
36967
36968
36969
37000
37001
37002
37003
37004
37005
37036
37037
37038
37039
37040
37041
37072
37073
37074
37075
37076
37077
37108
37109
37110
37111
37112
37113
37144
37145
37146
37147
37148
37149
37180
37181
37182
37183
37184
37185
37216
37217
37218
37219
37220
37221
37247
37248
37249
37250
37251
37252
37278
37279
37280
37281
37282
37283
37309
37310
37311
37312
37313
37314
37340
37341
37342
37343
37344
37345
37371
37372
37373
37374
37375
37376
37402
37403
37404
37405
37406
37407
37433
37434
37435
37436
37437
37438
37469
37470
37471
37472
37473
37474
37505
37506
37507
37508
37509
37510
37541
37542
37543
37544
37545
37546
37577
37578
37579
37580
37581
37582
37613
37614
37615
37616
37617
37618
37650
37651
37652
37653
37654
37686
37687
37688
37689
37690
37722
37723
37724
37725
37726
37758
37759
37760
37761
37762
37794
37795
37796
37797
37798
37830
37831
37832
37833
37834
37865
37866
37867
37868
37869
37870
37901
37902
37903
37904
37905
37906
37937
37938
37939
37940
37941
37942
37973
37974
37975
37976
37977
37978
38009
38010
38011
38012
38013
38014
38045
38046
38047
38048
38049
38050
38081
38082
38083
38084
38085
38086
38117
38118
38119
38120
38121
38122
38153
38154
38155
38156
38157
38158
38189
38190
38191
38192
38193
38194
38225
38226
38227
38228
38229
38230
38261
38262
38263
38264
38265
38266
38297
38298
38299
38300
38301
38302
38333
38334
38335
38336
38337
38338
38369
38370
38371
38372
38373
38374
38405
38406
38407
38408
38409
38410
38441
38442
38443
38444
38445
38446
38477
38478
38479
38480
38481
38482
38513
38514
38515
38516
38517
38518
38549
38550
38551
38552
38553
38554
38585
38586
38587
38588
38589
38590
38621
38622
38623
38624
38625
38626
38657
38658
38659
38660
38661
38662
38693
38694
38695
38696
38697
38698
38729
38730
38731
38732
38733
38734
38765
38766
38767
38768
38769
38770
38801
38802
38803
38804
38805
38806
38837
38838
38839
38840
38841
38842
38873
38874
38875
38876
38877
38878
38909
38910
38911
38912
38913
38914
38945
38946
38947
38948
38949
38950
38981
38982
38983
38984
38985
38986
39017
39018
39019
39020
39021
39022
39053
39054
39055
39056
39057
39058
39089
39090
39091
39092
39093
39094
39125
39126
39127
39128
39129
39130
39161
39162
39163
39164
39165
39166
39198
39199
39200
39201
39202
39234
39235
39236
39237
39238
39270
39271
39272
39273
39274
39306
39307
39308
39309
39310
39342
39343
39344
39345
39346
39377
39378
39379
39380
39381
39382
39413
39414
39415
39416
39417
39418
39449
39450
39451
39452
39453
39454
39485
39486
39487
39488
39489
39490
39521
39522
39523
39524
39525
39526
39557
39558
39559
39560
39561
39562
39593
39594
39595
39596
39597
39598
39629
39630
39631
39632
39633
39634
39665
39666
39667
39668
39669
39670
39701
39702
39703
39704
39705
39706
39737
39738
39739
39740
39741
39742
39773
39774
39775
39776
39777
39778
39809
39810
39811
39812
39813
39814
39845
39846
39847
39848
39849
39850
39881
39882
39883
39884
39885
39886
39917
39918
39919
39920
39921
39922
39953
39954
39955
39956
39957
39958
39989
39990
39991
39992
39993
39994
40025
40026
40027
40028
40029
40030
40061
40062
40063
40064
40065
40066
40097
40098
40099
40100
40101
40102
40133
40134
40135
40136
40137
40138
40169
40170
40171
40172
40173
40174
40205
40206
40207
40208
40209
40210
40241
40242
40243
40244
40245
40246
40277
40278
40279
40280
40281
40282
40313
40314
40315
40316
40317
40318
40349
40350
40351
40352
40353
40354
40385
40386
40387
40388
40389
40390
40421
40422
40423
40424
40425
40426
40457
40458
40459
40460
40461
40462
40493
40494
40495
40496
40497
40498
40529
40530
40531
40532
40533
40534
40565
40566
40567
40568
40569
40570
40601
40602
40603
40604
40605
40606
40637
40638
40639
40640
40641
40642
40673
40674
40675
40676
40677
40678
40709
40710
40711
40712
40713
40714
40746
40747
40748
40749
40750
40782
40783
40784
40785
40786
40818
40819
40820
40821
40822
40854
40855
40856
40857
40858
40889
40890
40891
40892
40893
40894
40925
40926
40927
40928
40929
40930
40961
40962
40963
40964
40965
40966
40997
40998
40999
41000
41001
41002
41033
41034
41035
41036
41037
41038
41069
41070
41071
41072
41073
41074
41105
41106
41107
41108
41109
41110
41141
41142
41143
41144
41145
41146
41177
41178
41179
41180
41181
41182
41213
41214
41215
41216
41217
41218
41249
41250
41251
41252
41253
41254
41285
41286
41287
41288
41289
41290
41321
41322
41323
41324
41325
41326
41357
41358
41359
41360
41361
41362
41393
41394
41395
41396
41397
41398
41429
41430
41431
41432
41433
41434
41465
41466
41467
41468
41469
41470
41501
41502
41503
41504
41505
41506
41537
41538
41539
41540
41541
41542
41573
41574
41575
41576
41577
41578
41609
41610
41611
41612
41613
41614
41645
41646
41647
41648
41649
41650
41681
41682
41683
41684
41685
41686
41717
41718
41719
41720
41721
41722
41753
41754
41755
41756
41757
41758
41789
41790
41791
41792
41793
41794
41825
41826
41827
41828
41829
41830
41861
41862
41863
41864
41865
41866
41897
41898
41899
41900
41901
41902
41933
41934
41935
41936
41937
41938
41969
41970
41971
41972
41973
41974
42005
42006
42007
42008
42009
42010
42041
42042
42043
42044
42045
42046
42077
42078
42079
42080
42081
42082
42113
42114
42115
42116
42117
42118
42149
42150
42151
42152
42153
42154
42185
42186
42187
42188
42189
42190
42221
42222
42223
42224
42225
42226
42257
42258
42259
42260
42261
42262
42294
42295
42296
42297
42298
42330
42331
42332
42333
42334
42366
42367
42368
42369
42370
42401
42402
42403
42404
42405
42406
42437
42438
42439
42440
42441
42442
42473
42474
42475
42476
42477
42478
42509
42510
42511
42512
42513
42514
42545
42546
42547
42548
42549
42550
42581
42582
42583
42584
42585
42586
42617
42618
42619
42620
42621
42622
42653
42654
42655
42656
42657
42658
42689
42690
42691
42692
42693
42694
42725
42726
42727
42728
42729
42730
42761
42762
42763
42764
42765
42766
42797
42798
42799
42800
42801
42802
42833
42834
42835
42836
42837
42838
42869
42870
42871
42872
42873
42874
42905
42906
42907
42908
42909
42910
42941
42942
42943
42944
42945
42946
42977
42978
42979
42980
42981
42982
43013
43014
43015
43016
43017
43018
43049
43050
43051
43052
43053
43054
43085
43086
43087
43088
43089
43090
43121
43122
43123
43124
43125
43126
43157
43158
43159
43160
43161
43162
43193
43194
43195
43196
43197
43198
43229
43230
43231
43232
43233
43234
43265
43266
43267
43268
43269
43270
43301
43302
43303
43304
43305
43306
43337
43338
43339
43340
43341
43342
43373
43374
43375
43376
43377
43378
43409
43410
43411
43412
43413
43414
43445
43446
43447
43448
43449
43450
43481
43482
43483
43484
43485
43486
43517
43518
43519
43520
43521
43522
43553
43554
43555
43556
43557
43558
43589
43590
43591
43592
43593
43594
43625
43626
43627
43628
43629
43630
43661
43662
43663
43664
43665
43666
43697
43698
43699
43700
43701
43702
43733
43734
43735
43736
43737
43738
43769
43770
43771
43772
43773
43774
43805
43806
43807
43808
43809
43810
43842
43843
43844
43845
43846
43878
43879
43880
43881
43882
43913
43914
43915
43916
43917
43918
43949
43950
43951
43952
43953
43954
43985
43986
43987
43988
43989
43990
44021
44022
44023
44024
44025
44026
44057
44058
44059
44060
44061
44062
44093
44094
44095
44096
44097
44098
44129
44130
44131
44132
44133
44134
44165
44166
44167
44168
44169
44170
44201
44202
44203
44204
44205
44206
44237
44238
44239
44240
44241
44242
44273
44274
44275
44276
44277
44278
44309
44310
44311
44312
44313
44314
44345
44346
44347
44348
44349
44350
44381
44382
44383
44384
44385
44386
44417
44418
44419
44420
44421
44422
44453
44454
44455
44456
44457
44458
44489
44490
44491
44492
44493
44494
44525
44526
44527
44528
44529
44530
44561
44562
44563
44564
44565
44566
44597
44598
44599
44600
44601
44602
44633
44634
44635
44636
44637
44638
44669
44670
44671
44672
44673
44674
44705
44706
44707
44708
44709
44710
44741
44742
44743
44744
44745
44746
44777
44778
44779
44780
44781
44782
44813
44814
44815
44816
44817
44818
44849
44850
44851
44852
44853
44854
44885
44886
44887
44888
44889
44890
44921
44922
44923
44924
44925
44926
44957
44958
44959
44960
44961
44962
44993
44994
44995
44996
44997
44998
45029
45030
45031
45032
45033
45034
45065
45066
45067
45068
45069
45070
45101
45102
45103
45104
45105
45106
45137
45138
45139
45140
45141
45142
45173
45174
45175
45176
45177
45178
45209
45210
45211
45212
45213
45214
45245
45246
45247
45248
45249
45250
45281
45282
45283
45284
45285
45286
45317
45318
45319
45320
45321
45322
45353
45354
45355
45356
45357
45358
45390
45391
45392
45393
45394
45425
45426
45427
45428
45429
45430
45461
45462
45463
45464
45465
45466
45497
45498
45499
45500
45501
45502
45533
45534
45535
45536
45537
45538
45569
45570
45571
45572
45573
45574
45605
45606
45607
45608
45609
45610
45641
45642
45643
45644
45645
45646
45677
45678
45679
45680
45681
45682
45713
45714
45715
45716
45717
45718
45749
45750
45751
45752
45753
45754
45785
45786
45787
45788
45789
45790
45821
45822
45823
45824
45825
45826
45857
45858
45859
45860
45861
45862
45893
45894
45895
45896
45897
45898
45929
45930
45931
45932
45933
45934
45965
45966
45967
45968
45969
45970
46001
46002
46003
46004
46005
46006
46037
46038
46039
46040
46041
46042
46073
46074
46075
46076
46077
46078
46109
46110
46111
46112
46113
46114
46145
46146
46147
46148
46149
46150
46181
46182
46183
46184
46185
46186
46217
46218
46219
46220
46221
46222
46253
46254
46255
46256
46257
46258
46289
46290
46291
46292
46293
46294
46325
46326
46327
46328
46329
46330
46361
46362
46363
46364
46365
46366
46397
46398
46399
46400
46401
46402
46433
46434
46435
46436
46437
46438
46469
46470
46471
46472
46473
46474
46505
46506
46507
46508
46509
46510
46541
46542
46543
46544
46545
46546
46577
46578
46579
46580
46581
46582
46613
46614
46615
46616
46617
46618
46649
46650
46651
46652
46653
46654
46685
46686
46687
46688
46689
46690
46721
46722
46723
46724
46725
46726
46757
46758
46759
46760
46761
46762
46793
46794
46795
46796
46797
46798
46829
46830
46831
46832
46833
46834
46865
46866
46867
46868
46869
46870
46901
46902
46903
46904
46905
46906
46937
46938
46939
46940
46941
46942
46973
46974
46975
46976
46977
46978
47009
47010
47011
47012
47013
47014
47045
47046
47047
47048
47049
47050
47081
47082
47083
47084
47085
47086
47117
47118
47119
47120
47121
47122
47153
47154
47155
47156
47157
47158
47189
47190
47191
47192
47193
47194
47225
47226
47227
47228
47229
47230
47261
47262
47263
47264
47265
47266
47297
47298
47299
47300
47301
47302
47333
47334
47335
47336
47337
47338
47369
47370
47371
47372
47373
47374
47405
47406
47407
47408
47409
47410
47441
47442
47443
47444
47445
47446
47477
47478
47479
47480
47481
47482
47513
47514
47515
47516
47517
47518
47549
47550
47551
47552
47553
47554
47585
47586
47587
47588
47589
47590
47621
47622
47623
47624
47625
47626
47657
47658
47659
47660
47661
47662
47693
47694
47695
47696
47697
47698
47729
47730
47731
47732
47733
47734
47765
47766
47767
47768
47769
47770
47801
47802
47803
47804
47805
47806
47837
47838
47839
47840
47841
47842
47873
47874
47875
47876
47877
47878
47909
47910
47911
47912
47913
47914
47945
47946
47947
47948
47949
47950
47981
47982
47983
47984
47985
47986
48017
48018
48019
48020
48021
48022
48053
48054
48055
48056
48057
48058
48089
48090
48091
48092
48093
48094
48125
48126
48127
48128
48129
48130
48161
48162
48163
48164
48165
48166
48197
48198
48199
48200
48201
48202
48233
48234
48235
48236
48237
48238
48269
48270
48271
48272
48273
48274
48305
48306
48307
48308
48309
48310
48341
48342
48343
48344
48345
48346
48377
48378
48379
48380
48381
48382
48413
48414
48415
48416
48417
48418
48449
48450
48451
48452
48453
48454
48485
48486
48487
48488
48489
48490
48521
48522
48523
48524
48525
48526
48557
48558
48559
48560
48561
48562
48593
48594
48595
48596
48597
48598
48629
48630
48631
48632
48633
48634
48665
48666
48667
48668
48669
48670
48701
48702
48703
48704
48705
48706
48737
48738
48739
48740
48741
48742
48773
48774
48775
48776
48777
48778
48809
48810
48811
48812
48813
48814
48845
48846
48847
48848
48849
48850
48881
48882
48883
48884
48885
48886
48917
48918
48919
48920
48921
48922
48953
48954
48955
48956
48957
48958
48989
48990
48991
48992
48993
48994
49025
49026
49027
49028
49029
49030
49061
49062
49063
49064
49065
49066
49097
49098
49099
49100
49101
49102
49133
49134
49135
49136
49137
49138
49169
49170
49171
49172
49173
49174
49205
49206
49207
49208
49209
49210
49241
49242
49243
49244
49245
49246
49277
49278
49279
49280
49281
49282
49313
49314
49315
49316
49317
49318
49349
49350
49351
49352
49353
49354
49385
49386
49387
49388
49389
49390
49421
49422
49423
49424
49425
49426
49457
49458
49459
49460
49461
49462
49493
49494
49495
49496
49497
49498
49529
49530
49531
49532
49533
49534
49565
49566
49567
49568
49569
49570
49601
49602
49603
49604
49605
49606
49637
49638
49639
49640
49641
49642
49673
49674
49675
49676
49677
49678
49709
49710
49711
49712
49713
49714
49745
49746
49747
49748
49749
49750
49781
49782
49783
49784
49785
49786
49817
49818
49819
49820
49821
49822
49853
49854
49855
49856
49857
49858
49889
49890
49891
49892
49893
49894
49925
49926
49927
49928
49929
49930
49961
49962
49963
49964
49965
49966
49997
49998
49999
50000
50001
50002
50033
50034
50035
50036
50037
50038
50069
50070
50071
50072
50073
50074
50105
50106
50107
50108
50109
50110
50141
50142
50143
50144
50145
50146
50177
50178
50179
50180
50181
50182
50213
50214
50215
50216
50217
50218
50249
50250
50251
50252
50253
50254
50285
50286
50287
50288
50289
50290
50321
50322
50323
50324
50325
50326
50357
50358
50359
50360
50361
50362
50393
50394
50395
50396
50397
50398
50429
50430
50431
50432
50433
50434
50465
50466
50467
50468
50469
50470
50501
50502
50503
50504
50505
50506
50537
50538
50539
50540
50541
50542
50573
50574
50575
50576
50577
50578
50609
50610
50611
50612
50613
50614
50645
50646
50647
50648
50649
50650
50681
50682
50683
50684
50685
50686
50717
50718
50719
50720
50721
50722
50753
50754
50755
50756
50757
50758
50789
50790
50791
50792
50793
50794
50825
50826
50827
50828
50829
50830
50861
50862
50863
50864
50865
50866
50897
50898
50899
50900
50901
50902
50933
50934
50935
50936
50937
50938
50969
50970
50971
50972
50973
50974
51005
51006
51007
51008
51009
51010
51041
51042
51043
51044
51045
51046
51077
51078
51079
51080
51081
51082
51113
51114
51115
51116
51117
51118
51149
51150
51151
51152
51153
51154
51185
51186
51187
51188
51189
51190
51221
51222
51223
51224
51225
51226
51257
51258
51259
51260
51261
51262
51293
51294
51295
51296
51297
51298
51329
51330
51331
51332
51333
51334
51365
51366
51367
51368
51369
51370
51401
51402
51403
51404
51405
51406
51437
51438
51439
51440
51441
51442
51473
51474
51475
51476
51477
51478
51509
51510
51511
51512
51513
51514
51545
51546
51547
51548
51549
51550
51581
51582
51583
51584
51585
51586
51617
51618
51619
51620
51621
51622
51653
51654
51655
51656
51657
51658
51689
51690
51691
51692
51693
51694
51725
51726
51727
51728
51729
51730
51761
51762
51763
51764
51765
51766
51797
51798
51799
51800
51801
51802
51833
51834
51835
51836
51837
51838
51869
51870
51871
51872
51873
51874
51905
51906
51907
51908
51909
51910
51941
51942
51943
51944
51945
51946
51977
51978
51979
51980
51981
51982
52013
52014
52015
52016
52017
52018
52049
52050
52051
52052
52053
52054
52085
52086
52087
52088
52089
52090
52121
52122
52123
52124
52125
52126
52157
52158
52159
52160
52161
52162
52193
52194
52195
52196
52197
52198
52229
52230
52231
52232
52233
52234
52265
52266
52267
52268
52269
52270
52301
52302
52303
52304
52305
52306
52337
52338
52339
52340
52341
52342
52373
52374
52375
52376
52377
52378
52409
52410
52411
52412
52413
52414
52445
52446
52447
52448
52449
52450
52481
52482
52483
52484
52485
52486
52517
52518
52519
52520
52521
52522
52553
52554
52555
52556
52557
52558
52589
52590
52591
52592
52593
52594
52625
52626
52627
52628
52629
52630
52661
52662
52663
52664
52665
52666
52697
52698
52699
52700
52701
52702
52733
52734
52735
52736
52737
52738
52769
52770
52771
52772
52773
52774
52805
52806
52807
52808
52809
52810
52841
52842
52843
52844
52845
52846
52877
52878
52879
52880
52881
52882
52913
52914
52915
52916
52917
52918
52949
52950
52951
52952
52953
52954
52985
52986
52987
52988
52989
52990
53021
53022
53023
53024
53025
53026
53057
53058
53059
53060
53061
53062
53093
53094
53095
53096
53097
53098
53129
53130
53131
53132
53133
53134
53165
53166
53167
53168
53169
53170
53201
53202
53203
53204
53205
53206
53237
53238
53239
53240
53241
53242
53273
53274
53275
53276
53277
53278
53309
53310
53311
53312
53313
53314
53345
53346
53347
53348
53349
53350
53381
53382
53383
53384
53385
53386
53417
53418
53419
53420
53421
53422
53453
53454
53455
53456
53457
53458
53489
53490
53491
53492
53493
53494
53525
53526
53527
53528
53529
53530
53561
53562
53563
53564
53565
53566
53597
53598
53599
53600
53601
53602
53633
53634
53635
53636
53637
53638
53669
53670
53671
53672
53673
53674
53705
53706
53707
53708
53709
53710
53741
53742
53743
53744
53745
53746
53777
53778
53779
53780
53781
53782
53813
53814
53815
53816
53817
53818
53849
53850
53851
53852
53853
53854
53885
53886
53887
53888
53889
53890
53921
53922
53923
53924
53925
53926
53957
53958
53959
53960
53961
53962
53993
53994
53995
53996
53997
53998
54029
54030
54031
54032
54033
54034
54065
54066
54067
54068
54069
54070
54101
54102
54103
54104
54105
54106
54137
54138
54139
54140
54141
54142
54173
54174
54175
54176
54177
54178
54209
54210
54211
54212
54213
54214
54245
54246
54247
54248
54249
54250
54281
54282
54283
54284
54285
54286
54317
54318
54319
54320
54321
54322
54353
54354
54355
54356
54357
54358
54389
54390
54391
54392
54393
54394
54425
54426
54427
54428
54429
54430
54461
54462
54463
54464
54465
54466
)


// ************************************************************************* //
