31.9 	9.1 	1.7 	290.21
32 	9.1 	1.7 	290.21
32.1 	9.1 	1.7 	290.213
32.2 	9.1 	1.7 	290.22
32.3 	9.1 	1.7 	290.242
32.4 	9.1 	1.7 	290.283
32.5 	9.1 	1.7 	290.283
32.6 	9.1 	1.7 	290.298
32.7 	9.1 	1.7 	290.308
32.8 	9.1 	1.7 	290.315
32.9 	9.1 	1.7 	290.324
33 	9.1 	1.7 	290.324
33.1 	9.1 	1.7 	290.325
33.2 	9.1 	1.7 	290.324
33.3 	9.1 	1.7 	290.322
33.4 	9.1 	1.7 	290.313
33.5 	9.1 	1.7 	290.313
33.6 	9.1 	1.7 	290.307
33.7 	9.1 	1.7 	290.301
33.8 	9.1 	1.7 	290.294
33.9 	9.1 	1.7 	290.279
34 	9.1 	1.7 	290.279
34.1 	9.1 	1.7 	290.272
34.2 	9.1 	1.7 	290.265
34.3 	9.1 	1.7 	290.259
34.4 	9.1 	1.7 	290.249
34.5 	9.1 	1.7 	290.249
34.6 	9.1 	1.7 	290.244
34.7 	9.1 	1.7 	290.24
34.8 	9.1 	1.7 	290.235
34.9 	9.1 	1.7 	290.223
35 	9.1 	1.7 	290.223
35.1 	9.1 	1.7 	290.216
35.2 	9.1 	1.7 	290.208
35.3 	9.1 	1.7 	290.199
31.9 	9.2 	1.7 	290.21
32 	9.2 	1.7 	290.21
32.1 	9.2 	1.7 	290.213
32.2 	9.2 	1.7 	290.22
32.3 	9.2 	1.7 	290.242
32.4 	9.2 	1.7 	290.283
32.5 	9.2 	1.7 	290.283
32.6 	9.2 	1.7 	290.298
32.7 	9.2 	1.7 	290.308
32.8 	9.2 	1.7 	290.315
32.9 	9.2 	1.7 	290.324
33 	9.2 	1.7 	290.324
33.1 	9.2 	1.7 	290.325
33.2 	9.2 	1.7 	290.324
33.3 	9.2 	1.7 	290.322
33.4 	9.2 	1.7 	290.313
33.5 	9.2 	1.7 	290.313
33.6 	9.2 	1.7 	290.307
33.7 	9.2 	1.7 	290.301
33.8 	9.2 	1.7 	290.294
33.9 	9.2 	1.7 	290.279
34 	9.2 	1.7 	290.279
34.1 	9.2 	1.7 	290.272
34.2 	9.2 	1.7 	290.265
34.3 	9.2 	1.7 	290.259
34.4 	9.2 	1.7 	290.249
34.5 	9.2 	1.7 	290.249
34.6 	9.2 	1.7 	290.244
34.7 	9.2 	1.7 	290.24
34.8 	9.2 	1.7 	290.235
34.9 	9.2 	1.7 	290.223
35 	9.2 	1.7 	290.223
35.1 	9.2 	1.7 	290.216
35.2 	9.2 	1.7 	290.208
35.3 	9.2 	1.7 	290.199
31.9 	9.3 	1.7 	290.203
32 	9.3 	1.7 	290.203
32.1 	9.3 	1.7 	290.199
32.2 	9.3 	1.7 	290.204
32.3 	9.3 	1.7 	290.225
32.4 	9.3 	1.7 	290.279
32.5 	9.3 	1.7 	290.279
32.6 	9.3 	1.7 	290.301
32.7 	9.3 	1.7 	290.313
32.8 	9.3 	1.7 	290.322
32.9 	9.3 	1.7 	290.331
33 	9.3 	1.7 	290.331
33.1 	9.3 	1.7 	290.331
33.2 	9.3 	1.7 	290.33
33.3 	9.3 	1.7 	290.328
33.4 	9.3 	1.7 	290.32
33.5 	9.3 	1.7 	290.32
33.6 	9.3 	1.7 	290.314
33.7 	9.3 	1.7 	290.308
33.8 	9.3 	1.7 	290.301
33.9 	9.3 	1.7 	290.287
34 	9.3 	1.7 	290.287
34.1 	9.3 	1.7 	290.28
34.2 	9.3 	1.7 	290.274
34.3 	9.3 	1.7 	290.267
34.4 	9.3 	1.7 	290.256
34.5 	9.3 	1.7 	290.256
34.6 	9.3 	1.7 	290.251
34.7 	9.3 	1.7 	290.244
34.8 	9.3 	1.7 	290.233
34.9 	9.3 	1.7 	290.214
35 	9.3 	1.7 	290.214
35.1 	9.3 	1.7 	290.208
35.2 	9.3 	1.7 	290.204
35.3 	9.3 	1.7 	290.199
31.9 	9.4 	1.7 	290.19
32 	9.4 	1.7 	290.19
32.1 	9.4 	1.7 	290.178
32.2 	9.4 	1.7 	290.183
32.3 	9.4 	1.7 	290.208
32.4 	9.4 	1.7 	290.277
32.5 	9.4 	1.7 	290.277
32.6 	9.4 	1.7 	290.305
32.7 	9.4 	1.7 	290.317
32.8 	9.4 	1.7 	290.324
32.9 	9.4 	1.7 	290.327
33 	9.4 	1.7 	290.327
33.1 	9.4 	1.7 	290.325
33.2 	9.4 	1.7 	290.322
33.3 	9.4 	1.7 	290.318
33.4 	9.4 	1.7 	290.308
33.5 	9.4 	1.7 	290.308
33.6 	9.4 	1.7 	290.302
33.7 	9.4 	1.7 	290.296
33.8 	9.4 	1.7 	290.29
33.9 	9.4 	1.7 	290.277
34 	9.4 	1.7 	290.277
34.1 	9.4 	1.7 	290.27
34.2 	9.4 	1.7 	290.264
34.3 	9.4 	1.7 	290.258
34.4 	9.4 	1.7 	290.248
34.5 	9.4 	1.7 	290.248
34.6 	9.4 	1.7 	290.24
34.7 	9.4 	1.7 	290.212
34.8 	9.4 	1.7 	290.181
34.9 	9.4 	1.7 	290.163
35 	9.4 	1.7 	290.163
35.1 	9.4 	1.7 	290.166
35.2 	9.4 	1.7 	290.174
35.3 	9.4 	1.7 	290.181
31.9 	9.5 	1.7 	290.173
32 	9.5 	1.7 	290.173
32.1 	9.5 	1.7 	290.153
32.2 	9.5 	1.7 	290.158
32.3 	9.5 	1.7 	290.19
32.4 	9.5 	1.7 	290.276
32.5 	9.5 	1.7 	290.276
32.6 	9.5 	1.7 	290.311
34.6 	9.5 	1.7 	290.118
34.7 	9.5 	1.7 	290.118
34.8 	9.5 	1.7 	290.112
34.9 	9.5 	1.7 	290.113
35 	9.5 	1.7 	290.113
35.1 	9.5 	1.7 	290.124
35.2 	9.5 	1.7 	290.141
35.3 	9.5 	1.7 	290.159
31.9 	9.6 	1.7 	290.128
32 	9.6 	1.7 	290.128
32.1 	9.6 	1.7 	290.092
32.2 	9.6 	1.7 	290.101
32.3 	9.6 	1.7 	290.144
32.4 	9.6 	1.7 	290.254
32.5 	9.6 	1.7 	290.254
32.6 	9.6 	1.7 	290.299
34.6 	9.6 	1.7 	290.071
34.7 	9.6 	1.7 	290.071
34.8 	9.6 	1.7 	290.062
34.9 	9.6 	1.7 	290.049
35 	9.6 	1.7 	290.049
35.1 	9.6 	1.7 	290.058
35.2 	9.6 	1.7 	290.083
35.3 	9.6 	1.7 	290.116
31.9 	9.7 	1.7 	290.128
32 	9.7 	1.7 	290.128
32.1 	9.7 	1.7 	290.092
32.2 	9.7 	1.7 	290.101
32.3 	9.7 	1.7 	290.144
32.4 	9.7 	1.7 	290.254
32.5 	9.7 	1.7 	290.254
32.6 	9.7 	1.7 	290.299
34.6 	9.7 	1.7 	290.071
34.7 	9.7 	1.7 	290.071
34.8 	9.7 	1.7 	290.062
34.9 	9.7 	1.7 	290.049
35 	9.7 	1.7 	290.049
35.1 	9.7 	1.7 	290.058
35.2 	9.7 	1.7 	290.083
35.3 	9.7 	1.7 	290.116
31.9 	9.8 	1.7 	290.102
32 	9.8 	1.7 	290.102
32.1 	9.8 	1.7 	290.059
32.2 	9.8 	1.7 	290.067
32.3 	9.8 	1.7 	290.114
32.4 	9.8 	1.7 	290.231
32.5 	9.8 	1.7 	290.231
32.6 	9.8 	1.7 	290.28
34.6 	9.8 	1.7 	290.066
34.7 	9.8 	1.7 	290.066
34.8 	9.8 	1.7 	290.051
34.9 	9.8 	1.7 	290.026
35 	9.8 	1.7 	290.026
35.1 	9.8 	1.7 	290.029
35.2 	9.8 	1.7 	290.054
35.3 	9.8 	1.7 	290.094
31.9 	9.9 	1.7 	290.075
32 	9.9 	1.7 	290.075
32.1 	9.9 	1.7 	290.024
32.2 	9.9 	1.7 	290.03
32.3 	9.9 	1.7 	290.077
32.4 	9.9 	1.7 	290.198
32.5 	9.9 	1.7 	290.198
32.6 	9.9 	1.7 	290.252
34.6 	9.9 	1.7 	290.06
34.7 	9.9 	1.7 	290.06
34.8 	9.9 	1.7 	290.041
34.9 	9.9 	1.7 	290.005
35 	9.9 	1.7 	290.005
35.1 	9.9 	1.7 	290.002
35.2 	9.9 	1.7 	290.024
35.3 	9.9 	1.7 	290.071
31.9 	10 	1.7 	290.048
32 	10 	1.7 	290.048
32.1 	10 	1.7 	289.987
32.2 	10 	1.7 	289.989
32.3 	10 	1.7 	290.032
32.4 	10 	1.7 	290.154
32.5 	10 	1.7 	290.154
32.6 	10 	1.7 	290.213
34.6 	10 	1.7 	290.05
34.7 	10 	1.7 	290.05
34.8 	10 	1.7 	290.027
34.9 	10 	1.7 	289.983
35 	10 	1.7 	289.983
35.1 	10 	1.7 	289.976
35.2 	10 	1.7 	289.995
35.3 	10 	1.7 	290.045
31.9 	10.1 	1.7 	289.993
32 	10.1 	1.7 	289.993
32.1 	10.1 	1.7 	289.912
32.2 	10.1 	1.7 	289.894
32.3 	10.1 	1.7 	289.92
32.4 	10.1 	1.7 	290.021
32.5 	10.1 	1.7 	290.021
32.6 	10.1 	1.7 	290.073
34.6 	10.1 	1.7 	290.007
34.7 	10.1 	1.7 	290.007
34.8 	10.1 	1.7 	289.98
34.9 	10.1 	1.7 	289.931
35 	10.1 	1.7 	289.931
35.1 	10.1 	1.7 	289.923
35.2 	10.1 	1.7 	289.94
35.3 	10.1 	1.7 	289.993
31.9 	10.2 	1.7 	289.993
32 	10.2 	1.7 	289.993
32.1 	10.2 	1.7 	289.912
32.2 	10.2 	1.7 	289.894
32.3 	10.2 	1.7 	289.92
32.4 	10.2 	1.7 	290.021
32.5 	10.2 	1.7 	290.021
32.6 	10.2 	1.7 	290.073
32.7 	10.2 	1.7 	289.967
32.8 	10.2 	1.7 	289.962
32.9 	10.2 	1.7 	289.953
33 	10.2 	1.7 	289.953
33.1 	10.2 	1.7 	289.951
33.2 	10.2 	1.7 	289.954
33.3 	10.2 	1.7 	289.961
33.4 	10.2 	1.7 	289.976
33.5 	10.2 	1.7 	289.976
33.6 	10.2 	1.7 	289.981
33.7 	10.2 	1.7 	289.983
33.8 	10.2 	1.7 	289.98
33.9 	10.2 	1.7 	289.941
34 	10.2 	1.7 	289.941
34.1 	10.2 	1.7 	289.933
34.2 	10.2 	1.7 	289.939
34.3 	10.2 	1.7 	289.948
34.4 	10.2 	1.7 	289.963
34.5 	10.2 	1.7 	289.963
34.6 	10.2 	1.7 	290.007
34.7 	10.2 	1.7 	290.007
34.8 	10.2 	1.7 	289.98
34.9 	10.2 	1.7 	289.931
35 	10.2 	1.7 	289.931
35.1 	10.2 	1.7 	289.923
35.2 	10.2 	1.7 	289.94
35.3 	10.2 	1.7 	289.993
31.9 	10.3 	1.7 	289.964
32 	10.3 	1.7 	289.964
32.1 	10.3 	1.7 	289.874
32.2 	10.3 	1.7 	289.844
32.3 	10.3 	1.7 	289.856
32.4 	10.3 	1.7 	289.927
32.5 	10.3 	1.7 	289.927
32.6 	10.3 	1.7 	289.969
32.7 	10.3 	1.7 	289.967
32.8 	10.3 	1.7 	289.962
32.9 	10.3 	1.7 	289.953
33 	10.3 	1.7 	289.953
33.1 	10.3 	1.7 	289.951
33.2 	10.3 	1.7 	289.954
33.3 	10.3 	1.7 	289.961
33.4 	10.3 	1.7 	289.976
33.5 	10.3 	1.7 	289.976
33.6 	10.3 	1.7 	289.981
33.7 	10.3 	1.7 	289.983
33.8 	10.3 	1.7 	289.98
33.9 	10.3 	1.7 	289.941
34 	10.3 	1.7 	289.941
34.1 	10.3 	1.7 	289.933
34.2 	10.3 	1.7 	289.939
34.3 	10.3 	1.7 	289.948
34.4 	10.3 	1.7 	289.963
34.5 	10.3 	1.7 	289.963
34.6 	10.3 	1.7 	289.967
34.7 	10.3 	1.7 	289.967
34.8 	10.3 	1.7 	289.944
34.9 	10.3 	1.7 	289.9
35 	10.3 	1.7 	289.9
35.1 	10.3 	1.7 	289.895
35.2 	10.3 	1.7 	289.915
35.3 	10.3 	1.7 	289.97
31.9 	10.4 	1.7 	289.932
32 	10.4 	1.7 	289.932
32.1 	10.4 	1.7 	289.833
32.2 	10.4 	1.7 	289.794
32.3 	10.4 	1.7 	289.797
32.4 	10.4 	1.7 	289.845
32.5 	10.4 	1.7 	289.845
32.6 	10.4 	1.7 	289.867
32.7 	10.4 	1.7 	289.876
32.8 	10.4 	1.7 	289.883
32.9 	10.4 	1.7 	289.904
33 	10.4 	1.7 	289.904
33.1 	10.4 	1.7 	289.926
33.2 	10.4 	1.7 	289.956
33.3 	10.4 	1.7 	289.991
33.4 	10.4 	1.7 	290.039
33.5 	10.4 	1.7 	290.039
33.6 	10.4 	1.7 	290.048
33.7 	10.4 	1.7 	290.046
33.8 	10.4 	1.7 	290.028
33.9 	10.4 	1.7 	289.942
34 	10.4 	1.7 	289.942
34.1 	10.4 	1.7 	289.926
34.2 	10.4 	1.7 	289.924
34.3 	10.4 	1.7 	289.927
34.4 	10.4 	1.7 	289.931
34.5 	10.4 	1.7 	289.931
34.6 	10.4 	1.7 	289.928
34.7 	10.4 	1.7 	289.921
34.8 	10.4 	1.7 	289.902
34.9 	10.4 	1.7 	289.868
35 	10.4 	1.7 	289.868
35.1 	10.4 	1.7 	289.867
35.2 	10.4 	1.7 	289.89
35.3 	10.4 	1.7 	289.949
31.9 	10.5 	1.7 	289.899
32 	10.5 	1.7 	289.899
32.1 	10.5 	1.7 	289.791
32.2 	10.5 	1.7 	289.746
32.3 	10.5 	1.7 	289.743
32.4 	10.5 	1.7 	289.778
32.5 	10.5 	1.7 	289.778
32.6 	10.5 	1.7 	289.795
32.7 	10.5 	1.7 	289.808
32.8 	10.5 	1.7 	289.823
32.9 	10.5 	1.7 	289.889
33 	10.5 	1.7 	289.889
33.1 	10.5 	1.7 	289.954
33.2 	10.5 	1.7 	290.037
33.3 	10.5 	1.7 	290.115
33.4 	10.5 	1.7 	290.184
33.5 	10.5 	1.7 	290.184
33.6 	10.5 	1.7 	290.177
33.7 	10.5 	1.7 	290.146
33.8 	10.5 	1.7 	290.092
33.9 	10.5 	1.7 	289.943
34 	10.5 	1.7 	289.943
34.1 	10.5 	1.7 	289.91
34.2 	10.5 	1.7 	289.899
34.3 	10.5 	1.7 	289.896
34.4 	10.5 	1.7 	289.89
34.5 	10.5 	1.7 	289.89
34.6 	10.5 	1.7 	289.884
34.7 	10.5 	1.7 	289.874
34.8 	10.5 	1.7 	289.859
34.9 	10.5 	1.7 	289.836
35 	10.5 	1.7 	289.836
35.1 	10.5 	1.7 	289.84
35.2 	10.5 	1.7 	289.866
35.3 	10.5 	1.7 	289.928
31.9 	10.6 	1.7 	289.828
32 	10.6 	1.7 	289.828
32.1 	10.6 	1.7 	289.702
32.2 	10.6 	1.7 	289.657
32.3 	10.6 	1.7 	289.652
32.4 	10.6 	1.7 	289.678
32.5 	10.6 	1.7 	289.678
32.6 	10.6 	1.7 	289.694
32.7 	10.6 	1.7 	289.715
32.8 	10.6 	1.7 	289.759
32.9 	10.6 	1.7 	290.041
33 	10.6 	1.7 	290.041
33.1 	10.6 	1.7 	290.314
33.2 	10.6 	1.7 	290.61
33.3 	10.6 	1.7 	290.833
33.4 	10.6 	1.7 	290.838
33.5 	10.6 	1.7 	290.838
33.6 	10.6 	1.7 	290.674
33.7 	10.6 	1.7 	290.478
33.8 	10.6 	1.7 	290.27
33.9 	10.6 	1.7 	289.95
34 	10.6 	1.7 	289.95
34.1 	10.6 	1.7 	289.879
34.2 	10.6 	1.7 	289.844
34.3 	10.6 	1.7 	289.828
34.4 	10.6 	1.7 	289.812
34.5 	10.6 	1.7 	289.812
34.6 	10.6 	1.7 	289.805
34.7 	10.6 	1.7 	289.798
34.8 	10.6 	1.7 	289.79
34.9 	10.6 	1.7 	289.779
35 	10.6 	1.7 	289.779
35.1 	10.6 	1.7 	289.787
35.2 	10.6 	1.7 	289.818
35.3 	10.6 	1.7 	289.887
31.9 	10.7 	1.7 	289.795
32 	10.7 	1.7 	289.795
32.1 	10.7 	1.7 	289.661
32.2 	10.7 	1.7 	289.617
32.3 	10.7 	1.7 	289.614
32.4 	10.7 	1.7 	289.64
32.5 	10.7 	1.7 	289.64
32.6 	10.7 	1.7 	289.657
32.7 	10.7 	1.7 	289.686
32.8 	10.7 	1.7 	289.759
32.9 	10.7 	1.7 	290.25
33 	10.7 	1.7 	290.25
33.1 	10.7 	1.7 	290.732
33.2 	10.7 	1.7 	291.229
33.3 	10.7 	1.7 	291.575
33.4 	10.7 	1.7 	291.467
33.5 	10.7 	1.7 	291.467
33.6 	10.7 	1.7 	291.115
33.7 	10.7 	1.7 	290.749
33.8 	10.7 	1.7 	290.403
33.9 	10.7 	1.7 	289.964
34 	10.7 	1.7 	289.964
34.1 	10.7 	1.7 	289.867
34.2 	10.7 	1.7 	289.819
34.3 	10.7 	1.7 	289.797
34.4 	10.7 	1.7 	289.78
34.5 	10.7 	1.7 	289.78
34.6 	10.7 	1.7 	289.774
34.7 	10.7 	1.7 	289.768
34.8 	10.7 	1.7 	289.761
34.9 	10.7 	1.7 	289.753
35 	10.7 	1.7 	289.753
35.1 	10.7 	1.7 	289.762
35.2 	10.7 	1.7 	289.794
35.3 	10.7 	1.7 	289.867
31.9 	10.8 	1.7 	289.795
32 	10.8 	1.7 	289.795
32.1 	10.8 	1.7 	289.661
32.2 	10.8 	1.7 	289.617
32.3 	10.8 	1.7 	289.614
32.4 	10.8 	1.7 	289.64
32.5 	10.8 	1.7 	289.64
32.6 	10.8 	1.7 	289.657
32.7 	10.8 	1.7 	289.686
32.8 	10.8 	1.7 	289.759
32.9 	10.8 	1.7 	290.25
33 	10.8 	1.7 	290.25
33.1 	10.8 	1.7 	290.732
33.2 	10.8 	1.7 	291.229
33.3 	10.8 	1.7 	291.575
33.4 	10.8 	1.7 	291.467
33.5 	10.8 	1.7 	291.467
33.6 	10.8 	1.7 	291.115
33.7 	10.8 	1.7 	290.749
33.8 	10.8 	1.7 	290.403
33.9 	10.8 	1.7 	289.964
34 	10.8 	1.7 	289.964
34.1 	10.8 	1.7 	289.867
34.2 	10.8 	1.7 	289.819
34.3 	10.8 	1.7 	289.797
34.4 	10.8 	1.7 	289.78
34.5 	10.8 	1.7 	289.78
34.6 	10.8 	1.7 	289.774
34.7 	10.8 	1.7 	289.768
34.8 	10.8 	1.7 	289.761
34.9 	10.8 	1.7 	289.753
35 	10.8 	1.7 	289.753
35.1 	10.8 	1.7 	289.762
35.2 	10.8 	1.7 	289.794
35.3 	10.8 	1.7 	289.867
31.9 	10.9 	1.7 	289.768
32 	10.9 	1.7 	289.768
32.1 	10.9 	1.7 	289.624
32.2 	10.9 	1.7 	289.583
32.3 	10.9 	1.7 	289.58
32.4 	10.9 	1.7 	289.606
32.5 	10.9 	1.7 	289.606
32.6 	10.9 	1.7 	289.625
32.7 	10.9 	1.7 	289.666
32.8 	10.9 	1.7 	289.775
32.9 	10.9 	1.7 	290.565
33 	10.9 	1.7 	290.565
33.1 	10.9 	1.7 	291.371
33.2 	10.9 	1.7 	292.167
33.3 	10.9 	1.7 	292.689
33.4 	10.9 	1.7 	292.446
33.5 	10.9 	1.7 	292.446
33.6 	10.9 	1.7 	291.812
33.7 	10.9 	1.7 	291.163
33.8 	10.9 	1.7 	290.609
33.9 	10.9 	1.7 	289.99
34 	10.9 	1.7 	289.99
34.1 	10.9 	1.7 	289.86
34.2 	10.9 	1.7 	289.797
34.3 	10.9 	1.7 	289.769
34.4 	10.9 	1.7 	289.751
34.5 	10.9 	1.7 	289.751
34.6 	10.9 	1.7 	289.746
34.7 	10.9 	1.7 	289.741
34.8 	10.9 	1.7 	289.734
34.9 	10.9 	1.7 	289.728
35 	10.9 	1.7 	289.728
35.1 	10.9 	1.7 	289.738
35.2 	10.9 	1.7 	289.771
35.3 	10.9 	1.7 	289.847
31.9 	11 	1.7 	289.746
32 	11 	1.7 	289.746
32.1 	11 	1.7 	289.593
32.2 	11 	1.7 	289.553
32.3 	11 	1.7 	289.55
32.4 	11 	1.7 	289.576
32.5 	11 	1.7 	289.576
32.6 	11 	1.7 	289.598
32.7 	11 	1.7 	289.651
32.8 	11 	1.7 	289.802
32.9 	11 	1.7 	290.981
33 	11 	1.7 	290.981
33.1 	11 	1.7 	292.278
33.2 	11 	1.7 	293.474
33.3 	11 	1.7 	294.223
33.4 	11 	1.7 	293.929
33.5 	11 	1.7 	293.929
33.6 	11 	1.7 	292.968
33.7 	11 	1.7 	291.829
33.8 	11 	1.7 	290.94
33.9 	11 	1.7 	290.035
34 	11 	1.7 	290.035
34.1 	11 	1.7 	289.858
34.2 	11 	1.7 	289.777
34.3 	11 	1.7 	289.744
34.4 	11 	1.7 	289.726
34.5 	11 	1.7 	289.726
34.6 	11 	1.7 	289.721
34.7 	11 	1.7 	289.715
34.8 	11 	1.7 	289.709
34.9 	11 	1.7 	289.703
35 	11 	1.7 	289.703
35.1 	11 	1.7 	289.714
35.2 	11 	1.7 	289.749
35.3 	11 	1.7 	289.828
31.9 	11.1 	1.7 	289.713
32 	11.1 	1.7 	289.713
32.1 	11.1 	1.7 	289.549
32.2 	11.1 	1.7 	289.506
32.3 	11.1 	1.7 	289.501
32.4 	11.1 	1.7 	289.525
32.5 	11.1 	1.7 	289.525
32.6 	11.1 	1.7 	289.549
32.7 	11.1 	1.7 	289.617
32.8 	11.1 	1.7 	289.828
32.9 	11.1 	1.7 	291.912
33 	11.1 	1.7 	291.912
33.1 	11.1 	1.7 	294.962
33.2 	11.1 	1.7 	296.799
33.3 	11.1 	1.7 	297.622
33.4 	11.1 	1.7 	297.586
33.5 	11.1 	1.7 	297.586
33.6 	11.1 	1.7 	296.535
33.7 	11.1 	1.7 	294.154
33.8 	11.1 	1.7 	292.016
33.9 	11.1 	1.7 	290.153
34 	11.1 	1.7 	290.153
34.1 	11.1 	1.7 	289.86
34.2 	11.1 	1.7 	289.741
34.3 	11.1 	1.7 	289.7
34.4 	11.1 	1.7 	289.68
34.5 	11.1 	1.7 	289.68
34.6 	11.1 	1.7 	289.675
34.7 	11.1 	1.7 	289.669
34.8 	11.1 	1.7 	289.662
34.9 	11.1 	1.7 	289.657
35 	11.1 	1.7 	289.657
35.1 	11.1 	1.7 	289.669
35.2 	11.1 	1.7 	289.706
35.3 	11.1 	1.7 	289.791
31.9 	11.2 	1.7 	289.702
32 	11.2 	1.7 	289.702
32.1 	11.2 	1.7 	289.533
32.2 	11.2 	1.7 	289.489
32.3 	11.2 	1.7 	289.482
32.4 	11.2 	1.7 	289.503
32.5 	11.2 	1.7 	289.503
32.6 	11.2 	1.7 	289.526
32.7 	11.2 	1.7 	289.589
32.8 	11.2 	1.7 	289.792
32.9 	11.2 	1.7 	292.153
33 	11.2 	1.7 	292.153
33.1 	11.2 	1.7 	296.639
33.2 	11.2 	1.7 	298.141
33.3 	11.2 	1.7 	298.591
33.4 	11.2 	1.7 	298.566
33.5 	11.2 	1.7 	298.566
33.6 	11.2 	1.7 	297.86
33.7 	11.2 	1.7 	295.189
33.8 	11.2 	1.7 	292.401
33.9 	11.2 	1.7 	290.179
34 	11.2 	1.7 	290.179
34.1 	11.2 	1.7 	289.85
34.2 	11.2 	1.7 	289.721
34.3 	11.2 	1.7 	289.679
34.4 	11.2 	1.7 	289.66
34.5 	11.2 	1.7 	289.66
34.6 	11.2 	1.7 	289.654
34.7 	11.2 	1.7 	289.647
34.8 	11.2 	1.7 	289.64
34.9 	11.2 	1.7 	289.634
35 	11.2 	1.7 	289.634
35.1 	11.2 	1.7 	289.646
35.2 	11.2 	1.7 	289.685
35.3 	11.2 	1.7 	289.772
31.9 	11.3 	1.7 	289.702
32 	11.3 	1.7 	289.702
32.1 	11.3 	1.7 	289.533
32.2 	11.3 	1.7 	289.489
32.3 	11.3 	1.7 	289.482
32.4 	11.3 	1.7 	289.503
32.5 	11.3 	1.7 	289.503
32.6 	11.3 	1.7 	289.526
32.7 	11.3 	1.7 	289.589
32.8 	11.3 	1.7 	289.792
32.9 	11.3 	1.7 	292.153
33 	11.3 	1.7 	292.153
33.1 	11.3 	1.7 	296.639
33.2 	11.3 	1.7 	298.141
33.3 	11.3 	1.7 	298.591
33.4 	11.3 	1.7 	298.566
33.5 	11.3 	1.7 	298.566
33.6 	11.3 	1.7 	297.86
33.7 	11.3 	1.7 	295.189
33.8 	11.3 	1.7 	292.401
33.9 	11.3 	1.7 	290.179
34 	11.3 	1.7 	290.179
34.1 	11.3 	1.7 	289.85
34.2 	11.3 	1.7 	289.721
34.3 	11.3 	1.7 	289.679
34.4 	11.3 	1.7 	289.66
34.5 	11.3 	1.7 	289.66
34.6 	11.3 	1.7 	289.654
34.7 	11.3 	1.7 	289.647
34.8 	11.3 	1.7 	289.64
34.9 	11.3 	1.7 	289.634
35 	11.3 	1.7 	289.634
35.1 	11.3 	1.7 	289.646
35.2 	11.3 	1.7 	289.685
35.3 	11.3 	1.7 	289.772
31.9 	11.4 	1.7 	289.693
32 	11.4 	1.7 	289.693
32.1 	11.4 	1.7 	289.521
32.2 	11.4 	1.7 	289.475
32.3 	11.4 	1.7 	289.466
32.4 	11.4 	1.7 	289.483
32.5 	11.4 	1.7 	289.483
32.6 	11.4 	1.7 	289.503
32.7 	11.4 	1.7 	289.553
32.8 	11.4 	1.7 	289.712
32.9 	11.4 	1.7 	291.885
33 	11.4 	1.7 	291.885
33.1 	11.4 	1.7 	298.508
33.2 	11.4 	1.7 	298.981
33.3 	11.4 	1.7 	299.04
33.4 	11.4 	1.7 	299.035
33.5 	11.4 	1.7 	299.035
33.6 	11.4 	1.7 	298.82
33.7 	11.4 	1.7 	295.19
33.8 	11.4 	1.7 	292.286
33.9 	11.4 	1.7 	290.148
34 	11.4 	1.7 	290.148
34.1 	11.4 	1.7 	289.822
34.2 	11.4 	1.7 	289.698
34.3 	11.4 	1.7 	289.658
34.4 	11.4 	1.7 	289.64
34.5 	11.4 	1.7 	289.64
34.6 	11.4 	1.7 	289.634
34.7 	11.4 	1.7 	289.626
34.8 	11.4 	1.7 	289.619
34.9 	11.4 	1.7 	289.612
35 	11.4 	1.7 	289.612
35.1 	11.4 	1.7 	289.624
35.2 	11.4 	1.7 	289.662
35.3 	11.4 	1.7 	289.751
31.9 	11.5 	1.7 	289.686
32 	11.5 	1.7 	289.686
32.1 	11.5 	1.7 	289.511
32.2 	11.5 	1.7 	289.463
32.3 	11.5 	1.7 	289.453
32.4 	11.5 	1.7 	289.467
32.5 	11.5 	1.7 	289.467
32.6 	11.5 	1.7 	289.482
32.7 	11.5 	1.7 	289.517
32.8 	11.5 	1.7 	289.611
32.9 	11.5 	1.7 	290.424
33 	11.5 	1.7 	290.424
33.6 	11.5 	1.7 	292.954
33.7 	11.5 	1.7 	292.954
33.8 	11.5 	1.7 	291.695
33.9 	11.5 	1.7 	290.066
34 	11.5 	1.7 	290.066
34.1 	11.5 	1.7 	289.781
34.2 	11.5 	1.7 	289.673
34.3 	11.5 	1.7 	289.638
34.4 	11.5 	1.7 	289.621
34.5 	11.5 	1.7 	289.621
34.6 	11.5 	1.7 	289.614
34.7 	11.5 	1.7 	289.606
34.8 	11.5 	1.7 	289.598
34.9 	11.5 	1.7 	289.59
35 	11.5 	1.7 	289.59
35.1 	11.5 	1.7 	289.601
35.2 	11.5 	1.7 	289.639
35.3 	11.5 	1.7 	289.728
31.9 	11.6 	1.7 	289.673
32 	11.6 	1.7 	289.673
32.1 	11.6 	1.7 	289.495
32.2 	11.6 	1.7 	289.446
32.3 	11.6 	1.7 	289.433
32.4 	11.6 	1.7 	289.442
32.5 	11.6 	1.7 	289.442
32.6 	11.6 	1.7 	289.452
32.7 	11.6 	1.7 	289.47
32.8 	11.6 	1.7 	289.509
32.9 	11.6 	1.7 	289.752
33 	11.6 	1.7 	289.752
33.6 	11.6 	1.7 	291.268
33.7 	11.6 	1.7 	291.268
33.8 	11.6 	1.7 	290.777
33.9 	11.6 	1.7 	289.876
34 	11.6 	1.7 	289.876
34.1 	11.6 	1.7 	289.694
34.2 	11.6 	1.7 	289.624
34.3 	11.6 	1.7 	289.601
34.4 	11.6 	1.7 	289.586
34.5 	11.6 	1.7 	289.586
34.6 	11.6 	1.7 	289.579
34.7 	11.6 	1.7 	289.57
34.8 	11.6 	1.7 	289.561
34.9 	11.6 	1.7 	289.551
35 	11.6 	1.7 	289.551
35.1 	11.6 	1.7 	289.558
35.2 	11.6 	1.7 	289.59
35.3 	11.6 	1.7 	289.672
31.9 	11.7 	1.7 	289.664
32 	11.7 	1.7 	289.664
32.1 	11.7 	1.7 	289.485
32.2 	11.7 	1.7 	289.438
32.3 	11.7 	1.7 	289.426
32.4 	11.7 	1.7 	289.433
32.5 	11.7 	1.7 	289.433
32.6 	11.7 	1.7 	289.442
32.7 	11.7 	1.7 	289.456
32.8 	11.7 	1.7 	289.486
32.9 	11.7 	1.7 	289.675
33 	11.7 	1.7 	289.675
33.6 	11.7 	1.7 	290.901
33.7 	11.7 	1.7 	290.901
33.8 	11.7 	1.7 	290.495
33.9 	11.7 	1.7 	289.8
34 	11.7 	1.7 	289.8
34.1 	11.7 	1.7 	289.658
34.2 	11.7 	1.7 	289.603
34.3 	11.7 	1.7 	289.584
34.4 	11.7 	1.7 	289.57
34.5 	11.7 	1.7 	289.57
34.6 	11.7 	1.7 	289.563
34.7 	11.7 	1.7 	289.554
34.8 	11.7 	1.7 	289.545
34.9 	11.7 	1.7 	289.533
35 	11.7 	1.7 	289.533
35.1 	11.7 	1.7 	289.539
35.2 	11.7 	1.7 	289.566
35.3 	11.7 	1.7 	289.642
31.9 	11.8 	1.7 	289.664
32 	11.8 	1.7 	289.664
32.1 	11.8 	1.7 	289.485
32.2 	11.8 	1.7 	289.438
32.3 	11.8 	1.7 	289.426
32.4 	11.8 	1.7 	289.433
32.5 	11.8 	1.7 	289.433
32.6 	11.8 	1.7 	289.442
32.7 	11.8 	1.7 	289.456
32.8 	11.8 	1.7 	289.486
32.9 	11.8 	1.7 	289.675
33 	11.8 	1.7 	289.675
33.6 	11.8 	1.7 	290.901
33.7 	11.8 	1.7 	290.901
33.8 	11.8 	1.7 	290.495
33.9 	11.8 	1.7 	289.8
34 	11.8 	1.7 	289.8
34.1 	11.8 	1.7 	289.658
34.2 	11.8 	1.7 	289.603
34.3 	11.8 	1.7 	289.584
34.4 	11.8 	1.7 	289.57
34.5 	11.8 	1.7 	289.57
34.6 	11.8 	1.7 	289.563
34.7 	11.8 	1.7 	289.554
34.8 	11.8 	1.7 	289.545
34.9 	11.8 	1.7 	289.533
35 	11.8 	1.7 	289.533
35.1 	11.8 	1.7 	289.539
35.2 	11.8 	1.7 	289.566
35.3 	11.8 	1.7 	289.642
31.9 	11.9 	1.7 	289.651
32 	11.9 	1.7 	289.651
32.1 	11.9 	1.7 	289.474
32.2 	11.9 	1.7 	289.43
32.3 	11.9 	1.7 	289.42
32.4 	11.9 	1.7 	289.426
32.5 	11.9 	1.7 	289.426
32.6 	11.9 	1.7 	289.434
32.7 	11.9 	1.7 	289.446
32.8 	11.9 	1.7 	289.47
32.9 	11.9 	1.7 	289.624
33 	11.9 	1.7 	289.624
33.6 	11.9 	1.7 	290.646
33.7 	11.9 	1.7 	290.646
33.8 	11.9 	1.7 	290.293
33.9 	11.9 	1.7 	289.739
34 	11.9 	1.7 	289.739
34.1 	11.9 	1.7 	289.627
34.2 	11.9 	1.7 	289.584
34.3 	11.9 	1.7 	289.568
34.4 	11.9 	1.7 	289.555
34.5 	11.9 	1.7 	289.555
34.6 	11.9 	1.7 	289.548
34.7 	11.9 	1.7 	289.539
34.8 	11.9 	1.7 	289.531
34.9 	11.9 	1.7 	289.518
35 	11.9 	1.7 	289.518
35.1 	11.9 	1.7 	289.521
35.2 	11.9 	1.7 	289.543
35.3 	11.9 	1.7 	289.611
31.9 	12 	1.7 	289.631
32 	12 	1.7 	289.631
32.1 	12 	1.7 	289.461
32.2 	12 	1.7 	289.422
32.3 	12 	1.7 	289.415
32.4 	12 	1.7 	289.421
32.5 	12 	1.7 	289.421
32.6 	12 	1.7 	289.428
32.7 	12 	1.7 	289.438
32.8 	12 	1.7 	289.459
32.9 	12 	1.7 	289.59
33 	12 	1.7 	289.59
33.6 	12 	1.7 	290.454
33.7 	12 	1.7 	290.454
33.8 	12 	1.7 	290.147
33.9 	12 	1.7 	289.692
34 	12 	1.7 	289.692
34.1 	12 	1.7 	289.602
34.2 	12 	1.7 	289.567
34.3 	12 	1.7 	289.553
34.4 	12 	1.7 	289.54
34.5 	12 	1.7 	289.54
34.6 	12 	1.7 	289.534
34.7 	12 	1.7 	289.526
34.8 	12 	1.7 	289.518
34.9 	12 	1.7 	289.505
35 	12 	1.7 	289.505
35.1 	12 	1.7 	289.506
35.2 	12 	1.7 	289.521
35.3 	12 	1.7 	289.579
31.9 	12.1 	1.7 	289.534
32 	12.1 	1.7 	289.534
32.1 	12.1 	1.7 	289.426
32.2 	12.1 	1.7 	289.407
32.3 	12.1 	1.7 	289.407
32.4 	12.1 	1.7 	289.417
32.5 	12.1 	1.7 	289.417
32.6 	12.1 	1.7 	289.422
32.7 	12.1 	1.7 	289.429
32.8 	12.1 	1.7 	289.446
32.9 	12.1 	1.7 	289.506
33 	12.1 	1.7 	289.506
33.6 	12.1 	1.7 	289.924
33.7 	12.1 	1.7 	289.924
33.8 	12.1 	1.7 	289.907
33.9 	12.1 	1.7 	289.621
34 	12.1 	1.7 	289.621
34.1 	12.1 	1.7 	289.563
34.2 	12.1 	1.7 	289.538
34.3 	12.1 	1.7 	289.526
34.4 	12.1 	1.7 	289.514
34.5 	12.1 	1.7 	289.514
34.6 	12.1 	1.7 	289.51
34.7 	12.1 	1.7 	289.505
34.8 	12.1 	1.7 	289.499
34.9 	12.1 	1.7 	289.486
35 	12.1 	1.7 	289.486
35.1 	12.1 	1.7 	289.482
35.2 	12.1 	1.7 	289.486
35.3 	12.1 	1.7 	289.513
31.9 	12.2 	1.7 	289.464
32 	12.2 	1.7 	289.464
32.1 	12.2 	1.7 	289.408
32.2 	12.2 	1.7 	289.401
32.3 	12.2 	1.7 	289.405
32.4 	12.2 	1.7 	289.416
32.5 	12.2 	1.7 	289.416
32.6 	12.2 	1.7 	289.421
32.7 	12.2 	1.7 	289.428
32.8 	12.2 	1.7 	289.443
32.9 	12.2 	1.7 	289.405
33 	12.2 	1.7 	289.405
33.1 	12.2 	1.7 	289.295
33.2 	12.2 	1.7 	289.229
33.3 	12.2 	1.7 	289.201
33.4 	12.2 	1.7 	289.259
33.5 	12.2 	1.7 	289.259
33.6 	12.2 	1.7 	289.372
33.7 	12.2 	1.7 	289.599
33.8 	12.2 	1.7 	289.737
33.9 	12.2 	1.7 	289.596
34 	12.2 	1.7 	289.596
34.1 	12.2 	1.7 	289.547
34.2 	12.2 	1.7 	289.525
34.3 	12.2 	1.7 	289.514
34.4 	12.2 	1.7 	289.503
34.5 	12.2 	1.7 	289.503
34.6 	12.2 	1.7 	289.5
34.7 	12.2 	1.7 	289.496
34.8 	12.2 	1.7 	289.491
34.9 	12.2 	1.7 	289.479
35 	12.2 	1.7 	289.479
35.1 	12.2 	1.7 	289.473
35.2 	12.2 	1.7 	289.472
35.3 	12.2 	1.7 	289.485
31.9 	12.3 	1.7 	289.464
32 	12.3 	1.7 	289.464
32.1 	12.3 	1.7 	289.408
32.2 	12.3 	1.7 	289.401
32.3 	12.3 	1.7 	289.405
32.4 	12.3 	1.7 	289.416
32.5 	12.3 	1.7 	289.416
32.6 	12.3 	1.7 	289.421
32.7 	12.3 	1.7 	289.428
32.8 	12.3 	1.7 	289.443
32.9 	12.3 	1.7 	289.405
33 	12.3 	1.7 	289.405
33.1 	12.3 	1.7 	289.295
33.2 	12.3 	1.7 	289.229
33.3 	12.3 	1.7 	289.201
33.4 	12.3 	1.7 	289.259
33.5 	12.3 	1.7 	289.259
33.6 	12.3 	1.7 	289.372
33.7 	12.3 	1.7 	289.599
33.8 	12.3 	1.7 	289.737
33.9 	12.3 	1.7 	289.596
34 	12.3 	1.7 	289.596
34.1 	12.3 	1.7 	289.547
34.2 	12.3 	1.7 	289.525
34.3 	12.3 	1.7 	289.514
34.4 	12.3 	1.7 	289.503
34.5 	12.3 	1.7 	289.503
34.6 	12.3 	1.7 	289.5
34.7 	12.3 	1.7 	289.496
34.8 	12.3 	1.7 	289.491
34.9 	12.3 	1.7 	289.479
35 	12.3 	1.7 	289.479
35.1 	12.3 	1.7 	289.473
35.2 	12.3 	1.7 	289.472
35.3 	12.3 	1.7 	289.485
31.9 	12.4 	1.7 	289.421
32 	12.4 	1.7 	289.421
32.1 	12.4 	1.7 	289.396
32.2 	12.4 	1.7 	289.397
32.3 	12.4 	1.7 	289.404
32.4 	12.4 	1.7 	289.418
32.5 	12.4 	1.7 	289.418
32.6 	12.4 	1.7 	289.422
32.7 	12.4 	1.7 	289.429
32.8 	12.4 	1.7 	289.44
32.9 	12.4 	1.7 	289.376
33 	12.4 	1.7 	289.376
33.1 	12.4 	1.7 	289.274
33.2 	12.4 	1.7 	289.205
33.3 	12.4 	1.7 	289.178
33.4 	12.4 	1.7 	289.223
33.5 	12.4 	1.7 	289.223
33.6 	12.4 	1.7 	289.325
33.7 	12.4 	1.7 	289.495
33.8 	12.4 	1.7 	289.635
33.9 	12.4 	1.7 	289.576
34 	12.4 	1.7 	289.576
34.1 	12.4 	1.7 	289.534
34.2 	12.4 	1.7 	289.514
34.3 	12.4 	1.7 	289.504
34.4 	12.4 	1.7 	289.494
34.5 	12.4 	1.7 	289.494
34.6 	12.4 	1.7 	289.491
34.7 	12.4 	1.7 	289.488
34.8 	12.4 	1.7 	289.485
34.9 	12.4 	1.7 	289.473
35 	12.4 	1.7 	289.473
35.1 	12.4 	1.7 	289.466
35.2 	12.4 	1.7 	289.463
35.3 	12.4 	1.7 	289.467
31.9 	12.5 	1.7 	289.398
32 	12.5 	1.7 	289.398
32.1 	12.5 	1.7 	289.388
32.2 	12.5 	1.7 	289.395
32.3 	12.5 	1.7 	289.405
32.4 	12.5 	1.7 	289.421
32.5 	12.5 	1.7 	289.421
32.6 	12.5 	1.7 	289.426
32.7 	12.5 	1.7 	289.43
32.8 	12.5 	1.7 	289.437
32.9 	12.5 	1.7 	289.359
33 	12.5 	1.7 	289.359
33.1 	12.5 	1.7 	289.248
33.2 	12.5 	1.7 	289.178
33.3 	12.5 	1.7 	289.158
33.4 	12.5 	1.7 	289.186
33.5 	12.5 	1.7 	289.186
33.6 	12.5 	1.7 	289.282
33.7 	12.5 	1.7 	289.449
33.8 	12.5 	1.7 	289.581
33.9 	12.5 	1.7 	289.559
34 	12.5 	1.7 	289.559
34.1 	12.5 	1.7 	289.522
34.2 	12.5 	1.7 	289.504
34.3 	12.5 	1.7 	289.494
34.4 	12.5 	1.7 	289.485
34.5 	12.5 	1.7 	289.485
34.6 	12.5 	1.7 	289.483
34.7 	12.5 	1.7 	289.481
34.8 	12.5 	1.7 	289.479
34.9 	12.5 	1.7 	289.468
35 	12.5 	1.7 	289.468
35.1 	12.5 	1.7 	289.461
35.2 	12.5 	1.7 	289.456
35.3 	12.5 	1.7 	289.456
31.9 	12.6 	1.7 	289.38
32 	12.6 	1.7 	289.38
32.1 	12.6 	1.7 	289.383
32.2 	12.6 	1.7 	289.394
32.3 	12.6 	1.7 	289.41
32.4 	12.6 	1.7 	289.44
32.5 	12.6 	1.7 	289.44
32.6 	12.6 	1.7 	289.447
32.7 	12.6 	1.7 	289.445
32.8 	12.6 	1.7 	289.439
32.9 	12.6 	1.7 	289.355
33 	12.6 	1.7 	289.355
33.1 	12.6 	1.7 	289.252
33.2 	12.6 	1.7 	289.184
33.3 	12.6 	1.7 	289.165
33.4 	12.6 	1.7 	289.19
33.5 	12.6 	1.7 	289.19
33.6 	12.6 	1.7 	289.285
33.7 	12.6 	1.7 	289.439
33.8 	12.6 	1.7 	289.539
33.9 	12.6 	1.7 	289.529
34 	12.6 	1.7 	289.529
34.1 	12.6 	1.7 	289.503
34.2 	12.6 	1.7 	289.489
34.3 	12.6 	1.7 	289.481
34.4 	12.6 	1.7 	289.476
34.5 	12.6 	1.7 	289.476
34.6 	12.6 	1.7 	289.473
34.7 	12.6 	1.7 	289.47
34.8 	12.6 	1.7 	289.467
34.9 	12.6 	1.7 	289.456
35 	12.6 	1.7 	289.456
35.1 	12.6 	1.7 	289.449
35.2 	12.6 	1.7 	289.444
35.3 	12.6 	1.7 	289.442
31.9 	12.7 	1.7 	289.381
32 	12.7 	1.7 	289.381
32.1 	12.7 	1.7 	289.385
32.2 	12.7 	1.7 	289.398
32.3 	12.7 	1.7 	289.417
32.4 	12.7 	1.7 	289.461
32.5 	12.7 	1.7 	289.461
32.6 	12.7 	1.7 	289.474
32.7 	12.7 	1.7 	289.469
32.8 	12.7 	1.7 	289.454
32.9 	12.7 	1.7 	289.38
33 	12.7 	1.7 	289.38
33.1 	12.7 	1.7 	289.303
33.2 	12.7 	1.7 	289.248
33.3 	12.7 	1.7 	289.225
33.4 	12.7 	1.7 	289.26
33.5 	12.7 	1.7 	289.26
33.6 	12.7 	1.7 	289.345
33.7 	12.7 	1.7 	289.462
33.8 	12.7 	1.7 	289.533
33.9 	12.7 	1.7 	289.519
34 	12.7 	1.7 	289.519
34.1 	12.7 	1.7 	289.499
34.2 	12.7 	1.7 	289.49
34.3 	12.7 	1.7 	289.486
34.4 	12.7 	1.7 	289.481
34.5 	12.7 	1.7 	289.481
34.6 	12.7 	1.7 	289.475
34.7 	12.7 	1.7 	289.468
34.8 	12.7 	1.7 	289.462
34.9 	12.7 	1.7 	289.448
35 	12.7 	1.7 	289.448
35.1 	12.7 	1.7 	289.442
35.2 	12.7 	1.7 	289.437
35.3 	12.7 	1.7 	289.436
31.9 	12.8 	1.7 	289.381
32 	12.8 	1.7 	289.381
32.1 	12.8 	1.7 	289.385
32.2 	12.8 	1.7 	289.398
32.3 	12.8 	1.7 	289.417
32.4 	12.8 	1.7 	289.461
32.5 	12.8 	1.7 	289.461
32.6 	12.8 	1.7 	289.474
32.7 	12.8 	1.7 	289.469
32.8 	12.8 	1.7 	289.454
32.9 	12.8 	1.7 	289.38
33 	12.8 	1.7 	289.38
33.1 	12.8 	1.7 	289.303
33.2 	12.8 	1.7 	289.248
33.3 	12.8 	1.7 	289.225
33.4 	12.8 	1.7 	289.26
33.5 	12.8 	1.7 	289.26
33.6 	12.8 	1.7 	289.345
33.7 	12.8 	1.7 	289.462
33.8 	12.8 	1.7 	289.533
33.9 	12.8 	1.7 	289.519
34 	12.8 	1.7 	289.519
34.1 	12.8 	1.7 	289.499
34.2 	12.8 	1.7 	289.49
34.3 	12.8 	1.7 	289.486
34.4 	12.8 	1.7 	289.481
34.5 	12.8 	1.7 	289.481
34.6 	12.8 	1.7 	289.475
34.7 	12.8 	1.7 	289.468
34.8 	12.8 	1.7 	289.462
34.9 	12.8 	1.7 	289.448
35 	12.8 	1.7 	289.448
35.1 	12.8 	1.7 	289.442
35.2 	12.8 	1.7 	289.437
35.3 	12.8 	1.7 	289.436
31.9 	12.9 	1.7 	289.395
32 	12.9 	1.7 	289.395
32.1 	12.9 	1.7 	289.396
32.2 	12.9 	1.7 	289.411
32.3 	12.9 	1.7 	289.437
32.4 	12.9 	1.7 	289.498
32.5 	12.9 	1.7 	289.498
32.6 	12.9 	1.7 	289.516
32.7 	12.9 	1.7 	289.511
32.8 	12.9 	1.7 	289.485
32.9 	12.9 	1.7 	289.421
33 	12.9 	1.7 	289.421
33.1 	12.9 	1.7 	289.377
33.2 	12.9 	1.7 	289.353
33.3 	12.9 	1.7 	289.344
33.4 	12.9 	1.7 	289.372
33.5 	12.9 	1.7 	289.372
33.6 	12.9 	1.7 	289.422
33.7 	12.9 	1.7 	289.493
33.8 	12.9 	1.7 	289.534
33.9 	12.9 	1.7 	289.517
34 	12.9 	1.7 	289.517
34.1 	12.9 	1.7 	289.507
34.2 	12.9 	1.7 	289.504
34.3 	12.9 	1.7 	289.505
34.4 	12.9 	1.7 	289.497
34.5 	12.9 	1.7 	289.497
34.6 	12.9 	1.7 	289.486
34.7 	12.9 	1.7 	289.473
34.8 	12.9 	1.7 	289.461
34.9 	12.9 	1.7 	289.442
35 	12.9 	1.7 	289.442
35.1 	12.9 	1.7 	289.435
35.2 	12.9 	1.7 	289.432
35.3 	12.9 	1.7 	289.431
31.9 	13 	1.7 	289.446
32 	13 	1.7 	289.446
32.1 	13 	1.7 	289.434
32.2 	13 	1.7 	289.45
32.3 	13 	1.7 	289.486
32.4 	13 	1.7 	289.561
32.5 	13 	1.7 	289.561
32.6 	13 	1.7 	289.577
32.7 	13 	1.7 	289.572
32.8 	13 	1.7 	289.538
32.9 	13 	1.7 	289.472
33 	13 	1.7 	289.472
33.1 	13 	1.7 	289.45
33.2 	13 	1.7 	289.444
33.3 	13 	1.7 	289.445
33.4 	13 	1.7 	289.462
33.5 	13 	1.7 	289.462
33.6 	13 	1.7 	289.488
33.7 	13 	1.7 	289.524
33.8 	13 	1.7 	289.543
33.9 	13 	1.7 	289.534
34 	13 	1.7 	289.534
34.1 	13 	1.7 	289.534
34.2 	13 	1.7 	289.538
34.3 	13 	1.7 	289.54
34.4 	13 	1.7 	289.528
34.5 	13 	1.7 	289.528
34.6 	13 	1.7 	289.513
34.7 	13 	1.7 	289.492
34.8 	13 	1.7 	289.472
34.9 	13 	1.7 	289.443
35 	13 	1.7 	289.443
35.1 	13 	1.7 	289.435
35.2 	13 	1.7 	289.431
35.3 	13 	1.7 	289.43
31.9 	13.1 	1.7 	289.734
32 	13.1 	1.7 	289.734
32.1 	13.1 	1.7 	289.742
32.2 	13.1 	1.7 	289.744
32.3 	13.1 	1.7 	289.745
32.4 	13.1 	1.7 	289.734
32.5 	13.1 	1.7 	289.734
32.6 	13.1 	1.7 	289.719
32.7 	13.1 	1.7 	289.697
32.8 	13.1 	1.7 	289.667
32.9 	13.1 	1.7 	289.589
33 	13.1 	1.7 	289.589
33.1 	13.1 	1.7 	289.567
33.2 	13.1 	1.7 	289.561
33.3 	13.1 	1.7 	289.561
33.4 	13.1 	1.7 	289.567
33.5 	13.1 	1.7 	289.567
33.6 	13.1 	1.7 	289.576
33.7 	13.1 	1.7 	289.587
33.8 	13.1 	1.7 	289.597
33.9 	13.1 	1.7 	289.617
34 	13.1 	1.7 	289.617
34.1 	13.1 	1.7 	289.626
34.2 	13.1 	1.7 	289.634
34.3 	13.1 	1.7 	289.639
34.4 	13.1 	1.7 	289.64
34.5 	13.1 	1.7 	289.64
34.6 	13.1 	1.7 	289.634
34.7 	13.1 	1.7 	289.625
34.8 	13.1 	1.7 	289.612
34.9 	13.1 	1.7 	289.588
35 	13.1 	1.7 	289.588
35.1 	13.1 	1.7 	289.58
35.2 	13.1 	1.7 	289.576
35.3 	13.1 	1.7 	289.575
31.9 	9.1 	1.8 	290.21
32 	9.1 	1.8 	290.21
32.1 	9.1 	1.8 	290.213
32.2 	9.1 	1.8 	290.22
32.3 	9.1 	1.8 	290.242
32.4 	9.1 	1.8 	290.283
32.5 	9.1 	1.8 	290.283
32.6 	9.1 	1.8 	290.298
32.7 	9.1 	1.8 	290.308
32.8 	9.1 	1.8 	290.315
32.9 	9.1 	1.8 	290.324
33 	9.1 	1.8 	290.324
33.1 	9.1 	1.8 	290.325
33.2 	9.1 	1.8 	290.324
33.3 	9.1 	1.8 	290.322
33.4 	9.1 	1.8 	290.313
33.5 	9.1 	1.8 	290.313
33.6 	9.1 	1.8 	290.307
33.7 	9.1 	1.8 	290.301
33.8 	9.1 	1.8 	290.294
33.9 	9.1 	1.8 	290.279
34 	9.1 	1.8 	290.279
34.1 	9.1 	1.8 	290.272
34.2 	9.1 	1.8 	290.265
34.3 	9.1 	1.8 	290.259
34.4 	9.1 	1.8 	290.249
34.5 	9.1 	1.8 	290.249
34.6 	9.1 	1.8 	290.244
34.7 	9.1 	1.8 	290.24
34.8 	9.1 	1.8 	290.235
34.9 	9.1 	1.8 	290.223
35 	9.1 	1.8 	290.223
35.1 	9.1 	1.8 	290.216
35.2 	9.1 	1.8 	290.208
35.3 	9.1 	1.8 	290.199
31.9 	9.2 	1.8 	290.21
32 	9.2 	1.8 	290.21
32.1 	9.2 	1.8 	290.213
32.2 	9.2 	1.8 	290.22
32.3 	9.2 	1.8 	290.242
32.4 	9.2 	1.8 	290.283
32.5 	9.2 	1.8 	290.283
32.6 	9.2 	1.8 	290.298
32.7 	9.2 	1.8 	290.308
32.8 	9.2 	1.8 	290.315
32.9 	9.2 	1.8 	290.324
33 	9.2 	1.8 	290.324
33.1 	9.2 	1.8 	290.325
33.2 	9.2 	1.8 	290.324
33.3 	9.2 	1.8 	290.322
33.4 	9.2 	1.8 	290.313
33.5 	9.2 	1.8 	290.313
33.6 	9.2 	1.8 	290.307
33.7 	9.2 	1.8 	290.301
33.8 	9.2 	1.8 	290.294
33.9 	9.2 	1.8 	290.279
34 	9.2 	1.8 	290.279
34.1 	9.2 	1.8 	290.272
34.2 	9.2 	1.8 	290.265
34.3 	9.2 	1.8 	290.259
34.4 	9.2 	1.8 	290.249
34.5 	9.2 	1.8 	290.249
34.6 	9.2 	1.8 	290.244
34.7 	9.2 	1.8 	290.24
34.8 	9.2 	1.8 	290.235
34.9 	9.2 	1.8 	290.223
35 	9.2 	1.8 	290.223
35.1 	9.2 	1.8 	290.216
35.2 	9.2 	1.8 	290.208
35.3 	9.2 	1.8 	290.199
31.9 	9.3 	1.8 	290.203
32 	9.3 	1.8 	290.203
32.1 	9.3 	1.8 	290.199
32.2 	9.3 	1.8 	290.204
32.3 	9.3 	1.8 	290.225
32.4 	9.3 	1.8 	290.279
32.5 	9.3 	1.8 	290.279
32.6 	9.3 	1.8 	290.301
32.7 	9.3 	1.8 	290.313
32.8 	9.3 	1.8 	290.322
32.9 	9.3 	1.8 	290.331
33 	9.3 	1.8 	290.331
33.1 	9.3 	1.8 	290.331
33.2 	9.3 	1.8 	290.33
33.3 	9.3 	1.8 	290.328
33.4 	9.3 	1.8 	290.32
33.5 	9.3 	1.8 	290.32
33.6 	9.3 	1.8 	290.314
33.7 	9.3 	1.8 	290.308
33.8 	9.3 	1.8 	290.301
33.9 	9.3 	1.8 	290.287
34 	9.3 	1.8 	290.287
34.1 	9.3 	1.8 	290.28
34.2 	9.3 	1.8 	290.274
34.3 	9.3 	1.8 	290.267
34.4 	9.3 	1.8 	290.256
34.5 	9.3 	1.8 	290.256
34.6 	9.3 	1.8 	290.251
34.7 	9.3 	1.8 	290.244
34.8 	9.3 	1.8 	290.233
34.9 	9.3 	1.8 	290.214
35 	9.3 	1.8 	290.214
35.1 	9.3 	1.8 	290.208
35.2 	9.3 	1.8 	290.204
35.3 	9.3 	1.8 	290.199
31.9 	9.4 	1.8 	290.19
32 	9.4 	1.8 	290.19
32.1 	9.4 	1.8 	290.178
32.2 	9.4 	1.8 	290.183
32.3 	9.4 	1.8 	290.208
32.4 	9.4 	1.8 	290.277
32.5 	9.4 	1.8 	290.277
32.6 	9.4 	1.8 	290.305
32.7 	9.4 	1.8 	290.317
32.8 	9.4 	1.8 	290.324
32.9 	9.4 	1.8 	290.327
33 	9.4 	1.8 	290.327
33.1 	9.4 	1.8 	290.325
33.2 	9.4 	1.8 	290.322
33.3 	9.4 	1.8 	290.318
33.4 	9.4 	1.8 	290.308
33.5 	9.4 	1.8 	290.308
33.6 	9.4 	1.8 	290.302
33.7 	9.4 	1.8 	290.296
33.8 	9.4 	1.8 	290.29
33.9 	9.4 	1.8 	290.277
34 	9.4 	1.8 	290.277
34.1 	9.4 	1.8 	290.27
34.2 	9.4 	1.8 	290.264
34.3 	9.4 	1.8 	290.258
34.4 	9.4 	1.8 	290.248
34.5 	9.4 	1.8 	290.248
34.6 	9.4 	1.8 	290.24
34.7 	9.4 	1.8 	290.212
34.8 	9.4 	1.8 	290.181
34.9 	9.4 	1.8 	290.163
35 	9.4 	1.8 	290.163
35.1 	9.4 	1.8 	290.166
35.2 	9.4 	1.8 	290.174
35.3 	9.4 	1.8 	290.181
31.9 	9.5 	1.8 	290.173
32 	9.5 	1.8 	290.173
32.1 	9.5 	1.8 	290.153
32.2 	9.5 	1.8 	290.158
32.3 	9.5 	1.8 	290.19
32.4 	9.5 	1.8 	290.276
32.5 	9.5 	1.8 	290.276
32.6 	9.5 	1.8 	290.311
34.6 	9.5 	1.8 	290.118
34.7 	9.5 	1.8 	290.118
34.8 	9.5 	1.8 	290.112
34.9 	9.5 	1.8 	290.113
35 	9.5 	1.8 	290.113
35.1 	9.5 	1.8 	290.124
35.2 	9.5 	1.8 	290.141
35.3 	9.5 	1.8 	290.159
31.9 	9.6 	1.8 	290.128
32 	9.6 	1.8 	290.128
32.1 	9.6 	1.8 	290.092
32.2 	9.6 	1.8 	290.101
32.3 	9.6 	1.8 	290.144
32.4 	9.6 	1.8 	290.254
32.5 	9.6 	1.8 	290.254
32.6 	9.6 	1.8 	290.299
34.6 	9.6 	1.8 	290.071
34.7 	9.6 	1.8 	290.071
34.8 	9.6 	1.8 	290.062
34.9 	9.6 	1.8 	290.049
35 	9.6 	1.8 	290.049
35.1 	9.6 	1.8 	290.058
35.2 	9.6 	1.8 	290.083
35.3 	9.6 	1.8 	290.116
31.9 	9.7 	1.8 	290.128
32 	9.7 	1.8 	290.128
32.1 	9.7 	1.8 	290.092
32.2 	9.7 	1.8 	290.101
32.3 	9.7 	1.8 	290.144
32.4 	9.7 	1.8 	290.254
32.5 	9.7 	1.8 	290.254
32.6 	9.7 	1.8 	290.299
34.6 	9.7 	1.8 	290.071
34.7 	9.7 	1.8 	290.071
34.8 	9.7 	1.8 	290.062
34.9 	9.7 	1.8 	290.049
35 	9.7 	1.8 	290.049
35.1 	9.7 	1.8 	290.058
35.2 	9.7 	1.8 	290.083
35.3 	9.7 	1.8 	290.116
31.9 	9.8 	1.8 	290.102
32 	9.8 	1.8 	290.102
32.1 	9.8 	1.8 	290.059
32.2 	9.8 	1.8 	290.067
32.3 	9.8 	1.8 	290.114
32.4 	9.8 	1.8 	290.231
32.5 	9.8 	1.8 	290.231
32.6 	9.8 	1.8 	290.28
34.6 	9.8 	1.8 	290.066
34.7 	9.8 	1.8 	290.066
34.8 	9.8 	1.8 	290.051
34.9 	9.8 	1.8 	290.026
35 	9.8 	1.8 	290.026
35.1 	9.8 	1.8 	290.029
35.2 	9.8 	1.8 	290.054
35.3 	9.8 	1.8 	290.094
31.9 	9.9 	1.8 	290.075
32 	9.9 	1.8 	290.075
32.1 	9.9 	1.8 	290.024
32.2 	9.9 	1.8 	290.03
32.3 	9.9 	1.8 	290.077
32.4 	9.9 	1.8 	290.198
32.5 	9.9 	1.8 	290.198
32.6 	9.9 	1.8 	290.252
34.6 	9.9 	1.8 	290.06
34.7 	9.9 	1.8 	290.06
34.8 	9.9 	1.8 	290.041
34.9 	9.9 	1.8 	290.005
35 	9.9 	1.8 	290.005
35.1 	9.9 	1.8 	290.002
35.2 	9.9 	1.8 	290.024
35.3 	9.9 	1.8 	290.071
31.9 	10 	1.8 	290.048
32 	10 	1.8 	290.048
32.1 	10 	1.8 	289.987
32.2 	10 	1.8 	289.989
32.3 	10 	1.8 	290.032
32.4 	10 	1.8 	290.154
32.5 	10 	1.8 	290.154
32.6 	10 	1.8 	290.213
34.6 	10 	1.8 	290.05
34.7 	10 	1.8 	290.05
34.8 	10 	1.8 	290.027
34.9 	10 	1.8 	289.983
35 	10 	1.8 	289.983
35.1 	10 	1.8 	289.976
35.2 	10 	1.8 	289.995
35.3 	10 	1.8 	290.045
31.9 	10.1 	1.8 	289.993
32 	10.1 	1.8 	289.993
32.1 	10.1 	1.8 	289.912
32.2 	10.1 	1.8 	289.894
32.3 	10.1 	1.8 	289.92
32.4 	10.1 	1.8 	290.021
32.5 	10.1 	1.8 	290.021
32.6 	10.1 	1.8 	290.073
34.6 	10.1 	1.8 	290.007
34.7 	10.1 	1.8 	290.007
34.8 	10.1 	1.8 	289.98
34.9 	10.1 	1.8 	289.931
35 	10.1 	1.8 	289.931
35.1 	10.1 	1.8 	289.923
35.2 	10.1 	1.8 	289.94
35.3 	10.1 	1.8 	289.993
31.9 	10.2 	1.8 	289.993
32 	10.2 	1.8 	289.993
32.1 	10.2 	1.8 	289.912
32.2 	10.2 	1.8 	289.894
32.3 	10.2 	1.8 	289.92
32.4 	10.2 	1.8 	290.021
32.5 	10.2 	1.8 	290.021
32.6 	10.2 	1.8 	290.073
32.7 	10.2 	1.8 	289.967
32.8 	10.2 	1.8 	289.962
32.9 	10.2 	1.8 	289.953
33 	10.2 	1.8 	289.953
33.1 	10.2 	1.8 	289.951
33.2 	10.2 	1.8 	289.954
33.3 	10.2 	1.8 	289.961
33.4 	10.2 	1.8 	289.976
33.5 	10.2 	1.8 	289.976
33.6 	10.2 	1.8 	289.981
33.7 	10.2 	1.8 	289.983
33.8 	10.2 	1.8 	289.98
33.9 	10.2 	1.8 	289.941
34 	10.2 	1.8 	289.941
34.1 	10.2 	1.8 	289.933
34.2 	10.2 	1.8 	289.939
34.3 	10.2 	1.8 	289.948
34.4 	10.2 	1.8 	289.963
34.5 	10.2 	1.8 	289.963
34.6 	10.2 	1.8 	290.007
34.7 	10.2 	1.8 	290.007
34.8 	10.2 	1.8 	289.98
34.9 	10.2 	1.8 	289.931
35 	10.2 	1.8 	289.931
35.1 	10.2 	1.8 	289.923
35.2 	10.2 	1.8 	289.94
35.3 	10.2 	1.8 	289.993
31.9 	10.3 	1.8 	289.964
32 	10.3 	1.8 	289.964
32.1 	10.3 	1.8 	289.874
32.2 	10.3 	1.8 	289.844
32.3 	10.3 	1.8 	289.856
32.4 	10.3 	1.8 	289.927
32.5 	10.3 	1.8 	289.927
32.6 	10.3 	1.8 	289.969
32.7 	10.3 	1.8 	289.967
32.8 	10.3 	1.8 	289.962
32.9 	10.3 	1.8 	289.953
33 	10.3 	1.8 	289.953
33.1 	10.3 	1.8 	289.951
33.2 	10.3 	1.8 	289.954
33.3 	10.3 	1.8 	289.961
33.4 	10.3 	1.8 	289.976
33.5 	10.3 	1.8 	289.976
33.6 	10.3 	1.8 	289.981
33.7 	10.3 	1.8 	289.983
33.8 	10.3 	1.8 	289.98
33.9 	10.3 	1.8 	289.941
34 	10.3 	1.8 	289.941
34.1 	10.3 	1.8 	289.933
34.2 	10.3 	1.8 	289.939
34.3 	10.3 	1.8 	289.948
34.4 	10.3 	1.8 	289.963
34.5 	10.3 	1.8 	289.963
34.6 	10.3 	1.8 	289.967
34.7 	10.3 	1.8 	289.967
34.8 	10.3 	1.8 	289.944
34.9 	10.3 	1.8 	289.9
35 	10.3 	1.8 	289.9
35.1 	10.3 	1.8 	289.895
35.2 	10.3 	1.8 	289.915
35.3 	10.3 	1.8 	289.97
31.9 	10.4 	1.8 	289.932
32 	10.4 	1.8 	289.932
32.1 	10.4 	1.8 	289.833
32.2 	10.4 	1.8 	289.794
32.3 	10.4 	1.8 	289.797
32.4 	10.4 	1.8 	289.845
32.5 	10.4 	1.8 	289.845
32.6 	10.4 	1.8 	289.867
32.7 	10.4 	1.8 	289.876
32.8 	10.4 	1.8 	289.883
32.9 	10.4 	1.8 	289.904
33 	10.4 	1.8 	289.904
33.1 	10.4 	1.8 	289.926
33.2 	10.4 	1.8 	289.956
33.3 	10.4 	1.8 	289.991
33.4 	10.4 	1.8 	290.039
33.5 	10.4 	1.8 	290.039
33.6 	10.4 	1.8 	290.048
33.7 	10.4 	1.8 	290.046
33.8 	10.4 	1.8 	290.028
33.9 	10.4 	1.8 	289.942
34 	10.4 	1.8 	289.942
34.1 	10.4 	1.8 	289.926
34.2 	10.4 	1.8 	289.924
34.3 	10.4 	1.8 	289.927
34.4 	10.4 	1.8 	289.931
34.5 	10.4 	1.8 	289.931
34.6 	10.4 	1.8 	289.928
34.7 	10.4 	1.8 	289.921
34.8 	10.4 	1.8 	289.902
34.9 	10.4 	1.8 	289.868
35 	10.4 	1.8 	289.868
35.1 	10.4 	1.8 	289.867
35.2 	10.4 	1.8 	289.89
35.3 	10.4 	1.8 	289.949
31.9 	10.5 	1.8 	289.899
32 	10.5 	1.8 	289.899
32.1 	10.5 	1.8 	289.791
32.2 	10.5 	1.8 	289.746
32.3 	10.5 	1.8 	289.743
32.4 	10.5 	1.8 	289.778
32.5 	10.5 	1.8 	289.778
32.6 	10.5 	1.8 	289.795
32.7 	10.5 	1.8 	289.808
32.8 	10.5 	1.8 	289.823
32.9 	10.5 	1.8 	289.889
33 	10.5 	1.8 	289.889
33.1 	10.5 	1.8 	289.954
33.2 	10.5 	1.8 	290.037
33.3 	10.5 	1.8 	290.115
33.4 	10.5 	1.8 	290.184
33.5 	10.5 	1.8 	290.184
33.6 	10.5 	1.8 	290.177
33.7 	10.5 	1.8 	290.146
33.8 	10.5 	1.8 	290.092
33.9 	10.5 	1.8 	289.943
34 	10.5 	1.8 	289.943
34.1 	10.5 	1.8 	289.91
34.2 	10.5 	1.8 	289.899
34.3 	10.5 	1.8 	289.896
34.4 	10.5 	1.8 	289.89
34.5 	10.5 	1.8 	289.89
34.6 	10.5 	1.8 	289.884
34.7 	10.5 	1.8 	289.874
34.8 	10.5 	1.8 	289.859
34.9 	10.5 	1.8 	289.836
35 	10.5 	1.8 	289.836
35.1 	10.5 	1.8 	289.84
35.2 	10.5 	1.8 	289.866
35.3 	10.5 	1.8 	289.928
31.9 	10.6 	1.8 	289.828
32 	10.6 	1.8 	289.828
32.1 	10.6 	1.8 	289.702
32.2 	10.6 	1.8 	289.657
32.3 	10.6 	1.8 	289.652
32.4 	10.6 	1.8 	289.678
32.5 	10.6 	1.8 	289.678
32.6 	10.6 	1.8 	289.694
32.7 	10.6 	1.8 	289.715
32.8 	10.6 	1.8 	289.759
32.9 	10.6 	1.8 	290.041
33 	10.6 	1.8 	290.041
33.1 	10.6 	1.8 	290.314
33.2 	10.6 	1.8 	290.61
33.3 	10.6 	1.8 	290.833
33.4 	10.6 	1.8 	290.838
33.5 	10.6 	1.8 	290.838
33.6 	10.6 	1.8 	290.674
33.7 	10.6 	1.8 	290.478
33.8 	10.6 	1.8 	290.27
33.9 	10.6 	1.8 	289.95
34 	10.6 	1.8 	289.95
34.1 	10.6 	1.8 	289.879
34.2 	10.6 	1.8 	289.844
34.3 	10.6 	1.8 	289.828
34.4 	10.6 	1.8 	289.812
34.5 	10.6 	1.8 	289.812
34.6 	10.6 	1.8 	289.805
34.7 	10.6 	1.8 	289.798
34.8 	10.6 	1.8 	289.79
34.9 	10.6 	1.8 	289.779
35 	10.6 	1.8 	289.779
35.1 	10.6 	1.8 	289.787
35.2 	10.6 	1.8 	289.818
35.3 	10.6 	1.8 	289.887
31.9 	10.7 	1.8 	289.795
32 	10.7 	1.8 	289.795
32.1 	10.7 	1.8 	289.661
32.2 	10.7 	1.8 	289.617
32.3 	10.7 	1.8 	289.614
32.4 	10.7 	1.8 	289.64
32.5 	10.7 	1.8 	289.64
32.6 	10.7 	1.8 	289.657
32.7 	10.7 	1.8 	289.686
32.8 	10.7 	1.8 	289.759
32.9 	10.7 	1.8 	290.25
33 	10.7 	1.8 	290.25
33.1 	10.7 	1.8 	290.732
33.2 	10.7 	1.8 	291.229
33.3 	10.7 	1.8 	291.575
33.4 	10.7 	1.8 	291.467
33.5 	10.7 	1.8 	291.467
33.6 	10.7 	1.8 	291.115
33.7 	10.7 	1.8 	290.749
33.8 	10.7 	1.8 	290.403
33.9 	10.7 	1.8 	289.964
34 	10.7 	1.8 	289.964
34.1 	10.7 	1.8 	289.867
34.2 	10.7 	1.8 	289.819
34.3 	10.7 	1.8 	289.797
34.4 	10.7 	1.8 	289.78
34.5 	10.7 	1.8 	289.78
34.6 	10.7 	1.8 	289.774
34.7 	10.7 	1.8 	289.768
34.8 	10.7 	1.8 	289.761
34.9 	10.7 	1.8 	289.753
35 	10.7 	1.8 	289.753
35.1 	10.7 	1.8 	289.762
35.2 	10.7 	1.8 	289.794
35.3 	10.7 	1.8 	289.867
31.9 	10.8 	1.8 	289.795
32 	10.8 	1.8 	289.795
32.1 	10.8 	1.8 	289.661
32.2 	10.8 	1.8 	289.617
32.3 	10.8 	1.8 	289.614
32.4 	10.8 	1.8 	289.64
32.5 	10.8 	1.8 	289.64
32.6 	10.8 	1.8 	289.657
32.7 	10.8 	1.8 	289.686
32.8 	10.8 	1.8 	289.759
32.9 	10.8 	1.8 	290.25
33 	10.8 	1.8 	290.25
33.1 	10.8 	1.8 	290.732
33.2 	10.8 	1.8 	291.229
33.3 	10.8 	1.8 	291.575
33.4 	10.8 	1.8 	291.467
33.5 	10.8 	1.8 	291.467
33.6 	10.8 	1.8 	291.115
33.7 	10.8 	1.8 	290.749
33.8 	10.8 	1.8 	290.403
33.9 	10.8 	1.8 	289.964
34 	10.8 	1.8 	289.964
34.1 	10.8 	1.8 	289.867
34.2 	10.8 	1.8 	289.819
34.3 	10.8 	1.8 	289.797
34.4 	10.8 	1.8 	289.78
34.5 	10.8 	1.8 	289.78
34.6 	10.8 	1.8 	289.774
34.7 	10.8 	1.8 	289.768
34.8 	10.8 	1.8 	289.761
34.9 	10.8 	1.8 	289.753
35 	10.8 	1.8 	289.753
35.1 	10.8 	1.8 	289.762
35.2 	10.8 	1.8 	289.794
35.3 	10.8 	1.8 	289.867
31.9 	10.9 	1.8 	289.768
32 	10.9 	1.8 	289.768
32.1 	10.9 	1.8 	289.624
32.2 	10.9 	1.8 	289.583
32.3 	10.9 	1.8 	289.58
32.4 	10.9 	1.8 	289.606
32.5 	10.9 	1.8 	289.606
32.6 	10.9 	1.8 	289.625
32.7 	10.9 	1.8 	289.666
32.8 	10.9 	1.8 	289.775
32.9 	10.9 	1.8 	290.565
33 	10.9 	1.8 	290.565
33.1 	10.9 	1.8 	291.371
33.2 	10.9 	1.8 	292.167
33.3 	10.9 	1.8 	292.689
33.4 	10.9 	1.8 	292.446
33.5 	10.9 	1.8 	292.446
33.6 	10.9 	1.8 	291.812
33.7 	10.9 	1.8 	291.163
33.8 	10.9 	1.8 	290.609
33.9 	10.9 	1.8 	289.99
34 	10.9 	1.8 	289.99
34.1 	10.9 	1.8 	289.86
34.2 	10.9 	1.8 	289.797
34.3 	10.9 	1.8 	289.769
34.4 	10.9 	1.8 	289.751
34.5 	10.9 	1.8 	289.751
34.6 	10.9 	1.8 	289.746
34.7 	10.9 	1.8 	289.741
34.8 	10.9 	1.8 	289.734
34.9 	10.9 	1.8 	289.728
35 	10.9 	1.8 	289.728
35.1 	10.9 	1.8 	289.738
35.2 	10.9 	1.8 	289.771
35.3 	10.9 	1.8 	289.847
31.9 	11 	1.8 	289.746
32 	11 	1.8 	289.746
32.1 	11 	1.8 	289.593
32.2 	11 	1.8 	289.553
32.3 	11 	1.8 	289.55
32.4 	11 	1.8 	289.576
32.5 	11 	1.8 	289.576
32.6 	11 	1.8 	289.598
32.7 	11 	1.8 	289.651
32.8 	11 	1.8 	289.802
32.9 	11 	1.8 	290.981
33 	11 	1.8 	290.981
33.1 	11 	1.8 	292.278
33.2 	11 	1.8 	293.474
33.3 	11 	1.8 	294.223
33.4 	11 	1.8 	293.929
33.5 	11 	1.8 	293.929
33.6 	11 	1.8 	292.968
33.7 	11 	1.8 	291.829
33.8 	11 	1.8 	290.94
33.9 	11 	1.8 	290.035
34 	11 	1.8 	290.035
34.1 	11 	1.8 	289.858
34.2 	11 	1.8 	289.777
34.3 	11 	1.8 	289.744
34.4 	11 	1.8 	289.726
34.5 	11 	1.8 	289.726
34.6 	11 	1.8 	289.721
34.7 	11 	1.8 	289.715
34.8 	11 	1.8 	289.709
34.9 	11 	1.8 	289.703
35 	11 	1.8 	289.703
35.1 	11 	1.8 	289.714
35.2 	11 	1.8 	289.749
35.3 	11 	1.8 	289.828
31.9 	11.1 	1.8 	289.713
32 	11.1 	1.8 	289.713
32.1 	11.1 	1.8 	289.549
32.2 	11.1 	1.8 	289.506
32.3 	11.1 	1.8 	289.501
32.4 	11.1 	1.8 	289.525
32.5 	11.1 	1.8 	289.525
32.6 	11.1 	1.8 	289.549
32.7 	11.1 	1.8 	289.617
32.8 	11.1 	1.8 	289.828
32.9 	11.1 	1.8 	291.912
33 	11.1 	1.8 	291.912
33.1 	11.1 	1.8 	294.962
33.2 	11.1 	1.8 	296.799
33.3 	11.1 	1.8 	297.622
33.4 	11.1 	1.8 	297.586
33.5 	11.1 	1.8 	297.586
33.6 	11.1 	1.8 	296.535
33.7 	11.1 	1.8 	294.154
33.8 	11.1 	1.8 	292.016
33.9 	11.1 	1.8 	290.153
34 	11.1 	1.8 	290.153
34.1 	11.1 	1.8 	289.86
34.2 	11.1 	1.8 	289.741
34.3 	11.1 	1.8 	289.7
34.4 	11.1 	1.8 	289.68
34.5 	11.1 	1.8 	289.68
34.6 	11.1 	1.8 	289.675
34.7 	11.1 	1.8 	289.669
34.8 	11.1 	1.8 	289.662
34.9 	11.1 	1.8 	289.657
35 	11.1 	1.8 	289.657
35.1 	11.1 	1.8 	289.669
35.2 	11.1 	1.8 	289.706
35.3 	11.1 	1.8 	289.791
31.9 	11.2 	1.8 	289.702
32 	11.2 	1.8 	289.702
32.1 	11.2 	1.8 	289.533
32.2 	11.2 	1.8 	289.489
32.3 	11.2 	1.8 	289.482
32.4 	11.2 	1.8 	289.503
32.5 	11.2 	1.8 	289.503
32.6 	11.2 	1.8 	289.526
32.7 	11.2 	1.8 	289.589
32.8 	11.2 	1.8 	289.792
32.9 	11.2 	1.8 	292.153
33 	11.2 	1.8 	292.153
33.1 	11.2 	1.8 	296.639
33.2 	11.2 	1.8 	298.141
33.3 	11.2 	1.8 	298.591
33.4 	11.2 	1.8 	298.566
33.5 	11.2 	1.8 	298.566
33.6 	11.2 	1.8 	297.86
33.7 	11.2 	1.8 	295.189
33.8 	11.2 	1.8 	292.401
33.9 	11.2 	1.8 	290.179
34 	11.2 	1.8 	290.179
34.1 	11.2 	1.8 	289.85
34.2 	11.2 	1.8 	289.721
34.3 	11.2 	1.8 	289.679
34.4 	11.2 	1.8 	289.66
34.5 	11.2 	1.8 	289.66
34.6 	11.2 	1.8 	289.654
34.7 	11.2 	1.8 	289.647
34.8 	11.2 	1.8 	289.64
34.9 	11.2 	1.8 	289.634
35 	11.2 	1.8 	289.634
35.1 	11.2 	1.8 	289.646
35.2 	11.2 	1.8 	289.685
35.3 	11.2 	1.8 	289.772
31.9 	11.3 	1.8 	289.702
32 	11.3 	1.8 	289.702
32.1 	11.3 	1.8 	289.533
32.2 	11.3 	1.8 	289.489
32.3 	11.3 	1.8 	289.482
32.4 	11.3 	1.8 	289.503
32.5 	11.3 	1.8 	289.503
32.6 	11.3 	1.8 	289.526
32.7 	11.3 	1.8 	289.589
32.8 	11.3 	1.8 	289.792
32.9 	11.3 	1.8 	292.153
33 	11.3 	1.8 	292.153
33.1 	11.3 	1.8 	296.639
33.2 	11.3 	1.8 	298.141
33.3 	11.3 	1.8 	298.591
33.4 	11.3 	1.8 	298.566
33.5 	11.3 	1.8 	298.566
33.6 	11.3 	1.8 	297.86
33.7 	11.3 	1.8 	295.189
33.8 	11.3 	1.8 	292.401
33.9 	11.3 	1.8 	290.179
34 	11.3 	1.8 	290.179
34.1 	11.3 	1.8 	289.85
34.2 	11.3 	1.8 	289.721
34.3 	11.3 	1.8 	289.679
34.4 	11.3 	1.8 	289.66
34.5 	11.3 	1.8 	289.66
34.6 	11.3 	1.8 	289.654
34.7 	11.3 	1.8 	289.647
34.8 	11.3 	1.8 	289.64
34.9 	11.3 	1.8 	289.634
35 	11.3 	1.8 	289.634
35.1 	11.3 	1.8 	289.646
35.2 	11.3 	1.8 	289.685
35.3 	11.3 	1.8 	289.772
31.9 	11.4 	1.8 	289.693
32 	11.4 	1.8 	289.693
32.1 	11.4 	1.8 	289.521
32.2 	11.4 	1.8 	289.475
32.3 	11.4 	1.8 	289.466
32.4 	11.4 	1.8 	289.483
32.5 	11.4 	1.8 	289.483
32.6 	11.4 	1.8 	289.503
32.7 	11.4 	1.8 	289.553
32.8 	11.4 	1.8 	289.712
32.9 	11.4 	1.8 	291.885
33 	11.4 	1.8 	291.885
33.1 	11.4 	1.8 	298.508
33.2 	11.4 	1.8 	298.981
33.3 	11.4 	1.8 	299.04
33.4 	11.4 	1.8 	299.035
33.5 	11.4 	1.8 	299.035
33.6 	11.4 	1.8 	298.82
33.7 	11.4 	1.8 	295.19
33.8 	11.4 	1.8 	292.286
33.9 	11.4 	1.8 	290.148
34 	11.4 	1.8 	290.148
34.1 	11.4 	1.8 	289.822
34.2 	11.4 	1.8 	289.698
34.3 	11.4 	1.8 	289.658
34.4 	11.4 	1.8 	289.64
34.5 	11.4 	1.8 	289.64
34.6 	11.4 	1.8 	289.634
34.7 	11.4 	1.8 	289.626
34.8 	11.4 	1.8 	289.619
34.9 	11.4 	1.8 	289.612
35 	11.4 	1.8 	289.612
35.1 	11.4 	1.8 	289.624
35.2 	11.4 	1.8 	289.662
35.3 	11.4 	1.8 	289.751
31.9 	11.5 	1.8 	289.686
32 	11.5 	1.8 	289.686
32.1 	11.5 	1.8 	289.511
32.2 	11.5 	1.8 	289.463
32.3 	11.5 	1.8 	289.453
32.4 	11.5 	1.8 	289.467
32.5 	11.5 	1.8 	289.467
32.6 	11.5 	1.8 	289.482
32.7 	11.5 	1.8 	289.517
32.8 	11.5 	1.8 	289.611
32.9 	11.5 	1.8 	290.424
33 	11.5 	1.8 	290.424
33.6 	11.5 	1.8 	292.954
33.7 	11.5 	1.8 	292.954
33.8 	11.5 	1.8 	291.695
33.9 	11.5 	1.8 	290.066
34 	11.5 	1.8 	290.066
34.1 	11.5 	1.8 	289.781
34.2 	11.5 	1.8 	289.673
34.3 	11.5 	1.8 	289.638
34.4 	11.5 	1.8 	289.621
34.5 	11.5 	1.8 	289.621
34.6 	11.5 	1.8 	289.614
34.7 	11.5 	1.8 	289.606
34.8 	11.5 	1.8 	289.598
34.9 	11.5 	1.8 	289.59
35 	11.5 	1.8 	289.59
35.1 	11.5 	1.8 	289.601
35.2 	11.5 	1.8 	289.639
35.3 	11.5 	1.8 	289.728
31.9 	11.6 	1.8 	289.673
32 	11.6 	1.8 	289.673
32.1 	11.6 	1.8 	289.495
32.2 	11.6 	1.8 	289.446
32.3 	11.6 	1.8 	289.433
32.4 	11.6 	1.8 	289.442
32.5 	11.6 	1.8 	289.442
32.6 	11.6 	1.8 	289.452
32.7 	11.6 	1.8 	289.47
32.8 	11.6 	1.8 	289.509
32.9 	11.6 	1.8 	289.752
33 	11.6 	1.8 	289.752
33.6 	11.6 	1.8 	291.268
33.7 	11.6 	1.8 	291.268
33.8 	11.6 	1.8 	290.777
33.9 	11.6 	1.8 	289.876
34 	11.6 	1.8 	289.876
34.1 	11.6 	1.8 	289.694
34.2 	11.6 	1.8 	289.624
34.3 	11.6 	1.8 	289.601
34.4 	11.6 	1.8 	289.586
34.5 	11.6 	1.8 	289.586
34.6 	11.6 	1.8 	289.579
34.7 	11.6 	1.8 	289.57
34.8 	11.6 	1.8 	289.561
34.9 	11.6 	1.8 	289.551
35 	11.6 	1.8 	289.551
35.1 	11.6 	1.8 	289.558
35.2 	11.6 	1.8 	289.59
35.3 	11.6 	1.8 	289.672
31.9 	11.7 	1.8 	289.664
32 	11.7 	1.8 	289.664
32.1 	11.7 	1.8 	289.485
32.2 	11.7 	1.8 	289.438
32.3 	11.7 	1.8 	289.426
32.4 	11.7 	1.8 	289.433
32.5 	11.7 	1.8 	289.433
32.6 	11.7 	1.8 	289.442
32.7 	11.7 	1.8 	289.456
32.8 	11.7 	1.8 	289.486
32.9 	11.7 	1.8 	289.675
33 	11.7 	1.8 	289.675
33.6 	11.7 	1.8 	290.901
33.7 	11.7 	1.8 	290.901
33.8 	11.7 	1.8 	290.495
33.9 	11.7 	1.8 	289.8
34 	11.7 	1.8 	289.8
34.1 	11.7 	1.8 	289.658
34.2 	11.7 	1.8 	289.603
34.3 	11.7 	1.8 	289.584
34.4 	11.7 	1.8 	289.57
34.5 	11.7 	1.8 	289.57
34.6 	11.7 	1.8 	289.563
34.7 	11.7 	1.8 	289.554
34.8 	11.7 	1.8 	289.545
34.9 	11.7 	1.8 	289.533
35 	11.7 	1.8 	289.533
35.1 	11.7 	1.8 	289.539
35.2 	11.7 	1.8 	289.566
35.3 	11.7 	1.8 	289.642
31.9 	11.8 	1.8 	289.664
32 	11.8 	1.8 	289.664
32.1 	11.8 	1.8 	289.485
32.2 	11.8 	1.8 	289.438
32.3 	11.8 	1.8 	289.426
32.4 	11.8 	1.8 	289.433
32.5 	11.8 	1.8 	289.433
32.6 	11.8 	1.8 	289.442
32.7 	11.8 	1.8 	289.456
32.8 	11.8 	1.8 	289.486
32.9 	11.8 	1.8 	289.675
33 	11.8 	1.8 	289.675
33.6 	11.8 	1.8 	290.901
33.7 	11.8 	1.8 	290.901
33.8 	11.8 	1.8 	290.495
33.9 	11.8 	1.8 	289.8
34 	11.8 	1.8 	289.8
34.1 	11.8 	1.8 	289.658
34.2 	11.8 	1.8 	289.603
34.3 	11.8 	1.8 	289.584
34.4 	11.8 	1.8 	289.57
34.5 	11.8 	1.8 	289.57
34.6 	11.8 	1.8 	289.563
34.7 	11.8 	1.8 	289.554
34.8 	11.8 	1.8 	289.545
34.9 	11.8 	1.8 	289.533
35 	11.8 	1.8 	289.533
35.1 	11.8 	1.8 	289.539
35.2 	11.8 	1.8 	289.566
35.3 	11.8 	1.8 	289.642
31.9 	11.9 	1.8 	289.651
32 	11.9 	1.8 	289.651
32.1 	11.9 	1.8 	289.474
32.2 	11.9 	1.8 	289.43
32.3 	11.9 	1.8 	289.42
32.4 	11.9 	1.8 	289.426
32.5 	11.9 	1.8 	289.426
32.6 	11.9 	1.8 	289.434
32.7 	11.9 	1.8 	289.446
32.8 	11.9 	1.8 	289.47
32.9 	11.9 	1.8 	289.624
33 	11.9 	1.8 	289.624
33.6 	11.9 	1.8 	290.646
33.7 	11.9 	1.8 	290.646
33.8 	11.9 	1.8 	290.293
33.9 	11.9 	1.8 	289.739
34 	11.9 	1.8 	289.739
34.1 	11.9 	1.8 	289.627
34.2 	11.9 	1.8 	289.584
34.3 	11.9 	1.8 	289.568
34.4 	11.9 	1.8 	289.555
34.5 	11.9 	1.8 	289.555
34.6 	11.9 	1.8 	289.548
34.7 	11.9 	1.8 	289.539
34.8 	11.9 	1.8 	289.531
34.9 	11.9 	1.8 	289.518
35 	11.9 	1.8 	289.518
35.1 	11.9 	1.8 	289.521
35.2 	11.9 	1.8 	289.543
35.3 	11.9 	1.8 	289.611
31.9 	12 	1.8 	289.631
32 	12 	1.8 	289.631
32.1 	12 	1.8 	289.461
32.2 	12 	1.8 	289.422
32.3 	12 	1.8 	289.415
32.4 	12 	1.8 	289.421
32.5 	12 	1.8 	289.421
32.6 	12 	1.8 	289.428
32.7 	12 	1.8 	289.438
32.8 	12 	1.8 	289.459
32.9 	12 	1.8 	289.59
33 	12 	1.8 	289.59
33.6 	12 	1.8 	290.454
33.7 	12 	1.8 	290.454
33.8 	12 	1.8 	290.147
33.9 	12 	1.8 	289.692
34 	12 	1.8 	289.692
34.1 	12 	1.8 	289.602
34.2 	12 	1.8 	289.567
34.3 	12 	1.8 	289.553
34.4 	12 	1.8 	289.54
34.5 	12 	1.8 	289.54
34.6 	12 	1.8 	289.534
34.7 	12 	1.8 	289.526
34.8 	12 	1.8 	289.518
34.9 	12 	1.8 	289.505
35 	12 	1.8 	289.505
35.1 	12 	1.8 	289.506
35.2 	12 	1.8 	289.521
35.3 	12 	1.8 	289.579
31.9 	12.1 	1.8 	289.534
32 	12.1 	1.8 	289.534
32.1 	12.1 	1.8 	289.426
32.2 	12.1 	1.8 	289.407
32.3 	12.1 	1.8 	289.407
32.4 	12.1 	1.8 	289.417
32.5 	12.1 	1.8 	289.417
32.6 	12.1 	1.8 	289.422
32.7 	12.1 	1.8 	289.429
32.8 	12.1 	1.8 	289.446
32.9 	12.1 	1.8 	289.506
33 	12.1 	1.8 	289.506
33.6 	12.1 	1.8 	289.924
33.7 	12.1 	1.8 	289.924
33.8 	12.1 	1.8 	289.907
33.9 	12.1 	1.8 	289.621
34 	12.1 	1.8 	289.621
34.1 	12.1 	1.8 	289.563
34.2 	12.1 	1.8 	289.538
34.3 	12.1 	1.8 	289.526
34.4 	12.1 	1.8 	289.514
34.5 	12.1 	1.8 	289.514
34.6 	12.1 	1.8 	289.51
34.7 	12.1 	1.8 	289.505
34.8 	12.1 	1.8 	289.499
34.9 	12.1 	1.8 	289.486
35 	12.1 	1.8 	289.486
35.1 	12.1 	1.8 	289.482
35.2 	12.1 	1.8 	289.486
35.3 	12.1 	1.8 	289.513
31.9 	12.2 	1.8 	289.464
32 	12.2 	1.8 	289.464
32.1 	12.2 	1.8 	289.408
32.2 	12.2 	1.8 	289.401
32.3 	12.2 	1.8 	289.405
32.4 	12.2 	1.8 	289.416
32.5 	12.2 	1.8 	289.416
32.6 	12.2 	1.8 	289.421
32.7 	12.2 	1.8 	289.428
32.8 	12.2 	1.8 	289.443
32.9 	12.2 	1.8 	289.405
33 	12.2 	1.8 	289.405
33.1 	12.2 	1.8 	289.295
33.2 	12.2 	1.8 	289.229
33.3 	12.2 	1.8 	289.201
33.4 	12.2 	1.8 	289.259
33.5 	12.2 	1.8 	289.259
33.6 	12.2 	1.8 	289.372
33.7 	12.2 	1.8 	289.599
33.8 	12.2 	1.8 	289.737
33.9 	12.2 	1.8 	289.596
34 	12.2 	1.8 	289.596
34.1 	12.2 	1.8 	289.547
34.2 	12.2 	1.8 	289.525
34.3 	12.2 	1.8 	289.514
34.4 	12.2 	1.8 	289.503
34.5 	12.2 	1.8 	289.503
34.6 	12.2 	1.8 	289.5
34.7 	12.2 	1.8 	289.496
34.8 	12.2 	1.8 	289.491
34.9 	12.2 	1.8 	289.479
35 	12.2 	1.8 	289.479
35.1 	12.2 	1.8 	289.473
35.2 	12.2 	1.8 	289.472
35.3 	12.2 	1.8 	289.485
31.9 	12.3 	1.8 	289.464
32 	12.3 	1.8 	289.464
32.1 	12.3 	1.8 	289.408
32.2 	12.3 	1.8 	289.401
32.3 	12.3 	1.8 	289.405
32.4 	12.3 	1.8 	289.416
32.5 	12.3 	1.8 	289.416
32.6 	12.3 	1.8 	289.421
32.7 	12.3 	1.8 	289.428
32.8 	12.3 	1.8 	289.443
32.9 	12.3 	1.8 	289.405
33 	12.3 	1.8 	289.405
33.1 	12.3 	1.8 	289.295
33.2 	12.3 	1.8 	289.229
33.3 	12.3 	1.8 	289.201
33.4 	12.3 	1.8 	289.259
33.5 	12.3 	1.8 	289.259
33.6 	12.3 	1.8 	289.372
33.7 	12.3 	1.8 	289.599
33.8 	12.3 	1.8 	289.737
33.9 	12.3 	1.8 	289.596
34 	12.3 	1.8 	289.596
34.1 	12.3 	1.8 	289.547
34.2 	12.3 	1.8 	289.525
34.3 	12.3 	1.8 	289.514
34.4 	12.3 	1.8 	289.503
34.5 	12.3 	1.8 	289.503
34.6 	12.3 	1.8 	289.5
34.7 	12.3 	1.8 	289.496
34.8 	12.3 	1.8 	289.491
34.9 	12.3 	1.8 	289.479
35 	12.3 	1.8 	289.479
35.1 	12.3 	1.8 	289.473
35.2 	12.3 	1.8 	289.472
35.3 	12.3 	1.8 	289.485
31.9 	12.4 	1.8 	289.421
32 	12.4 	1.8 	289.421
32.1 	12.4 	1.8 	289.396
32.2 	12.4 	1.8 	289.397
32.3 	12.4 	1.8 	289.404
32.4 	12.4 	1.8 	289.418
32.5 	12.4 	1.8 	289.418
32.6 	12.4 	1.8 	289.422
32.7 	12.4 	1.8 	289.429
32.8 	12.4 	1.8 	289.44
32.9 	12.4 	1.8 	289.376
33 	12.4 	1.8 	289.376
33.1 	12.4 	1.8 	289.274
33.2 	12.4 	1.8 	289.205
33.3 	12.4 	1.8 	289.178
33.4 	12.4 	1.8 	289.223
33.5 	12.4 	1.8 	289.223
33.6 	12.4 	1.8 	289.325
33.7 	12.4 	1.8 	289.495
33.8 	12.4 	1.8 	289.635
33.9 	12.4 	1.8 	289.576
34 	12.4 	1.8 	289.576
34.1 	12.4 	1.8 	289.534
34.2 	12.4 	1.8 	289.514
34.3 	12.4 	1.8 	289.504
34.4 	12.4 	1.8 	289.494
34.5 	12.4 	1.8 	289.494
34.6 	12.4 	1.8 	289.491
34.7 	12.4 	1.8 	289.488
34.8 	12.4 	1.8 	289.485
34.9 	12.4 	1.8 	289.473
35 	12.4 	1.8 	289.473
35.1 	12.4 	1.8 	289.466
35.2 	12.4 	1.8 	289.463
35.3 	12.4 	1.8 	289.467
31.9 	12.5 	1.8 	289.398
32 	12.5 	1.8 	289.398
32.1 	12.5 	1.8 	289.388
32.2 	12.5 	1.8 	289.395
32.3 	12.5 	1.8 	289.405
32.4 	12.5 	1.8 	289.421
32.5 	12.5 	1.8 	289.421
32.6 	12.5 	1.8 	289.426
32.7 	12.5 	1.8 	289.43
32.8 	12.5 	1.8 	289.437
32.9 	12.5 	1.8 	289.359
33 	12.5 	1.8 	289.359
33.1 	12.5 	1.8 	289.248
33.2 	12.5 	1.8 	289.178
33.3 	12.5 	1.8 	289.158
33.4 	12.5 	1.8 	289.186
33.5 	12.5 	1.8 	289.186
33.6 	12.5 	1.8 	289.282
33.7 	12.5 	1.8 	289.449
33.8 	12.5 	1.8 	289.581
33.9 	12.5 	1.8 	289.559
34 	12.5 	1.8 	289.559
34.1 	12.5 	1.8 	289.522
34.2 	12.5 	1.8 	289.504
34.3 	12.5 	1.8 	289.494
34.4 	12.5 	1.8 	289.485
34.5 	12.5 	1.8 	289.485
34.6 	12.5 	1.8 	289.483
34.7 	12.5 	1.8 	289.481
34.8 	12.5 	1.8 	289.479
34.9 	12.5 	1.8 	289.468
35 	12.5 	1.8 	289.468
35.1 	12.5 	1.8 	289.461
35.2 	12.5 	1.8 	289.456
35.3 	12.5 	1.8 	289.456
31.9 	12.6 	1.8 	289.38
32 	12.6 	1.8 	289.38
32.1 	12.6 	1.8 	289.383
32.2 	12.6 	1.8 	289.394
32.3 	12.6 	1.8 	289.41
32.4 	12.6 	1.8 	289.44
32.5 	12.6 	1.8 	289.44
32.6 	12.6 	1.8 	289.447
32.7 	12.6 	1.8 	289.445
32.8 	12.6 	1.8 	289.439
32.9 	12.6 	1.8 	289.355
33 	12.6 	1.8 	289.355
33.1 	12.6 	1.8 	289.252
33.2 	12.6 	1.8 	289.184
33.3 	12.6 	1.8 	289.165
33.4 	12.6 	1.8 	289.19
33.5 	12.6 	1.8 	289.19
33.6 	12.6 	1.8 	289.285
33.7 	12.6 	1.8 	289.439
33.8 	12.6 	1.8 	289.539
33.9 	12.6 	1.8 	289.529
34 	12.6 	1.8 	289.529
34.1 	12.6 	1.8 	289.503
34.2 	12.6 	1.8 	289.489
34.3 	12.6 	1.8 	289.481
34.4 	12.6 	1.8 	289.476
34.5 	12.6 	1.8 	289.476
34.6 	12.6 	1.8 	289.473
34.7 	12.6 	1.8 	289.47
34.8 	12.6 	1.8 	289.467
34.9 	12.6 	1.8 	289.456
35 	12.6 	1.8 	289.456
35.1 	12.6 	1.8 	289.449
35.2 	12.6 	1.8 	289.444
35.3 	12.6 	1.8 	289.442
31.9 	12.7 	1.8 	289.381
32 	12.7 	1.8 	289.381
32.1 	12.7 	1.8 	289.385
32.2 	12.7 	1.8 	289.398
32.3 	12.7 	1.8 	289.417
32.4 	12.7 	1.8 	289.461
32.5 	12.7 	1.8 	289.461
32.6 	12.7 	1.8 	289.474
32.7 	12.7 	1.8 	289.469
32.8 	12.7 	1.8 	289.454
32.9 	12.7 	1.8 	289.38
33 	12.7 	1.8 	289.38
33.1 	12.7 	1.8 	289.303
33.2 	12.7 	1.8 	289.248
33.3 	12.7 	1.8 	289.225
33.4 	12.7 	1.8 	289.26
33.5 	12.7 	1.8 	289.26
33.6 	12.7 	1.8 	289.345
33.7 	12.7 	1.8 	289.462
33.8 	12.7 	1.8 	289.533
33.9 	12.7 	1.8 	289.519
34 	12.7 	1.8 	289.519
34.1 	12.7 	1.8 	289.499
34.2 	12.7 	1.8 	289.49
34.3 	12.7 	1.8 	289.486
34.4 	12.7 	1.8 	289.481
34.5 	12.7 	1.8 	289.481
34.6 	12.7 	1.8 	289.475
34.7 	12.7 	1.8 	289.468
34.8 	12.7 	1.8 	289.462
34.9 	12.7 	1.8 	289.448
35 	12.7 	1.8 	289.448
35.1 	12.7 	1.8 	289.442
35.2 	12.7 	1.8 	289.437
35.3 	12.7 	1.8 	289.436
31.9 	12.8 	1.8 	289.381
32 	12.8 	1.8 	289.381
32.1 	12.8 	1.8 	289.385
32.2 	12.8 	1.8 	289.398
32.3 	12.8 	1.8 	289.417
32.4 	12.8 	1.8 	289.461
32.5 	12.8 	1.8 	289.461
32.6 	12.8 	1.8 	289.474
32.7 	12.8 	1.8 	289.469
32.8 	12.8 	1.8 	289.454
32.9 	12.8 	1.8 	289.38
33 	12.8 	1.8 	289.38
33.1 	12.8 	1.8 	289.303
33.2 	12.8 	1.8 	289.248
33.3 	12.8 	1.8 	289.225
33.4 	12.8 	1.8 	289.26
33.5 	12.8 	1.8 	289.26
33.6 	12.8 	1.8 	289.345
33.7 	12.8 	1.8 	289.462
33.8 	12.8 	1.8 	289.533
33.9 	12.8 	1.8 	289.519
34 	12.8 	1.8 	289.519
34.1 	12.8 	1.8 	289.499
34.2 	12.8 	1.8 	289.49
34.3 	12.8 	1.8 	289.486
34.4 	12.8 	1.8 	289.481
34.5 	12.8 	1.8 	289.481
34.6 	12.8 	1.8 	289.475
34.7 	12.8 	1.8 	289.468
34.8 	12.8 	1.8 	289.462
34.9 	12.8 	1.8 	289.448
35 	12.8 	1.8 	289.448
35.1 	12.8 	1.8 	289.442
35.2 	12.8 	1.8 	289.437
35.3 	12.8 	1.8 	289.436
31.9 	12.9 	1.8 	289.395
32 	12.9 	1.8 	289.395
32.1 	12.9 	1.8 	289.396
32.2 	12.9 	1.8 	289.411
32.3 	12.9 	1.8 	289.437
32.4 	12.9 	1.8 	289.498
32.5 	12.9 	1.8 	289.498
32.6 	12.9 	1.8 	289.516
32.7 	12.9 	1.8 	289.511
32.8 	12.9 	1.8 	289.485
32.9 	12.9 	1.8 	289.421
33 	12.9 	1.8 	289.421
33.1 	12.9 	1.8 	289.377
33.2 	12.9 	1.8 	289.353
33.3 	12.9 	1.8 	289.344
33.4 	12.9 	1.8 	289.372
33.5 	12.9 	1.8 	289.372
33.6 	12.9 	1.8 	289.422
33.7 	12.9 	1.8 	289.493
33.8 	12.9 	1.8 	289.534
33.9 	12.9 	1.8 	289.517
34 	12.9 	1.8 	289.517
34.1 	12.9 	1.8 	289.507
34.2 	12.9 	1.8 	289.504
34.3 	12.9 	1.8 	289.505
34.4 	12.9 	1.8 	289.497
34.5 	12.9 	1.8 	289.497
34.6 	12.9 	1.8 	289.486
34.7 	12.9 	1.8 	289.473
34.8 	12.9 	1.8 	289.461
34.9 	12.9 	1.8 	289.442
35 	12.9 	1.8 	289.442
35.1 	12.9 	1.8 	289.435
35.2 	12.9 	1.8 	289.432
35.3 	12.9 	1.8 	289.431
31.9 	13 	1.8 	289.446
32 	13 	1.8 	289.446
32.1 	13 	1.8 	289.434
32.2 	13 	1.8 	289.45
32.3 	13 	1.8 	289.486
32.4 	13 	1.8 	289.561
32.5 	13 	1.8 	289.561
32.6 	13 	1.8 	289.577
32.7 	13 	1.8 	289.572
32.8 	13 	1.8 	289.538
32.9 	13 	1.8 	289.472
33 	13 	1.8 	289.472
33.1 	13 	1.8 	289.45
33.2 	13 	1.8 	289.444
33.3 	13 	1.8 	289.445
33.4 	13 	1.8 	289.462
33.5 	13 	1.8 	289.462
33.6 	13 	1.8 	289.488
33.7 	13 	1.8 	289.524
33.8 	13 	1.8 	289.543
33.9 	13 	1.8 	289.534
34 	13 	1.8 	289.534
34.1 	13 	1.8 	289.534
34.2 	13 	1.8 	289.538
34.3 	13 	1.8 	289.54
34.4 	13 	1.8 	289.528
34.5 	13 	1.8 	289.528
34.6 	13 	1.8 	289.513
34.7 	13 	1.8 	289.492
34.8 	13 	1.8 	289.472
34.9 	13 	1.8 	289.443
35 	13 	1.8 	289.443
35.1 	13 	1.8 	289.435
35.2 	13 	1.8 	289.431
35.3 	13 	1.8 	289.43
31.9 	13.1 	1.8 	289.734
32 	13.1 	1.8 	289.734
32.1 	13.1 	1.8 	289.742
32.2 	13.1 	1.8 	289.744
32.3 	13.1 	1.8 	289.745
32.4 	13.1 	1.8 	289.734
32.5 	13.1 	1.8 	289.734
32.6 	13.1 	1.8 	289.719
32.7 	13.1 	1.8 	289.697
32.8 	13.1 	1.8 	289.667
32.9 	13.1 	1.8 	289.589
33 	13.1 	1.8 	289.589
33.1 	13.1 	1.8 	289.567
33.2 	13.1 	1.8 	289.561
33.3 	13.1 	1.8 	289.561
33.4 	13.1 	1.8 	289.567
33.5 	13.1 	1.8 	289.567
33.6 	13.1 	1.8 	289.576
33.7 	13.1 	1.8 	289.587
33.8 	13.1 	1.8 	289.597
33.9 	13.1 	1.8 	289.617
34 	13.1 	1.8 	289.617
34.1 	13.1 	1.8 	289.626
34.2 	13.1 	1.8 	289.634
34.3 	13.1 	1.8 	289.639
34.4 	13.1 	1.8 	289.64
34.5 	13.1 	1.8 	289.64
34.6 	13.1 	1.8 	289.634
34.7 	13.1 	1.8 	289.625
34.8 	13.1 	1.8 	289.612
34.9 	13.1 	1.8 	289.588
35 	13.1 	1.8 	289.588
35.1 	13.1 	1.8 	289.58
35.2 	13.1 	1.8 	289.576
35.3 	13.1 	1.8 	289.575
31.9 	9.1 	1.9 	290.213
32 	9.1 	1.9 	290.213
32.1 	9.1 	1.9 	290.217
32.2 	9.1 	1.9 	290.226
32.3 	9.1 	1.9 	290.258
32.4 	9.1 	1.9 	290.312
32.5 	9.1 	1.9 	290.312
32.6 	9.1 	1.9 	290.333
32.7 	9.1 	1.9 	290.345
32.8 	9.1 	1.9 	290.353
32.9 	9.1 	1.9 	290.363
33 	9.1 	1.9 	290.363
33.1 	9.1 	1.9 	290.364
33.2 	9.1 	1.9 	290.363
33.3 	9.1 	1.9 	290.36
33.4 	9.1 	1.9 	290.348
33.5 	9.1 	1.9 	290.348
33.6 	9.1 	1.9 	290.34
33.7 	9.1 	1.9 	290.331
33.8 	9.1 	1.9 	290.321
33.9 	9.1 	1.9 	290.3
34 	9.1 	1.9 	290.3
34.1 	9.1 	1.9 	290.29
34.2 	9.1 	1.9 	290.28
34.3 	9.1 	1.9 	290.271
34.4 	9.1 	1.9 	290.256
34.5 	9.1 	1.9 	290.256
34.6 	9.1 	1.9 	290.249
34.7 	9.1 	1.9 	290.24
34.8 	9.1 	1.9 	290.225
34.9 	9.1 	1.9 	290.207
35 	9.1 	1.9 	290.207
35.1 	9.1 	1.9 	290.205
35.2 	9.1 	1.9 	290.204
35.3 	9.1 	1.9 	290.2
31.9 	9.2 	1.9 	290.213
32 	9.2 	1.9 	290.213
32.1 	9.2 	1.9 	290.217
32.2 	9.2 	1.9 	290.226
32.3 	9.2 	1.9 	290.258
32.4 	9.2 	1.9 	290.312
32.5 	9.2 	1.9 	290.312
32.6 	9.2 	1.9 	290.333
32.7 	9.2 	1.9 	290.345
32.8 	9.2 	1.9 	290.353
32.9 	9.2 	1.9 	290.363
33 	9.2 	1.9 	290.363
33.1 	9.2 	1.9 	290.364
33.2 	9.2 	1.9 	290.363
33.3 	9.2 	1.9 	290.36
33.4 	9.2 	1.9 	290.348
33.5 	9.2 	1.9 	290.348
33.6 	9.2 	1.9 	290.34
33.7 	9.2 	1.9 	290.331
33.8 	9.2 	1.9 	290.321
33.9 	9.2 	1.9 	290.3
34 	9.2 	1.9 	290.3
34.1 	9.2 	1.9 	290.29
34.2 	9.2 	1.9 	290.28
34.3 	9.2 	1.9 	290.271
34.4 	9.2 	1.9 	290.256
34.5 	9.2 	1.9 	290.256
34.6 	9.2 	1.9 	290.249
34.7 	9.2 	1.9 	290.24
34.8 	9.2 	1.9 	290.225
34.9 	9.2 	1.9 	290.207
35 	9.2 	1.9 	290.207
35.1 	9.2 	1.9 	290.205
35.2 	9.2 	1.9 	290.204
35.3 	9.2 	1.9 	290.2
31.9 	9.3 	1.9 	290.203
32 	9.3 	1.9 	290.203
32.1 	9.3 	1.9 	290.198
32.2 	9.3 	1.9 	290.207
32.3 	9.3 	1.9 	290.24
32.4 	9.3 	1.9 	290.314
32.5 	9.3 	1.9 	290.314
32.6 	9.3 	1.9 	290.343
32.7 	9.3 	1.9 	290.357
32.8 	9.3 	1.9 	290.367
32.9 	9.3 	1.9 	290.375
33 	9.3 	1.9 	290.375
33.1 	9.3 	1.9 	290.374
33.2 	9.3 	1.9 	290.372
33.3 	9.3 	1.9 	290.369
33.4 	9.3 	1.9 	290.357
33.5 	9.3 	1.9 	290.357
33.6 	9.3 	1.9 	290.349
33.7 	9.3 	1.9 	290.34
33.8 	9.3 	1.9 	290.33
33.9 	9.3 	1.9 	290.311
34 	9.3 	1.9 	290.311
34.1 	9.3 	1.9 	290.301
34.2 	9.3 	1.9 	290.291
34.3 	9.3 	1.9 	290.282
34.4 	9.3 	1.9 	290.265
34.5 	9.3 	1.9 	290.265
34.6 	9.3 	1.9 	290.256
34.7 	9.3 	1.9 	290.235
34.8 	9.3 	1.9 	290.205
34.9 	9.3 	1.9 	290.174
35 	9.3 	1.9 	290.174
35.1 	9.3 	1.9 	290.174
35.2 	9.3 	1.9 	290.18
35.3 	9.3 	1.9 	290.186
31.9 	9.4 	1.9 	290.185
32 	9.4 	1.9 	290.185
32.1 	9.4 	1.9 	290.171
32.2 	9.4 	1.9 	290.183
32.3 	9.4 	1.9 	290.223
32.4 	9.4 	1.9 	290.318
32.5 	9.4 	1.9 	290.318
32.6 	9.4 	1.9 	290.355
32.7 	9.4 	1.9 	290.367
32.8 	9.4 	1.9 	290.374
32.9 	9.4 	1.9 	290.374
33 	9.4 	1.9 	290.374
33.1 	9.4 	1.9 	290.37
33.2 	9.4 	1.9 	290.364
33.3 	9.4 	1.9 	290.358
33.4 	9.4 	1.9 	290.343
33.5 	9.4 	1.9 	290.343
33.6 	9.4 	1.9 	290.334
33.7 	9.4 	1.9 	290.325
33.8 	9.4 	1.9 	290.316
33.9 	9.4 	1.9 	290.297
34 	9.4 	1.9 	290.297
34.1 	9.4 	1.9 	290.288
34.2 	9.4 	1.9 	290.278
34.3 	9.4 	1.9 	290.27
34.4 	9.4 	1.9 	290.251
34.5 	9.4 	1.9 	290.251
34.6 	9.4 	1.9 	290.224
34.7 	9.4 	1.9 	290.164
34.8 	9.4 	1.9 	290.134
34.9 	9.4 	1.9 	290.12
35 	9.4 	1.9 	290.12
35.1 	9.4 	1.9 	290.128
35.2 	9.4 	1.9 	290.144
35.3 	9.4 	1.9 	290.162
31.9 	9.5 	1.9 	290.163
32 	9.5 	1.9 	290.163
32.1 	9.5 	1.9 	290.139
32.2 	9.5 	1.9 	290.155
32.3 	9.5 	1.9 	290.206
32.4 	9.5 	1.9 	290.321
32.5 	9.5 	1.9 	290.321
32.6 	9.5 	1.9 	290.367
34.6 	9.5 	1.9 	290.1
34.7 	9.5 	1.9 	290.1
34.8 	9.5 	1.9 	290.092
34.9 	9.5 	1.9 	290.08
35 	9.5 	1.9 	290.08
35.1 	9.5 	1.9 	290.088
35.2 	9.5 	1.9 	290.11
35.3 	9.5 	1.9 	290.137
31.9 	9.6 	1.9 	290.107
32 	9.6 	1.9 	290.107
32.1 	9.6 	1.9 	290.067
32.2 	9.6 	1.9 	290.094
32.3 	9.6 	1.9 	290.16
32.4 	9.6 	1.9 	290.301
32.5 	9.6 	1.9 	290.301
32.6 	9.6 	1.9 	290.355
34.6 	9.6 	1.9 	290.079
34.7 	9.6 	1.9 	290.079
34.8 	9.6 	1.9 	290.065
34.9 	9.6 	1.9 	290.031
35 	9.6 	1.9 	290.031
35.1 	9.6 	1.9 	290.025
35.2 	9.6 	1.9 	290.043
35.3 	9.6 	1.9 	290.085
31.9 	9.7 	1.9 	290.107
32 	9.7 	1.9 	290.107
32.1 	9.7 	1.9 	290.067
32.2 	9.7 	1.9 	290.094
32.3 	9.7 	1.9 	290.16
32.4 	9.7 	1.9 	290.301
32.5 	9.7 	1.9 	290.301
32.6 	9.7 	1.9 	290.355
34.6 	9.7 	1.9 	290.079
34.7 	9.7 	1.9 	290.079
34.8 	9.7 	1.9 	290.065
34.9 	9.7 	1.9 	290.031
35 	9.7 	1.9 	290.031
35.1 	9.7 	1.9 	290.025
35.2 	9.7 	1.9 	290.043
35.3 	9.7 	1.9 	290.085
31.9 	9.8 	1.9 	290.075
32 	9.8 	1.9 	290.075
32.1 	9.8 	1.9 	290.028
32.2 	9.8 	1.9 	290.058
32.3 	9.8 	1.9 	290.13
32.4 	9.8 	1.9 	290.277
32.5 	9.8 	1.9 	290.277
32.6 	9.8 	1.9 	290.334
34.6 	9.8 	1.9 	290.079
34.7 	9.8 	1.9 	290.079
34.8 	9.8 	1.9 	290.06
34.9 	9.8 	1.9 	290.013
35 	9.8 	1.9 	290.013
35.1 	9.8 	1.9 	289.999
35.2 	9.8 	1.9 	290.008
35.3 	9.8 	1.9 	290.053
31.9 	9.9 	1.9 	290.04
32 	9.9 	1.9 	290.04
32.1 	9.9 	1.9 	289.989
32.2 	9.9 	1.9 	290.02
32.3 	9.9 	1.9 	290.092
32.4 	9.9 	1.9 	290.244
32.5 	9.9 	1.9 	290.244
32.6 	9.9 	1.9 	290.304
34.6 	9.9 	1.9 	290.078
34.7 	9.9 	1.9 	290.078
34.8 	9.9 	1.9 	290.055
34.9 	9.9 	1.9 	289.997
35 	9.9 	1.9 	289.997
35.1 	9.9 	1.9 	289.975
35.2 	9.9 	1.9 	289.976
35.3 	9.9 	1.9 	290.018
31.9 	10 	1.9 	290.004
32 	10 	1.9 	290.004
32.1 	10 	1.9 	289.948
32.2 	10 	1.9 	289.976
32.3 	10 	1.9 	290.047
32.4 	10 	1.9 	290.2
32.5 	10 	1.9 	290.2
32.6 	10 	1.9 	290.264
34.6 	10 	1.9 	290.073
34.7 	10 	1.9 	290.073
34.8 	10 	1.9 	290.046
34.9 	10 	1.9 	289.978
35 	10 	1.9 	289.978
35.1 	10 	1.9 	289.951
35.2 	10 	1.9 	289.946
35.3 	10 	1.9 	289.982
31.9 	10.1 	1.9 	289.926
32 	10.1 	1.9 	289.926
32.1 	10.1 	1.9 	289.862
32.2 	10.1 	1.9 	289.879
32.3 	10.1 	1.9 	289.936
32.4 	10.1 	1.9 	290.072
32.5 	10.1 	1.9 	290.072
32.6 	10.1 	1.9 	290.132
34.6 	10.1 	1.9 	290.034
34.7 	10.1 	1.9 	290.034
34.8 	10.1 	1.9 	290.002
34.9 	10.1 	1.9 	289.928
35 	10.1 	1.9 	289.928
35.1 	10.1 	1.9 	289.898
35.2 	10.1 	1.9 	289.889
35.3 	10.1 	1.9 	289.92
31.9 	10.2 	1.9 	289.926
32 	10.2 	1.9 	289.926
32.1 	10.2 	1.9 	289.862
32.2 	10.2 	1.9 	289.879
32.3 	10.2 	1.9 	289.936
32.4 	10.2 	1.9 	290.072
32.5 	10.2 	1.9 	290.072
32.6 	10.2 	1.9 	290.132
32.7 	10.2 	1.9 	290.036
32.8 	10.2 	1.9 	290.033
32.9 	10.2 	1.9 	290.018
33 	10.2 	1.9 	290.018
33.1 	10.2 	1.9 	290.016
33.2 	10.2 	1.9 	290.018
33.3 	10.2 	1.9 	290.024
33.4 	10.2 	1.9 	290.036
33.5 	10.2 	1.9 	290.036
33.6 	10.2 	1.9 	290.038
33.7 	10.2 	1.9 	290.031
33.8 	10.2 	1.9 	290.012
33.9 	10.2 	1.9 	289.948
34 	10.2 	1.9 	289.948
34.1 	10.2 	1.9 	289.945
34.2 	10.2 	1.9 	289.956
34.3 	10.2 	1.9 	289.971
34.4 	10.2 	1.9 	289.991
34.5 	10.2 	1.9 	289.991
34.6 	10.2 	1.9 	290.034
34.7 	10.2 	1.9 	290.034
34.8 	10.2 	1.9 	290.002
34.9 	10.2 	1.9 	289.928
35 	10.2 	1.9 	289.928
35.1 	10.2 	1.9 	289.898
35.2 	10.2 	1.9 	289.889
35.3 	10.2 	1.9 	289.92
31.9 	10.3 	1.9 	289.884
32 	10.3 	1.9 	289.884
32.1 	10.3 	1.9 	289.816
32.2 	10.3 	1.9 	289.827
32.3 	10.3 	1.9 	289.875
32.4 	10.3 	1.9 	289.986
32.5 	10.3 	1.9 	289.986
32.6 	10.3 	1.9 	290.031
32.7 	10.3 	1.9 	290.036
32.8 	10.3 	1.9 	290.033
32.9 	10.3 	1.9 	290.018
33 	10.3 	1.9 	290.018
33.1 	10.3 	1.9 	290.016
33.2 	10.3 	1.9 	290.018
33.3 	10.3 	1.9 	290.024
33.4 	10.3 	1.9 	290.036
33.5 	10.3 	1.9 	290.036
33.6 	10.3 	1.9 	290.038
33.7 	10.3 	1.9 	290.031
33.8 	10.3 	1.9 	290.012
33.9 	10.3 	1.9 	289.948
34 	10.3 	1.9 	289.948
34.1 	10.3 	1.9 	289.945
34.2 	10.3 	1.9 	289.956
34.3 	10.3 	1.9 	289.971
34.4 	10.3 	1.9 	289.991
34.5 	10.3 	1.9 	289.991
34.6 	10.3 	1.9 	289.996
34.7 	10.3 	1.9 	289.994
34.8 	10.3 	1.9 	289.964
34.9 	10.3 	1.9 	289.895
35 	10.3 	1.9 	289.895
35.1 	10.3 	1.9 	289.869
35.2 	10.3 	1.9 	289.861
35.3 	10.3 	1.9 	289.892
31.9 	10.4 	1.9 	289.839
32 	10.4 	1.9 	289.839
32.1 	10.4 	1.9 	289.769
32.2 	10.4 	1.9 	289.777
32.3 	10.4 	1.9 	289.82
32.4 	10.4 	1.9 	289.913
32.5 	10.4 	1.9 	289.913
32.6 	10.4 	1.9 	289.943
32.7 	10.4 	1.9 	289.956
32.8 	10.4 	1.9 	289.962
32.9 	10.4 	1.9 	289.978
33 	10.4 	1.9 	289.978
33.1 	10.4 	1.9 	290.004
33.2 	10.4 	1.9 	290.042
33.3 	10.4 	1.9 	290.085
33.4 	10.4 	1.9 	290.14
33.5 	10.4 	1.9 	290.14
33.6 	10.4 	1.9 	290.142
33.7 	10.4 	1.9 	290.124
33.8 	10.4 	1.9 	290.078
33.9 	10.4 	1.9 	289.951
34 	10.4 	1.9 	289.951
34.1 	10.4 	1.9 	289.941
34.2 	10.4 	1.9 	289.946
34.3 	10.4 	1.9 	289.954
34.4 	10.4 	1.9 	289.961
34.5 	10.4 	1.9 	289.961
34.6 	10.4 	1.9 	289.958
34.7 	10.4 	1.9 	289.948
34.8 	10.4 	1.9 	289.923
34.9 	10.4 	1.9 	289.863
35 	10.4 	1.9 	289.863
35.1 	10.4 	1.9 	289.84
35.2 	10.4 	1.9 	289.833
35.3 	10.4 	1.9 	289.863
31.9 	10.5 	1.9 	289.792
32 	10.5 	1.9 	289.792
32.1 	10.5 	1.9 	289.721
32.2 	10.5 	1.9 	289.73
32.3 	10.5 	1.9 	289.77
32.4 	10.5 	1.9 	289.853
32.5 	10.5 	1.9 	289.853
32.6 	10.5 	1.9 	289.879
32.7 	10.5 	1.9 	289.894
32.8 	10.5 	1.9 	289.907
32.9 	10.5 	1.9 	289.975
33 	10.5 	1.9 	289.975
33.1 	10.5 	1.9 	290.053
33.2 	10.5 	1.9 	290.155
33.3 	10.5 	1.9 	290.259
33.4 	10.5 	1.9 	290.349
33.5 	10.5 	1.9 	290.349
33.6 	10.5 	1.9 	290.321
33.7 	10.5 	1.9 	290.255
33.8 	10.5 	1.9 	290.151
33.9 	10.5 	1.9 	289.951
34 	10.5 	1.9 	289.951
34.1 	10.5 	1.9 	289.925
34.2 	10.5 	1.9 	289.922
34.3 	10.5 	1.9 	289.924
34.4 	10.5 	1.9 	289.922
34.5 	10.5 	1.9 	289.922
34.6 	10.5 	1.9 	289.916
34.7 	10.5 	1.9 	289.904
34.8 	10.5 	1.9 	289.883
34.9 	10.5 	1.9 	289.833
35 	10.5 	1.9 	289.833
35.1 	10.5 	1.9 	289.812
35.2 	10.5 	1.9 	289.805
35.3 	10.5 	1.9 	289.832
31.9 	10.6 	1.9 	289.689
32 	10.6 	1.9 	289.689
32.1 	10.6 	1.9 	289.631
32.2 	10.6 	1.9 	289.644
32.3 	10.6 	1.9 	289.683
32.4 	10.6 	1.9 	289.758
32.5 	10.6 	1.9 	289.758
32.6 	10.6 	1.9 	289.781
32.7 	10.6 	1.9 	289.802
32.8 	10.6 	1.9 	289.844
32.9 	10.6 	1.9 	290.143
33 	10.6 	1.9 	290.143
33.1 	10.6 	1.9 	290.461
33.2 	10.6 	1.9 	290.837
33.3 	10.6 	1.9 	291.149
33.4 	10.6 	1.9 	291.193
33.5 	10.6 	1.9 	291.193
33.6 	10.6 	1.9 	290.943
33.7 	10.6 	1.9 	290.639
33.8 	10.6 	1.9 	290.321
33.9 	10.6 	1.9 	289.95
34 	10.6 	1.9 	289.95
34.1 	10.6 	1.9 	289.887
34.2 	10.6 	1.9 	289.864
34.3 	10.6 	1.9 	289.856
34.4 	10.6 	1.9 	289.848
34.5 	10.6 	1.9 	289.848
34.6 	10.6 	1.9 	289.843
34.7 	10.6 	1.9 	289.834
34.8 	10.6 	1.9 	289.82
34.9 	10.6 	1.9 	289.779
35 	10.6 	1.9 	289.779
35.1 	10.6 	1.9 	289.759
35.2 	10.6 	1.9 	289.751
35.3 	10.6 	1.9 	289.773
31.9 	10.7 	1.9 	289.638
32 	10.7 	1.9 	289.638
32.1 	10.7 	1.9 	289.59
32.2 	10.7 	1.9 	289.606
32.3 	10.7 	1.9 	289.645
32.4 	10.7 	1.9 	289.717
32.5 	10.7 	1.9 	289.717
32.6 	10.7 	1.9 	289.741
32.7 	10.7 	1.9 	289.77
32.8 	10.7 	1.9 	289.837
32.9 	10.7 	1.9 	290.347
33 	10.7 	1.9 	290.347
33.1 	10.7 	1.9 	290.898
33.2 	10.7 	1.9 	291.521
33.3 	10.7 	1.9 	292.002
33.4 	10.7 	1.9 	291.937
33.5 	10.7 	1.9 	291.937
33.6 	10.7 	1.9 	291.455
33.7 	10.7 	1.9 	290.923
33.8 	10.7 	1.9 	290.45
33.9 	10.7 	1.9 	289.957
34 	10.7 	1.9 	289.957
34.1 	10.7 	1.9 	289.87
34.2 	10.7 	1.9 	289.836
34.3 	10.7 	1.9 	289.825
34.4 	10.7 	1.9 	289.818
34.5 	10.7 	1.9 	289.818
34.6 	10.7 	1.9 	289.814
34.7 	10.7 	1.9 	289.806
34.8 	10.7 	1.9 	289.793
34.9 	10.7 	1.9 	289.753
35 	10.7 	1.9 	289.753
35.1 	10.7 	1.9 	289.733
35.2 	10.7 	1.9 	289.725
35.3 	10.7 	1.9 	289.745
31.9 	10.8 	1.9 	289.638
32 	10.8 	1.9 	289.638
32.1 	10.8 	1.9 	289.59
32.2 	10.8 	1.9 	289.606
32.3 	10.8 	1.9 	289.645
32.4 	10.8 	1.9 	289.717
32.5 	10.8 	1.9 	289.717
32.6 	10.8 	1.9 	289.741
32.7 	10.8 	1.9 	289.77
32.8 	10.8 	1.9 	289.837
32.9 	10.8 	1.9 	290.347
33 	10.8 	1.9 	290.347
33.1 	10.8 	1.9 	290.898
33.2 	10.8 	1.9 	291.521
33.3 	10.8 	1.9 	292.002
33.4 	10.8 	1.9 	291.937
33.5 	10.8 	1.9 	291.937
33.6 	10.8 	1.9 	291.455
33.7 	10.8 	1.9 	290.923
33.8 	10.8 	1.9 	290.45
33.9 	10.8 	1.9 	289.957
34 	10.8 	1.9 	289.957
34.1 	10.8 	1.9 	289.87
34.2 	10.8 	1.9 	289.836
34.3 	10.8 	1.9 	289.825
34.4 	10.8 	1.9 	289.818
34.5 	10.8 	1.9 	289.818
34.6 	10.8 	1.9 	289.814
34.7 	10.8 	1.9 	289.806
34.8 	10.8 	1.9 	289.793
34.9 	10.8 	1.9 	289.753
35 	10.8 	1.9 	289.753
35.1 	10.8 	1.9 	289.733
35.2 	10.8 	1.9 	289.725
35.3 	10.8 	1.9 	289.745
31.9 	10.9 	1.9 	289.589
32 	10.9 	1.9 	289.589
32.1 	10.9 	1.9 	289.553
32.2 	10.9 	1.9 	289.572
32.3 	10.9 	1.9 	289.609
32.4 	10.9 	1.9 	289.68
32.5 	10.9 	1.9 	289.68
32.6 	10.9 	1.9 	289.705
32.7 	10.9 	1.9 	289.742
32.8 	10.9 	1.9 	289.841
32.9 	10.9 	1.9 	290.636
33 	10.9 	1.9 	290.636
33.1 	10.9 	1.9 	291.531
33.2 	10.9 	1.9 	292.499
33.3 	10.9 	1.9 	293.199
33.4 	10.9 	1.9 	293.005
33.5 	10.9 	1.9 	293.005
33.6 	10.9 	1.9 	292.214
33.7 	10.9 	1.9 	291.329
33.8 	10.9 	1.9 	290.651
33.9 	10.9 	1.9 	289.975
34 	10.9 	1.9 	289.975
34.1 	10.9 	1.9 	289.857
34.2 	10.9 	1.9 	289.812
34.3 	10.9 	1.9 	289.797
34.4 	10.9 	1.9 	289.791
34.5 	10.9 	1.9 	289.791
34.6 	10.9 	1.9 	289.788
34.7 	10.9 	1.9 	289.781
34.8 	10.9 	1.9 	289.768
34.9 	10.9 	1.9 	289.729
35 	10.9 	1.9 	289.729
35.1 	10.9 	1.9 	289.709
35.2 	10.9 	1.9 	289.7
35.3 	10.9 	1.9 	289.719
31.9 	11 	1.9 	289.547
32 	11 	1.9 	289.547
32.1 	11 	1.9 	289.521
32.2 	11 	1.9 	289.54
32.3 	11 	1.9 	289.576
32.4 	11 	1.9 	289.644
32.5 	11 	1.9 	289.644
32.6 	11 	1.9 	289.671
32.7 	11 	1.9 	289.717
32.8 	11 	1.9 	289.849
32.9 	11 	1.9 	290.992
33 	11 	1.9 	290.992
33.1 	11 	1.9 	292.383
33.2 	11 	1.9 	293.782
33.3 	11 	1.9 	294.721
33.4 	11 	1.9 	294.47
33.5 	11 	1.9 	294.47
33.6 	11 	1.9 	293.332
33.7 	11 	1.9 	291.947
33.8 	11 	1.9 	290.955
33.9 	11 	1.9 	290.009
34 	11 	1.9 	290.009
34.1 	11 	1.9 	289.85
34.2 	11 	1.9 	289.79
34.3 	11 	1.9 	289.772
34.4 	11 	1.9 	289.766
34.5 	11 	1.9 	289.766
34.6 	11 	1.9 	289.764
34.7 	11 	1.9 	289.757
34.8 	11 	1.9 	289.744
34.9 	11 	1.9 	289.704
35 	11 	1.9 	289.704
35.1 	11 	1.9 	289.685
35.2 	11 	1.9 	289.676
35.3 	11 	1.9 	289.696
31.9 	11.1 	1.9 	289.487
32 	11.1 	1.9 	289.487
32.1 	11.1 	1.9 	289.471
32.2 	11.1 	1.9 	289.487
32.3 	11.1 	1.9 	289.517
32.4 	11.1 	1.9 	289.578
32.5 	11.1 	1.9 	289.578
32.6 	11.1 	1.9 	289.605
32.7 	11.1 	1.9 	289.66
32.8 	11.1 	1.9 	289.827
32.9 	11.1 	1.9 	291.683
33 	11.1 	1.9 	291.683
33.1 	11.1 	1.9 	294.812
33.2 	11.1 	1.9 	296.826
33.3 	11.1 	1.9 	297.741
33.4 	11.1 	1.9 	297.648
33.5 	11.1 	1.9 	297.648
33.6 	11.1 	1.9 	296.444
33.7 	11.1 	1.9 	293.894
33.8 	11.1 	1.9 	291.829
33.9 	11.1 	1.9 	290.099
34 	11.1 	1.9 	290.099
34.1 	11.1 	1.9 	289.844
34.2 	11.1 	1.9 	289.754
34.3 	11.1 	1.9 	289.73
34.4 	11.1 	1.9 	289.724
34.5 	11.1 	1.9 	289.724
34.6 	11.1 	1.9 	289.72
34.7 	11.1 	1.9 	289.712
34.8 	11.1 	1.9 	289.698
34.9 	11.1 	1.9 	289.657
35 	11.1 	1.9 	289.657
35.1 	11.1 	1.9 	289.638
35.2 	11.1 	1.9 	289.63
35.3 	11.1 	1.9 	289.653
31.9 	11.2 	1.9 	289.467
32 	11.2 	1.9 	289.467
32.1 	11.2 	1.9 	289.452
32.2 	11.2 	1.9 	289.466
32.3 	11.2 	1.9 	289.492
32.4 	11.2 	1.9 	289.548
32.5 	11.2 	1.9 	289.548
32.6 	11.2 	1.9 	289.573
32.7 	11.2 	1.9 	289.622
32.8 	11.2 	1.9 	289.774
32.9 	11.2 	1.9 	291.781
33 	11.2 	1.9 	291.781
33.1 	11.2 	1.9 	296.454
33.2 	11.2 	1.9 	298.111
33.3 	11.2 	1.9 	298.609
33.4 	11.2 	1.9 	298.538
33.5 	11.2 	1.9 	298.538
33.6 	11.2 	1.9 	297.694
33.7 	11.2 	1.9 	294.704
33.8 	11.2 	1.9 	292.126
33.9 	11.2 	1.9 	290.118
34 	11.2 	1.9 	290.118
34.1 	11.2 	1.9 	289.834
34.2 	11.2 	1.9 	289.736
34.3 	11.2 	1.9 	289.711
34.4 	11.2 	1.9 	289.704
34.5 	11.2 	1.9 	289.704
34.6 	11.2 	1.9 	289.7
34.7 	11.2 	1.9 	289.69
34.8 	11.2 	1.9 	289.675
34.9 	11.2 	1.9 	289.634
35 	11.2 	1.9 	289.634
35.1 	11.2 	1.9 	289.615
35.2 	11.2 	1.9 	289.608
35.3 	11.2 	1.9 	289.633
31.9 	11.3 	1.9 	289.467
32 	11.3 	1.9 	289.467
32.1 	11.3 	1.9 	289.452
32.2 	11.3 	1.9 	289.466
32.3 	11.3 	1.9 	289.492
32.4 	11.3 	1.9 	289.548
32.5 	11.3 	1.9 	289.548
32.6 	11.3 	1.9 	289.573
32.7 	11.3 	1.9 	289.622
32.8 	11.3 	1.9 	289.774
32.9 	11.3 	1.9 	291.781
33 	11.3 	1.9 	291.781
33.1 	11.3 	1.9 	296.454
33.2 	11.3 	1.9 	298.111
33.3 	11.3 	1.9 	298.609
33.4 	11.3 	1.9 	298.538
33.5 	11.3 	1.9 	298.538
33.6 	11.3 	1.9 	297.694
33.7 	11.3 	1.9 	294.704
33.8 	11.3 	1.9 	292.126
33.9 	11.3 	1.9 	290.118
34 	11.3 	1.9 	290.118
34.1 	11.3 	1.9 	289.834
34.2 	11.3 	1.9 	289.736
34.3 	11.3 	1.9 	289.711
34.4 	11.3 	1.9 	289.704
34.5 	11.3 	1.9 	289.704
34.6 	11.3 	1.9 	289.7
34.7 	11.3 	1.9 	289.69
34.8 	11.3 	1.9 	289.675
34.9 	11.3 	1.9 	289.634
35 	11.3 	1.9 	289.634
35.1 	11.3 	1.9 	289.615
35.2 	11.3 	1.9 	289.608
35.3 	11.3 	1.9 	289.633
31.9 	11.4 	1.9 	289.451
32 	11.4 	1.9 	289.451
32.1 	11.4 	1.9 	289.437
32.2 	11.4 	1.9 	289.447
32.3 	11.4 	1.9 	289.47
32.4 	11.4 	1.9 	289.52
32.5 	11.4 	1.9 	289.52
32.6 	11.4 	1.9 	289.543
32.7 	11.4 	1.9 	289.58
32.8 	11.4 	1.9 	289.692
32.9 	11.4 	1.9 	291.422
33 	11.4 	1.9 	291.422
33.1 	11.4 	1.9 	298.473
33.2 	11.4 	1.9 	298.984
33.3 	11.4 	1.9 	299.044
33.4 	11.4 	1.9 	299.035
33.5 	11.4 	1.9 	299.035
33.6 	11.4 	1.9 	298.783
33.7 	11.4 	1.9 	294.719
33.8 	11.4 	1.9 	292.039
33.9 	11.4 	1.9 	290.092
34 	11.4 	1.9 	290.092
34.1 	11.4 	1.9 	289.811
34.2 	11.4 	1.9 	289.717
34.3 	11.4 	1.9 	289.692
34.4 	11.4 	1.9 	289.685
34.5 	11.4 	1.9 	289.685
34.6 	11.4 	1.9 	289.679
34.7 	11.4 	1.9 	289.669
34.8 	11.4 	1.9 	289.653
34.9 	11.4 	1.9 	289.611
35 	11.4 	1.9 	289.611
35.1 	11.4 	1.9 	289.593
35.2 	11.4 	1.9 	289.587
35.3 	11.4 	1.9 	289.611
31.9 	11.5 	1.9 	289.439
32 	11.5 	1.9 	289.439
32.1 	11.5 	1.9 	289.425
32.2 	11.5 	1.9 	289.433
32.3 	11.5 	1.9 	289.451
32.4 	11.5 	1.9 	289.496
32.5 	11.5 	1.9 	289.496
32.6 	11.5 	1.9 	289.515
32.7 	11.5 	1.9 	289.541
32.8 	11.5 	1.9 	289.602
32.9 	11.5 	1.9 	290.142
33 	11.5 	1.9 	290.142
33.6 	11.5 	1.9 	292.899
33.7 	11.5 	1.9 	292.899
33.8 	11.5 	1.9 	291.542
33.9 	11.5 	1.9 	290.024
34 	11.5 	1.9 	290.024
34.1 	11.5 	1.9 	289.779
34.2 	11.5 	1.9 	289.695
34.3 	11.5 	1.9 	289.674
34.4 	11.5 	1.9 	289.666
34.5 	11.5 	1.9 	289.666
34.6 	11.5 	1.9 	289.659
34.7 	11.5 	1.9 	289.647
34.8 	11.5 	1.9 	289.631
34.9 	11.5 	1.9 	289.589
35 	11.5 	1.9 	289.589
35.1 	11.5 	1.9 	289.572
35.2 	11.5 	1.9 	289.566
35.3 	11.5 	1.9 	289.588
31.9 	11.6 	1.9 	289.421
32 	11.6 	1.9 	289.421
32.1 	11.6 	1.9 	289.407
32.2 	11.6 	1.9 	289.412
32.3 	11.6 	1.9 	289.425
32.4 	11.6 	1.9 	289.458
32.5 	11.6 	1.9 	289.458
32.6 	11.6 	1.9 	289.473
32.7 	11.6 	1.9 	289.487
32.8 	11.6 	1.9 	289.51
32.9 	11.6 	1.9 	289.64
33 	11.6 	1.9 	289.64
33.6 	11.6 	1.9 	291.306
33.7 	11.6 	1.9 	291.306
33.8 	11.6 	1.9 	290.739
33.9 	11.6 	1.9 	289.868
34 	11.6 	1.9 	289.868
34.1 	11.6 	1.9 	289.707
34.2 	11.6 	1.9 	289.651
34.3 	11.6 	1.9 	289.636
34.4 	11.6 	1.9 	289.628
34.5 	11.6 	1.9 	289.628
34.6 	11.6 	1.9 	289.619
34.7 	11.6 	1.9 	289.607
34.8 	11.6 	1.9 	289.59
34.9 	11.6 	1.9 	289.551
35 	11.6 	1.9 	289.551
35.1 	11.6 	1.9 	289.535
35.2 	11.6 	1.9 	289.527
35.3 	11.6 	1.9 	289.538
31.9 	11.7 	1.9 	289.412
32 	11.7 	1.9 	289.412
32.1 	11.7 	1.9 	289.401
32.2 	11.7 	1.9 	289.405
32.3 	11.7 	1.9 	289.416
32.4 	11.7 	1.9 	289.445
32.5 	11.7 	1.9 	289.445
32.6 	11.7 	1.9 	289.458
32.7 	11.7 	1.9 	289.47
32.8 	11.7 	1.9 	289.488
32.9 	11.7 	1.9 	289.592
33 	11.7 	1.9 	289.592
33.6 	11.7 	1.9 	290.935
33.7 	11.7 	1.9 	290.935
33.8 	11.7 	1.9 	290.483
33.9 	11.7 	1.9 	289.802
34 	11.7 	1.9 	289.802
34.1 	11.7 	1.9 	289.675
34.2 	11.7 	1.9 	289.63
34.3 	11.7 	1.9 	289.618
34.4 	11.7 	1.9 	289.609
34.5 	11.7 	1.9 	289.609
34.6 	11.7 	1.9 	289.6
34.7 	11.7 	1.9 	289.588
34.8 	11.7 	1.9 	289.571
34.9 	11.7 	1.9 	289.536
35 	11.7 	1.9 	289.536
35.1 	11.7 	1.9 	289.52
35.2 	11.7 	1.9 	289.511
35.3 	11.7 	1.9 	289.515
31.9 	11.8 	1.9 	289.412
32 	11.8 	1.9 	289.412
32.1 	11.8 	1.9 	289.401
32.2 	11.8 	1.9 	289.405
32.3 	11.8 	1.9 	289.416
32.4 	11.8 	1.9 	289.445
32.5 	11.8 	1.9 	289.445
32.6 	11.8 	1.9 	289.458
32.7 	11.8 	1.9 	289.47
32.8 	11.8 	1.9 	289.488
32.9 	11.8 	1.9 	289.592
33 	11.8 	1.9 	289.592
33.6 	11.8 	1.9 	290.935
33.7 	11.8 	1.9 	290.935
33.8 	11.8 	1.9 	290.483
33.9 	11.8 	1.9 	289.802
34 	11.8 	1.9 	289.802
34.1 	11.8 	1.9 	289.675
34.2 	11.8 	1.9 	289.63
34.3 	11.8 	1.9 	289.618
34.4 	11.8 	1.9 	289.609
34.5 	11.8 	1.9 	289.609
34.6 	11.8 	1.9 	289.6
34.7 	11.8 	1.9 	289.588
34.8 	11.8 	1.9 	289.571
34.9 	11.8 	1.9 	289.536
35 	11.8 	1.9 	289.536
35.1 	11.8 	1.9 	289.52
35.2 	11.8 	1.9 	289.511
35.3 	11.8 	1.9 	289.515
31.9 	11.9 	1.9 	289.403
32 	11.9 	1.9 	289.403
32.1 	11.9 	1.9 	289.395
32.2 	11.9 	1.9 	289.4
32.3 	11.9 	1.9 	289.411
32.4 	11.9 	1.9 	289.435
32.5 	11.9 	1.9 	289.435
32.6 	11.9 	1.9 	289.446
32.7 	11.9 	1.9 	289.457
32.8 	11.9 	1.9 	289.473
32.9 	11.9 	1.9 	289.562
33 	11.9 	1.9 	289.562
33.6 	11.9 	1.9 	290.676
33.7 	11.9 	1.9 	290.676
33.8 	11.9 	1.9 	290.296
33.9 	11.9 	1.9 	289.749
34 	11.9 	1.9 	289.749
34.1 	11.9 	1.9 	289.647
34.2 	11.9 	1.9 	289.61
34.3 	11.9 	1.9 	289.599
34.4 	11.9 	1.9 	289.59
34.5 	11.9 	1.9 	289.59
34.6 	11.9 	1.9 	289.582
34.7 	11.9 	1.9 	289.57
34.8 	11.9 	1.9 	289.555
34.9 	11.9 	1.9 	289.522
35 	11.9 	1.9 	289.522
35.1 	11.9 	1.9 	289.507
35.2 	11.9 	1.9 	289.498
35.3 	11.9 	1.9 	289.498
31.9 	12 	1.9 	289.395
32 	12 	1.9 	289.395
32.1 	12 	1.9 	289.391
32.2 	12 	1.9 	289.397
32.3 	12 	1.9 	289.407
32.4 	12 	1.9 	289.429
32.5 	12 	1.9 	289.429
32.6 	12 	1.9 	289.438
32.7 	12 	1.9 	289.447
32.8 	12 	1.9 	289.461
32.9 	12 	1.9 	289.542
33 	12 	1.9 	289.542
33.6 	12 	1.9 	290.481
33.7 	12 	1.9 	290.481
33.8 	12 	1.9 	290.16
33.9 	12 	1.9 	289.705
34 	12 	1.9 	289.705
34.1 	12 	1.9 	289.622
34.2 	12 	1.9 	289.591
34.3 	12 	1.9 	289.581
34.4 	12 	1.9 	289.572
34.5 	12 	1.9 	289.572
34.6 	12 	1.9 	289.564
34.7 	12 	1.9 	289.553
34.8 	12 	1.9 	289.54
34.9 	12 	1.9 	289.51
35 	12 	1.9 	289.51
35.1 	12 	1.9 	289.497
35.2 	12 	1.9 	289.488
35.3 	12 	1.9 	289.485
31.9 	12.1 	1.9 	289.384
32 	12.1 	1.9 	289.384
32.1 	12.1 	1.9 	289.386
32.2 	12.1 	1.9 	289.395
32.3 	12.1 	1.9 	289.406
32.4 	12.1 	1.9 	289.424
32.5 	12.1 	1.9 	289.424
32.6 	12.1 	1.9 	289.429
32.7 	12.1 	1.9 	289.435
32.8 	12.1 	1.9 	289.444
32.9 	12.1 	1.9 	289.461
33 	12.1 	1.9 	289.461
33.6 	12.1 	1.9 	289.917
33.7 	12.1 	1.9 	289.917
33.8 	12.1 	1.9 	289.915
33.9 	12.1 	1.9 	289.635
34 	12.1 	1.9 	289.635
34.1 	12.1 	1.9 	289.578
34.2 	12.1 	1.9 	289.555
34.3 	12.1 	1.9 	289.545
34.4 	12.1 	1.9 	289.537
34.5 	12.1 	1.9 	289.537
34.6 	12.1 	1.9 	289.533
34.7 	12.1 	1.9 	289.526
34.8 	12.1 	1.9 	289.516
34.9 	12.1 	1.9 	289.493
35 	12.1 	1.9 	289.493
35.1 	12.1 	1.9 	289.482
35.2 	12.1 	1.9 	289.472
35.3 	12.1 	1.9 	289.467
31.9 	12.2 	1.9 	289.38
32 	12.2 	1.9 	289.38
32.1 	12.2 	1.9 	289.385
32.2 	12.2 	1.9 	289.395
32.3 	12.2 	1.9 	289.408
32.4 	12.2 	1.9 	289.425
32.5 	12.2 	1.9 	289.425
32.6 	12.2 	1.9 	289.428
32.7 	12.2 	1.9 	289.432
32.8 	12.2 	1.9 	289.436
32.9 	12.2 	1.9 	289.38
33 	12.2 	1.9 	289.38
33.1 	12.2 	1.9 	289.294
33.2 	12.2 	1.9 	289.24
33.3 	12.2 	1.9 	289.217
33.4 	12.2 	1.9 	289.282
33.5 	12.2 	1.9 	289.282
33.6 	12.2 	1.9 	289.392
33.7 	12.2 	1.9 	289.6
33.8 	12.2 	1.9 	289.732
33.9 	12.2 	1.9 	289.608
34 	12.2 	1.9 	289.608
34.1 	12.2 	1.9 	289.559
34.2 	12.2 	1.9 	289.538
34.3 	12.2 	1.9 	289.529
34.4 	12.2 	1.9 	289.522
34.5 	12.2 	1.9 	289.522
34.6 	12.2 	1.9 	289.519
34.7 	12.2 	1.9 	289.515
34.8 	12.2 	1.9 	289.508
34.9 	12.2 	1.9 	289.487
35 	12.2 	1.9 	289.487
35.1 	12.2 	1.9 	289.476
35.2 	12.2 	1.9 	289.467
35.3 	12.2 	1.9 	289.461
31.9 	12.3 	1.9 	289.38
32 	12.3 	1.9 	289.38
32.1 	12.3 	1.9 	289.385
32.2 	12.3 	1.9 	289.395
32.3 	12.3 	1.9 	289.408
32.4 	12.3 	1.9 	289.425
32.5 	12.3 	1.9 	289.425
32.6 	12.3 	1.9 	289.428
32.7 	12.3 	1.9 	289.432
32.8 	12.3 	1.9 	289.436
32.9 	12.3 	1.9 	289.38
33 	12.3 	1.9 	289.38
33.1 	12.3 	1.9 	289.294
33.2 	12.3 	1.9 	289.24
33.3 	12.3 	1.9 	289.217
33.4 	12.3 	1.9 	289.282
33.5 	12.3 	1.9 	289.282
33.6 	12.3 	1.9 	289.392
33.7 	12.3 	1.9 	289.6
33.8 	12.3 	1.9 	289.732
33.9 	12.3 	1.9 	289.608
34 	12.3 	1.9 	289.608
34.1 	12.3 	1.9 	289.559
34.2 	12.3 	1.9 	289.538
34.3 	12.3 	1.9 	289.529
34.4 	12.3 	1.9 	289.522
34.5 	12.3 	1.9 	289.522
34.6 	12.3 	1.9 	289.519
34.7 	12.3 	1.9 	289.515
34.8 	12.3 	1.9 	289.508
34.9 	12.3 	1.9 	289.487
35 	12.3 	1.9 	289.487
35.1 	12.3 	1.9 	289.476
35.2 	12.3 	1.9 	289.467
35.3 	12.3 	1.9 	289.461
31.9 	12.4 	1.9 	289.378
32 	12.4 	1.9 	289.378
32.1 	12.4 	1.9 	289.384
32.2 	12.4 	1.9 	289.396
32.3 	12.4 	1.9 	289.41
32.4 	12.4 	1.9 	289.428
32.5 	12.4 	1.9 	289.428
32.6 	12.4 	1.9 	289.43
32.7 	12.4 	1.9 	289.431
32.8 	12.4 	1.9 	289.43
32.9 	12.4 	1.9 	289.358
33 	12.4 	1.9 	289.358
33.1 	12.4 	1.9 	289.278
33.2 	12.4 	1.9 	289.219
33.3 	12.4 	1.9 	289.194
33.4 	12.4 	1.9 	289.247
33.5 	12.4 	1.9 	289.247
33.6 	12.4 	1.9 	289.345
33.7 	12.4 	1.9 	289.497
33.8 	12.4 	1.9 	289.624
33.9 	12.4 	1.9 	289.586
34 	12.4 	1.9 	289.586
34.1 	12.4 	1.9 	289.542
34.2 	12.4 	1.9 	289.524
34.3 	12.4 	1.9 	289.515
34.4 	12.4 	1.9 	289.508
34.5 	12.4 	1.9 	289.508
34.6 	12.4 	1.9 	289.507
34.7 	12.4 	1.9 	289.505
34.8 	12.4 	1.9 	289.501
34.9 	12.4 	1.9 	289.482
35 	12.4 	1.9 	289.482
35.1 	12.4 	1.9 	289.471
35.2 	12.4 	1.9 	289.461
35.3 	12.4 	1.9 	289.455
31.9 	12.5 	1.9 	289.376
32 	12.5 	1.9 	289.376
32.1 	12.5 	1.9 	289.382
32.2 	12.5 	1.9 	289.397
32.3 	12.5 	1.9 	289.414
32.4 	12.5 	1.9 	289.433
32.5 	12.5 	1.9 	289.433
32.6 	12.5 	1.9 	289.435
32.7 	12.5 	1.9 	289.433
32.8 	12.5 	1.9 	289.427
32.9 	12.5 	1.9 	289.345
33 	12.5 	1.9 	289.345
33.1 	12.5 	1.9 	289.256
33.2 	12.5 	1.9 	289.19
33.3 	12.5 	1.9 	289.166
33.4 	12.5 	1.9 	289.204
33.5 	12.5 	1.9 	289.204
33.6 	12.5 	1.9 	289.301
33.7 	12.5 	1.9 	289.447
33.8 	12.5 	1.9 	289.565
33.9 	12.5 	1.9 	289.566
34 	12.5 	1.9 	289.566
34.1 	12.5 	1.9 	289.528
34.2 	12.5 	1.9 	289.511
34.3 	12.5 	1.9 	289.502
34.4 	12.5 	1.9 	289.496
34.5 	12.5 	1.9 	289.496
34.6 	12.5 	1.9 	289.497
34.7 	12.5 	1.9 	289.498
34.8 	12.5 	1.9 	289.496
34.9 	12.5 	1.9 	289.478
35 	12.5 	1.9 	289.478
35.1 	12.5 	1.9 	289.466
35.2 	12.5 	1.9 	289.456
35.3 	12.5 	1.9 	289.45
31.9 	12.6 	1.9 	289.372
32 	12.6 	1.9 	289.372
32.1 	12.6 	1.9 	289.379
32.2 	12.6 	1.9 	289.397
32.3 	12.6 	1.9 	289.419
32.4 	12.6 	1.9 	289.453
32.5 	12.6 	1.9 	289.453
32.6 	12.6 	1.9 	289.461
32.7 	12.6 	1.9 	289.451
32.8 	12.6 	1.9 	289.434
32.9 	12.6 	1.9 	289.346
33 	12.6 	1.9 	289.346
33.1 	12.6 	1.9 	289.26
33.2 	12.6 	1.9 	289.194
33.3 	12.6 	1.9 	289.171
33.4 	12.6 	1.9 	289.202
33.5 	12.6 	1.9 	289.202
33.6 	12.6 	1.9 	289.299
33.7 	12.6 	1.9 	289.429
33.8 	12.6 	1.9 	289.521
33.9 	12.6 	1.9 	289.532
34 	12.6 	1.9 	289.532
34.1 	12.6 	1.9 	289.506
34.2 	12.6 	1.9 	289.494
34.3 	12.6 	1.9 	289.489
34.4 	12.6 	1.9 	289.487
34.5 	12.6 	1.9 	289.487
34.6 	12.6 	1.9 	289.486
34.7 	12.6 	1.9 	289.487
34.8 	12.6 	1.9 	289.487
34.9 	12.6 	1.9 	289.467
35 	12.6 	1.9 	289.467
35.1 	12.6 	1.9 	289.454
35.2 	12.6 	1.9 	289.445
35.3 	12.6 	1.9 	289.44
31.9 	12.7 	1.9 	289.37
32 	12.7 	1.9 	289.37
32.1 	12.7 	1.9 	289.377
32.2 	12.7 	1.9 	289.396
32.3 	12.7 	1.9 	289.421
32.4 	12.7 	1.9 	289.47
32.5 	12.7 	1.9 	289.47
32.6 	12.7 	1.9 	289.487
32.7 	12.7 	1.9 	289.479
32.8 	12.7 	1.9 	289.452
32.9 	12.7 	1.9 	289.37
33 	12.7 	1.9 	289.37
33.1 	12.7 	1.9 	289.307
33.2 	12.7 	1.9 	289.256
33.3 	12.7 	1.9 	289.233
33.4 	12.7 	1.9 	289.27
33.5 	12.7 	1.9 	289.27
33.6 	12.7 	1.9 	289.35
33.7 	12.7 	1.9 	289.45
33.8 	12.7 	1.9 	289.517
33.9 	12.7 	1.9 	289.521
34 	12.7 	1.9 	289.521
34.1 	12.7 	1.9 	289.504
34.2 	12.7 	1.9 	289.498
34.3 	12.7 	1.9 	289.498
34.4 	12.7 	1.9 	289.491
34.5 	12.7 	1.9 	289.491
34.6 	12.7 	1.9 	289.485
34.7 	12.7 	1.9 	289.482
34.8 	12.7 	1.9 	289.48
34.9 	12.7 	1.9 	289.458
35 	12.7 	1.9 	289.458
35.1 	12.7 	1.9 	289.446
35.2 	12.7 	1.9 	289.438
35.3 	12.7 	1.9 	289.434
31.9 	12.8 	1.9 	289.37
32 	12.8 	1.9 	289.37
32.1 	12.8 	1.9 	289.377
32.2 	12.8 	1.9 	289.396
32.3 	12.8 	1.9 	289.421
32.4 	12.8 	1.9 	289.47
32.5 	12.8 	1.9 	289.47
32.6 	12.8 	1.9 	289.487
32.7 	12.8 	1.9 	289.479
32.8 	12.8 	1.9 	289.452
32.9 	12.8 	1.9 	289.37
33 	12.8 	1.9 	289.37
33.1 	12.8 	1.9 	289.307
33.2 	12.8 	1.9 	289.256
33.3 	12.8 	1.9 	289.233
33.4 	12.8 	1.9 	289.27
33.5 	12.8 	1.9 	289.27
33.6 	12.8 	1.9 	289.35
33.7 	12.8 	1.9 	289.45
33.8 	12.8 	1.9 	289.517
33.9 	12.8 	1.9 	289.521
34 	12.8 	1.9 	289.521
34.1 	12.8 	1.9 	289.504
34.2 	12.8 	1.9 	289.498
34.3 	12.8 	1.9 	289.498
34.4 	12.8 	1.9 	289.491
34.5 	12.8 	1.9 	289.491
34.6 	12.8 	1.9 	289.485
34.7 	12.8 	1.9 	289.482
34.8 	12.8 	1.9 	289.48
34.9 	12.8 	1.9 	289.458
35 	12.8 	1.9 	289.458
35.1 	12.8 	1.9 	289.446
35.2 	12.8 	1.9 	289.438
35.3 	12.8 	1.9 	289.434
31.9 	12.9 	1.9 	289.37
32 	12.9 	1.9 	289.37
32.1 	12.9 	1.9 	289.376
32.2 	12.9 	1.9 	289.395
32.3 	12.9 	1.9 	289.423
32.4 	12.9 	1.9 	289.494
32.5 	12.9 	1.9 	289.494
32.6 	12.9 	1.9 	289.524
32.7 	12.9 	1.9 	289.522
32.8 	12.9 	1.9 	289.485
32.9 	12.9 	1.9 	289.411
33 	12.9 	1.9 	289.411
33.1 	12.9 	1.9 	289.371
33.2 	12.9 	1.9 	289.347
33.3 	12.9 	1.9 	289.337
33.4 	12.9 	1.9 	289.366
33.5 	12.9 	1.9 	289.366
33.6 	12.9 	1.9 	289.415
33.7 	12.9 	1.9 	289.478
33.8 	12.9 	1.9 	289.521
33.9 	12.9 	1.9 	289.52
34 	12.9 	1.9 	289.52
34.1 	12.9 	1.9 	289.514
34.2 	12.9 	1.9 	289.517
34.3 	12.9 	1.9 	289.519
34.4 	12.9 	1.9 	289.502
34.5 	12.9 	1.9 	289.502
34.6 	12.9 	1.9 	289.487
34.7 	12.9 	1.9 	289.477
34.8 	12.9 	1.9 	289.47
34.9 	12.9 	1.9 	289.446
35 	12.9 	1.9 	289.446
35.1 	12.9 	1.9 	289.436
35.2 	12.9 	1.9 	289.431
35.3 	12.9 	1.9 	289.428
31.9 	13 	1.9 	289.375
32 	13 	1.9 	289.375
32.1 	13 	1.9 	289.378
32.2 	13 	1.9 	289.397
32.3 	13 	1.9 	289.43
32.4 	13 	1.9 	289.531
32.5 	13 	1.9 	289.531
32.6 	13 	1.9 	289.573
32.7 	13 	1.9 	289.579
32.8 	13 	1.9 	289.539
32.9 	13 	1.9 	289.46
33 	13 	1.9 	289.46
33.1 	13 	1.9 	289.437
33.2 	13 	1.9 	289.429
33.3 	13 	1.9 	289.427
33.4 	13 	1.9 	289.445
33.5 	13 	1.9 	289.445
33.6 	13 	1.9 	289.473
33.7 	13 	1.9 	289.508
33.8 	13 	1.9 	289.532
33.9 	13 	1.9 	289.538
34 	13 	1.9 	289.538
34.1 	13 	1.9 	289.544
34.2 	13 	1.9 	289.55
34.3 	13 	1.9 	289.55
34.4 	13 	1.9 	289.52
34.5 	13 	1.9 	289.52
34.6 	13 	1.9 	289.494
34.7 	13 	1.9 	289.474
34.8 	13 	1.9 	289.46
34.9 	13 	1.9 	289.435
35 	13 	1.9 	289.435
35.1 	13 	1.9 	289.428
35.2 	13 	1.9 	289.424
35.3 	13 	1.9 	289.423
31.9 	13.1 	1.9 	289.509
32 	13.1 	1.9 	289.509
32.1 	13.1 	1.9 	289.488
32.2 	13.1 	1.9 	289.501
32.3 	13.1 	1.9 	289.568
32.4 	13.1 	1.9 	289.674
32.5 	13.1 	1.9 	289.674
32.6 	13.1 	1.9 	289.695
32.7 	13.1 	1.9 	289.687
32.8 	13.1 	1.9 	289.645
32.9 	13.1 	1.9 	289.558
33 	13.1 	1.9 	289.558
33.1 	13.1 	1.9 	289.54
33.2 	13.1 	1.9 	289.535
33.3 	13.1 	1.9 	289.535
33.4 	13.1 	1.9 	289.544
33.5 	13.1 	1.9 	289.544
33.6 	13.1 	1.9 	289.555
33.7 	13.1 	1.9 	289.569
33.8 	13.1 	1.9 	289.583
33.9 	13.1 	1.9 	289.61
34 	13.1 	1.9 	289.61
34.1 	13.1 	1.9 	289.621
34.2 	13.1 	1.9 	289.628
34.3 	13.1 	1.9 	289.627
34.4 	13.1 	1.9 	289.59
34.5 	13.1 	1.9 	289.59
34.6 	13.1 	1.9 	289.552
34.7 	13.1 	1.9 	289.508
34.8 	13.1 	1.9 	289.467
34.9 	13.1 	1.9 	289.432
35 	13.1 	1.9 	289.432
35.1 	13.1 	1.9 	289.429
35.2 	13.1 	1.9 	289.43
35.3 	13.1 	1.9 	289.436
