/*--------------------------------*- C++ -*----------------------------------*\
| =========                 |                                                 |
| \\      /  F ield         | OpenFOAM: The Open Source CFD Toolbox           |
|  \\    /   O peration     | Version:  2.3.1                                 |
|   \\  /    A nd           | Web:      www.OpenFOAM.org                      |
|    \\/     M anipulation  |                                                 |
\*---------------------------------------------------------------------------*/
FoamFile
{
    version     2.0;
    format      ascii;
    class       volScalarField;
    location    "600";
    object      T;
}
// * * * * * * * * * * * * * * * * * * * * * * * * * * * * * * * * * * * * * //

dimensions      [0 0 0 1 0 0 0];

internalField   nonuniform List<scalar> 
6852
(
289.15
289.15
289.15
289.15
289.15
289.15
289.15
289.15
289.15
289.15
289.15
289.15
289.15
289.15
289.15
289.15
289.15
289.15
289.15
289.15
289.15
289.15
289.15
289.15
289.15
289.15
289.15
289.15
289.15
289.15
289.15
289.15
289.15
289.15
289.15
289.15
289.15
289.15
289.15
289.15
289.15
289.15
289.15
289.15
289.15
289.15
289.15
289.15
289.15
289.15
289.15
289.15
289.15
289.15
289.15
289.15
289.15
289.15
289.15
289.15
289.15
289.15
289.15
289.15
289.15
289.15
289.15
289.15
289.15
289.15
289.15
289.15
289.15
289.15
289.15
289.15
289.15
289.15
289.15
289.15
289.15
289.15
289.15
289.15
289.15
289.15
289.15
289.15
289.15
289.15
289.15
289.15
289.15
289.15
289.15
289.15
289.15
289.15
289.15
289.15
289.15
289.15
289.15
289.15
289.15
289.15
289.15
289.15
289.15
289.15
289.15
289.15
289.15
289.15
289.15
289.15
289.15
289.15
289.15
289.15
289.15
289.15
289.15
289.15
289.15
289.15
289.15
289.15
289.15
289.15
289.15
289.15
289.15
289.15
289.15
289.15
289.15
289.15
289.15
289.15
289.15
289.15
289.15
289.15
289.15
289.15
289.15
289.15
289.15
289.15
289.15
289.15
289.15
289.15
289.15
289.15
289.15
289.15
289.15
289.15
289.15
289.15
289.15
289.15
289.15
289.15
289.15
289.15
289.15
289.15
289.15
289.15
289.15
289.15
289.15
289.15
289.15
289.15
289.15
289.15
289.15
289.15
289.15
289.15
289.15
289.15
289.15
289.15
289.15
289.15
289.15
289.15
289.15
289.15
289.15
289.15
289.15
289.15
289.15
289.15
289.15
289.15
289.15
289.15
289.15
289.15
289.15
289.15
289.15
289.15
289.15
289.15
289.15
289.15
289.15
289.15
289.15
289.15
289.15
289.15
289.15
289.15
289.15
289.15
289.15
289.15
289.15
289.15
289.15
289.15
289.15
289.15
289.15
289.15
289.15
289.15
289.15
289.15
289.15
289.15
289.15
289.15
289.15
289.15
289.15
289.15
289.15
289.15
289.15
289.15
289.15
289.15
289.15
289.15
289.15
289.15
289.15
289.15
289.15
289.15
289.15
289.15
289.15
289.15
289.15
289.15
289.15
289.15
289.15
289.15
289.15
289.15
289.15
289.15
289.15
289.15
289.15
289.15
289.15
289.15
289.15
289.15
289.15
289.15
289.15
289.15
289.15
289.15
289.15
289.15
289.15
289.15
289.15
289.15
289.15
289.15
289.15
289.15
289.15
289.15
289.15
289.15
289.15
289.15
289.15
289.15
289.15
289.15
289.15
289.15
289.15
289.15
289.15
289.15
289.15
289.15
289.15
289.15
289.15
289.15
289.15
289.15
289.15
289.15
289.15
289.15
289.15
289.15
289.15
289.15
289.15
289.15
289.15
289.15
289.15
289.15
289.15
289.15
289.15
289.15
289.15
289.15
289.15
289.15
289.15
289.15
289.15
289.15
289.15
289.15
289.15
289.15
289.15
289.15
289.15
289.15
289.15
289.15
289.15
289.15
289.15
289.15
289.15
289.15
289.15
289.15
289.15
289.15
289.15
289.15
289.15
289.15
289.15
289.15
289.15
289.15
289.15
289.15
289.15
289.15
289.15
289.15
289.15
289.15
289.15
289.15
289.15
289.15
289.15
289.15
289.15
289.15
289.15
289.15
289.15
289.15
289.15
289.15
289.15
289.15
289.15
289.15
289.15
289.15
289.15
289.15
289.15
289.15
289.15
289.15
289.15
289.15
289.15
289.15
289.15
289.15
289.15
289.15
289.15
289.15
289.15
289.15
289.15
289.15
289.15
289.15
289.15
289.15
289.15
289.15
289.15
289.15
289.15
289.15
289.15
289.15
289.15
289.15
289.15
289.15
289.15
289.15
289.15
289.15
289.15
289.15
289.15
289.15
289.15
289.15
289.15
289.15
289.15
289.15
289.15
289.15
289.15
289.15
289.15
289.15
289.15
289.15
289.15
289.15
289.15
289.15
289.15
289.15
289.15
289.15
289.15
289.15
289.15
289.15
289.15
289.15
289.15
289.15
289.15
289.15
289.15
289.15
289.15
289.15
289.15
289.15
289.15
289.15
289.15
289.15
289.15
289.15
289.15
289.15
289.15
289.15
289.15
289.15
289.15
289.15
289.15
289.15
289.15
289.15
289.15
289.15
289.15
289.15
289.15
289.15
289.15
289.15
289.15
289.15
289.15
289.15
289.15
289.15
289.15
289.15
289.15
289.15
289.15
289.15
289.15
289.15
289.15
289.15
289.15
289.15
289.15
289.15
289.15
289.15
289.15
289.15
289.15
289.15
289.15
289.15
289.15
289.15
289.15
289.15
289.15
289.15
289.15
289.15
289.15
289.15
289.15
289.15
289.15
289.15
289.15
289.15
289.15
289.15
289.15
289.15
289.15
289.15
289.15
289.15
289.15
289.15
289.15
289.15
289.15
289.15
289.15
289.15
289.15
289.15
289.15
289.15
289.15
289.15
289.15
289.15
289.15
289.15
289.15
289.15
289.15
289.15
289.15
289.15
289.15
289.15
289.15
289.15
289.15
289.15
289.15
289.15
289.15
289.15
289.15
289.15
289.15
289.15
289.15
289.15
289.15
289.15
289.15
289.15
289.15
289.15
289.15
289.15
289.15
289.15
289.15
289.15
289.15
289.15
289.15
289.15
289.15
289.15
289.15
289.15
289.15
289.15
289.15
289.15
289.15
289.15
289.15
289.15
289.15
289.15
289.15
289.15
289.15
289.15
289.15
289.15
289.15
289.15
289.15
289.15
289.15
289.15
289.15
289.15
289.15
289.15
289.15
289.15
289.15
289.15
289.15
289.15
289.15
289.15
289.15
289.15
289.15
289.15
289.15
289.15
289.15
289.15
289.15
289.15
289.15
289.15
289.15
289.15
289.15
289.15
289.15
289.15
289.15
289.15
289.15
289.15
289.15
289.15
289.15
289.15
289.15
289.15
289.15
289.15
289.15
289.15
289.15
289.15
289.15
289.15
289.15
289.15
289.15
289.15
289.15
289.15
289.15
289.15
289.15
289.15
289.15
289.15
289.15
289.15
289.15
289.15
289.15
289.15
289.15
289.15
289.15
289.15
289.15
289.15
289.15
289.15
289.15
289.15
289.15
289.15
289.15
289.15
289.15
289.15
289.15
289.15
289.15
289.15
289.15
289.15
289.15
289.15
289.15
289.15
289.15
289.15
289.15
289.15
289.15
289.15
289.15
289.15
289.15
289.15
289.15
289.15
289.15
289.15
289.15
289.15
289.15
289.15
289.15
289.15
289.15
289.15
289.15
289.15
289.15
289.15
289.15
289.15
289.15
289.15
289.15
289.15
289.15
289.15
289.15
289.15
289.15
289.15
289.15
289.15
289.15
289.15
289.15
289.15
289.15
289.15
289.15
289.15
289.15
289.15
289.15
289.15
289.15
289.15
289.15
289.15
289.15
289.15
289.15
289.15
289.15
289.15
289.15
289.15
289.15
289.15
289.15
289.15
289.15
289.15
289.15
289.15
289.15
289.15
289.15
289.15
289.15
289.15
289.15
289.15
289.15
289.15
289.15
289.15
289.15
289.15
289.15
289.15
289.15
289.15
289.15
289.15
289.15
289.15
289.15
289.15
289.15
289.15
289.15
289.15
289.15
289.15
289.15
289.15
289.15
289.15
289.15
289.15
289.15
289.15
289.15
289.15
289.15
289.15
289.15
289.15
289.15
289.15
289.15
289.15
289.15
289.15
289.15
289.15
289.15
289.15
289.15
289.15
289.15
289.15
289.15
289.15
289.15
289.15
289.15
289.15
289.15
289.15
289.15
289.15
289.15
289.15
289.15
289.15
289.15
289.15
289.15
289.15
289.15
289.15
289.15
289.15
289.15
289.15
289.15
289.15
289.15
289.15
289.15
289.15
289.15
289.15
289.15
289.15
289.15
289.15
289.15
289.15
289.15
289.15
289.15
289.15
289.15
289.15
289.15
289.15
289.15
289.15
289.15
289.15
289.15
289.15
289.15
289.15
289.15
289.15
289.15
289.15
289.15
289.15
289.15
289.15
289.15
289.15
289.15
289.15
289.15
289.15
289.15
289.15
289.15
289.15
289.15
289.15
289.15
289.15
289.15
289.15
289.15
289.15
289.15
289.15
289.15
289.15
289.15
289.15
289.15
289.15
289.15
289.15
289.15
289.15
289.15
289.15
289.15
289.15
289.15
289.15
289.15
289.15
289.15
289.15
289.15
289.15
289.15
289.15
289.15
289.15
289.15
289.15
289.15
289.15
289.15
289.15
289.15
289.15
289.15
289.15
289.15
289.15
289.15
289.15
289.15
289.15
289.15
289.15
289.15
289.15
289.15
289.15
289.15
289.15
289.15
289.15
289.15
289.15
289.15
289.15
289.15
289.15
289.15
289.15
289.15
289.15
289.15
289.15
289.15
289.15
289.15
289.15
289.15
289.15
289.15
289.15
289.15
289.15
289.15
289.15
289.15
289.15
289.15
289.15
289.15
289.15
289.15
289.15
289.15
289.15
289.15
289.15
289.15
289.15
289.15
289.15
289.15
289.15
289.15
289.15
289.15
289.15
289.15
289.15
289.15
289.15
289.15
289.15
289.15
289.15
289.15
289.15
289.15
289.15
289.15
289.15
289.15
289.15
289.15
289.15
289.15
289.15
289.15
289.15
289.15
289.15
289.15
289.15
289.15
289.15
289.15
289.15
289.15
289.15
289.15
289.15
289.15
289.15
289.15
289.15
289.15
289.15
289.15
289.15
289.15
289.15
289.15
289.15
289.15
289.15
289.15
289.15
289.15
289.15
289.15
289.15
289.15
289.15
289.15
289.15
289.15
289.15
289.15
289.15
289.15
289.15
289.15
289.15
289.15
289.15
289.15
289.15
289.15
289.15
289.15
289.15
289.15
289.15
289.15
289.15
289.15
289.15
289.15
289.15
289.15
289.15
289.15
289.15
289.15
289.15
289.15
289.15
289.15
289.15
289.15
289.15
289.15
289.15
289.15
289.15
289.15
289.15
289.15
289.15
289.15
289.15
289.15
289.15
289.15
289.15
289.15
289.15
289.15
289.15
289.15
289.15
289.15
289.15
289.15
289.15
289.15
289.15
289.15
289.15
289.15
289.15
289.15
289.15
289.15
289.15
289.15
289.15
289.15
289.15
289.15
289.15
289.15
289.15
289.15
289.15
289.15
289.15
289.15
289.15
289.15
289.15
289.15
289.15
289.15
289.15
289.15
289.15
289.15
289.15
289.15
289.15
289.15
289.15
289.15
289.15
289.15
289.15
289.15
289.15
289.15
289.15
289.15
289.15
289.15
289.15
289.15
289.15
289.15
289.15
289.15
289.15
289.15
289.15
289.15
289.15
289.15
289.15
289.15
289.15
289.15
289.15
289.15
289.15
289.15
289.15
289.15
289.15
289.15
289.15
289.15
289.15
289.15
289.15
289.15
289.15
289.15
289.15
289.15
289.15
289.15
289.15
289.15
289.15
289.15
289.15
289.15
289.15
289.15
289.15
289.15
289.15
289.15
289.15
289.15
289.15
289.15
289.15
289.15
289.15
289.15
289.15
289.15
289.15
289.15
289.15
289.15
289.15
289.15
289.15
289.15
289.15
289.15
289.15
289.15
289.15
289.15
289.15
289.15
289.15
289.15
289.15
289.15
289.15
289.15
289.15
289.15
289.15
289.15
289.15
289.15
289.15
289.15
289.15
289.15
289.15
289.15
289.15
289.15
289.15
289.15
289.15
289.15
289.15
289.15
289.15
289.15
289.15
289.15
289.15
289.15
289.15
289.15
289.15
289.15
289.15
289.15
289.15
289.15
289.15
289.15
289.15
289.15
289.15
289.15
289.15
289.15
289.15
289.15
289.15
289.15
289.15
289.15
289.15
289.15
289.15
289.15
289.15
289.15
289.15
289.15
289.15
289.15
289.15
289.15
289.15
289.15
289.15
289.15
289.15
289.15
289.15
289.15
289.15
289.15
289.15
289.15
289.15
289.15
289.15
289.15
289.15
289.15
289.15
289.15
289.15
289.15
289.15
289.15
289.15
289.15
289.15
289.15
289.15
289.15
289.15
289.15
289.15
289.15
289.15
289.15
289.15
289.15
289.15
289.15
289.15
289.15
289.15
289.15
289.15
289.15
289.15
289.15
289.15
289.15
289.15
289.15
289.15
289.15
289.15
289.15
289.15
289.15
289.15
289.15
289.15
289.15
289.15
289.15
289.15
289.15
289.15
289.15
289.15
289.15
289.15
289.15
289.15
289.15
289.15
289.15
289.15
289.15
289.15
289.15
289.15
289.15
289.15
289.15
289.15
289.15
289.15
289.15
289.15
289.15
289.15
289.15
289.15
289.15
289.15
289.15
289.15
289.151
289.15
289.15
289.15
289.15
289.15
289.15
289.15
289.15
289.15
289.15
289.15
289.15
289.15
289.15
289.15
289.15
289.15
289.15
289.15
289.15
289.15
289.15
289.15
289.15
289.15
289.15
289.15
290.205
290.206
290.207
290.208
290.208
290.209
290.204
290.205
290.206
290.207
290.207
290.208
290.203
290.204
290.205
290.207
290.208
290.209
290.073
290.053
290.038
290.024
290.011
290.066
290.047
290.031
290.018
290.008
290.047
290.03
290.016
290.005
289.996
290.028
290.014
290.003
289.995
289.988
290.01
290.001
289.993
289.988
289.983
289.995
289.99
289.986
289.983
289.981
289.982
289.982
289.983
289.986
289.988
289.976
289.991
290.013
290.037
290.055
289.998
290.152
290.313
290.462
290.545
290.189
291.842
292.916
293.814
294.052
290.773
296.984
298.162
298.558
298.668
291.929
298.936
299.07
299.078
299.079
291.318
290.937
290.691
290.526
290.405
290.309
290.219
290.1
289.812
289.192
289.154
289.15
289.15
289.655
289.168
289.151
289.15
289.15
289.574
289.162
289.15
289.15
289.15
289.525
289.161
289.15
289.15
289.15
289.523
289.162
289.151
289.15
289.15
289.151
289.519
289.188
289.162
289.16
289.16
289.164
289.639
289.528
289.501
289.486
289.508
289.543
289.678
289.666
289.654
289.652
289.682
289.707
289.703
289.695
289.683
289.683
289.709
289.726
289.715
289.705
289.694
289.692
289.709
289.723
290.208
290.209
290.21
290.21
290.211
290.212
290.21
290.21
290.211
290.211
290.211
290.212
290.206
290.207
290.208
290.209
290.21
290.211
290.038
290.024
290.014
290.005
289.997
290.015
289.997
289.985
289.978
289.973
289.989
289.975
289.965
289.96
289.957
289.964
289.955
289.95
289.948
289.948
289.944
289.941
289.94
289.942
289.945
289.929
289.932
289.938
289.944
289.95
289.923
289.937
289.952
289.967
289.978
289.937
289.985
290.038
290.085
290.115
290.022
290.286
290.539
290.747
290.845
290.376
292.236
293.593
294.634
294.96
291.163
296.693
298.035
298.48
298.611
292.186
298.726
299.021
299.054
299.061
291.483
291.054
290.787
290.607
290.476
290.37
290.267
290.11
289.757
289.232
289.16
289.151
289.151
289.606
289.189
289.152
289.15
289.15
289.53
289.175
289.151
289.15
289.15
289.485
289.171
289.151
289.15
289.15
289.488
289.176
289.152
289.151
289.151
289.486
289.218
289.175
289.17
289.171
289.178
289.57
289.475
289.459
289.448
289.466
289.497
289.629
289.612
289.604
289.612
289.645
289.671
289.67
289.667
289.661
289.672
289.701
289.715
289.703
289.696
289.686
289.686
289.705
289.716
290.218
290.218
290.218
290.219
290.219
290.219
290.219
290.22
290.221
290.22
290.22
290.22
290.215
290.216
290.217
290.217
290.217
290.217
290.008
289.986
289.972
289.964
289.961
289.961
289.96
289.946
289.939
289.936
289.936
289.928
289.92
289.917
289.918
289.921
289.9
289.899
289.902
289.908
289.915
289.881
289.888
289.898
289.909
289.92
289.875
289.893
289.913
289.933
289.949
289.892
289.934
289.979
290.017
290.041
289.962
290.088
290.215
290.316
290.359
290.18
290.667
291.165
291.578
291.683
290.763
293.075
294.538
295.494
295.847
291.693
296.734
298.047
298.471
298.599
292.785
298.667
299
299.041
299.05
291.723
291.174
290.865
290.662
290.514
290.388
290.262
290.063
289.693
289.264
289.17
289.153
289.153
289.557
289.21
289.156
289.15
289.151
289.492
289.188
289.152
289.15
289.15
289.452
289.181
289.152
289.15
289.15
289.458
289.189
289.155
289.152
289.152
289.461
289.242
289.188
289.179
289.18
289.527
289.441
289.429
289.421
289.434
289.459
289.584
289.567
289.568
289.581
289.607
289.624
289.637
289.634
289.633
289.65
289.671
289.68
289.683
289.677
289.669
289.674
289.688
289.694
290.23
290.23
290.23
290.23
290.229
290.229
290.231
290.232
290.233
290.232
290.232
290.231
290.226
290.227
290.227
290.228
290.227
290.227
289.971
289.952
289.94
289.932
289.929
289.93
289.932
289.918
289.91
289.906
289.907
289.91
289.88
289.879
289.884
289.891
289.899
289.851
289.86
289.874
289.888
289.902
289.838
289.861
289.885
289.908
289.927
289.851
289.895
289.939
289.977
290.004
289.911
290.008
290.101
290.17
290.203
290.073
290.332
290.567
290.725
290.771
290.456
291.347
292.108
292.646
292.759
291.197
293.701
295.22
296.105
296.434
292.219
296.796
298.078
298.477
298.597
293.212
298.648
298.992
299.036
299.046
291.844
291.216
290.879
290.658
290.491
290.343
290.196
289.979
289.629
289.284
289.181
289.156
289.157
289.515
289.228
289.16
289.151
289.151
289.459
289.2
289.154
289.15
289.15
289.426
289.191
289.153
289.15
289.15
289.432
289.202
289.158
289.153
289.153
289.441
289.26
289.2
289.188
289.189
289.497
289.421
289.407
289.4
289.409
289.552
289.533
289.54
289.554
289.573
289.582
289.612
289.608
289.608
289.626
289.64
289.646
289.669
289.661
289.649
289.655
289.664
289.669
290.243
290.243
290.243
290.243
290.242
290.241
290.244
290.245
290.246
290.246
290.245
290.244
290.239
290.24
290.24
290.24
290.239
290.238
289.947
289.932
289.922
289.916
289.913
289.913
289.897
289.889
289.886
289.888
289.892
289.898
289.845
289.846
289.855
289.867
289.881
289.895
289.821
289.843
289.87
289.895
289.916
289.822
289.867
289.913
289.951
289.981
289.869
289.956
290.04
290.103
290.135
290.001
290.196
290.36
290.464
290.491
290.29
290.772
291.184
291.423
291.418
290.808
291.998
292.946
293.56
293.716
291.608
294.216
295.749
296.568
296.861
292.597
296.873
298.115
298.495
298.605
293.437
298.641
298.99
299.034
299.044
291.795
291.139
290.796
290.564
290.381
290.218
290.072
289.872
289.57
289.295
289.192
289.161
289.162
289.479
289.243
289.167
289.153
289.153
289.433
289.211
289.157
289.151
289.151
289.404
289.2
289.155
289.151
289.151
289.411
289.214
289.161
289.155
289.155
289.425
289.273
289.211
289.196
289.197
289.475
289.407
289.39
289.383
289.391
289.529
289.509
289.518
289.53
289.54
289.593
289.588
289.59
289.604
289.614
289.617
289.658
289.646
289.634
289.637
289.644
289.647
290.256
290.258
290.258
290.257
290.256
290.254
290.258
290.26
290.261
290.261
290.26
290.258
290.253
290.254
290.254
290.254
290.253
290.251
289.932
289.921
289.914
289.91
289.908
289.909
289.874
289.871
289.874
289.881
289.89
289.899
289.817
289.828
289.846
289.868
289.891
289.91
289.781
289.811
289.852
289.895
289.933
289.963
289.84
289.92
289.994
290.055
290.091
289.94
290.102
290.245
290.329
290.355
290.155
290.489
290.774
290.928
290.91
290.538
291.233
291.816
292.157
292.173
291.13
292.556
293.651
294.316
294.49
291.924
294.614
296.152
296.921
297.181
292.782
296.938
298.149
298.518
298.621
293.396
298.628
298.989
299.035
299.045
291.557
290.926
290.6
290.372
290.188
290.037
289.912
289.761
289.519
289.298
289.202
289.168
289.17
289.449
289.254
289.174
289.155
289.156
289.411
289.22
289.16
289.151
289.151
289.387
289.208
289.157
289.151
289.151
289.394
289.224
289.166
289.157
289.157
289.412
289.283
289.221
289.203
289.204
289.458
289.397
289.378
289.371
289.377
289.511
289.491
289.498
289.507
289.513
289.577
289.569
289.573
289.584
289.59
289.646
289.631
289.618
289.621
289.626
289.628
290.271
290.273
290.273
290.272
290.271
290.269
290.273
290.276
290.277
290.276
290.275
290.273
290.269
290.27
290.27
290.269
290.267
290.265
289.926
289.918
289.913
289.911
289.911
289.913
289.86
289.863
289.872
289.884
289.898
289.912
289.804
289.824
289.854
289.888
289.92
289.946
289.775
289.824
289.889
289.956
290.009
290.049
289.782
289.883
290.014
290.14
290.224
290.258
290.033
290.288
290.515
290.648
290.655
290.311
290.788
291.203
291.437
291.431
290.747
291.638
292.386
292.823
292.865
291.358
292.984
294.211
294.924
295.11
292.096
294.874
296.442
297.187
297.423
292.791
296.935
298.17
298.542
298.641
293.095
298.616
298.987
299.036
299.046
291.274
290.627
290.33
290.129
289.972
289.85
289.765
289.665
289.478
289.298
289.21
289.176
289.179
289.425
289.262
289.182
289.159
289.16
289.394
289.229
289.163
289.152
289.152
289.374
289.215
289.159
289.152
289.152
289.381
289.233
289.17
289.159
289.158
289.401
289.291
289.229
289.209
289.21
289.445
289.39
289.369
289.361
289.367
289.498
289.477
289.481
289.487
289.492
289.564
289.553
289.557
289.565
289.568
289.634
289.616
289.603
289.606
289.609
290.286
290.289
290.289
290.289
290.287
290.284
290.29
290.293
290.294
290.293
290.292
290.289
290.287
290.288
290.287
290.286
290.283
290.28
289.927
289.922
289.919
289.919
289.921
289.925
289.857
289.866
289.88
289.898
289.917
289.936
289.806
289.836
289.878
289.926
289.969
290.005
289.784
289.852
289.945
290.043
290.124
290.166
289.801
289.937
290.122
290.306
290.432
290.468
289.87
290.122
290.465
290.786
290.984
291.006
290.433
291.043
291.593
291.917
291.935
290.886
291.947
292.855
293.392
293.467
291.474
293.268
294.629
295.4
295.601
292.122
294.999
296.634
297.383
297.607
292.642
296.872
298.173
298.563
298.661
292.665
298.593
298.985
299.037
299.048
290.96
290.313
290.067
289.911
289.799
289.718
289.667
289.593
289.447
289.297
289.217
289.185
289.189
289.405
289.268
289.189
289.164
289.166
289.38
289.236
289.168
289.154
289.154
289.364
289.222
289.162
289.152
289.152
289.37
289.24
289.175
289.161
289.161
289.393
289.296
289.236
289.215
289.216
289.435
289.385
289.362
289.354
289.359
289.487
289.466
289.466
289.47
289.474
289.552
289.539
289.542
289.548
289.55
289.62
289.599
289.589
289.59
289.592
290.303
290.306
290.306
290.306
290.304
290.301
290.308
290.311
290.312
290.311
290.309
290.306
290.306
290.307
290.306
290.303
290.3
290.296
289.937
289.933
289.931
289.933
289.937
289.944
289.868
289.88
289.899
289.923
289.948
289.973
289.82
289.858
289.913
289.978
290.04
290.081
289.803
289.887
290.007
290.142
290.25
290.303
289.826
289.99
290.225
290.467
290.64
290.695
289.898
290.194
290.615
291.028
291.299
291.346
290.022
290.514
291.236
291.916
292.338
292.391
290.957
292.155
293.215
293.857
293.973
291.496
293.422
294.919
295.761
295.984
292.042
295.016
296.745
297.523
297.745
292.406
296.763
298.161
298.579
298.68
292.248
298.548
298.983
299.039
299.05
290.667
290.059
289.873
289.764
289.69
289.639
289.605
289.542
289.423
289.296
289.224
289.193
289.199
289.389
289.271
289.197
289.17
289.173
289.369
289.243
289.172
289.156
289.156
289.355
289.228
289.165
289.153
289.153
289.362
289.247
289.179
289.163
289.163
289.385
289.3
289.242
289.22
289.221
289.427
289.38
289.357
289.349
289.353
289.479
289.457
289.454
289.457
289.46
289.542
289.527
289.528
289.532
289.533
289.606
289.582
289.575
289.575
289.577
290.32
290.324
290.325
290.324
290.322
290.318
290.328
290.331
290.331
290.33
290.328
290.324
290.327
290.327
290.325
290.322
290.318
290.313
289.957
289.953
289.951
289.954
289.961
289.969
289.891
289.904
289.926
289.956
289.991
290.019
289.846
289.889
289.954
290.037
290.115
290.166
289.832
289.927
290.071
290.235
290.373
290.443
289.857
290.041
290.314
290.61
290.833
290.912
289.926
290.25
290.732
291.229
291.575
291.656
290.04
290.565
291.371
292.167
292.689
292.786
290.183
290.981
292.278
293.474
294.223
294.385
291.462
293.481
295.107
296.028
296.277
291.912
294.962
296.799
297.622
297.848
292.153
296.639
298.141
298.591
298.695
291.885
298.508
298.981
299.04
299.052
290.424
289.898
289.752
289.675
289.624
289.59
289.565
289.506
289.405
289.295
289.229
289.201
289.209
289.376
289.274
289.205
289.178
289.182
289.359
289.248
289.178
289.158
289.16
289.348
289.234
289.169
289.154
289.155
289.355
289.252
289.184
289.165
289.166
289.38
289.303
289.248
289.225
289.226
289.421
289.377
289.353
289.344
289.348
289.472
289.45
289.444
289.445
289.449
289.533
289.516
289.515
289.517
289.519
289.589
289.567
289.561
289.561
289.563
290.339
290.342
290.344
290.343
290.34
290.336
290.349
290.352
290.352
290.351
290.348
290.343
290.35
290.35
290.347
290.343
290.337
290.331
289.987
289.981
289.979
289.983
289.99
289.998
289.924
289.936
289.96
289.997
290.037
290.069
289.882
289.927
290.002
290.097
290.188
290.25
289.87
289.972
290.132
290.321
290.487
290.575
289.895
290.091
290.391
290.732
291.002
291.108
289.961
290.298
290.822
291.391
291.808
291.927
290.062
290.601
291.463
292.356
292.972
293.117
290.185
290.986
292.344
293.655
294.505
294.715
290.299
291.41
293.485
295.222
296.222
296.499
291.781
294.882
296.819
297.69
297.924
291.936
296.529
298.122
298.6
298.706
291.609
298.482
298.981
299.042
299.053
290.252
289.802
289.681
289.622
289.585
289.561
289.539
289.48
289.391
289.294
289.234
289.209
289.219
289.366
289.276
289.212
289.186
289.191
289.352
289.252
289.184
289.162
289.164
289.343
289.239
289.173
289.156
289.156
289.35
289.257
289.189
289.168
289.168
289.375
289.305
289.252
289.229
289.23
289.415
289.374
289.35
289.34
289.344
289.466
289.443
289.436
289.435
289.439
289.523
289.506
289.504
289.505
289.507
289.573
289.553
289.548
289.548
289.55
290.359
290.363
290.364
290.363
290.36
290.355
290.372
290.375
290.374
290.372
290.369
290.363
290.376
290.374
290.37
290.364
290.358
290.35
290.026
290.018
290.016
290.018
290.024
290.03
289.967
289.978
290.004
290.042
290.085
290.121
289.929
289.975
290.053
290.155
290.259
290.331
289.919
290.024
290.192
290.4
290.59
290.696
289.944
290.143
290.461
290.837
291.149
291.281
290.005
290.347
290.898
291.521
292.002
292.157
290.096
290.636
291.531
292.499
293.199
293.389
290.202
290.992
292.383
293.782
294.721
294.974
290.292
291.37
293.47
295.295
296.364
296.664
290.326
291.683
294.812
296.826
297.741
297.977
291.781
296.454
298.111
298.609
298.713
291.422
298.473
298.984
299.044
299.055
290.142
289.747
289.64
289.592
289.562
289.542
289.521
289.461
289.38
289.294
289.24
289.217
289.229
289.358
289.278
289.219
289.194
289.201
289.345
289.256
289.19
289.166
289.169
289.338
289.244
289.177
289.158
289.159
289.346
289.26
289.194
289.171
289.171
289.37
289.307
289.256
289.233
289.235
289.411
289.371
289.347
289.337
289.341
289.46
289.437
289.429
289.427
289.431
289.514
289.496
289.493
289.493
289.496
289.558
289.54
289.535
289.535
289.538
290.38
290.384
290.385
290.384
290.381
290.375
290.397
290.399
290.398
290.395
290.391
290.384
290.403
290.4
290.394
290.387
290.379
290.371
290.075
290.067
290.061
290.058
290.061
290.066
290.021
290.031
290.053
290.09
290.134
290.173
289.987
290.031
290.108
290.215
290.327
290.407
289.979
290.082
290.254
290.476
290.685
290.805
290.004
290.203
290.53
290.93
291.276
291.432
290.061
290.403
290.968
291.631
292.163
292.351
290.145
290.68
291.592
292.614
293.381
293.61
290.238
291.013
292.418
293.879
294.889
295.175
290.312
291.358
293.465
295.35
296.473
296.785
290.327
291.63
294.775
296.84
297.782
298.012
290.242
291.692
296.426
298.114
298.62
298.717
291.312
298.483
298.988
299.046
299.056
290.079
289.719
289.619
289.576
289.55
289.532
289.51
289.447
289.372
289.294
289.245
289.226
289.239
289.351
289.279
289.226
289.203
289.212
289.34
289.259
289.196
289.172
289.176
289.334
289.248
289.181
289.16
289.161
289.342
289.264
289.199
289.174
289.175
289.367
289.308
289.26
289.237
289.239
289.406
289.369
289.345
289.335
289.339
289.454
289.432
289.422
289.42
289.424
289.504
289.488
289.483
289.483
289.487
289.544
289.528
289.523
289.524
289.527
290.403
290.407
290.408
290.407
290.403
290.396
290.425
290.426
290.424
290.42
290.414
290.407
290.434
290.429
290.421
290.412
290.403
290.392
290.137
290.124
290.111
290.103
290.101
290.103
290.087
290.092
290.109
290.142
290.186
290.225
290.057
290.095
290.169
290.277
290.395
290.481
290.051
290.15
290.322
290.551
290.774
290.906
290.077
290.272
290.603
291.02
291.391
291.565
290.133
290.471
291.043
291.732
292.303
292.515
290.212
290.74
291.659
292.716
293.534
293.789
290.297
291.058
292.467
293.967
295.027
295.33
290.358
291.379
293.49
295.409
296.563
296.871
290.359
291.626
294.786
296.872
297.821
298.031
290.262
291.662
296.449
298.135
298.634
298.716
290.048
291.261
298.508
298.994
299.049
299.057
290.049
289.708
289.611
289.57
289.545
289.527
289.502
289.437
289.366
289.294
289.25
289.234
289.249
289.346
289.281
289.232
289.211
289.222
289.336
289.262
289.203
289.178
289.183
289.331
289.252
289.186
289.163
289.165
289.339
289.266
289.203
289.177
289.178
289.363
289.309
289.263
289.24
289.242
289.402
289.367
289.343
289.334
289.338
289.449
289.427
289.417
289.414
289.418
289.496
289.48
289.474
289.474
289.478
289.531
289.516
289.512
289.513
289.517
290.427
290.431
290.432
290.431
290.426
290.419
290.455
290.455
290.453
290.448
290.441
290.431
290.469
290.462
290.452
290.44
290.428
290.415
290.209
290.189
290.169
290.154
290.146
290.143
290.164
290.162
290.172
290.199
290.24
290.279
290.138
290.169
290.238
290.344
290.464
290.554
290.135
290.228
290.397
290.629
290.861
291.001
290.163
290.353
290.684
291.11
291.498
291.684
290.22
290.553
291.128
291.832
292.429
292.655
290.298
290.82
291.742
292.82
293.669
293.935
290.377
291.13
292.541
294.061
295.147
295.448
290.43
291.438
293.553
295.484
296.645
296.926
290.42
291.666
294.849
296.927
297.863
298.038
290.309
291.681
296.523
298.173
298.652
298.713
290.084
291.255
298.547
299.002
299.052
299.057
289.798
290.045
289.712
289.613
289.571
289.546
289.526
289.499
289.43
289.362
289.295
289.255
289.242
289.259
289.343
289.282
289.238
289.22
289.233
289.332
289.265
289.209
289.185
289.192
289.328
289.255
289.191
289.167
289.169
289.336
289.269
289.208
289.181
289.182
289.36
289.309
289.266
289.244
289.246
289.398
289.365
289.342
289.332
289.337
289.444
289.423
289.412
289.409
289.413
289.487
289.472
289.466
289.466
289.47
289.518
289.506
289.502
289.503
289.507
290.453
290.457
290.459
290.457
290.452
290.443
290.49
290.489
290.485
290.479
290.47
290.459
290.51
290.5
290.487
290.473
290.457
290.441
290.292
290.264
290.235
290.211
290.195
290.186
290.253
290.242
290.243
290.263
290.299
290.335
290.231
290.254
290.315
290.418
290.538
290.629
290.232
290.317
290.482
290.715
290.951
291.094
290.264
290.449
290.778
291.208
291.606
291.795
290.325
290.654
291.229
291.941
292.551
292.779
290.404
290.923
291.847
292.934
293.795
294.055
290.482
291.231
292.647
294.171
295.259
295.534
290.529
291.532
293.661
295.581
296.724
296.956
290.507
291.748
294.965
297.008
297.907
298.033
290.382
291.741
296.64
298.228
298.667
298.707
290.141
291.284
298.594
299.01
299.054
299.058
289.844
290.06
289.696
289.727
289.624
289.58
289.552
289.53
289.498
289.426
289.36
289.297
289.261
289.25
289.269
289.341
289.285
289.244
289.228
289.243
289.33
289.268
289.216
289.193
289.202
289.326
289.258
289.197
289.171
289.174
289.334
289.271
289.212
289.185
289.186
289.358
289.31
289.269
289.247
289.25
289.395
289.364
289.341
289.332
289.336
289.439
289.419
289.408
289.404
289.409
289.479
289.465
289.459
289.458
289.463
289.506
289.495
289.492
289.493
289.497
290.482
290.487
290.488
290.487
290.481
290.471
290.53
290.529
290.525
290.516
290.505
290.491
290.564
290.552
290.535
290.515
290.494
290.473
290.387
290.349
290.309
290.274
290.249
290.234
290.354
290.332
290.323
290.335
290.366
290.398
290.337
290.35
290.404
290.502
290.621
290.71
290.345
290.421
290.581
290.812
291.05
291.191
290.383
290.562
290.889
291.32
291.72
291.905
290.45
290.775
291.351
292.065
292.677
292.893
290.533
291.052
291.979
293.065
293.922
294.154
290.612
291.363
292.788
294.303
295.369
295.59
290.654
291.662
293.812
295.704
296.802
296.963
290.622
291.868
295.128
297.114
297.944
298.017
290.48
291.84
296.788
298.291
298.681
298.697
290.221
291.355
298.632
299.017
299.056
299.058
289.907
290.092
289.749
289.754
289.666
289.643
289.596
289.564
289.538
289.501
289.424
289.359
289.3
289.267
289.258
289.279
289.34
289.287
289.25
289.236
289.253
289.328
289.27
289.223
289.202
289.212
289.324
289.261
289.203
289.176
289.18
289.332
289.273
289.217
289.189
289.191
289.356
289.311
289.271
289.251
289.254
289.392
289.362
289.341
289.331
289.336
289.434
289.415
289.404
289.401
289.405
289.471
289.458
289.452
289.451
289.456
289.494
289.486
289.483
289.484
289.488
290.515
290.521
290.524
290.521
290.515
290.503
290.581
290.583
290.578
290.567
290.551
290.532
290.645
290.632
290.61
290.581
290.55
290.52
290.496
290.446
290.393
290.346
290.311
290.288
290.47
290.434
290.414
290.418
290.443
290.47
290.459
290.461
290.507
290.601
290.717
290.801
290.475
290.542
290.698
290.927
291.164
291.296
290.521
290.695
291.021
291.452
291.848
292.018
290.597
290.921
291.498
292.211
292.813
293.001
290.688
291.209
292.142
293.22
294.053
294.237
290.771
291.528
292.965
294.458
295.477
295.621
290.81
291.829
294.003
295.85
296.869
296.948
290.768
292.027
295.323
297.229
297.972
297.988
290.607
291.98
296.942
298.343
298.691
298.681
290.327
291.452
298.659
299.023
299.058
299.058
289.994
290.14
289.823
289.794
289.73
289.674
289.666
289.622
289.585
289.553
289.508
289.426
289.361
289.305
289.275
289.268
289.29
289.34
289.291
289.256
289.245
289.263
289.327
289.274
289.23
289.211
289.222
289.323
289.264
289.209
289.182
289.188
289.33
289.275
289.222
289.193
289.196
289.354
289.311
289.274
289.254
289.258
289.389
289.361
289.341
289.332
289.336
289.429
289.411
289.401
289.397
289.402
289.463
289.451
289.445
289.445
289.45
289.483
289.476
289.474
289.475
289.479
290.555
290.563
290.565
290.563
290.556
290.543
290.648
290.654
290.65
290.637
290.615
290.589
290.764
290.764
290.737
290.697
290.65
290.6
290.623
290.557
290.489
290.43
290.385
290.355
290.604
290.553
290.521
290.517
290.538
290.56
290.602
290.591
290.63
290.72
290.834
290.911
290.627
290.686
290.838
291.067
291.299
291.418
290.685
290.854
291.18
291.61
291.996
292.141
290.773
291.097
291.678
292.384
292.963
293.108
290.876
291.4
292.34
293.401
294.189
294.3
290.965
291.731
293.179
294.634
295.578
295.624
291.004
292.034
294.224
296.006
296.916
296.906
290.951
292.221
295.527
297.321
297.983
297.936
290.772
292.148
297.051
298.374
298.691
298.652
290.468
291.522
298.677
299.025
299.057
299.056
290.122
290.208
289.939
289.856
289.834
289.729
289.754
289.668
289.688
289.625
289.583
289.528
289.434
289.368
289.315
289.287
289.281
289.304
289.343
289.297
289.265
289.255
289.275
289.328
289.278
289.237
289.219
289.233
289.322
289.267
289.215
289.189
289.196
289.329
289.277
289.226
289.198
289.202
289.352
289.312
289.277
289.258
289.262
289.387
289.36
289.341
289.332
289.337
289.425
289.408
289.398
289.395
289.399
289.455
289.445
289.439
289.439
289.444
289.471
289.466
289.465
289.466
289.471
290.604
290.615
290.621
290.62
290.613
290.598
290.732
290.742
290.743
290.732
290.708
290.675
290.92
290.934
290.916
290.876
290.818
290.748
290.782
290.691
290.603
290.53
290.478
290.442
290.765
290.696
290.652
290.641
290.658
290.675
290.771
290.747
290.781
290.87
290.98
291.046
290.808
290.86
291.011
291.239
291.464
291.56
290.883
291.048
291.376
291.802
292.17
292.276
290.988
291.312
291.896
292.591
293.131
293.214
291.106
291.634
292.578
293.608
294.326
294.345
291.208
291.979
293.424
294.825
295.654
295.599
291.252
292.286
294.451
296.13
296.928
296.825
291.192
292.451
295.645
297.355
297.954
297.837
290.995
292.275
297.006
298.328
298.644
298.573
290.683
291.582
298.508
298.958
299.016
299.024
290.348
290.346
290.164
290.012
290.044
289.889
289.937
289.814
289.839
289.751
289.739
289.682
289.594
289.465
289.384
289.337
289.313
289.309
289.331
289.349
289.306
289.277
289.269
289.289
289.33
289.282
289.244
289.229
289.244
289.322
289.27
289.221
289.196
289.205
289.328
289.279
289.231
289.204
289.208
289.351
289.313
289.281
289.263
289.267
289.385
289.36
289.342
289.334
289.338
289.42
289.405
289.396
289.393
289.397
289.447
289.438
289.434
289.434
289.438
289.459
289.456
289.456
289.457
289.462
290.644
290.665
290.683
290.696
290.701
290.695
290.835
290.853
290.863
290.861
290.844
290.808
291.094
291.126
291.138
291.129
291.098
291.041
291.436
291.492
291.513
291.511
291.488
291.44
291.75
291.839
291.859
291.833
291.777
291.696
291.894
292.011
292.028
291.973
291.872
291.74
291.872
291.976
291.98
291.906
291.775
291.599
291.778
291.837
291.807
291.709
291.562
291.376
291.639
291.641
291.57
291.448
291.298
291.131
291.459
291.4
291.288
291.151
291.014
290.884
291.239
291.131
290.999
290.873
290.771
290.689
291.003
290.885
290.776
290.692
290.636
290.596
290.967
290.88
290.827
290.816
290.833
290.842
290.979
290.944
290.975
291.065
291.172
291.218
291.032
291.077
291.23
291.458
291.668
291.73
291.127
291.289
291.62
292.039
292.376
292.426
291.256
291.579
292.163
292.834
293.316
293.316
291.401
291.927
292.857
293.84
294.456
294.375
291.529
292.295
293.691
294.995
295.7
295.544
291.596
292.594
294.611
296.192
296.89
296.693
291.544
292.688
295.515
297.243
297.834
297.648
291.351
292.409
296.058
297.815
298.356
298.293
291.077
291.732
295.121
296.891
297.794
298.212
290.818
290.891
292.184
293.493
294.46
295.059
290.663
290.689
292.045
293.281
293.972
294.155
290.523
290.594
292.029
293.147
293.483
293.314
290.361
290.472
291.934
292.778
292.909
292.699
290.187
290.317
291.698
292.37
292.376
292.135
289.995
290.118
291.279
291.909
291.84
291.573
289.792
289.877
290.729
291.218
291.159
290.934
289.595
289.583
289.831
289.947
289.914
289.845
289.421
289.407
289.4
289.394
289.408
289.361
289.324
289.299
289.292
289.312
289.333
289.289
289.253
289.239
289.255
289.322
289.274
289.228
289.204
289.214
289.327
289.282
289.237
289.21
289.216
289.35
289.315
289.284
289.267
289.272
289.383
289.36
289.343
289.335
289.34
289.415
289.402
289.393
289.391
289.395
289.438
289.431
289.428
289.428
289.433
289.446
289.445
289.445
289.448
289.453
290.764
290.823
290.894
290.976
291.055
291.108
291.013
291.077
291.153
291.241
291.328
291.386
291.317
291.386
291.452
291.516
291.569
291.595
291.65
291.725
291.77
291.792
291.792
291.765
291.926
292.006
292.021
291.99
291.925
291.834
292.038
292.12
292.113
292.039
291.921
291.77
292.012
292.07
292.038
291.937
291.786
291.591
291.924
291.94
291.877
291.754
291.587
291.387
291.799
291.765
291.666
291.523
291.354
291.172
291.643
291.559
291.427
291.274
291.119
290.973
291.469
291.343
291.196
291.059
290.941
290.843
291.298
291.157
291.028
290.929
290.863
290.81
291.234
291.129
291.066
291.051
291.062
291.052
291.246
291.2
291.227
291.315
291.409
291.423
291.315
291.354
291.506
291.727
291.912
291.923
291.437
291.595
291.923
292.322
292.61
292.588
291.602
291.918
292.486
293.114
293.51
293.417
291.791
292.302
293.182
294.075
294.573
294.395
291.966
292.692
293.968
295.144
295.718
295.468
292.077
292.994
294.761
296.207
296.803
296.519
292.075
293.077
295.396
297.067
297.644
297.382
291.955
292.831
295.496
297.37
298.034
297.906
291.79
292.409
294.478
296.227
297.317
297.586
291.655
292.098
293.474
294.724
295.688
295.899
291.529
292.026
293.146
294.02
294.536
294.438
291.324
291.85
292.795
293.399
293.599
293.323
291.061
291.571
292.39
292.788
292.806
292.495
290.749
291.21
291.925
292.171
292.086
291.808
290.395
290.756
291.354
291.493
291.359
291.141
290.023
290.212
290.622
290.695
290.565
290.416
289.695
289.706
289.796
289.812
289.781
289.748
289.503
289.462
289.448
289.438
289.432
289.444
289.375
289.342
289.318
289.312
289.331
289.338
289.296
289.263
289.25
289.267
289.323
289.278
289.236
289.213
289.225
289.327
289.284
289.243
289.217
289.224
289.349
289.317
289.288
289.272
289.277
289.38
289.36
289.344
289.337
289.342
289.409
289.398
289.391
289.389
289.394
289.426
289.422
289.42
289.421
289.426
289.422
289.428
289.431
289.435
289.441
290.89
290.988
291.118
291.284
291.467
291.634
291.205
291.307
291.43
291.567
291.698
291.798
291.565
291.662
291.753
291.833
291.888
291.909
291.896
291.977
292.021
292.031
292.007
291.953
292.125
292.183
292.178
292.123
292.03
291.909
292.195
292.235
292.195
292.096
291.952
291.774
292.165
292.176
292.108
291.981
291.808
291.597
292.09
292.064
291.97
291.824
291.641
291.428
291.986
291.921
291.799
291.64
291.458
291.265
291.861
291.758
291.615
291.452
291.287
291.13
291.728
291.595
291.449
291.301
291.169
291.049
291.606
291.463
291.329
291.222
291.142
291.063
291.55
291.437
291.368
291.345
291.339
291.294
291.573
291.52
291.543
291.621
291.688
291.651
291.669
291.703
291.848
292.049
292.188
292.13
291.829
291.98
292.289
292.646
292.862
292.753
292.043
292.344
292.863
293.409
293.702
293.52
292.284
292.761
293.541
294.307
294.676
294.413
292.514
293.177
294.267
295.271
295.707
295.38
292.686
293.509
294.943
296.183
296.664
296.311
292.758
293.662
295.401
296.846
297.365
297.047
292.72
293.582
295.38
296.932
297.56
297.363
292.605
293.343
294.69
296.01
296.804
296.829
292.41
293.096
294.079
295.025
295.614
295.563
292.141
292.76
293.502
294.142
294.481
294.332
291.835
292.38
292.946
293.354
293.498
293.296
291.48
291.957
292.392
292.628
292.646
292.444
291.07
291.467
291.787
291.89
291.83
291.67
290.614
290.9
291.102
291.091
290.97
290.86
290.144
290.28
290.38
290.338
290.25
290.18
289.752
289.748
289.762
289.751
289.724
289.711
289.526
289.49
289.471
289.456
289.449
289.463
289.425
289.387
289.355
289.333
289.327
289.347
289.342
289.303
289.272
289.261
289.278
289.324
289.282
289.243
289.223
289.235
289.327
289.288
289.249
289.225
289.233
289.348
289.319
289.292
289.278
289.283
289.378
289.36
289.345
289.339
289.344
289.402
289.394
289.387
289.386
289.391
289.412
289.411
289.41
289.412
289.418
289.394
289.398
289.403
289.411
289.419
291.012
291.139
291.308
291.513
291.717
291.878
291.389
291.521
291.672
291.821
291.938
292.005
291.786
291.898
291.993
292.056
292.077
292.056
292.104
292.178
292.205
292.185
292.122
292.028
292.283
292.318
292.286
292.203
292.079
291.926
292.323
292.328
292.26
292.137
291.973
291.774
292.297
292.273
292.179
292.034
291.848
291.626
292.241
292.187
292.071
291.911
291.717
291.495
292.165
292.081
291.945
291.777
291.591
291.386
292.079
291.966
291.817
291.652
291.489
291.312
291.992
291.858
291.713
291.565
291.424
291.276
291.921
291.784
291.656
291.548
291.451
291.333
291.901
291.793
291.722
291.687
291.652
291.555
291.956
291.906
291.92
291.975
291.997
291.894
292.09
292.124
292.249
292.409
292.483
292.347
292.293
292.438
292.705
292.991
293.117
292.926
292.549
292.831
293.272
293.708
293.889
293.63
292.826
293.266
293.912
294.522
294.762
294.434
293.082
293.687
294.561
295.358
295.658
295.281
293.263
294.017
295.113
296.09
296.449
296.065
293.309
294.163
295.409
296.522
296.947
296.616
293.167
294.041
295.229
296.322
296.827
296.629
292.831
293.598
294.546
295.451
295.973
295.922
292.45
293.088
293.803
294.458
294.863
294.842
292.092
292.614
293.141
293.586
293.837
293.795
291.746
292.17
292.551
292.835
292.968
292.908
291.371
291.707
291.969
292.128
292.18
292.124
290.958
291.207
291.35
291.388
291.371
291.342
290.517
290.672
290.71
290.663
290.599
290.567
290.079
290.136
290.15
290.114
290.064
290.038
289.73
289.725
289.716
289.698
289.678
289.679
289.527
289.499
289.477
289.46
289.454
289.47
289.427
289.394
289.364
289.342
289.337
289.357
289.379
289.345
289.309
289.28
289.27
289.288
289.325
289.286
289.251
289.232
289.245
289.327
289.291
289.256
289.234
289.242
289.347
289.32
289.296
289.283
289.289
289.374
289.358
289.346
289.34
289.346
289.394
289.387
289.383
289.382
289.388
289.398
289.398
289.398
289.401
289.406
289.374
289.377
289.38
289.384
289.389
291.123
291.275
291.475
291.697
291.89
292.014
291.551
291.708
291.87
292.006
292.088
292.111
291.97
292.086
292.169
292.203
292.184
292.122
292.261
292.324
292.327
292.275
292.179
292.051
292.39
292.406
292.355
292.251
292.107
291.934
292.42
292.403
292.319
292.185
292.011
291.805
292.406
292.363
292.257
292.104
291.913
291.689
292.374
292.308
292.183
292.019
291.822
291.596
292.332
292.244
292.107
291.94
291.748
291.535
292.29
292.182
292.038
291.881
291.704
291.503
292.255
292.135
291.997
291.851
291.696
291.515
292.241
292.123
292.004
291.893
291.773
291.608
292.271
292.182
292.112
292.06
291.983
291.826
292.366
292.334
292.338
292.356
292.319
292.148
292.533
292.582
292.681
292.782
292.781
292.575
292.759
292.914
293.131
293.332
293.366
293.111
293.017
293.302
293.662
293.981
294.057
293.748
293.264
293.701
294.224
294.68
294.807
294.451
293.44
294.04
294.738
295.34
295.531
295.154
293.469
294.223
295.081
295.82
296.088
295.738
293.259
294.127
295.08
295.909
296.259
296.002
292.834
293.63
294.521
295.295
295.715
295.626
292.343
292.959
293.625
294.261
294.703
294.748
291.924
292.396
292.883
293.326
293.636
293.727
291.579
291.944
292.295
292.594
292.795
292.856
291.264
291.543
291.787
291.981
292.101
292.135
290.932
291.131
291.268
291.362
291.428
291.472
290.595
290.731
290.795
290.811
290.812
290.827
290.253
290.334
290.351
290.329
290.303
290.301
289.931
289.963
289.963
289.94
289.916
289.914
289.675
289.671
289.658
289.641
289.63
289.639
289.511
289.49
289.469
289.452
289.448
289.465
289.421
289.394
289.367
289.346
289.342
289.361
289.376
289.345
289.313
289.287
289.278
289.295
289.357
289.325
289.29
289.258
289.242
289.255
289.326
289.294
289.262
289.243
289.252
289.345
289.321
289.3
289.288
289.295
289.369
289.356
289.345
289.341
289.347
289.385
289.38
289.376
289.376
289.382
289.384
289.384
289.386
289.388
289.394
289.36
289.362
289.365
289.368
289.373
291.215
291.393
291.621
291.848
292.014
292.098
291.681
291.86
292.023
292.136
292.181
292.166
292.094
292.215
292.283
292.291
292.242
292.153
292.35
292.405
292.396
292.33
292.219
292.078
292.46
292.467
292.411
292.302
292.154
291.977
292.492
292.47
292.385
292.251
292.079
291.877
292.493
292.451
292.347
292.198
292.014
291.796
292.485
292.428
292.311
292.154
291.964
291.74
292.478
292.409
292.284
292.125
291.939
291.716
292.478
292.4
292.273
292.121
291.938
291.719
292.493
292.413
292.29
292.148
291.98
291.769
292.531
292.456
292.355
292.24
292.094
291.889
292.602
292.56
292.501
292.429
292.311
292.104
292.723
292.739
292.742
292.725
292.634
292.41
292.89
292.989
293.076
293.126
293.061
292.809
293.078
293.289
293.482
293.615
293.582
293.295
293.247
293.596
293.918
294.154
294.165
293.847
293.333
293.842
294.314
294.672
294.745
294.415
293.259
293.934
294.564
295.056
295.214
294.91
292.958
293.763
294.528
295.145
295.407
295.185
292.482
293.232
294.059
294.746
295.107
295.021
291.949
292.515
293.128
293.738
294.141
294.222
291.503
291.905
292.322
292.724
293.042
293.211
291.171
291.463
291.749
292.014
292.238
292.365
290.911
291.129
291.328
291.5
291.635
291.728
290.674
290.833
290.964
291.068
291.147
291.202
290.447
290.564
290.646
290.702
290.743
290.779
290.217
290.299
290.342
290.361
290.372
290.392
289.988
290.038
290.055
290.053
290.048
290.057
289.776
289.797
289.799
289.789
289.782
289.79
289.603
289.601
289.592
289.58
289.576
289.589
289.482
289.467
289.449
289.436
289.434
289.451
289.409
289.387
289.363
289.346
289.342
289.361
289.369
289.343
289.315
289.292
289.284
289.301
289.352
289.324
289.293
289.265
289.251
289.265
289.35
289.325
289.296
289.269
289.252
289.262
289.342
289.321
289.303
289.293
289.3
289.362
289.352
289.343
289.34
289.346
289.374
289.371
289.368
289.369
289.374
289.37
289.371
289.373
289.375
289.38
289.35
289.351
289.354
289.356
289.361
291.265
291.479
291.729
291.951
292.089
292.143
291.737
291.938
292.105
292.206
292.232
292.201
292.145
292.275
292.343
292.344
292.288
292.192
292.39
292.451
292.446
292.384
292.275
292.134
292.5
292.515
292.468
292.37
292.231
292.061
292.539
292.53
292.46
292.342
292.185
291.996
292.555
292.534
292.45
292.319
292.15
291.949
292.568
292.541
292.449
292.31
292.135
291.923
292.587
292.559
292.463
292.322
292.143
291.924
292.617
292.591
292.497
292.357
292.179
291.956
292.661
292.644
292.556
292.426
292.256
292.033
292.723
292.723
292.658
292.55
292.394
292.169
292.801
292.843
292.82
292.747
292.609
292.379
292.895
293.007
293.045
293.021
292.906
292.663
292.987
293.195
293.32
293.361
293.274
293.016
293.038
293.37
293.605
293.732
293.689
293.42
292.993
293.469
293.838
294.073
294.094
293.832
292.787
293.41
293.924
294.287
294.397
294.175
292.405
293.115
293.754
294.244
294.466
294.327
291.905
292.545
293.243
293.82
294.149
294.133
291.398
291.88
292.421
292.982
293.357
293.469
290.984
291.311
291.66
292.003
292.285
292.46
290.694
290.917
291.143
291.358
291.536
291.648
290.491
290.653
290.807
290.947
291.063
291.138
290.332
290.455
290.564
290.655
290.729
290.781
290.19
290.284
290.36
290.422
290.471
290.507
290.051
290.122
290.175
290.213
290.243
290.268
289.909
289.96
289.993
290.013
290.027
290.044
289.768
289.801
289.817
289.824
289.83
289.843
289.638
289.653
289.657
289.656
289.658
289.67
289.528
289.528
289.522
289.516
289.517
289.532
289.446
289.435
289.422
289.412
289.412
289.429
289.392
289.374
289.355
289.341
289.338
289.356
289.359
289.337
289.314
289.295
289.289
289.305
289.344
289.321
289.295
289.272
289.261
289.274
289.343
289.322
289.297
289.275
289.261
289.271
289.352
289.336
289.319
289.304
289.297
289.304
289.354
289.345
289.338
289.336
289.342
289.362
289.359
289.357
289.358
289.364
289.355
289.357
289.358
289.361
289.366
289.341
289.342
289.344
289.346
289.35
291.208
291.463
291.743
291.973
292.107
292.156
291.682
291.917
292.108
292.221
292.255
292.228
292.109
292.266
292.356
292.376
292.334
292.247
292.375
292.462
292.482
292.44
292.349
292.221
292.508
292.546
292.523
292.451
292.336
292.182
292.56
292.577
292.537
292.448
292.318
292.15
292.584
292.598
292.55
292.451
292.31
292.131
292.606
292.624
292.574
292.469
292.318
292.127
292.631
292.659
292.612
292.504
292.348
292.147
292.661
292.707
292.667
292.56
292.404
292.197
292.694
292.766
292.739
292.646
292.497
292.287
292.726
292.835
292.84
292.772
292.635
292.422
292.747
292.913
292.969
292.94
292.824
292.61
292.738
292.984
293.114
293.14
293.055
292.842
292.664
293.015
293.241
293.343
293.304
293.1
292.486
292.952
293.294
293.495
293.522
293.344
292.171
292.738
293.198
293.513
293.63
293.502
291.739
292.33
292.878
293.302
293.522
293.475
291.249
291.752
292.31
292.791
293.1
293.152
290.801
291.165
291.59
292.03
292.361
292.494
290.459
290.697
290.964
291.241
291.505
291.65
290.231
290.386
290.55
290.713
290.855
290.945
290.086
290.194
290.302
290.405
290.493
290.548
289.986
290.069
290.147
290.218
290.277
290.314
289.906
289.973
290.033
290.086
290.129
290.156
289.833
289.89
289.936
289.975
290.005
290.026
289.76
289.803
289.837
289.863
289.885
289.902
289.68
289.711
289.734
289.751
289.766
289.78
289.6
289.62
289.633
289.642
289.652
289.665
289.525
289.534
289.539
289.542
289.547
289.561
289.459
289.459
289.456
289.454
289.457
289.472
289.407
289.399
289.39
289.384
289.385
289.401
289.37
289.356
289.342
289.332
289.331
289.347
289.346
289.329
289.311
289.297
289.292
289.307
289.335
289.316
289.296
289.278
289.27
289.283
289.334
289.317
289.297
289.28
289.27
289.28
289.342
289.329
289.316
289.305
289.299
289.306
289.35
289.343
289.336
289.33
289.328
289.335
289.348
289.346
289.344
289.345
289.351
289.343
289.343
289.343
289.346
289.351
289.334
289.334
289.335
289.336
289.341
290.973
291.228
291.543
291.821
292.003
292.093
291.413
291.714
291.971
292.138
292.214
292.221
291.916
292.13
292.277
292.353
292.356
292.302
292.248
292.402
292.478
292.479
292.423
292.321
292.466
292.544
292.557
292.52
292.44
292.316
292.544
292.59
292.585
292.538
292.449
292.315
292.565
292.612
292.609
292.558
292.463
292.322
292.571
292.632
292.637
292.588
292.487
292.338
292.571
292.654
292.672
292.627
292.523
292.363
292.562
292.676
292.714
292.677
292.575
292.413
292.536
292.691
292.758
292.74
292.65
292.489
292.482
292.692
292.801
292.815
292.745
292.589
292.38
292.66
292.828
292.89
292.851
292.708
292.209
292.566
292.811
292.939
292.945
292.823
291.945
292.374
292.707
292.916
292.985
292.898
291.576
292.046
292.461
292.76
292.907
292.873
291.131
291.578
292.032
292.406
292.635
292.669
290.677
291.029
291.444
291.834
292.117
292.221
290.295
290.528
290.82
291.14
291.41
291.551
290.029
290.168
290.333
290.526
290.714
290.837
289.863
289.947
290.04
290.139
290.233
290.307
289.763
289.819
289.878
289.936
289.989
290.024
289.699
289.741
289.783
289.824
289.86
289.882
289.652
289.687
289.722
289.754
289.782
289.798
289.613
289.645
289.675
289.702
289.727
289.74
289.578
289.606
289.634
289.659
289.68
289.691
289.544
289.569
289.591
289.609
289.625
289.637
289.509
289.527
289.542
289.555
289.568
289.579
289.471
289.482
289.491
289.499
289.509
289.52
289.433
289.438
289.441
289.445
289.452
289.464
289.398
289.397
289.396
289.396
289.4
289.413
289.369
289.363
289.357
289.353
289.356
289.369
289.346
289.337
289.327
289.32
289.32
289.333
289.331
289.318
289.306
289.296
289.293
289.306
289.323
289.309
289.295
289.282
289.277
289.288
289.323
289.31
289.296
289.283
289.277
289.286
289.33
289.32
289.31
289.302
289.298
289.306
289.335
289.33
289.324
289.32
289.319
289.325
289.336
289.333
289.331
289.329
289.33
289.336
289.33
289.33
289.33
289.331
289.336
289.326
289.326
289.326
289.327
289.332
290.892
291.097
291.347
291.593
291.791
291.927
291.006
291.219
291.445
291.663
291.856
291.991
291.235
291.495
291.811
292.09
292.244
292.283
291.662
292.08
292.343
292.442
292.444
292.385
292.294
292.474
292.539
292.537
292.491
292.402
292.487
292.557
292.577
292.561
292.51
292.412
292.506
292.566
292.588
292.575
292.527
292.429
292.487
292.56
292.593
292.589
292.546
292.451
292.449
292.542
292.593
292.603
292.566
292.474
292.39
292.51
292.585
292.613
292.588
292.5
292.302
292.456
292.564
292.617
292.608
292.529
292.175
292.37
292.52
292.605
292.618
292.552
291.995
292.236
292.432
292.556
292.6
292.553
291.744
292.031
292.275
292.446
292.529
292.509
291.414
291.73
292.017
292.238
292.367
292.382
291.014
291.327
291.636
291.897
292.072
292.127
290.587
290.85
291.141
291.41
291.615
291.708
290.201
290.382
290.604
290.833
291.029
291.14
289.919
290.021
290.148
290.298
290.441
290.537
289.743
289.797
289.857
289.928
290.006
290.065
289.642
289.672
289.704
289.737
289.769
289.796
289.579
289.599
289.62
289.64
289.659
289.674
289.535
289.551
289.566
289.581
289.596
289.607
289.501
289.514
289.527
289.539
289.552
289.561
289.473
289.483
289.494
289.505
289.517
289.526
289.447
289.456
289.466
289.476
289.487
289.495
289.424
289.432
289.44
289.45
289.46
289.468
289.403
289.409
289.416
289.423
289.432
289.441
289.383
289.387
289.392
289.396
289.403
289.413
289.365
289.366
289.368
289.37
289.375
289.386
289.348
289.347
289.346
289.346
289.349
289.36
289.334
289.33
289.326
289.324
289.325
289.337
289.322
289.316
289.31
289.305
289.305
289.317
289.313
289.305
289.298
289.291
289.29
289.301
289.309
289.3
289.29
289.283
289.279
289.29
289.309
289.3
289.291
289.284
289.28
289.288
289.315
289.308
289.301
289.296
289.293
289.301
289.319
289.314
289.31
289.307
289.306
289.313
289.32
289.317
289.315
289.313
289.314
289.32
289.321
289.319
289.317
289.316
289.317
289.323
289.32
289.319
289.319
289.32
289.325
289.15
289.15
289.15
289.15
289.15
289.15
289.15
289.15
289.15
289.15
289.15
289.15
289.15
289.15
289.15
289.15
289.15
289.15
289.15
289.15
289.15
289.15
289.15
289.15
289.15
289.15
289.15
289.15
289.154
289.15
289.15
289.15
289.151
289.15
289.15
289.15
289.151
289.15
289.15
289.15
289.15
289.15
289.15
289.15
289.15
289.151
289.15
289.15
289.15
289.15
289.154
289.151
289.151
289.15
289.151
)
;

boundaryField
{
    floor
    {
        type            zeroGradient;
    }
    ceiling
    {
        type            zeroGradient;
    }
    fixedWalls
    {
        type            zeroGradient;
    }
    rack2796428BA49E0232CAC645AEBC8DA5C1_fixedWall
    {
        type            zeroGradient;
    }
    rack2796428BA49E0232CAC645AEBC8DA5C1_inlet
    {
        type            zeroGradient;
    }
    rack2796428BA49E0232CAC645AEBC8DA5C1_outlet
    {
        type            groovyBC;
        refValue        uniform 299.086;
        refGradient     uniform 0;
        valueFraction   uniform 1;
        value           uniform 299.086;
        valueExpression "Trackinlet+2.00/(1.015*1.18*0.17)";
        gradientExpression "0";
        fractionExpression "1";
        evaluateDuringConstruction 0;
        variables       "Trackinlet{rack2796428BA49E0232CAC645AEBC8DA5C1_inlet}=sum(T*mag(Sf()))/sum(mag(Sf()));";
        timelines       (
);
        lookuptables    (
);
    }
    acu380F56D59CF2B3DF6EFF9D0E6E8D39CB_inlet
    {
        type            zeroGradient;
    }
    acu380F56D59CF2B3DF6EFF9D0E6E8D39CB_outlet
    {
        type            fixedValue;
        value           uniform 289.15;
    }
    acu380F56D59CF2B3DF6EFF9D0E6E8D39CB_fixedWall
    {
        type            zeroGradient;
    }
    baffleFaces_master
    {
        type            zeroGradient;
    }
    baffleFaces_slave
    {
        type            zeroGradient;
    }
    procBoundary2to1
    {
        type            processor;
        value           nonuniform List<scalar> 
1404
(
289.15
289.15
289.15
289.15
289.15
289.15
289.15
289.15
289.15
289.15
289.15
289.15
289.15
289.15
289.15
289.15
289.15
289.15
289.15
289.15
289.15
289.15
289.15
289.15
289.15
289.15
289.15
289.15
289.15
289.15
289.15
289.15
289.15
289.15
289.15
289.15
289.15
289.15
289.15
289.15
289.15
289.15
289.15
289.15
289.15
289.15
289.15
289.15
289.15
289.15
289.15
289.15
289.15
289.15
289.15
289.15
289.15
289.15
289.15
289.15
289.15
289.15
289.15
289.15
289.15
289.15
289.15
289.15
289.15
289.15
289.15
289.15
289.15
289.15
289.15
289.15
289.15
289.15
289.15
289.15
289.15
289.15
289.15
289.15
289.15
289.15
289.15
289.15
289.15
289.15
289.15
289.15
289.15
289.15
289.15
289.15
289.15
289.15
289.15
289.15
289.15
289.15
289.15
289.15
289.15
289.15
289.15
289.15
289.15
289.15
289.15
289.15
289.15
289.15
289.15
289.15
289.15
289.15
289.15
289.15
289.15
289.15
289.15
289.15
289.15
289.15
289.15
289.15
289.15
289.15
289.15
289.15
289.15
289.15
289.15
289.15
289.15
289.15
289.15
289.15
289.15
289.15
289.15
289.15
289.15
289.15
289.15
289.15
289.15
289.15
289.15
289.15
289.15
289.15
289.15
289.15
289.15
289.15
289.15
289.15
289.15
289.15
289.15
289.15
289.15
289.15
289.15
289.15
289.15
289.15
289.15
289.15
289.15
289.15
289.15
289.15
289.15
289.15
289.15
289.15
289.15
289.15
289.15
289.15
289.15
289.15
289.15
289.15
289.15
289.15
289.15
289.15
289.15
289.15
289.15
289.15
289.15
289.15
289.15
289.15
289.15
289.15
289.15
289.15
289.15
289.15
289.15
289.15
289.15
289.15
289.15
289.15
289.15
289.15
289.15
289.15
289.15
289.15
289.15
289.15
289.15
289.15
289.15
289.15
289.15
289.15
289.15
289.15
289.15
289.15
289.15
289.15
289.15
289.15
289.15
289.15
289.15
289.15
289.15
289.15
289.15
289.15
289.15
289.15
289.15
289.15
289.15
289.15
289.15
289.15
289.15
289.15
289.15
289.15
289.15
289.15
289.15
289.15
289.15
289.15
289.15
289.15
289.15
289.15
289.15
289.15
289.15
289.15
289.15
289.15
289.15
289.15
289.15
289.15
289.15
289.15
289.15
290.204
290.203
290.201
290.095
290.087
290.066
290.043
290.022
290.002
289.985
289.971
289.964
289.981
290.048
290.178
290.248
290.252
290.229
290.194
290.153
290.106
290.053
289.99
289.896
289.81
289.743
289.694
289.664
289.649
289.659
289.68
289.71
289.725
290.208
290.209
290.205
290.06
290.06
290.037
290.007
289.977
289.951
289.93
289.915
289.912
289.93
290.002
290.151
290.324
290.317
290.278
290.232
290.184
290.133
290.079
290.019
289.952
289.861
289.772
289.702
289.651
289.62
289.603
289.614
289.638
289.67
289.706
290.218
290.218
290.214
290.039
289.979
289.979
289.979
289.942
289.907
289.879
289.862
289.86
289.885
289.962
290.131
290.379
290.59
290.482
290.371
290.277
290.194
290.116
290.039
289.964
289.888
289.787
289.703
289.642
289.597
289.571
289.557
289.569
289.599
289.642
289.687
290.229
290.228
290.224
289.998
289.953
289.887
289.887
289.887
289.848
289.822
289.816
289.838
289.908
290.058
290.316
290.626
290.817
290.588
290.405
290.265
290.151
290.051
289.961
289.879
289.803
289.71
289.64
289.591
289.554
289.532
289.523
289.535
289.567
289.619
289.675
290.241
290.24
290.236
289.968
289.912
289.851
289.805
289.805
289.805
289.786
289.797
289.855
289.983
290.198
290.499
290.818
290.947
290.587
290.342
290.172
290.044
289.939
289.851
289.776
289.713
289.639
289.585
289.547
289.518
289.501
289.495
289.509
289.544
289.602
289.666
290.253
290.254
290.25
289.949
289.882
289.815
289.764
289.774
289.774
289.774
289.811
289.907
290.077
290.326
290.625
290.888
290.935
290.464
290.189
290.02
289.902
289.809
289.735
289.676
289.63
289.58
289.54
289.51
289.488
289.475
289.473
289.49
289.527
289.59
289.658
290.267
290.268
290.266
289.938
289.862
289.793
289.745
289.72
289.84
289.84
289.84
289.959
290.148
290.395
290.656
290.838
290.783
290.281
290.005
289.858
289.763
289.692
289.637
289.595
289.568
289.533
289.504
289.481
289.463
289.456
289.457
289.476
289.516
289.581
289.651
290.282
290.285
290.283
289.936
289.854
289.788
289.743
289.722
289.726
289.998
289.998
289.998
290.183
290.403
290.607
290.703
290.563
290.101
289.847
289.724
289.651
289.601
289.564
289.538
289.526
289.498
289.476
289.458
289.445
289.441
289.446
289.467
289.509
289.575
289.644
290.298
290.303
290.303
289.944
289.862
289.799
289.756
289.735
289.738
289.762
290.188
290.188
290.188
290.371
290.517
290.543
290.358
289.952
289.738
289.638
289.584
289.549
289.524
289.507
289.498
289.472
289.454
289.44
289.429
289.429
289.437
289.461
289.505
289.569
289.636
290.315
290.322
290.324
289.962
289.883
289.823
289.781
289.759
289.759
289.775
289.802
290.329
290.329
290.329
290.426
290.404
290.203
289.848
289.669
289.588
289.546
289.52
289.502
289.49
289.479
289.453
289.436
289.425
289.417
289.419
289.43
289.457
289.501
289.564
289.625
290.334
290.344
290.348
289.992
289.917
289.859
289.818
289.795
289.791
289.801
289.816
289.826
290.359
290.359
290.359
290.307
290.103
289.787
289.633
289.564
289.528
289.506
289.492
289.481
289.467
289.439
289.423
289.413
289.407
289.411
289.425
289.453
289.497
289.557
289.611
290.353
290.367
290.374
290.033
289.962
289.907
289.867
289.844
289.837
289.841
289.849
289.849
289.827
290.255
290.255
290.255
290.051
289.759
289.618
289.555
289.522
289.502
289.488
289.476
289.459
289.428
289.412
289.404
289.399
289.404
289.42
289.449
289.493
289.549
289.595
290.374
290.392
290.403
290.085
290.019
289.967
289.929
289.906
289.898
289.899
289.9
289.891
289.861
289.8
290.035
290.035
290.035
289.754
289.619
289.558
289.524
289.504
289.489
289.476
289.454
289.421
289.404
289.396
289.392
289.398
289.414
289.444
289.488
289.538
289.577
290.396
290.42
290.435
290.148
290.087
290.04
290.005
289.985
289.975
289.973
289.969
289.953
289.915
289.847
289.753
289.768
289.768
289.768
289.633
289.57
289.534
289.512
289.495
289.478
289.451
289.416
289.398
289.389
289.386
289.392
289.409
289.439
289.481
289.527
289.56
290.42
290.451
290.471
290.223
290.169
290.128
290.097
290.077
290.068
290.064
290.057
290.036
289.99
289.912
289.809
289.702
289.659
289.659
289.659
289.591
289.551
289.525
289.505
289.484
289.451
289.412
289.394
289.384
289.381
289.387
289.405
289.434
289.474
289.516
289.542
290.446
290.486
290.513
290.312
290.267
290.23
290.202
290.186
290.179
290.177
290.168
290.142
290.087
289.999
289.883
289.766
289.684
289.622
289.622
289.622
289.576
289.545
289.519
289.492
289.452
289.411
289.39
289.38
289.377
289.383
289.4
289.43
289.467
289.504
289.525
290.475
290.525
290.564
290.416
290.378
290.347
290.325
290.314
290.312
290.312
290.303
290.273
290.21
290.11
289.981
289.851
289.757
289.688
289.612
289.612
289.612
289.573
289.54
289.505
289.457
289.411
289.389
289.377
289.373
289.379
289.396
289.425
289.46
289.492
289.509
290.507
290.574
290.634
290.535
290.507
290.483
290.468
290.464
290.468
290.473
290.466
290.434
290.365
290.254
290.111
289.967
289.859
289.776
289.707
289.615
289.615
289.615
289.571
289.524
289.465
289.414
289.388
289.375
289.37
289.376
289.392
289.42
289.453
289.481
289.494
290.544
290.635
290.736
290.677
290.658
290.642
290.635
290.64
290.654
290.667
290.667
290.637
290.565
290.445
290.291
290.134
290.011
289.911
289.821
289.735
289.625
289.625
289.625
289.558
289.481
289.421
289.391
289.374
289.368
289.373
289.389
289.416
289.446
289.469
289.479
290.59
290.715
290.878
290.862
290.841
290.829
290.832
290.85
290.878
290.906
290.919
290.899
290.831
290.712
290.556
290.395
290.258
290.133
290.008
289.885
289.769
289.631
289.631
289.631
289.518
289.518
289.438
289.396
289.375
289.366
289.37
289.386
289.411
289.439
289.458
289.463
290.621
290.807
291.04
291.332
291.577
291.671
291.668
291.621
291.546
291.44
291.294
291.108
291.065
291.057
291.071
291.106
291.156
291.209
291.248
291.255
291.208
291.105
290.966
290.82
290.671
290.505
290.32
290.135
289.951
289.774
289.619
289.467
289.467
289.467
289.406
289.376
289.365
289.367
289.383
289.407
289.431
289.445
289.444
290.713
290.953
291.237
291.536
291.771
291.86
291.858
291.816
291.747
291.655
291.543
291.423
291.354
291.341
291.367
291.425
291.507
291.6
291.683
291.73
291.722
291.661
291.564
291.421
291.242
291.016
290.753
290.473
290.188
289.916
289.687
289.534
289.417
289.417
289.417
289.378
289.363
289.365
289.379
289.402
289.422
289.43
289.416
290.814
291.117
291.459
291.776
291.99
292.063
292.062
292.026
291.969
291.896
291.813
291.732
291.676
291.675
291.724
291.814
291.937
292.074
292.199
292.284
292.307
292.242
292.087
291.88
291.633
291.354
291.044
290.699
290.34
290.001
289.725
289.547
289.454
289.38
289.38
289.38
289.362
289.362
289.376
289.396
289.412
289.414
289.39
290.917
291.275
291.66
291.986
292.168
292.23
292.233
292.208
292.17
292.123
292.074
292.033
292.018
292.041
292.119
292.242
292.396
292.554
292.682
292.737
292.667
292.47
292.187
291.888
291.6
291.311
290.996
290.652
290.298
289.966
289.705
289.54
289.451
289.407
289.36
289.36
289.36
289.359
289.372
289.389
289.4
289.397
289.372
291.01
291.416
291.829
292.138
292.296
292.354
292.363
292.354
292.338
292.321
292.309
292.309
292.334
292.392
292.492
292.624
292.761
292.864
292.879
292.761
292.504
292.152
291.789
291.477
291.209
290.953
290.68
290.397
290.115
289.857
289.654
289.519
289.441
289.4
289.382
289.355
289.355
289.355
289.367
289.381
289.389
289.382
289.358
291.086
291.514
291.935
292.231
292.378
292.435
292.452
292.456
292.459
292.466
292.483
292.514
292.565
292.638
292.72
292.792
292.814
292.745
292.552
292.232
291.839
291.449
291.128
290.881
290.677
290.486
290.293
290.098
289.905
289.73
289.588
289.488
289.425
289.39
289.374
289.371
289.36
289.36
289.36
289.372
289.377
289.367
289.348
291.107
291.54
291.969
292.264
292.413
292.474
292.497
292.51
292.523
292.542
292.566
292.595
292.625
292.646
292.635
292.565
292.402
292.129
291.762
291.357
290.984
290.69
290.479
290.325
290.198
290.079
289.961
289.84
289.72
289.611
289.52
289.451
289.405
289.377
289.364
289.361
289.364
289.362
289.362
289.362
289.364
289.354
289.34
291.014
291.45
291.902
292.223
292.399
292.477
292.502
292.511
292.516
292.518
292.512
292.492
292.444
292.351
292.189
291.941
291.606
291.216
290.827
290.496
290.253
290.089
289.981
289.901
289.834
289.771
289.708
289.642
289.574
289.51
289.456
289.412
289.381
289.361
289.351
289.349
289.352
289.355
289.351
289.351
289.351
289.343
289.334
290.823
291.129
291.653
292.037
292.3
292.438
292.463
292.452
292.425
292.38
292.309
292.201
292.041
291.815
291.514
291.149
290.757
290.394
290.108
289.913
289.789
289.711
289.657
289.616
289.582
289.549
289.518
289.488
289.457
289.426
289.397
289.373
289.354
289.342
289.335
289.334
289.338
289.34
289.338
289.332
289.332
289.332
289.327
290.748
290.828
291.024
291.321
291.89
292.34
292.399
292.37
292.311
292.224
292.104
291.941
291.724
291.446
291.109
290.733
290.363
290.052
289.833
289.696
289.613
289.559
289.52
289.489
289.462
289.438
289.417
289.397
289.379
289.364
289.35
289.338
289.328
289.321
289.317
289.317
289.321
289.323
289.323
289.323
289.322
289.322
)
;
    }
    procBoundary2to3
    {
        type            processor;
        value           nonuniform List<scalar> 
1227
(
289.15
289.15
289.15
289.15
289.15
289.15
289.15
289.15
289.15
289.15
289.15
289.15
289.15
289.15
289.15
289.15
289.15
289.15
289.15
289.15
289.15
289.15
289.15
289.15
289.15
289.15
289.15
289.15
289.15
289.15
289.15
289.15
289.15
289.15
289.15
289.15
289.15
289.15
289.15
289.15
289.15
289.15
289.15
289.15
289.15
289.15
289.15
289.15
289.15
289.15
289.15
289.15
289.15
289.15
289.15
289.15
289.15
289.15
289.15
289.15
289.15
289.15
289.15
289.15
289.15
289.15
289.15
289.15
289.15
289.15
289.15
289.15
289.15
289.15
289.15
289.15
289.15
289.15
289.15
289.15
289.15
289.15
289.15
289.15
289.15
289.15
289.15
289.15
289.15
289.15
289.15
289.15
289.15
289.15
289.15
289.15
289.15
289.15
289.15
289.15
289.15
289.15
289.15
289.15
289.15
289.15
289.15
289.15
289.15
289.15
289.15
289.15
289.15
289.15
289.15
289.15
289.15
289.15
289.15
289.15
289.15
289.15
289.15
289.15
289.15
289.15
289.15
289.15
289.15
289.15
289.15
289.15
289.15
289.15
289.15
289.15
289.15
289.15
289.15
289.15
289.15
289.15
289.15
289.15
289.15
289.15
289.15
289.15
289.15
289.15
289.15
289.15
289.15
289.15
289.15
289.15
289.15
289.15
289.15
289.15
289.15
289.15
289.15
289.15
289.15
289.15
289.15
289.15
289.15
289.15
289.15
289.15
289.15
289.15
289.15
289.15
289.15
289.15
289.15
289.15
289.15
289.15
289.15
289.15
289.15
289.15
289.15
289.15
289.15
289.15
289.15
289.15
289.15
289.15
289.15
289.15
289.15
289.15
289.15
289.15
289.15
289.15
289.15
289.15
289.15
289.15
289.15
289.15
289.15
289.15
289.15
289.15
289.15
289.15
289.15
289.15
289.15
289.15
289.15
289.15
289.15
289.15
289.15
289.15
289.15
289.15
289.15
289.15
289.15
289.15
289.15
289.15
289.15
289.15
289.15
289.15
289.15
289.15
289.15
289.15
289.15
289.15
289.15
289.15
289.15
289.15
289.15
289.15
289.15
289.15
289.15
289.15
289.15
289.15
289.15
289.15
289.15
289.15
289.15
289.15
289.15
289.15
289.15
289.15
289.15
289.15
289.15
289.15
289.15
289.15
289.15
289.15
289.15
289.15
289.15
289.15
289.15
289.15
289.15
289.15
289.15
289.15
289.15
289.15
289.15
289.15
289.15
289.15
289.15
289.15
289.15
289.151
289.15
289.151
289.151
290.21
290.209
290.21
289.996
289.999
289.99
289.983
289.98
289.979
289.989
290.06
290.51
293.24
298.579
299.077
289.154
289.151
289.15
289.15
289.15
289.15
289.165
289.153
289.194
289.593
289.728
289.735
289.73
290.212
290.212
290.212
289.987
289.97
289.957
289.95
289.948
289.955
289.986
290.12
290.792
294.306
298.526
299.051
289.161
289.153
289.151
289.151
289.153
289.153
289.231
289.192
289.533
289.693
289.722
289.72
290.219
290.22
290.218
289.961
289.939
289.926
289.922
289.93
289.96
290.05
290.339
291.413
295.432
298.522
299.038
289.172
289.156
289.153
289.152
289.155
289.192
289.192
289.499
289.433
289.635
289.685
289.697
290.228
290.23
290.227
289.934
289.915
289.908
289.914
289.942
290.017
290.201
290.702
292.365
296.146
298.524
299.034
289.185
289.162
289.155
289.154
289.159
289.206
289.433
289.433
289.595
289.548
289.648
289.671
290.239
290.243
290.237
289.916
289.906
289.908
289.932
289.998
290.14
290.45
291.203
293.32
296.626
298.532
299.032
289.198
289.169
289.158
289.156
289.163
289.218
289.415
289.548
289.548
289.619
289.592
289.649
290.252
290.256
290.25
289.912
289.909
289.927
289.983
290.103
290.333
290.794
291.844
294.104
296.965
298.542
299.032
289.212
289.178
289.162
289.159
289.168
289.229
289.401
289.522
289.592
289.592
289.63
289.611
290.266
290.271
290.263
289.917
289.924
289.967
290.067
290.253
290.584
291.208
292.495
294.724
297.208
298.553
299.033
289.224
289.188
289.166
289.161
289.173
289.238
289.39
289.502
289.571
289.611
290.281
290.286
290.277
289.93
289.953
290.028
290.178
290.436
290.873
291.662
293.063
295.208
297.382
298.562
299.034
289.237
289.199
289.172
289.165
289.178
289.247
289.383
289.486
289.553
289.595
290.297
290.303
290.292
289.951
289.992
290.102
290.303
290.635
291.18
292.08
293.54
295.579
297.504
298.567
299.034
289.248
289.211
289.179
289.169
289.184
289.254
289.377
289.472
289.538
289.58
290.313
290.32
290.308
289.976
290.039
290.184
290.434
290.838
291.467
292.446
293.929
295.855
297.586
298.566
299.035
289.259
289.223
289.186
289.174
289.19
289.26
289.372
289.462
289.526
289.567
290.33
290.338
290.325
290.005
290.089
290.267
290.564
291.026
291.72
292.754
294.236
296.055
297.634
298.556
299.035
289.271
289.235
289.195
289.179
289.196
289.265
289.368
289.453
289.514
289.556
290.348
290.357
290.343
290.036
290.14
290.349
290.684
291.193
291.937
293.005
294.47
296.19
297.648
298.538
299.035
289.282
289.247
289.204
289.185
289.202
289.27
289.366
289.445
289.505
289.544
290.367
290.376
290.361
290.069
290.191
290.427
290.794
291.339
292.118
293.204
294.639
296.265
297.635
298.513
299.034
289.292
289.259
289.214
289.192
289.209
289.274
289.363
289.439
289.496
289.534
290.387
290.397
290.381
290.103
290.242
290.501
290.892
291.465
292.267
293.356
294.751
296.292
297.602
298.484
299.033
289.303
289.271
289.225
289.199
289.215
289.278
289.362
289.433
289.488
289.524
290.409
290.42
290.402
290.139
290.295
290.572
290.983
291.574
292.389
293.467
294.81
296.283
297.554
298.452
299.033
289.313
289.282
289.236
289.207
289.221
289.282
289.361
289.429
289.48
289.515
290.432
290.445
290.425
290.177
290.348
290.643
291.068
291.671
292.486
293.543
294.831
296.248
297.494
298.417
299.032
289.324
289.293
289.247
289.216
289.228
289.286
289.36
289.424
289.473
289.505
290.458
290.474
290.453
290.219
290.406
290.717
291.153
291.759
292.564
293.586
294.824
296.191
297.422
298.378
299.03
289.335
289.304
289.259
289.225
289.235
289.29
289.359
289.421
289.467
289.496
290.488
290.511
290.49
290.267
290.472
290.797
291.24
291.842
292.628
293.604
294.793
296.11
297.332
298.327
299.028
289.347
289.316
289.271
289.235
289.242
289.294
289.359
289.417
289.46
289.488
290.525
290.56
290.553
290.327
290.552
290.89
291.334
291.924
292.678
293.607
294.74
296.002
297.21
298.247
299.023
289.362
289.328
289.282
289.245
289.249
289.298
289.359
289.414
289.454
289.479
290.577
290.635
290.675
290.406
290.652
291
291.438
292.007
292.718
293.598
294.664
295.854
297.019
298.075
298.973
289.387
289.343
289.294
289.255
289.257
289.302
289.36
289.412
289.449
289.471
290.676
290.766
290.96
291.367
291.595
291.586
291.383
291.153
290.944
290.751
290.607
290.547
290.795
291.134
291.555
292.093
292.759
293.584
294.57
295.662
296.724
297.624
297.989
295.117
293.818
292.862
292.282
291.749
291.26
290.712
289.821
289.455
289.364
289.307
289.266
289.264
289.307
289.362
289.41
289.443
289.461
291.106
291.372
291.576
291.709
291.725
291.599
291.36
291.154
290.975
290.826
290.74
290.733
290.967
291.285
291.682
292.182
292.808
293.575
294.476
295.454
296.38
297.062
296.959
295.137
293.684
292.677
291.988
291.465
290.955
290.347
289.76
289.49
289.383
289.318
289.276
289.272
289.311
289.363
289.408
289.437
289.448
291.753
291.85
291.895
291.878
291.774
291.575
291.354
291.184
291.053
290.962
290.911
290.941
291.153
291.447
291.817
292.287
292.874
293.583
294.396
295.252
296.025
296.446
296.083
294.836
293.677
292.769
292.064
291.452
290.812
290.176
289.739
289.509
289.397
289.329
289.286
289.28
289.316
289.365
289.405
289.427
289.424
291.976
292.023
292.005
291.919
291.762
291.555
291.375
291.242
291.153
291.106
291.092
291.153
291.347
291.62
291.97
292.417
292.969
293.62
294.341
295.065
295.657
295.803
295.297
294.357
293.438
292.646
291.955
291.292
290.604
290.065
289.716
289.516
289.405
289.337
289.295
289.288
289.32
289.365
289.4
289.414
289.393
292.069
292.088
292.037
291.913
291.75
291.581
291.438
291.338
291.286
291.262
291.282
291.368
291.554
291.816
292.155
292.583
293.098
293.685
294.301
294.865
295.215
295.05
294.4
293.555
292.765
292.079
291.471
290.875
290.344
289.95
289.679
289.51
289.408
289.342
289.303
289.295
289.324
289.365
289.394
289.401
289.376
292.116
292.114
292.046
291.927
291.79
291.659
291.553
291.483
291.451
291.452
291.497
291.604
291.79
292.046
292.374
292.776
293.241
293.735
294.199
294.523
294.518
293.971
293.164
292.376
291.759
291.237
290.811
290.429
290.093
289.826
289.628
289.493
289.404
289.345
289.309
289.301
289.327
289.362
289.385
289.386
289.364
292.141
292.137
292.078
291.983
291.88
291.789
291.719
291.678
291.663
291.684
291.748
291.866
292.048
292.291
292.592
292.939
293.302
293.627
293.819
293.748
293.278
292.454
291.671
291.165
290.811
290.533
290.291
290.069
289.87
289.701
289.566
289.465
289.394
289.344
289.313
289.306
289.328
289.357
289.373
289.372
289.354
292.152
292.167
292.14
292.079
292.013
291.955
291.914
291.894
291.898
291.934
292.008
292.126
292.29
292.494
292.722
292.943
293.103
293.118
292.891
292.365
291.629
290.957
290.561
290.325
290.167
290.037
289.914
289.795
289.683
289.583
289.498
289.43
289.378
289.34
289.315
289.309
289.327
289.349
289.359
289.356
289.345
292.122
292.187
292.216
292.197
292.165
292.14
292.125
292.122
292.133
292.17
292.234
292.323
292.429
292.534
292.607
292.596
292.434
292.058
291.475
290.826
290.316
290.029
289.884
289.798
289.738
289.69
289.64
289.586
289.532
289.479
289.432
289.391
289.357
289.331
289.313
289.309
289.323
289.337
289.344
289.342
289.336
292.009
292.061
292.257
292.292
292.282
292.274
292.274
292.279
292.288
292.303
292.324
292.343
292.344
292.305
292.191
291.964
291.59
291.079
290.524
290.074
289.805
289.68
289.611
289.564
289.528
289.498
289.471
289.446
289.42
289.396
289.372
289.351
289.332
289.317
289.307
289.305
289.314
289.322
289.327
289.328
289.329
289.15
289.15
289.15
289.15
289.15
289.15
289.15
289.15
289.154
)
;
    }
}


// ************************************************************************* //
