/*--------------------------------*- C++ -*----------------------------------*\
| =========                 |                                                 |
| \\      /  F ield         | OpenFOAM: The Open Source CFD Toolbox           |
|  \\    /   O peration     | Version:  2.3.1                                 |
|   \\  /    A nd           | Web:      www.OpenFOAM.org                      |
|    \\/     M anipulation  |                                                 |
\*---------------------------------------------------------------------------*/
FoamFile
{
    version     2.0;
    format      ascii;
    class       labelList;
    location    "constant/polyMesh";
    object      cellProcAddressing;
}
// * * * * * * * * * * * * * * * * * * * * * * * * * * * * * * * * * * * * * //


6852
(
26
27
28
29
61
62
63
64
96
97
98
99
131
132
133
134
166
167
168
169
201
202
203
204
236
237
238
239
271
272
273
274
275
306
307
308
309
310
341
342
343
344
345
376
377
378
379
380
411
412
413
414
415
446
447
448
449
450
481
482
483
484
485
516
517
518
519
520
551
552
553
554
555
586
587
588
589
590
621
622
623
624
625
656
657
658
659
660
691
692
693
694
695
726
727
728
729
730
761
762
763
764
765
796
797
798
799
800
831
832
833
834
835
866
867
868
869
870
901
902
903
904
905
936
937
938
939
940
971
972
973
974
975
1006
1007
1008
1009
1010
1041
1042
1043
1044
1045
1076
1077
1078
1079
1080
1111
1112
1113
1114
1115
1146
1147
1148
1149
1150
1181
1182
1183
1184
1185
1216
1217
1218
1219
1220
1251
1252
1253
1254
1255
1286
1287
1288
1289
1290
1321
1322
1323
1324
1325
1356
1357
1358
1359
1360
1391
1392
1393
1394
1395
1426
1427
1428
1429
1430
1460
1461
1462
1463
1464
1496
1497
1498
1499
1531
1532
1533
1534
1566
1567
1568
1569
1601
1602
1603
1604
1636
1637
1638
1639
1671
1672
1673
1674
1706
1707
1708
1709
1741
1742
1743
1744
1745
1776
1777
1778
1779
1780
1811
1812
1813
1814
1815
1846
1847
1848
1849
1850
1881
1882
1883
1884
1885
1916
1917
1918
1919
1920
1951
1952
1953
1954
1955
1986
1987
1988
1989
1990
2021
2022
2023
2024
2025
2056
2057
2058
2059
2060
2091
2092
2093
2094
2095
2126
2127
2128
2129
2130
2161
2162
2163
2164
2165
2196
2197
2198
2199
2200
2231
2232
2233
2234
2235
2266
2267
2268
2269
2270
2301
2302
2303
2304
2305
2336
2337
2338
2339
2340
2371
2372
2373
2374
2375
2406
2407
2408
2409
2410
2441
2442
2443
2444
2445
2476
2477
2478
2479
2480
2511
2512
2513
2514
2515
2546
2547
2548
2549
2550
2581
2582
2583
2584
2585
2616
2617
2618
2619
2620
2651
2652
2653
2654
2655
2686
2687
2688
2689
2690
2721
2722
2723
2724
2725
2756
2757
2758
2759
2760
2791
2792
2793
2794
2795
2826
2827
2828
2829
2830
2861
2862
2863
2864
2865
2895
2896
2897
2898
2899
2930
2931
2932
2933
2934
2966
2967
2968
2969
3001
3002
3003
3004
3036
3037
3038
3039
3071
3072
3073
3074
3106
3107
3108
3109
3141
3142
3143
3144
3176
3177
3178
3179
3211
3212
3213
3214
3215
3246
3247
3248
3249
3250
3281
3282
3283
3284
3285
3316
3317
3318
3319
3320
3351
3352
3353
3354
3355
3386
3387
3388
3389
3390
3421
3422
3423
3424
3425
3456
3457
3458
3459
3460
3491
3492
3493
3494
3495
3526
3527
3528
3529
3530
3561
3562
3563
3564
3565
3596
3597
3598
3599
3600
3631
3632
3633
3634
3635
3666
3667
3668
3669
3670
3701
3702
3703
3704
3705
3736
3737
3738
3739
3740
3771
3772
3773
3774
3775
3806
3807
3808
3809
3810
3841
3842
3843
3844
3845
3876
3877
3878
3879
3880
3911
3912
3913
3914
3915
3946
3947
3948
3949
3950
3981
3982
3983
3984
3985
4016
4017
4018
4019
4020
4051
4052
4053
4054
4055
4086
4087
4088
4089
4090
4121
4122
4123
4124
4125
4156
4157
4158
4159
4160
4191
4192
4193
4194
4195
4226
4227
4228
4229
4230
4261
4262
4263
4264
4265
4296
4297
4298
4299
4300
4330
4331
4332
4333
4334
4365
4366
4367
4368
4369
4400
4401
4402
4403
4404
4436
4437
4438
4439
4471
4472
4473
4474
4506
4507
4508
4509
4541
4542
4543
4544
4576
4577
4578
4579
4611
4612
4613
4614
4646
4647
4648
4649
4681
4682
4683
4684
4685
4716
4717
4718
4719
4720
4751
4752
4753
4754
4755
4786
4787
4788
4789
4790
4821
4822
4823
4824
4825
4856
4857
4858
4859
4860
4891
4892
4893
4894
4895
4926
4927
4928
4929
4930
4961
4962
4963
4964
4965
4996
4997
4998
4999
5000
5031
5032
5033
5034
5035
5066
5067
5068
5069
5070
5101
5102
5103
5104
5105
5136
5137
5138
5139
5140
5171
5172
5173
5174
5175
5206
5207
5208
5209
5210
5241
5242
5243
5244
5245
5276
5277
5278
5279
5280
5311
5312
5313
5314
5315
5346
5347
5348
5349
5350
5381
5382
5383
5384
5385
5416
5417
5418
5419
5420
5451
5452
5453
5454
5455
5486
5487
5488
5489
5490
5521
5522
5523
5524
5525
5556
5557
5558
5559
5560
5591
5592
5593
5594
5595
5626
5627
5628
5629
5630
5661
5662
5663
5664
5665
5696
5697
5698
5699
5700
5731
5732
5733
5734
5735
5765
5766
5767
5768
5769
5800
5801
5802
5803
5804
5835
5836
5837
5838
5839
5870
5871
5872
5873
5874
5906
5907
5908
5909
5941
5942
5943
5944
5976
5977
5978
5979
6011
6012
6013
6014
6046
6047
6048
6049
6081
6082
6083
6084
6116
6117
6118
6119
6151
6152
6153
6154
6155
6186
6187
6188
6189
6190
6221
6222
6223
6224
6225
6256
6257
6258
6259
6260
6291
6292
6293
6294
6295
6326
6327
6328
6329
6330
6361
6362
6363
6364
6365
6396
6397
6398
6399
6400
6431
6432
6433
6434
6435
6466
6467
6468
6469
6470
6501
6502
6503
6504
6505
6536
6537
6538
6539
6540
6571
6572
6573
6574
6575
6606
6607
6608
6609
6610
6641
6642
6643
6644
6645
6676
6677
6678
6679
6680
6711
6712
6713
6714
6715
6746
6747
6748
6749
6750
6781
6782
6783
6784
6785
6816
6817
6818
6819
6820
6851
6852
6853
6854
6855
6886
6887
6888
6889
6890
6921
6922
6923
6924
6925
6956
6957
6958
6959
6960
6991
6992
6993
6994
6995
7026
7027
7028
7029
7030
7061
7062
7063
7064
7065
7096
7097
7098
7099
7100
7131
7132
7133
7134
7135
7166
7167
7168
7169
7170
7200
7201
7202
7203
7204
7235
7236
7237
7238
7239
7270
7271
7272
7273
7274
7305
7306
7307
7308
7309
7340
7341
7342
7343
7344
7376
7377
7378
7379
7411
7412
7413
7414
7446
7447
7448
7449
7481
7482
7483
7484
7516
7517
7518
7519
7551
7552
7553
7554
7586
7587
7588
7589
7621
7622
7623
7624
7625
7656
7657
7658
7659
7660
7691
7692
7693
7694
7695
7726
7727
7728
7729
7730
7761
7762
7763
7764
7765
7796
7797
7798
7799
7800
7831
7832
7833
7834
7835
7866
7867
7868
7869
7870
7901
7902
7903
7904
7905
7936
7937
7938
7939
7940
7971
7972
7973
7974
7975
8006
8007
8008
8009
8010
8041
8042
8043
8044
8045
8076
8077
8078
8079
8080
8111
8112
8113
8114
8115
8146
8147
8148
8149
8150
8181
8182
8183
8184
8185
8216
8217
8218
8219
8220
8251
8252
8253
8254
8255
8286
8287
8288
8289
8290
8321
8322
8323
8324
8325
8356
8357
8358
8359
8360
8391
8392
8393
8394
8395
8426
8427
8428
8429
8430
8461
8462
8463
8464
8465
8496
8497
8498
8499
8500
8531
8532
8533
8534
8535
8566
8567
8568
8569
8570
8601
8602
8603
8604
8605
8628
8629
8648
8649
8668
8669
8689
8709
8729
8749
8769
8824
8825
8844
8845
8864
8865
8884
8885
8905
8925
8945
8965
9027
9028
9029
9030
9031
9062
9063
9064
9065
9066
9097
9098
9099
9100
9101
9114
9115
9116
9129
9130
9131
9144
9145
9146
9159
9160
9161
9174
9175
9176
9189
9190
9191
9204
9205
9206
9219
9220
9221
9253
9254
9255
9256
9288
9289
9290
9291
9323
9324
9325
9326
9358
9359
9360
9361
9393
9394
9395
9396
9397
9428
9429
9430
9431
9432
9463
9464
9465
9466
9467
9498
9499
9500
9501
9502
9533
9534
9535
9536
9537
9568
9569
9570
9571
9572
9603
9604
9605
9606
9607
9638
9639
9640
9641
9642
9667
9668
9669
9670
9671
9696
9697
9698
9699
9700
9725
9726
9727
9728
9729
9754
9755
9756
9757
9758
9783
9784
9785
9786
9787
9812
9813
9814
9815
9816
9841
9842
9843
9844
9845
9870
9871
9872
9873
9874
9905
9906
9907
9908
9909
9940
9941
9942
9943
9944
9975
9976
9977
9978
9979
10010
10011
10012
10013
10014
10045
10046
10047
10048
10049
10080
10081
10082
10083
10084
10115
10116
10117
10118
10119
10150
10151
10152
10153
10154
10185
10186
10187
10188
10189
10220
10221
10222
10223
10224
10254
10255
10256
10257
10258
10289
10290
10291
10292
10293
10324
10325
10326
10327
10328
10341
10342
10343
10356
10357
10358
10371
10372
10373
10386
10387
10388
10401
10402
10403
10416
10417
10418
10431
10432
10433
10446
10447
10448
10480
10481
10482
10483
10515
10516
10517
10518
10550
10551
10552
10553
10585
10586
10587
10588
10620
10621
10622
10623
10655
10656
10657
10658
10659
10690
10691
10692
10693
10694
10725
10726
10727
10728
10729
10760
10761
10762
10763
10764
10795
10796
10797
10798
10799
10830
10831
10832
10833
10834
10865
10866
10867
10868
10869
10894
10895
10896
10897
10898
10923
10924
10925
10926
10927
10952
10953
10954
10955
10956
10981
10982
10983
10984
10985
11010
11011
11012
11013
11014
11039
11040
11041
11042
11043
11068
11069
11070
11071
11072
11097
11098
11099
11100
11101
11132
11133
11134
11135
11136
11167
11168
11169
11170
11171
11202
11203
11204
11205
11206
11237
11238
11239
11240
11241
11272
11273
11274
11275
11276
11307
11308
11309
11310
11311
11342
11343
11344
11345
11346
11377
11378
11379
11380
11381
11412
11413
11414
11415
11416
11447
11448
11449
11450
11451
11481
11482
11483
11484
11485
11516
11517
11518
11519
11520
11551
11552
11553
11554
11555
11568
11569
11570
11583
11584
11585
11598
11599
11600
11613
11614
11615
11628
11629
11630
11643
11644
11645
11658
11659
11660
11673
11674
11675
11707
11708
11709
11710
11742
11743
11744
11745
11777
11778
11779
11780
11812
11813
11814
11815
11847
11848
11849
11850
11882
11883
11884
11885
11917
11918
11919
11920
11921
11952
11953
11954
11955
11956
11987
11988
11989
11990
11991
12022
12023
12024
12025
12026
12057
12058
12059
12060
12061
12092
12093
12094
12095
12096
12121
12122
12123
12124
12125
12150
12151
12152
12153
12154
12179
12180
12181
12182
12183
12208
12209
12210
12211
12212
12237
12238
12239
12240
12241
12266
12267
12268
12269
12270
12295
12296
12297
12298
12299
12324
12325
12326
12327
12328
12359
12360
12361
12362
12363
12394
12395
12396
12397
12398
12429
12430
12431
12432
12433
12464
12465
12466
12467
12468
12499
12500
12501
12502
12503
12534
12535
12536
12537
12538
12569
12570
12571
12572
12573
12604
12605
12606
12607
12608
12639
12640
12641
12642
12643
12674
12675
12676
12677
12678
12708
12709
12710
12711
12712
12743
12744
12745
12746
12747
12778
12779
12780
12781
12782
12795
12796
12797
12810
12811
12812
12825
12826
12827
12840
12841
12842
12855
12856
12857
12870
12871
12872
12885
12886
12887
12900
12901
12902
12934
12935
12936
12937
12969
12970
12971
12972
13004
13005
13006
13007
13039
13040
13041
13042
13074
13075
13076
13077
13109
13110
13111
13112
13144
13145
13146
13147
13179
13180
13181
13182
13183
13214
13215
13216
13217
13218
13249
13250
13251
13252
13253
13284
13285
13286
13287
13288
13319
13320
13321
13322
13323
13348
13349
13350
13351
13352
13377
13378
13379
13380
13381
13406
13407
13408
13409
13410
13435
13436
13437
13438
13439
13464
13465
13466
13467
13468
13493
13494
13495
13496
13497
13522
13523
13524
13525
13526
13551
13552
13553
13554
13555
13586
13587
13588
13589
13590
13621
13622
13623
13624
13625
13656
13657
13658
13659
13660
13691
13692
13693
13694
13695
13726
13727
13728
13729
13730
13761
13762
13763
13764
13765
13796
13797
13798
13799
13800
13831
13832
13833
13834
13835
13866
13867
13868
13869
13870
13901
13902
13903
13904
13905
13935
13936
13937
13938
13939
13970
13971
13972
13973
13974
14005
14006
14007
14008
14009
14022
14023
14024
14037
14038
14039
14052
14053
14054
14067
14068
14069
14082
14083
14084
14097
14098
14099
14112
14113
14114
14127
14128
14129
14160
14161
14162
14163
14164
14196
14197
14198
14199
14231
14232
14233
14234
14266
14267
14268
14269
14301
14302
14303
14304
14336
14337
14338
14339
14371
14372
14373
14374
14406
14407
14408
14409
14441
14442
14443
14444
14445
14476
14477
14478
14479
14480
14511
14512
14513
14514
14515
14546
14547
14548
14549
14550
14575
14576
14577
14578
14579
14604
14605
14606
14607
14608
14633
14634
14635
14636
14637
14662
14663
14664
14665
14666
14691
14692
14693
14694
14695
14720
14721
14722
14723
14724
14749
14750
14751
14752
14753
14778
14779
14780
14781
14782
14813
14814
14815
14816
14817
14848
14849
14850
14851
14852
14883
14884
14885
14886
14887
14918
14919
14920
14921
14922
14953
14954
14955
14956
14957
14988
14989
14990
14991
14992
15023
15024
15025
15026
15027
15058
15059
15060
15061
15062
15093
15094
15095
15096
15097
15128
15129
15130
15131
15132
15162
15163
15164
15165
15166
15197
15198
15199
15200
15201
15232
15233
15234
15235
15236
15249
15250
15251
15264
15265
15266
15279
15280
15281
15294
15295
15296
15309
15310
15311
15324
15325
15326
15339
15340
15341
15354
15355
15356
15387
15388
15389
15390
15391
15422
15423
15424
15425
15426
15458
15459
15460
15461
15493
15494
15495
15496
15528
15529
15530
15531
15563
15564
15565
15566
15598
15599
15600
15601
15633
15634
15635
15636
15668
15669
15670
15671
15703
15704
15705
15706
15707
15738
15739
15740
15741
15742
15773
15774
15775
15776
15777
15802
15803
15804
15805
15806
15831
15832
15833
15834
15835
15860
15861
15862
15863
15864
15889
15890
15891
15892
15893
15918
15919
15920
15921
15922
15947
15948
15949
15950
15951
15976
15977
15978
15979
15980
16005
16006
16007
16008
16009
16040
16041
16042
16043
16044
16075
16076
16077
16078
16079
16110
16111
16112
16113
16114
16145
16146
16147
16148
16149
16180
16181
16182
16183
16184
16215
16216
16217
16218
16219
16250
16251
16252
16253
16254
16285
16286
16287
16288
16289
16320
16321
16322
16323
16324
16355
16356
16357
16358
16359
16389
16390
16391
16392
16393
16424
16425
16426
16427
16428
16459
16460
16461
16462
16463
16476
16477
16478
16491
16492
16493
16506
16507
16508
16521
16522
16523
16536
16537
16538
16551
16552
16553
16566
16567
16568
16581
16582
16583
16614
16615
16616
16617
16618
16649
16650
16651
16652
16653
16684
16685
16686
16687
16688
16720
16721
16722
16723
16755
16756
16757
16758
16790
16791
16792
16793
16825
16826
16827
16828
16860
16861
16862
16863
16895
16896
16897
16898
16930
16931
16932
16933
16965
16966
16967
16968
16969
17000
17001
17002
17003
17004
17029
17030
17031
17032
17033
17058
17059
17060
17061
17062
17087
17088
17089
17090
17091
17116
17117
17118
17119
17120
17145
17146
17147
17148
17149
17174
17175
17176
17177
17178
17203
17204
17205
17206
17207
17232
17233
17234
17235
17236
17267
17268
17269
17270
17271
17302
17303
17304
17305
17306
17337
17338
17339
17340
17341
17372
17373
17374
17375
17376
17407
17408
17409
17410
17411
17442
17443
17444
17445
17446
17477
17478
17479
17480
17481
17512
17513
17514
17515
17516
17547
17548
17549
17550
17551
17582
17583
17584
17585
17586
17616
17617
17618
17619
17620
17651
17652
17653
17654
17655
17686
17687
17688
17689
17690
17703
17704
17705
17718
17719
17720
17733
17734
17735
17748
17749
17750
17763
17764
17765
17778
17779
17780
17793
17794
17795
17808
17809
17810
17841
17842
17843
17844
17845
17876
17877
17878
17879
17880
17911
17912
17913
17914
17915
17946
17947
17948
17949
17950
17982
17983
17984
17985
18017
18018
18019
18020
18052
18053
18054
18055
18087
18088
18089
18090
18122
18123
18124
18125
18157
18158
18159
18160
18192
18193
18194
18195
18227
18228
18229
18230
18231
18256
18257
18258
18259
18260
18285
18286
18287
18288
18289
18314
18315
18316
18317
18318
18343
18344
18345
18346
18347
18372
18373
18374
18375
18376
18401
18402
18403
18404
18405
18430
18431
18432
18433
18434
18459
18460
18461
18462
18463
18494
18495
18496
18497
18498
18529
18530
18531
18532
18533
18564
18565
18566
18567
18568
18599
18600
18601
18602
18603
18634
18635
18636
18637
18638
18669
18670
18671
18672
18673
18704
18705
18706
18707
18708
18739
18740
18741
18742
18743
18774
18775
18776
18777
18778
18809
18810
18811
18812
18813
18843
18844
18845
18846
18847
18878
18879
18880
18881
18882
18913
18914
18915
18916
18917
18930
18931
18932
18945
18946
18947
18960
18961
18962
18975
18976
18977
18990
18991
18992
19005
19006
19007
19020
19021
19022
19035
19036
19037
19068
19069
19070
19071
19072
19103
19104
19105
19106
19107
19138
19139
19140
19141
19142
19173
19174
19175
19176
19177
19208
19209
19210
19211
19212
19244
19245
19246
19247
19279
19280
19281
19282
19314
19315
19316
19317
19349
19350
19351
19352
19384
19385
19386
19387
19419
19420
19421
19422
19454
19455
19456
19457
19483
19484
19485
19486
19487
19512
19513
19514
19515
19516
19541
19542
19543
19544
19545
19570
19571
19572
19573
19574
19599
19600
19601
19602
19603
19628
19629
19630
19631
19632
19657
19658
19659
19660
19661
19686
19687
19688
19689
19690
19721
19722
19723
19724
19725
19756
19757
19758
19759
19760
19791
19792
19793
19794
19795
19826
19827
19828
19829
19830
19861
19862
19863
19864
19865
19896
19897
19898
19899
19900
19931
19932
19933
19934
19935
19966
19967
19968
19969
19970
20001
20002
20003
20004
20005
20036
20037
20038
20039
20040
20070
20071
20072
20073
20074
20105
20106
20107
20108
20109
20140
20141
20142
20143
20144
20157
20158
20159
20172
20173
20174
20187
20188
20189
20202
20203
20204
20217
20218
20219
20232
20233
20234
20247
20248
20249
20262
20263
20264
20295
20296
20297
20298
20299
20330
20331
20332
20333
20334
20365
20366
20367
20368
20369
20400
20401
20402
20403
20404
20435
20436
20437
20438
20439
20470
20471
20472
20473
20474
20505
20506
20507
20508
20509
20541
20542
20543
20544
20576
20577
20578
20579
20611
20612
20613
20614
20646
20647
20648
20649
20681
20682
20683
20684
20710
20711
20712
20713
20739
20740
20741
20742
20743
20768
20769
20770
20771
20772
20797
20798
20799
20800
20801
20826
20827
20828
20829
20830
20855
20856
20857
20858
20859
20884
20885
20886
20887
20888
20913
20914
20915
20916
20917
20948
20949
20950
20951
20952
20983
20984
20985
20986
20987
21018
21019
21020
21021
21022
21053
21054
21055
21056
21057
21088
21089
21090
21091
21092
21123
21124
21125
21126
21127
21158
21159
21160
21161
21162
21193
21194
21195
21196
21197
21228
21229
21230
21231
21232
21263
21264
21265
21266
21267
21297
21298
21299
21300
21301
21332
21333
21334
21335
21336
21367
21368
21369
21370
21371
21384
21385
21386
21399
21400
21401
21414
21415
21416
21429
21430
21431
21444
21445
21446
21459
21460
21461
21474
21475
21476
21489
21490
21491
21522
21523
21524
21525
21526
21557
21558
21559
21560
21561
21592
21593
21594
21595
21596
21627
21628
21629
21630
21631
21662
21663
21664
21665
21666
21697
21698
21699
21700
21701
21732
21733
21734
21735
21736
21767
21768
21769
21770
21771
21803
21804
21805
21806
21838
21839
21840
21841
21873
21874
21875
21876
21908
21909
21910
21911
21937
21938
21939
21940
21966
21967
21968
21969
21995
21996
21997
21998
21999
22024
22025
22026
22027
22028
22053
22054
22055
22056
22057
22082
22083
22084
22085
22086
22111
22112
22113
22114
22115
22140
22141
22142
22143
22144
22175
22176
22177
22178
22179
22210
22211
22212
22213
22214
22245
22246
22247
22248
22249
22280
22281
22282
22283
22284
22315
22316
22317
22318
22319
22350
22351
22352
22353
22354
22385
22386
22387
22388
22389
22420
22421
22422
22423
22424
22455
22456
22457
22458
22459
22490
22491
22492
22493
22494
22524
22525
22526
22527
22528
22559
22560
22561
22562
22563
22594
22595
22596
22597
22598
22611
22612
22613
22626
22627
22628
22641
22642
22643
22656
22657
22658
22671
22672
22673
22686
22687
22688
22701
22702
22703
22716
22717
22718
22749
22750
22751
22752
22753
22784
22785
22786
22787
22788
22819
22820
22821
22822
22823
22854
22855
22856
22857
22858
22889
22890
22891
22892
22893
22924
22925
22926
22927
22928
22959
22960
22961
22962
22963
22994
22995
22996
22997
22998
23029
23030
23031
23032
23033
23065
23066
23067
23068
23100
23101
23102
23103
23135
23136
23137
23138
23164
23165
23166
23167
23193
23194
23195
23196
23222
23223
23224
23225
23251
23252
23253
23254
23255
23280
23281
23282
23283
23284
23309
23310
23311
23312
23313
23338
23339
23340
23341
23342
23367
23368
23369
23370
23371
23402
23403
23404
23405
23406
23437
23438
23439
23440
23441
23472
23473
23474
23475
23476
23507
23508
23509
23510
23511
23542
23543
23544
23545
23546
23577
23578
23579
23580
23581
23612
23613
23614
23615
23616
23647
23648
23649
23650
23651
23682
23683
23684
23685
23686
23717
23718
23719
23720
23721
23751
23752
23753
23754
23755
23786
23787
23788
23789
23790
23821
23822
23823
23824
23825
23838
23839
23840
23853
23854
23855
23868
23869
23870
23883
23884
23885
23898
23899
23900
23913
23914
23915
23928
23929
23930
23943
23944
23945
23976
23977
23978
23979
23980
24011
24012
24013
24014
24015
24046
24047
24048
24049
24050
24081
24082
24083
24084
24085
24116
24117
24118
24119
24120
24151
24152
24153
24154
24155
24186
24187
24188
24189
24190
24221
24222
24223
24224
24225
24256
24257
24258
24259
24260
24291
24292
24293
24294
24295
24327
24328
24329
24330
24362
24363
24364
24365
24391
24392
24393
24394
24420
24421
24422
24423
24449
24450
24451
24452
24478
24479
24480
24481
24507
24508
24509
24510
24511
24536
24537
24538
24539
24540
24565
24566
24567
24568
24569
24594
24595
24596
24597
24598
24629
24630
24631
24632
24633
24664
24665
24666
24667
24668
24699
24700
24701
24702
24703
24734
24735
24736
24737
24738
24769
24770
24771
24772
24773
24804
24805
24806
24807
24808
24839
24840
24841
24842
24843
24874
24875
24876
24877
24878
24909
24910
24911
24912
24913
24944
24945
24946
24947
24948
24978
24979
24980
24981
24982
25013
25014
25015
25016
25017
25048
25049
25050
25051
25052
25065
25066
25067
25080
25081
25082
25095
25096
25097
25110
25111
25112
25125
25126
25127
25140
25141
25142
25155
25156
25157
25170
25171
25172
25203
25204
25205
25206
25207
25238
25239
25240
25241
25242
25273
25274
25275
25276
25277
25308
25309
25310
25311
25312
25343
25344
25345
25346
25347
25378
25379
25380
25381
25382
25413
25414
25415
25416
25417
25448
25449
25450
25451
25452
25483
25484
25485
25486
25487
25518
25519
25520
25521
25522
25553
25554
25555
25556
25557
25589
25590
25591
25592
25618
25619
25620
25621
25647
25648
25649
25650
25676
25677
25678
25679
25705
25706
25707
25708
25734
25735
25736
25737
25763
25764
25765
25766
25767
25792
25793
25794
25795
25796
25821
25822
25823
25824
25825
25856
25857
25858
25859
25860
25891
25892
25893
25894
25895
25926
25927
25928
25929
25930
25961
25962
25963
25964
25965
25996
25997
25998
25999
26000
26031
26032
26033
26034
26035
26066
26067
26068
26069
26070
26101
26102
26103
26104
26105
26136
26137
26138
26139
26140
26171
26172
26173
26174
26175
26205
26206
26207
26208
26209
26240
26241
26242
26243
26244
26275
26276
26277
26278
26279
26292
26293
26294
26307
26308
26309
26322
26323
26324
26337
26338
26339
26352
26353
26354
26367
26368
26369
26382
26383
26384
26397
26398
26399
26430
26431
26432
26433
26434
26465
26466
26467
26468
26469
26500
26501
26502
26503
26504
26535
26536
26537
26538
26539
26570
26571
26572
26573
26574
26605
26606
26607
26608
26609
26640
26641
26642
26643
26644
26675
26676
26677
26678
26679
26710
26711
26712
26713
26714
26745
26746
26747
26748
26749
26780
26781
26782
26783
26784
26815
26816
26817
26818
26819
26845
26846
26847
26848
26874
26875
26876
26877
26903
26904
26905
26906
26932
26933
26934
26935
26961
26962
26963
26964
26990
26991
26992
26993
27019
27020
27021
27022
27048
27049
27050
27051
27052
27083
27084
27085
27086
27087
27118
27119
27120
27121
27122
27153
27154
27155
27156
27157
27188
27189
27190
27191
27192
27223
27224
27225
27226
27227
27258
27259
27260
27261
27262
27293
27294
27295
27296
27297
27328
27329
27330
27331
27332
27363
27364
27365
27366
27367
27398
27399
27400
27401
27402
27432
27433
27434
27435
27436
27467
27468
27469
27470
27471
27502
27503
27504
27505
27506
27519
27520
27521
27534
27535
27536
27549
27550
27551
27564
27565
27566
27579
27580
27581
27594
27595
27596
27609
27610
27611
27624
27625
27626
27657
27658
27659
27660
27661
27692
27693
27694
27695
27696
27727
27728
27729
27730
27731
27762
27763
27764
27765
27766
27797
27798
27799
27800
27801
27832
27833
27834
27835
27836
27867
27868
27869
27870
27871
27902
27903
27904
27905
27906
27937
27938
27939
27940
27941
27972
27973
27974
27975
27976
28007
28008
28009
28010
28011
28042
28043
28044
28045
28046
28071
28072
28073
28074
28075
28101
28102
28103
28104
28130
28131
28132
28133
28159
28160
28161
28162
28188
28189
28190
28191
28217
28218
28219
28220
28246
28247
28248
28249
28275
28276
28277
28278
28310
28311
28312
28313
28314
28345
28346
28347
28348
28349
28380
28381
28382
28383
28384
28415
28416
28417
28418
28419
28450
28451
28452
28453
28454
28485
28486
28487
28488
28489
28520
28521
28522
28523
28524
28555
28556
28557
28558
28559
28590
28591
28592
28593
28594
28625
28626
28627
28628
28629
28659
28660
28661
28662
28663
28694
28695
28696
28697
28698
28729
28730
28731
28732
28733
28746
28747
28748
28761
28762
28763
28776
28777
28778
28791
28792
28793
28806
28807
28808
28821
28822
28823
28836
28837
28838
28851
28852
28853
28884
28885
28886
28887
28888
28919
28920
28921
28922
28923
28954
28955
28956
28957
28958
28989
28990
28991
28992
28993
29024
29025
29026
29027
29028
29059
29060
29061
29062
29063
29094
29095
29096
29097
29098
29129
29130
29131
29132
29133
29164
29165
29166
29167
29168
29199
29200
29201
29202
29203
29234
29235
29236
29237
29238
29269
29270
29271
29272
29273
29298
29299
29300
29301
29302
29327
29328
29329
29330
29331
29357
29358
29359
29360
29386
29387
29388
29389
29415
29416
29417
29418
29444
29445
29446
29447
29473
29474
29475
29476
29502
29503
29504
29505
29537
29538
29539
29540
29572
29573
29574
29575
29576
29607
29608
29609
29610
29611
29642
29643
29644
29645
29646
29677
29678
29679
29680
29681
29712
29713
29714
29715
29716
29747
29748
29749
29750
29751
29782
29783
29784
29785
29786
29817
29818
29819
29820
29821
29852
29853
29854
29855
29856
29886
29887
29888
29889
29890
29921
29922
29923
29924
29925
29956
29957
29958
29959
29960
29973
29974
29975
29988
29989
29990
30003
30004
30005
30018
30019
30020
30033
30034
30035
30048
30049
30050
30063
30064
30065
30078
30079
30080
30111
30112
30113
30114
30115
30146
30147
30148
30149
30150
30181
30182
30183
30184
30185
30216
30217
30218
30219
30220
30251
30252
30253
30254
30255
30286
30287
30288
30289
30290
30321
30322
30323
30324
30325
30356
30357
30358
30359
30360
30391
30392
30393
30394
30395
30426
30427
30428
30429
30430
30461
30462
30463
30464
30465
30496
30497
30498
30499
30500
30525
30526
30527
30528
30529
30554
30555
30556
30557
30558
30583
30584
30585
30586
30587
30613
30614
30615
30616
30642
30643
30644
30645
30671
30672
30673
30674
30700
30701
30702
30703
30729
30730
30731
30732
30764
30765
30766
30767
30799
30800
30801
30802
30834
30835
30836
30837
30838
30869
30870
30871
30872
30873
30904
30905
30906
30907
30908
30939
30940
30941
30942
30943
30974
30975
30976
30977
30978
31009
31010
31011
31012
31013
31044
31045
31046
31047
31048
31079
31080
31081
31082
31083
31113
31114
31115
31116
31117
31148
31149
31150
31151
31152
31183
31184
31185
31186
31187
31200
31201
31202
31215
31216
31217
31230
31231
31232
31245
31246
31247
31260
31261
31262
31275
31276
31277
31290
31291
31292
31305
31306
31307
31338
31339
31340
31341
31342
31373
31374
31375
31376
31377
31408
31409
31410
31411
31412
31443
31444
31445
31446
31447
31478
31479
31480
31481
31482
31513
31514
31515
31516
31517
31548
31549
31550
31551
31552
31583
31584
31585
31586
31587
31618
31619
31620
31621
31622
31653
31654
31655
31656
31657
31688
31689
31690
31691
31692
31723
31724
31725
31726
31727
31752
31753
31754
31755
31756
31781
31782
31783
31784
31785
31810
31811
31812
31813
31814
31839
31840
31841
31842
31843
31869
31870
31871
31872
31898
31899
31900
31901
31927
31928
31929
31930
31956
31957
31958
31959
31991
31992
31993
31994
32026
32027
32028
32029
32061
32062
32063
32064
32096
32097
32098
32099
32100
32131
32132
32133
32134
32135
32166
32167
32168
32169
32170
32201
32202
32203
32204
32205
32236
32237
32238
32239
32240
32271
32272
32273
32274
32275
32306
32307
32308
32309
32310
32340
32341
32342
32343
32344
32375
32376
32377
32378
32379
32410
32411
32412
32413
32414
32427
32428
32429
32442
32443
32444
32457
32458
32459
32472
32473
32474
32487
32488
32489
32502
32503
32504
32517
32518
32519
32532
32533
32534
32565
32566
32567
32568
32569
32600
32601
32602
32603
32604
32635
32636
32637
32638
32639
32670
32671
32672
32673
32674
32705
32706
32707
32708
32709
32740
32741
32742
32743
32744
32775
32776
32777
32778
32779
32810
32811
32812
32813
32814
32845
32846
32847
32848
32849
32880
32881
32882
32883
32884
32915
32916
32917
32918
32919
32950
32951
32952
32953
32954
32979
32980
32981
32982
32983
33008
33009
33010
33011
33012
33037
33038
33039
33040
33041
33066
33067
33068
33069
33070
33095
33096
33097
33098
33099
33125
33126
33127
33128
33154
33155
33156
33157
33183
33184
33185
33186
33218
33219
33220
33221
33253
33254
33255
33256
33288
33289
33290
33291
33323
33324
33325
33326
33358
33359
33360
33361
33362
33393
33394
33395
33396
33397
33428
33429
33430
33431
33432
33463
33464
33465
33466
33467
33498
33499
33500
33501
33502
33533
33534
33535
33536
33537
33567
33568
33569
33570
33571
33602
33603
33604
33605
33606
33637
33638
33639
33640
33641
33672
33673
33674
33675
33676
33707
33708
33709
33710
33711
33742
33743
33744
33745
33746
33777
33778
33779
33780
33781
33812
33813
33814
33815
33816
33847
33848
33849
33850
33851
33882
33883
33884
33885
33886
33917
33918
33919
33920
33921
33952
33953
33954
33955
33956
33987
33988
33989
33990
33991
34022
34023
34024
34025
34026
34057
34058
34059
34060
34061
34092
34093
34094
34095
34096
34127
34128
34129
34130
34131
34162
34163
34164
34165
34166
34197
34198
34199
34200
34201
34232
34233
34234
34235
34236
34267
34268
34269
34270
34271
34302
34303
34304
34305
34306
34337
34338
34339
34340
34341
34372
34373
34374
34375
34376
34407
34408
34409
34410
34411
34442
34443
34444
34445
34446
34477
34478
34479
34480
34481
34512
34513
34514
34515
34516
34547
34548
34549
34550
34551
34583
34584
34585
34586
34618
34619
34620
34621
34653
34654
34655
34656
34688
34689
34690
34691
34723
34724
34725
34726
34758
34759
34760
34761
34793
34794
34795
34796
34828
34829
34830
34831
34832
34863
34864
34865
34866
34867
34898
34899
34900
34901
34902
34933
34934
34935
34936
34937
34968
34969
34970
34971
34972
35002
35003
35004
35005
35006
35037
35038
35039
35040
35041
35072
35073
35074
35075
35076
35107
35108
35109
35110
35111
35142
35143
35144
35145
35146
35177
35178
35179
35180
35181
35212
35213
35214
35215
35216
35247
35248
35249
35250
35251
35282
35283
35284
35285
35286
35317
35318
35319
35320
35321
35352
35353
35354
35355
35356
35387
35388
35389
35390
35391
35422
35423
35424
35425
35426
35457
35458
35459
35460
35461
35492
35493
35494
35495
35496
35527
35528
35529
35530
35531
35562
35563
35564
35565
35566
35597
35598
35599
35600
35601
35632
35633
35634
35635
35636
35667
35668
35669
35670
35671
35702
35703
35704
35705
35706
35737
35738
35739
35740
35741
35772
35773
35774
35775
35776
35807
35808
35809
35810
35811
35842
35843
35844
35845
35846
35877
35878
35879
35880
35881
35912
35913
35914
35915
35916
35947
35948
35949
35950
35951
35982
35983
35984
35985
35986
36017
36018
36019
36020
36021
36053
36054
36055
36056
36088
36089
36090
36091
36123
36124
36125
36126
36158
36159
36160
36161
36193
36194
36195
36196
36228
36229
36230
36231
36263
36264
36265
36266
36298
36299
36300
36301
36302
36333
36334
36335
36336
36337
36368
36369
36370
36371
36372
36403
36404
36405
36406
36407
36437
36438
36439
36440
36441
36472
36473
36474
36475
36476
36507
36508
36509
36510
36511
36542
36543
36544
36545
36546
36577
36578
36579
36580
36581
36612
36613
36614
36615
36616
36647
36648
36649
36650
36651
36682
36683
36684
36685
36686
36717
36718
36719
36720
36721
36752
36753
36754
36755
36756
36787
36788
36789
36790
36791
36822
36823
36824
36825
36826
36857
36858
36859
36860
36861
36892
36893
36894
36895
36896
36927
36928
36929
36930
36931
36962
36963
36964
36965
36966
36997
36998
36999
37000
37001
37032
37033
37034
37035
37036
37067
37068
37069
37070
37071
37102
37103
37104
37105
37106
37137
37138
37139
37140
37141
37172
37173
37174
37175
37176
37207
37208
37209
37210
37211
37242
37243
37244
37245
37246
37277
37278
37279
37280
37281
37312
37313
37314
37315
37316
37347
37348
37349
37350
37351
37382
37383
37384
37385
37386
37417
37418
37419
37420
37421
37452
37453
37454
37455
37456
37487
37488
37489
37490
37491
37523
37524
37525
37526
37558
37559
37560
37561
37593
37594
37595
37596
37628
37629
37630
37631
37663
37664
37665
37666
37698
37699
37700
37701
37733
37734
37735
37736
37768
37769
37770
37771
37772
37803
37804
37805
37806
37807
37838
37839
37840
37841
37842
37872
37873
37874
37875
37876
37907
37908
37909
37910
37911
37942
37943
37944
37945
37946
37977
37978
37979
37980
37981
38012
38013
38014
38015
38016
38047
38048
38049
38050
38051
38082
38083
38084
38085
38086
38117
38118
38119
38120
38121
38152
38153
38154
38155
38156
38187
38188
38189
38190
38191
38222
38223
38224
38225
38226
38257
38258
38259
38260
38261
38292
38293
38294
38295
38296
38327
38328
38329
38330
38331
38362
38363
38364
38365
38366
38397
38398
38399
38400
38401
38432
38433
38434
38435
38436
38467
38468
38469
38470
38471
38502
38503
38504
38505
38506
38537
38538
38539
38540
38541
38572
38573
38574
38575
38576
38607
38608
38609
38610
38611
38642
38643
38644
38645
38646
38677
38678
38679
38680
38681
38712
38713
38714
38715
38716
38747
38748
38749
38750
38751
38782
38783
38784
38785
38786
38817
38818
38819
38820
38821
38852
38853
38854
38855
38856
38887
38888
38889
38890
38891
38922
38923
38924
38925
38926
38957
38958
38959
38960
38961
38993
38994
38995
38996
39028
39029
39030
39031
39063
39064
39065
39066
39098
39099
39100
39101
39133
39134
39135
39136
39168
39169
39170
39171
39203
39204
39205
39206
39238
39239
39240
39241
39242
39273
39274
39275
39276
39277
39307
39308
39309
39310
39311
39342
39343
39344
39345
39346
39377
39378
39379
39380
39381
39412
39413
39414
39415
39416
39447
39448
39449
39450
39451
39482
39483
39484
39485
39486
39517
39518
39519
39520
39521
39552
39553
39554
39555
39556
39587
39588
39589
39590
39591
39622
39623
39624
39625
39626
39657
39658
39659
39660
39661
39692
39693
39694
39695
39696
39727
39728
39729
39730
39731
39762
39763
39764
39765
39766
39797
39798
39799
39800
39801
39832
39833
39834
39835
39836
39867
39868
39869
39870
39871
39902
39903
39904
39905
39906
39937
39938
39939
39940
39941
39972
39973
39974
39975
39976
40007
40008
40009
40010
40011
40042
40043
40044
40045
40046
40077
40078
40079
40080
40081
40112
40113
40114
40115
40116
40147
40148
40149
40150
40151
40182
40183
40184
40185
40186
40217
40218
40219
40220
40221
40252
40253
40254
40255
40256
40287
40288
40289
40290
40291
40322
40323
40324
40325
40326
40357
40358
40359
40360
40361
40392
40393
40394
40395
40396
40427
40428
40429
40430
40431
40463
40464
40465
40466
40498
40499
40500
40501
40533
40534
40535
40536
40568
40569
40570
40571
40603
40604
40605
40606
40638
40639
40640
40641
40673
40674
40675
40676
40708
40709
40710
40711
40712
40742
40743
40744
40745
40746
40777
40778
40779
40780
40781
40812
40813
40814
40815
40816
40847
40848
40849
40850
40851
40882
40883
40884
40885
40886
40917
40918
40919
40920
40921
40952
40953
40954
40955
40956
40987
40988
40989
40990
40991
41022
41023
41024
41025
41026
41057
41058
41059
41060
41061
41092
41093
41094
41095
41096
41127
41128
41129
41130
41131
41162
41163
41164
41165
41166
41197
41198
41199
41200
41201
41232
41233
41234
41235
41236
41267
41268
41269
41270
41271
41302
41303
41304
41305
41306
41337
41338
41339
41340
41341
41372
41373
41374
41375
41376
41407
41408
41409
41410
41411
41442
41443
41444
41445
41446
41477
41478
41479
41480
41481
41512
41513
41514
41515
41516
41547
41548
41549
41550
41551
41582
41583
41584
41585
41586
41617
41618
41619
41620
41621
41652
41653
41654
41655
41656
41687
41688
41689
41690
41691
41722
41723
41724
41725
41726
41757
41758
41759
41760
41761
41792
41793
41794
41795
41796
41827
41828
41829
41830
41831
41862
41863
41864
41865
41866
41897
41898
41899
41900
41901
41933
41934
41935
41936
41968
41969
41970
41971
42003
42004
42005
42006
42038
42039
42040
42041
42073
42074
42075
42076
42108
42109
42110
42111
42143
42144
42145
42146
42177
42178
42179
42180
42181
42212
42213
42214
42215
42216
42247
42248
42249
42250
42251
42282
42283
42284
42285
42286
42317
42318
42319
42320
42321
42352
42353
42354
42355
42356
42387
42388
42389
42390
42391
42422
42423
42424
42425
42426
42457
42458
42459
42460
42461
42492
42493
42494
42495
42496
42527
42528
42529
42530
42531
42562
42563
42564
42565
42566
42597
42598
42599
42600
42601
42632
42633
42634
42635
42636
42667
42668
42669
42670
42671
42702
42703
42704
42705
42706
42737
42738
42739
42740
42741
42772
42773
42774
42775
42776
42807
42808
42809
42810
42811
42842
42843
42844
42845
42846
42877
42878
42879
42880
42881
42912
42913
42914
42915
42916
42947
42948
42949
42950
42951
42982
42983
42984
42985
42986
43017
43018
43019
43020
43021
43052
43053
43054
43055
43056
43087
43088
43089
43090
43091
43122
43123
43124
43125
43126
43157
43158
43159
43160
43161
43192
43193
43194
43195
43196
43227
43228
43229
43230
43231
43262
43263
43264
43265
43266
43297
43298
43299
43300
43301
43332
43333
43334
43335
43336
43367
43368
43369
43370
43371
43403
43404
43405
43406
43438
43439
43440
43441
43473
43474
43475
43476
43508
43509
43510
43511
43543
43544
43545
43546
43578
43579
43580
43581
43612
43613
43614
43615
43616
43647
43648
43649
43650
43651
43682
43683
43684
43685
43686
43717
43718
43719
43720
43721
43752
43753
43754
43755
43756
43787
43788
43789
43790
43791
43822
43823
43824
43825
43826
43857
43858
43859
43860
43861
43892
43893
43894
43895
43896
43927
43928
43929
43930
43931
43962
43963
43964
43965
43966
43997
43998
43999
44000
44001
44032
44033
44034
44035
44036
44067
44068
44069
44070
44071
44102
44103
44104
44105
44106
44137
44138
44139
44140
44141
44172
44173
44174
44175
44176
44207
44208
44209
44210
44211
44242
44243
44244
44245
44246
44277
44278
44279
44280
44281
44312
44313
44314
44315
44316
44347
44348
44349
44350
44351
44382
44383
44384
44385
44386
44417
44418
44419
44420
44421
44452
44453
44454
44455
44456
44487
44488
44489
44490
44491
44522
44523
44524
44525
44526
44557
44558
44559
44560
44561
44592
44593
44594
44595
44596
44627
44628
44629
44630
44631
44662
44663
44664
44665
44666
44697
44698
44699
44700
44701
44732
44733
44734
44735
44736
44767
44768
44769
44770
44771
44802
44803
44804
44805
44806
44837
44838
44839
44840
44841
44873
44874
44875
44876
44908
44909
44910
44911
44943
44944
44945
44946
44978
44979
44980
44981
45013
45014
45015
45016
45047
45048
45049
45050
45051
45082
45083
45084
45085
45086
45117
45118
45119
45120
45121
45152
45153
45154
45155
45156
45187
45188
45189
45190
45191
45222
45223
45224
45225
45226
45257
45258
45259
45260
45261
45292
45293
45294
45295
45296
45327
45328
45329
45330
45331
45362
45363
45364
45365
45366
45397
45398
45399
45400
45401
45432
45433
45434
45435
45436
45467
45468
45469
45470
45471
45502
45503
45504
45505
45506
45537
45538
45539
45540
45541
45572
45573
45574
45575
45576
45607
45608
45609
45610
45611
45642
45643
45644
45645
45646
45677
45678
45679
45680
45681
45712
45713
45714
45715
45716
45747
45748
45749
45750
45751
45782
45783
45784
45785
45786
45817
45818
45819
45820
45821
45852
45853
45854
45855
45856
45887
45888
45889
45890
45891
45922
45923
45924
45925
45926
45957
45958
45959
45960
45961
45992
45993
45994
45995
45996
46027
46028
46029
46030
46031
46062
46063
46064
46065
46066
46097
46098
46099
46100
46101
46132
46133
46134
46135
46136
46167
46168
46169
46170
46171
46202
46203
46204
46205
46206
46237
46238
46239
46240
46241
46272
46273
46274
46275
46276
46307
46308
46309
46310
46311
46343
46344
46345
46346
46378
46379
46380
46381
46413
46414
46415
46416
46448
46449
46450
46451
46482
46483
46484
46485
46486
46517
46518
46519
46520
46521
46552
46553
46554
46555
46556
46587
46588
46589
46590
46591
46622
46623
46624
46625
46626
46657
46658
46659
46660
46661
46692
46693
46694
46695
46696
46727
46728
46729
46730
46731
46762
46763
46764
46765
46766
46797
46798
46799
46800
46801
46832
46833
46834
46835
46836
46867
46868
46869
46870
46871
46902
46903
46904
46905
46906
46937
46938
46939
46940
46941
46972
46973
46974
46975
46976
47007
47008
47009
47010
47011
47042
47043
47044
47045
47046
47077
47078
47079
47080
47081
47112
47113
47114
47115
47116
47147
47148
47149
47150
47151
47182
47183
47184
47185
47186
47217
47218
47219
47220
47221
47252
47253
47254
47255
47256
47287
47288
47289
47290
47291
47322
47323
47324
47325
47326
47357
47358
47359
47360
47361
47392
47393
47394
47395
47396
47427
47428
47429
47430
47431
47462
47463
47464
47465
47466
47497
47498
47499
47500
47501
47532
47533
47534
47535
47536
47567
47568
47569
47570
47571
47602
47603
47604
47605
47606
47637
47638
47639
47640
47641
47672
47673
47674
47675
47676
47707
47708
47709
47710
47711
47742
47743
47744
47745
47746
47777
47778
47779
47780
47781
47813
47814
47815
47816
47848
47849
47850
47851
47883
47884
47885
47886
)


// ************************************************************************* //
