/*--------------------------------*- C++ -*----------------------------------*\
| =========                 |                                                 |
| \\      /  F ield         | OpenFOAM: The Open Source CFD Toolbox           |
|  \\    /   O peration     | Version:  2.3.1                                 |
|   \\  /    A nd           | Web:      www.OpenFOAM.org                      |
|    \\/     M anipulation  |                                                 |
\*---------------------------------------------------------------------------*/
FoamFile
{
    version     2.0;
    format      ascii;
    class       labelList;
    note        "nPoints: 9161 nCells: 6852 nFaces: 22731 nInternalFaces: 18381";
    location    "constant/polyMesh";
    object      neighbour;
}
// * * * * * * * * * * * * * * * * * * * * * * * * * * * * * * * * * * * * * //


18381
(
1
4
199
2
5
200
3
6
201
7
202
5
8
203
6
9
204
7
10
205
11
206
9
12
207
10
13
208
11
14
209
15
210
13
16
211
14
17
212
15
18
213
19
214
17
20
215
18
21
216
19
22
217
23
218
21
24
219
22
25
220
23
26
221
27
222
25
28
223
26
29
224
27
30
225
31
226
29
33
227
30
34
228
31
35
229
32
36
230
37
34
38
231
35
39
232
36
40
233
37
41
234
42
235
39
43
236
40
44
237
41
45
238
42
46
239
47
240
44
48
241
45
49
242
46
50
243
47
51
244
52
245
49
53
246
50
54
247
51
55
248
52
56
249
57
250
54
58
251
55
59
252
56
60
253
57
61
254
62
255
59
63
256
60
64
257
61
65
258
62
66
259
67
260
64
68
261
65
69
262
66
70
263
67
71
264
72
265
69
73
266
70
74
267
71
75
268
72
76
269
77
270
74
78
271
75
79
272
76
80
273
77
81
274
82
275
79
83
276
80
84
277
81
85
278
82
86
279
87
280
84
88
281
85
89
282
86
90
283
87
91
284
92
285
89
93
286
90
94
287
91
95
288
92
96
289
97
290
94
98
291
95
99
292
96
100
293
97
101
294
102
295
99
103
296
100
104
297
101
105
298
102
106
299
107
300
104
108
301
105
109
302
106
110
303
107
111
304
112
305
109
113
306
110
114
307
111
115
308
112
116
309
117
310
114
118
311
115
119
312
116
120
313
117
121
314
122
315
119
123
316
120
124
317
121
125
318
122
126
319
127
320
124
128
321
125
129
322
126
130
323
127
131
324
132
325
129
133
326
130
134
327
131
135
328
132
136
329
137
330
134
138
331
135
139
332
136
140
333
137
141
334
142
335
139
143
336
140
144
337
141
145
338
142
146
339
147
340
144
148
341
145
149
342
146
150
343
147
151
344
152
345
149
153
346
150
154
347
151
155
348
152
156
349
157
350
154
158
351
155
159
352
156
160
353
157
161
354
162
355
159
163
356
160
164
357
161
165
358
162
166
359
167
360
164
168
361
165
169
362
166
170
363
167
171
364
172
365
169
173
366
170
174
367
171
175
368
172
176
369
177
370
174
178
371
175
179
372
176
180
373
177
181
374
182
375
179
183
376
180
184
377
181
185
378
182
186
379
187
380
184
188
381
185
189
382
186
190
383
187
191
384
192
385
189
193
386
190
194
387
191
195
388
192
196
389
197
390
194
391
195
392
196
393
197
394
395
199
396
200
203
397
201
204
398
202
205
399
206
400
204
207
402
205
208
403
206
209
404
210
405
208
211
406
209
212
407
210
213
408
214
409
212
215
410
213
216
411
214
217
412
218
413
216
219
414
217
220
415
218
221
416
222
417
220
223
418
221
224
419
222
225
420
226
421
224
227
422
225
228
423
226
229
424
230
425
228
231
426
229
232
427
230
233
428
234
429
232
236
430
233
237
431
234
238
432
235
239
433
240
237
241
434
238
242
435
239
243
436
240
244
437
245
438
242
246
439
243
247
440
244
248
441
245
249
442
250
443
247
251
444
248
252
445
249
253
446
250
254
447
255
448
252
256
449
253
257
450
254
258
451
255
259
452
260
453
257
261
454
258
262
455
259
263
456
260
264
457
265
458
262
266
459
263
267
460
264
268
461
265
269
462
270
463
267
271
464
268
272
465
269
273
466
270
274
467
275
468
272
276
469
273
277
470
274
278
471
275
279
472
280
473
277
281
474
278
282
475
279
283
476
280
284
477
285
478
282
286
479
283
287
480
284
288
481
285
289
482
290
483
287
291
484
288
292
485
289
293
486
290
294
487
295
488
292
296
489
293
297
490
294
298
491
295
299
492
300
493
297
301
494
298
302
495
299
303
496
300
304
497
305
498
302
306
499
303
307
500
304
308
501
305
309
502
310
503
307
311
504
308
312
505
309
313
506
310
314
507
315
508
312
316
509
313
317
510
314
318
511
315
319
512
320
513
317
321
514
318
322
515
319
323
516
320
324
517
325
518
322
326
519
323
327
520
324
328
521
325
329
522
330
523
327
331
524
328
332
525
329
333
526
330
334
527
335
528
332
336
529
333
337
530
334
338
531
335
339
532
340
533
337
341
534
338
342
535
339
343
536
340
344
537
345
538
342
346
539
343
347
540
344
348
541
345
349
542
350
543
347
351
544
348
352
545
349
353
546
350
354
547
355
548
352
356
549
353
357
550
354
358
551
355
359
552
360
553
357
361
554
358
362
555
359
363
556
360
364
557
365
558
362
366
559
363
367
560
364
368
561
365
369
562
370
563
367
371
564
368
372
565
369
373
566
370
374
567
375
568
372
376
569
373
377
570
374
378
571
375
379
572
380
573
377
381
574
378
382
575
379
383
576
380
384
577
385
578
382
386
579
383
387
580
384
388
581
385
389
582
390
583
387
391
584
388
392
585
389
393
586
390
394
587
395
588
392
589
393
590
394
591
395
592
593
397
401
594
398
402
595
399
403
596
400
404
597
405
598
402
599
403
406
600
404
407
601
405
408
602
409
603
407
410
605
408
411
606
409
412
607
413
608
411
414
609
412
415
610
413
416
611
417
612
415
418
613
416
419
614
417
420
615
421
616
419
422
617
420
423
618
421
424
619
425
620
423
426
621
424
427
622
425
428
623
429
624
427
430
625
428
431
626
429
432
627
433
628
431
434
629
432
435
630
433
436
631
437
632
435
439
633
436
440
634
437
441
635
438
442
636
443
440
444
637
441
445
638
442
446
639
443
447
640
448
641
445
449
642
446
450
643
447
451
644
448
452
645
453
646
450
454
647
451
455
648
452
456
649
453
457
650
458
651
455
459
652
456
460
653
457
461
654
458
462
655
463
656
460
464
657
461
465
658
462
466
659
463
467
660
468
661
465
469
662
466
470
663
467
471
664
468
472
665
473
666
470
474
667
471
475
668
472
476
669
473
477
670
478
671
475
479
672
476
480
673
477
481
674
478
482
675
483
676
480
484
677
481
485
678
482
486
679
483
487
680
488
681
485
489
682
486
490
683
487
491
684
488
492
685
493
686
490
494
687
491
495
688
492
496
689
493
497
690
498
691
495
499
692
496
500
693
497
501
694
498
502
695
503
696
500
504
697
501
505
698
502
506
699
503
507
700
508
701
505
509
702
506
510
703
507
511
704
508
512
705
513
706
510
514
707
511
515
708
512
516
709
513
517
710
518
711
515
519
712
516
520
713
517
521
714
518
522
715
523
716
520
524
717
521
525
718
522
526
719
523
527
720
528
721
525
529
722
526
530
723
527
531
724
528
532
725
533
726
530
534
727
531
535
728
532
536
729
533
537
730
538
731
535
539
732
536
540
733
537
541
734
538
542
735
543
736
540
544
737
541
545
738
542
546
739
543
547
740
548
741
545
549
742
546
550
743
547
551
744
548
552
745
553
746
550
554
747
551
555
748
552
556
749
553
557
750
558
751
555
559
752
556
560
753
557
561
754
558
562
755
563
756
560
564
757
561
565
758
562
566
759
563
567
760
568
761
565
569
762
566
570
763
567
571
764
568
572
765
573
766
570
574
767
571
575
768
572
576
769
573
577
770
578
771
575
579
772
576
580
773
577
581
774
578
582
775
583
776
580
584
777
581
585
778
582
586
779
583
587
780
588
781
585
589
782
586
590
783
587
591
784
588
592
785
593
786
590
787
591
788
592
789
593
790
791
595
599
792
596
600
793
597
601
794
598
602
795
603
796
600
604
797
601
605
798
602
606
799
603
607
800
608
801
605
802
606
609
803
607
610
804
608
611
805
612
806
610
613
808
611
614
809
612
615
810
616
811
614
617
812
615
618
813
616
619
814
620
815
618
621
816
619
622
817
620
623
818
624
819
622
625
820
623
626
821
624
627
822
628
823
626
629
824
627
630
825
628
631
826
632
827
630
633
828
631
634
829
632
635
830
636
831
634
637
832
635
638
833
636
639
834
640
835
638
642
836
639
643
837
640
644
838
641
645
839
646
643
647
840
644
648
841
645
649
842
646
650
843
651
844
648
652
845
649
653
846
650
654
847
651
655
848
656
849
653
657
850
654
658
851
655
659
852
656
660
853
661
854
658
662
855
659
663
856
660
664
857
661
665
858
666
859
663
667
860
664
668
861
665
669
862
666
670
863
671
864
668
672
865
669
673
866
670
674
867
671
675
868
676
869
673
677
870
674
678
871
675
679
872
676
680
873
681
874
678
682
875
679
683
876
680
684
877
681
685
878
686
879
683
687
880
684
688
881
685
689
882
686
690
883
691
884
688
692
885
689
693
886
690
694
887
691
695
888
696
889
693
697
890
694
698
891
695
699
892
696
700
893
701
894
698
702
895
699
703
896
700
704
897
701
705
898
706
899
703
707
900
704
708
901
705
709
902
706
710
903
711
904
708
712
905
709
713
906
710
714
907
711
715
908
716
909
713
717
910
714
718
911
715
719
912
716
720
913
721
914
718
722
915
719
723
916
720
724
917
721
725
918
726
919
723
727
920
724
728
921
725
729
922
726
730
923
731
924
728
732
925
729
733
926
730
734
927
731
735
928
736
929
733
737
930
734
738
931
735
739
932
736
740
933
741
934
738
742
935
739
743
936
740
744
937
741
745
938
746
939
743
747
940
744
748
941
745
749
942
746
750
943
751
944
748
752
945
749
753
946
750
754
947
751
755
948
756
949
753
757
950
754
758
951
755
759
952
756
760
953
761
954
758
762
955
759
763
956
760
764
957
761
765
958
766
959
763
767
960
764
768
961
765
769
962
766
770
963
771
964
768
772
965
769
773
966
770
774
967
771
775
968
776
969
773
777
970
774
778
971
775
779
972
776
780
973
781
974
778
782
975
779
783
976
780
784
977
781
785
978
786
979
783
787
980
784
788
981
785
789
982
786
790
983
791
984
788
985
789
986
790
987
791
988
989
793
797
990
794
798
991
795
799
992
796
800
993
801
994
798
802
995
799
803
996
800
804
997
801
805
998
806
999
803
807
1000
804
808
1001
805
809
1002
806
810
1003
811
1004
808
1005
809
812
1006
810
813
1007
811
814
1008
815
1009
813
816
1011
814
817
1012
815
818
1013
819
1014
817
820
1015
818
821
1016
819
822
1017
823
1018
821
824
1019
822
825
1020
823
826
1021
827
1022
825
828
1023
826
829
1024
827
830
1025
831
1026
829
832
1027
830
833
1028
831
834
1029
835
1030
833
836
1031
834
837
1032
835
838
1033
839
1034
837
840
1035
838
841
1036
839
842
1037
843
1038
841
845
1039
842
846
1040
843
847
1041
844
848
1042
849
846
850
1043
847
851
1044
848
852
1045
849
853
1046
854
1047
851
855
1048
852
856
1049
853
857
1050
854
858
1051
859
1052
856
860
1053
857
861
1054
858
862
1055
859
863
1056
864
1057
861
865
1058
862
866
1059
863
867
1060
864
868
1061
869
1062
866
870
1063
867
871
1064
868
872
1065
869
873
1066
874
1067
871
875
1068
872
876
1069
873
877
1070
874
878
1071
879
1072
876
880
1073
877
881
1074
878
882
1075
879
883
1076
884
1077
881
885
1078
882
886
1079
883
887
1080
884
888
1081
889
1082
886
890
1083
887
891
1084
888
892
1085
889
893
1086
894
1087
891
895
1088
892
896
1089
893
897
1090
894
898
1091
899
1092
896
900
1093
897
901
1094
898
902
1095
899
903
1096
904
1097
901
905
1098
902
906
1099
903
907
1100
904
908
1101
909
1102
906
910
1103
907
911
1104
908
912
1105
909
913
1106
914
1107
911
915
1108
912
916
1109
913
917
1110
914
918
1111
919
1112
916
920
1113
917
921
1114
918
922
1115
919
923
1116
924
1117
921
925
1118
922
926
1119
923
927
1120
924
928
1121
929
1122
926
930
1123
927
931
1124
928
932
1125
929
933
1126
934
1127
931
935
1128
932
936
1129
933
937
1130
934
938
1131
939
1132
936
940
1133
937
941
1134
938
942
1135
939
943
1136
944
1137
941
945
1138
942
946
1139
943
947
1140
944
948
1141
949
1142
946
950
1143
947
951
1144
948
952
1145
949
953
1146
954
1147
951
955
1148
952
956
1149
953
957
1150
954
958
1151
959
1152
956
960
1153
957
961
1154
958
962
1155
959
963
1156
964
1157
961
965
1158
962
966
1159
963
967
1160
964
968
1161
969
1162
966
970
1163
967
971
1164
968
972
1165
969
973
1166
974
1167
971
975
1168
972
976
1169
973
977
1170
974
978
1171
979
1172
976
980
1173
977
981
1174
978
982
1175
979
983
1176
984
1177
981
985
1178
982
986
1179
983
987
1180
984
988
1181
989
1182
986
1183
987
1184
988
1185
989
1186
1187
991
995
992
996
993
997
994
998
999
996
1000
997
1001
998
1002
999
1003
1004
1001
1005
1002
1006
1003
1007
1004
1008
1009
1006
1010
1188
1007
1011
1189
1008
1012
1009
1013
1014
1011
1190
1012
1015
1191
1013
1016
1014
1017
1018
1016
1019
1193
1017
1020
1018
1021
1022
1020
1023
1194
1021
1024
1022
1025
1026
1024
1027
1195
1025
1028
1026
1029
1030
1028
1031
1196
1029
1032
1030
1033
1034
1032
1035
1197
1033
1036
1034
1037
1038
1036
1039
1198
1037
1040
1038
1041
1042
1040
1043
1041
1044
1042
1045
1046
1044
1048
1045
1049
1046
1050
1047
1051
1052
1049
1053
1050
1054
1051
1055
1052
1056
1057
1054
1058
1055
1059
1056
1060
1057
1061
1062
1059
1063
1060
1064
1061
1065
1062
1066
1067
1064
1068
1065
1069
1066
1070
1067
1071
1072
1069
1073
1070
1074
1071
1075
1072
1076
1077
1074
1078
1075
1079
1076
1080
1077
1081
1082
1079
1083
1080
1084
1081
1085
1082
1086
1087
1084
1088
1085
1089
1086
1090
1087
1091
1092
1089
1093
1090
1094
1091
1095
1092
1096
1097
1094
1098
1095
1099
1096
1100
1097
1101
1102
1099
1103
1100
1104
1101
1105
1102
1106
1107
1104
1108
1105
1109
1106
1110
1107
1111
1112
1109
1113
1110
1114
1111
1115
1112
1116
1117
1114
1118
1115
1119
1116
1120
1117
1121
1122
1119
1123
1120
1124
1121
1125
1122
1126
1127
1124
1128
1125
1129
1126
1130
1127
1131
1132
1129
1133
1130
1134
1131
1135
1132
1136
1137
1134
1138
1135
1139
1136
1140
1137
1141
1142
1139
1143
1140
1144
1141
1145
1142
1146
1147
1144
1148
1145
1149
1146
1150
1147
1151
1152
1149
1153
1150
1154
1151
1155
1152
1156
1157
1154
1158
1155
1159
1156
1160
1157
1161
1162
1159
1163
1160
1164
1161
1165
1162
1166
1167
1164
1168
1165
1169
1166
1170
1167
1171
1172
1169
1173
1170
1174
1171
1175
1172
1176
1177
1174
1178
1175
1179
1176
1180
1177
1181
1182
1179
1183
1180
1184
1181
1185
1182
1186
1187
1184
1185
1186
1187
1189
1190
1199
1191
1200
1191
1192
1201
1193
1202
1193
1203
1194
1204
1195
1206
1196
1207
1197
1208
1198
1209
1210
1200
1201
1202
1202
1203
1204
1204
1205
1206
1206
1207
1208
1209
1210
1212
1216
1396
1213
1217
1397
1214
1218
1398
1215
1219
1399
1220
1400
1217
1221
1401
1218
1222
1402
1219
1223
1403
1220
1224
1404
1225
1405
1222
1406
1223
1407
1224
1226
1408
1225
1227
1409
1228
1410
1227
1229
1411
1228
1230
1412
1231
1413
1230
1232
1414
1231
1233
1415
1234
1416
1233
1235
1417
1234
1236
1418
1237
1419
1236
1238
1420
1237
1239
1421
1240
1422
1239
1241
1423
1240
1242
1424
1243
1425
1242
1244
1426
1243
1245
1427
1246
1428
1245
1247
1429
1246
1248
1430
1249
1431
1248
1251
1432
1249
1252
1433
1253
1434
1251
1254
1435
1252
1255
1436
1253
1256
1437
1257
1438
1255
1258
1439
1256
1259
1440
1257
1260
1441
1261
1442
1259
1262
1443
1260
1263
1444
1261
1264
1445
1265
1446
1263
1266
1447
1264
1267
1448
1265
1268
1449
1269
1450
1267
1271
1451
1268
1272
1452
1269
1273
1453
1270
1274
1454
1275
1272
1276
1455
1273
1277
1456
1274
1278
1457
1275
1279
1458
1280
1459
1277
1281
1460
1278
1282
1461
1279
1283
1462
1280
1284
1463
1285
1464
1282
1286
1465
1283
1287
1466
1284
1288
1467
1285
1289
1468
1290
1469
1287
1291
1470
1288
1292
1471
1289
1293
1472
1290
1294
1473
1295
1474
1292
1296
1475
1293
1297
1476
1294
1298
1477
1295
1299
1478
1300
1479
1297
1301
1480
1298
1302
1481
1299
1303
1482
1300
1304
1483
1305
1484
1302
1306
1485
1303
1307
1486
1304
1308
1487
1305
1309
1488
1310
1489
1307
1311
1490
1308
1312
1491
1309
1313
1492
1310
1314
1493
1315
1494
1312
1316
1495
1313
1317
1496
1314
1318
1497
1315
1319
1498
1320
1499
1317
1321
1500
1318
1322
1501
1319
1323
1502
1320
1324
1503
1325
1504
1322
1326
1505
1323
1327
1506
1324
1328
1507
1325
1329
1508
1330
1509
1327
1331
1510
1328
1332
1511
1329
1333
1512
1330
1334
1513
1335
1514
1332
1336
1515
1333
1337
1516
1334
1338
1517
1335
1339
1518
1340
1519
1337
1341
1520
1338
1342
1521
1339
1343
1522
1340
1344
1523
1345
1524
1342
1346
1525
1343
1347
1526
1344
1348
1527
1345
1349
1528
1350
1529
1347
1351
1530
1348
1352
1531
1349
1353
1532
1350
1354
1533
1355
1534
1352
1356
1535
1353
1357
1536
1354
1358
1537
1355
1359
1538
1360
1539
1357
1361
1540
1358
1362
1541
1359
1363
1542
1360
1364
1543
1365
1544
1362
1366
1545
1363
1367
1546
1364
1368
1547
1365
1369
1548
1370
1549
1367
1371
1550
1368
1372
1551
1369
1373
1552
1370
1374
1553
1375
1554
1372
1376
1555
1373
1377
1556
1374
1378
1557
1375
1379
1558
1380
1559
1377
1381
1560
1378
1382
1561
1379
1383
1562
1380
1384
1563
1385
1564
1382
1386
1565
1383
1387
1566
1384
1388
1567
1385
1389
1568
1390
1569
1387
1391
1570
1388
1392
1571
1389
1393
1572
1390
1394
1573
1395
1574
1392
1575
1393
1576
1394
1577
1395
1578
1579
1397
1401
1580
1398
1402
1581
1399
1403
1582
1400
1404
1583
1405
1584
1402
1406
1585
1403
1407
1586
1404
1408
1587
1405
1409
1588
1410
1589
1407
1590
1408
1591
1409
1411
1592
1410
1412
1593
1413
1594
1412
1414
1595
1413
1415
1596
1416
1597
1415
1417
1598
1416
1418
1599
1419
1600
1418
1420
1601
1419
1421
1602
1422
1603
1421
1423
1604
1422
1424
1605
1425
1606
1424
1426
1607
1425
1427
1608
1428
1609
1427
1429
1610
1428
1430
1611
1431
1612
1430
1432
1613
1431
1433
1614
1434
1615
1433
1436
1616
1434
1437
1617
1438
1618
1436
1439
1619
1437
1440
1620
1438
1441
1621
1442
1622
1440
1443
1623
1441
1444
1624
1442
1445
1625
1446
1626
1444
1447
1627
1445
1448
1628
1446
1449
1629
1450
1630
1448
1451
1631
1449
1452
1632
1450
1453
1633
1454
1634
1452
1455
1635
1453
1456
1636
1454
1457
1637
1458
1638
1456
1460
1639
1457
1461
1640
1458
1462
1641
1459
1463
1642
1464
1461
1465
1643
1462
1466
1644
1463
1467
1645
1464
1468
1646
1469
1647
1466
1470
1648
1467
1471
1649
1468
1472
1650
1469
1473
1651
1474
1652
1471
1475
1653
1472
1476
1654
1473
1477
1655
1474
1478
1656
1479
1657
1476
1480
1658
1477
1481
1659
1478
1482
1660
1479
1483
1661
1484
1662
1481
1485
1663
1482
1486
1664
1483
1487
1665
1484
1488
1666
1489
1667
1486
1490
1668
1487
1491
1669
1488
1492
1670
1489
1493
1671
1494
1672
1491
1495
1673
1492
1496
1674
1493
1497
1675
1494
1498
1676
1499
1677
1496
1500
1678
1497
1501
1679
1498
1502
1680
1499
1503
1681
1504
1682
1501
1505
1683
1502
1506
1684
1503
1507
1685
1504
1508
1686
1509
1687
1506
1510
1688
1507
1511
1689
1508
1512
1690
1509
1513
1691
1514
1692
1511
1515
1693
1512
1516
1694
1513
1517
1695
1514
1518
1696
1519
1697
1516
1520
1698
1517
1521
1699
1518
1522
1700
1519
1523
1701
1524
1702
1521
1525
1703
1522
1526
1704
1523
1527
1705
1524
1528
1706
1529
1707
1526
1530
1708
1527
1531
1709
1528
1532
1710
1529
1533
1711
1534
1712
1531
1535
1713
1532
1536
1714
1533
1537
1715
1534
1538
1716
1539
1717
1536
1540
1718
1537
1541
1719
1538
1542
1720
1539
1543
1721
1544
1722
1541
1545
1723
1542
1546
1724
1543
1547
1725
1544
1548
1726
1549
1727
1546
1550
1728
1547
1551
1729
1548
1552
1730
1549
1553
1731
1554
1732
1551
1555
1733
1552
1556
1734
1553
1557
1735
1554
1558
1736
1559
1737
1556
1560
1738
1557
1561
1739
1558
1562
1740
1559
1563
1741
1564
1742
1561
1565
1743
1562
1566
1744
1563
1567
1745
1564
1568
1746
1569
1747
1566
1570
1748
1567
1571
1749
1568
1572
1750
1569
1573
1751
1574
1752
1571
1575
1753
1572
1576
1754
1573
1577
1755
1574
1578
1756
1579
1757
1576
1758
1577
1759
1578
1760
1579
1761
1762
1581
1585
1763
1582
1586
1764
1583
1587
1765
1584
1588
1766
1589
1767
1586
1590
1768
1587
1591
1769
1588
1592
1770
1589
1593
1771
1594
1772
1591
1773
1592
1774
1593
1595
1775
1594
1596
1776
1597
1777
1596
1598
1778
1597
1599
1779
1600
1780
1599
1601
1781
1600
1602
1782
1603
1783
1602
1604
1784
1603
1605
1785
1606
1786
1605
1607
1787
1606
1608
1788
1609
1789
1608
1610
1790
1609
1611
1791
1612
1792
1611
1613
1793
1612
1614
1794
1615
1795
1614
1616
1796
1615
1617
1797
1618
1798
1617
1620
1799
1618
1621
1800
1622
1801
1620
1623
1802
1621
1624
1803
1622
1625
1804
1626
1805
1624
1627
1806
1625
1628
1807
1626
1629
1808
1630
1809
1628
1631
1810
1629
1632
1811
1630
1633
1812
1634
1813
1632
1635
1814
1633
1636
1815
1634
1637
1816
1638
1817
1636
1639
1818
1637
1640
1819
1638
1641
1820
1642
1821
1640
1643
1822
1641
1644
1823
1642
1645
1824
1646
1825
1644
1648
1826
1645
1649
1827
1646
1650
1828
1647
1651
1829
1652
1649
1653
1830
1650
1654
1831
1651
1655
1832
1652
1656
1833
1657
1834
1654
1658
1835
1655
1659
1836
1656
1660
1837
1657
1661
1838
1662
1839
1659
1663
1840
1660
1664
1841
1661
1665
1842
1662
1666
1843
1667
1844
1664
1668
1845
1665
1669
1846
1666
1670
1847
1667
1671
1848
1672
1849
1669
1673
1850
1670
1674
1851
1671
1675
1852
1672
1676
1853
1677
1854
1674
1678
1855
1675
1679
1856
1676
1680
1857
1677
1681
1858
1682
1859
1679
1683
1860
1680
1684
1861
1681
1685
1862
1682
1686
1863
1687
1864
1684
1688
1865
1685
1689
1866
1686
1690
1867
1687
1691
1868
1692
1869
1689
1693
1870
1690
1694
1871
1691
1695
1872
1692
1696
1873
1697
1874
1694
1698
1875
1695
1699
1876
1696
1700
1877
1697
1701
1878
1702
1879
1699
1703
1880
1700
1704
1881
1701
1705
1882
1702
1706
1883
1707
1884
1704
1708
1885
1705
1709
1886
1706
1710
1887
1707
1711
1888
1712
1889
1709
1713
1890
1710
1714
1891
1711
1715
1892
1712
1716
1893
1717
1894
1714
1718
1895
1715
1719
1896
1716
1720
1897
1717
1721
1898
1722
1899
1719
1723
1900
1720
1724
1901
1721
1725
1902
1722
1726
1903
1727
1904
1724
1728
1905
1725
1729
1906
1726
1730
1907
1727
1731
1908
1732
1909
1729
1733
1910
1730
1734
1911
1731
1735
1912
1732
1736
1913
1737
1914
1734
1738
1915
1735
1739
1916
1736
1740
1917
1737
1741
1918
1742
1919
1739
1743
1920
1740
1744
1921
1741
1745
1922
1742
1746
1923
1747
1924
1744
1748
1925
1745
1749
1926
1746
1750
1927
1747
1751
1928
1752
1929
1749
1753
1930
1750
1754
1931
1751
1755
1932
1752
1756
1933
1757
1934
1754
1758
1935
1755
1759
1936
1756
1760
1937
1757
1761
1938
1762
1939
1759
1940
1760
1941
1761
1942
1762
1943
1944
1764
1768
1945
1765
1769
1946
1766
1770
1947
1767
1771
1948
1772
1949
1769
1773
1950
1770
1774
1951
1771
1775
1952
1772
1776
1953
1777
1954
1774
1955
1775
1956
1776
1778
1957
1777
1779
1958
1780
1959
1779
1781
1960
1780
1782
1961
1783
1962
1782
1784
1963
1783
1785
1964
1786
1965
1785
1787
1966
1786
1788
1967
1789
1968
1788
1790
1969
1789
1791
1970
1792
1971
1791
1793
1972
1792
1794
1973
1795
1974
1794
1796
1975
1795
1797
1976
1798
1977
1797
1799
1978
1798
1800
1979
1801
1980
1800
1803
1981
1801
1804
1982
1805
1983
1803
1806
1985
1804
1807
1986
1805
1808
1987
1809
1988
1807
1810
1989
1808
1811
1990
1809
1812
1991
1813
1992
1811
1814
1993
1812
1815
1994
1813
1816
1995
1817
1996
1815
1818
1997
1816
1819
1998
1817
1820
1999
1821
2000
1819
1822
2001
1820
1823
2002
1821
1824
2003
1825
2004
1823
1826
2005
1824
1827
2006
1825
1828
2007
1829
2008
1827
1830
2009
1828
1831
2010
1829
1832
2011
1833
2012
1831
1835
2013
1832
1836
2014
1833
1837
2015
1834
1838
2016
1839
1836
1840
2017
1837
1841
2018
1838
1842
2019
1839
1843
2020
1844
2021
1841
1845
2022
1842
1846
2023
1843
1847
2024
1844
1848
2025
1849
2026
1846
1850
2027
1847
1851
2028
1848
1852
2029
1849
1853
2030
1854
2031
1851
1855
2032
1852
1856
2033
1853
1857
2034
1854
1858
2035
1859
2036
1856
1860
2037
1857
1861
2038
1858
1862
2039
1859
1863
2040
1864
2041
1861
1865
2042
1862
1866
2043
1863
1867
2044
1864
1868
2045
1869
2046
1866
1870
2047
1867
1871
2048
1868
1872
2049
1869
1873
2050
1874
2051
1871
1875
2052
1872
1876
2053
1873
1877
2054
1874
1878
2055
1879
2056
1876
1880
2057
1877
1881
2058
1878
1882
2059
1879
1883
2060
1884
2061
1881
1885
2062
1882
1886
2063
1883
1887
2064
1884
1888
2065
1889
2066
1886
1890
2067
1887
1891
2068
1888
1892
2069
1889
1893
2070
1894
2071
1891
1895
2072
1892
1896
2073
1893
1897
2074
1894
1898
2075
1899
2076
1896
1900
2077
1897
1901
2078
1898
1902
2079
1899
1903
2080
1904
2081
1901
1905
2082
1902
1906
2083
1903
1907
2084
1904
1908
2085
1909
2086
1906
1910
2087
1907
1911
2088
1908
1912
2089
1909
1913
2090
1914
2091
1911
1915
2092
1912
1916
2093
1913
1917
2094
1914
1918
2095
1919
2096
1916
1920
2097
1917
1921
2098
1918
1922
2099
1919
1923
2100
1924
2101
1921
1925
2102
1922
1926
2103
1923
1927
2104
1924
1928
2105
1929
2106
1926
1930
2107
1927
1931
2108
1928
1932
2109
1929
1933
2110
1934
2111
1931
1935
2112
1932
1936
2113
1933
1937
2114
1934
1938
2115
1939
2116
1936
1940
2117
1937
1941
2118
1938
1942
2119
1939
1943
2120
1944
2121
1941
2122
1942
2123
1943
2124
1944
2125
2126
1946
1950
2127
1947
1951
2128
1948
1952
2129
1949
1953
2130
1954
2131
1951
1955
2132
1952
1956
2133
1953
1957
2134
1954
1958
2135
1959
2136
1956
2137
1957
2138
1958
1960
2139
1959
1961
2140
1962
2141
1961
1963
2142
1962
1964
2143
1965
2144
1964
1966
2145
1965
1967
2146
1968
2147
1967
1969
2148
1968
1970
2149
1971
2150
1970
1972
2151
1971
1973
2152
1974
2153
1973
1975
2154
1974
1976
2155
1977
2156
1976
1978
2157
1977
1979
2158
1980
2159
1979
1981
2160
1980
1982
2161
1983
2162
1982
1986
2163
1983
1987
2164
1988
2165
1985
2166
1986
1989
2167
1987
1990
2168
1988
1991
2169
1992
2170
1990
1993
2172
1991
1994
2173
1992
1995
2174
1996
2175
1994
1997
2176
1995
1998
2177
1996
1999
2178
2000
2179
1998
2001
2180
1999
2002
2181
2000
2003
2182
2004
2183
2002
2005
2184
2003
2006
2185
2004
2007
2186
2008
2187
2006
2009
2188
2007
2010
2189
2008
2011
2190
2012
2191
2010
2013
2192
2011
2014
2193
2012
2015
2194
2016
2195
2014
2017
2196
2015
2018
2197
2016
2019
2198
2020
2199
2018
2022
2200
2019
2023
2201
2020
2024
2202
2021
2025
2203
2026
2023
2027
2204
2024
2028
2205
2025
2029
2206
2026
2030
2207
2031
2208
2028
2032
2209
2029
2033
2210
2030
2034
2211
2031
2035
2212
2036
2213
2033
2037
2214
2034
2038
2215
2035
2039
2216
2036
2040
2217
2041
2218
2038
2042
2219
2039
2043
2220
2040
2044
2221
2041
2045
2222
2046
2223
2043
2047
2224
2044
2048
2225
2045
2049
2226
2046
2050
2227
2051
2228
2048
2052
2229
2049
2053
2230
2050
2054
2231
2051
2055
2232
2056
2233
2053
2057
2234
2054
2058
2235
2055
2059
2236
2056
2060
2237
2061
2238
2058
2062
2239
2059
2063
2240
2060
2064
2241
2061
2065
2242
2066
2243
2063
2067
2244
2064
2068
2245
2065
2069
2246
2066
2070
2247
2071
2248
2068
2072
2249
2069
2073
2250
2070
2074
2251
2071
2075
2252
2076
2253
2073
2077
2254
2074
2078
2255
2075
2079
2256
2076
2080
2257
2081
2258
2078
2082
2259
2079
2083
2260
2080
2084
2261
2081
2085
2262
2086
2263
2083
2087
2264
2084
2088
2265
2085
2089
2266
2086
2090
2267
2091
2268
2088
2092
2269
2089
2093
2270
2090
2094
2271
2091
2095
2272
2096
2273
2093
2097
2274
2094
2098
2275
2095
2099
2276
2096
2100
2277
2101
2278
2098
2102
2279
2099
2103
2280
2100
2104
2281
2101
2105
2282
2106
2283
2103
2107
2284
2104
2108
2285
2105
2109
2286
2106
2110
2287
2111
2288
2108
2112
2289
2109
2113
2290
2110
2114
2291
2111
2115
2292
2116
2293
2113
2117
2294
2114
2118
2295
2115
2119
2296
2116
2120
2297
2121
2298
2118
2122
2299
2119
2123
2300
2120
2124
2301
2121
2125
2302
2126
2303
2123
2304
2124
2305
2125
2306
2126
2307
2308
2128
2132
2309
2129
2133
2310
2130
2134
2311
2131
2135
2312
2136
2313
2133
2137
2314
2134
2138
2315
2135
2139
2316
2136
2140
2317
2141
2318
2138
2319
2139
2320
2140
2142
2321
2141
2143
2322
2144
2323
2143
2145
2324
2144
2146
2325
2147
2326
2146
2148
2327
2147
2149
2328
2150
2329
2149
2151
2330
2150
2152
2331
2153
2332
2152
2154
2333
2153
2155
2334
2156
2335
2155
2157
2336
2156
2158
2337
2159
2338
2158
2160
2339
2159
2161
2340
2162
2341
2161
2163
2342
2162
2164
2343
2165
2344
2164
2168
2345
2165
2169
2346
2170
2347
2167
2171
2348
2168
2172
2349
2169
2173
2350
2170
2174
2351
2175
2352
2172
2353
2173
2176
2354
2174
2177
2355
2175
2178
2356
2179
2357
2177
2180
2359
2178
2181
2360
2179
2182
2361
2183
2362
2181
2184
2363
2182
2185
2364
2183
2186
2365
2187
2366
2185
2188
2367
2186
2189
2368
2187
2190
2369
2191
2370
2189
2192
2371
2190
2193
2372
2191
2194
2373
2195
2374
2193
2196
2375
2194
2197
2376
2195
2198
2377
2199
2378
2197
2200
2379
2198
2201
2380
2199
2202
2381
2203
2382
2201
2204
2383
2202
2205
2384
2203
2206
2385
2207
2386
2205
2209
2387
2206
2210
2388
2207
2211
2389
2208
2212
2390
2213
2210
2214
2391
2211
2215
2392
2212
2216
2393
2213
2217
2394
2218
2395
2215
2219
2396
2216
2220
2397
2217
2221
2398
2218
2222
2399
2223
2400
2220
2224
2401
2221
2225
2402
2222
2226
2403
2223
2227
2404
2228
2405
2225
2229
2406
2226
2230
2407
2227
2231
2408
2228
2232
2409
2233
2410
2230
2234
2411
2231
2235
2412
2232
2236
2413
2233
2237
2414
2238
2415
2235
2239
2416
2236
2240
2417
2237
2241
2418
2238
2242
2419
2243
2420
2240
2244
2421
2241
2245
2422
2242
2246
2423
2243
2247
2424
2248
2425
2245
2249
2426
2246
2250
2427
2247
2251
2428
2248
2252
2429
2253
2430
2250
2254
2431
2251
2255
2432
2252
2256
2433
2253
2257
2434
2258
2435
2255
2259
2436
2256
2260
2437
2257
2261
2438
2258
2262
2439
2263
2440
2260
2264
2441
2261
2265
2442
2262
2266
2443
2263
2267
2444
2268
2445
2265
2269
2446
2266
2270
2447
2267
2271
2448
2268
2272
2449
2273
2450
2270
2274
2451
2271
2275
2452
2272
2276
2453
2273
2277
2454
2278
2455
2275
2279
2456
2276
2280
2457
2277
2281
2458
2278
2282
2459
2283
2460
2280
2284
2461
2281
2285
2462
2282
2286
2463
2283
2287
2464
2288
2465
2285
2289
2466
2286
2290
2467
2287
2291
2468
2288
2292
2469
2293
2470
2290
2294
2471
2291
2295
2472
2292
2296
2473
2293
2297
2474
2298
2475
2295
2299
2476
2296
2300
2477
2297
2301
2478
2298
2302
2479
2303
2480
2300
2304
2481
2301
2305
2482
2302
2306
2483
2303
2307
2484
2308
2485
2305
2486
2306
2487
2307
2488
2308
2489
2490
2310
2314
2491
2311
2315
2492
2312
2316
2493
2313
2317
2494
2318
2495
2315
2319
2496
2316
2320
2497
2317
2321
2498
2318
2322
2499
2323
2500
2320
2501
2321
2502
2322
2324
2503
2323
2325
2504
2326
2505
2325
2327
2506
2326
2328
2507
2329
2508
2328
2330
2509
2329
2331
2510
2332
2511
2331
2333
2512
2332
2334
2513
2335
2514
2334
2336
2515
2335
2337
2516
2338
2517
2337
2339
2518
2338
2340
2519
2341
2520
2340
2342
2521
2341
2343
2522
2344
2523
2343
2345
2524
2344
2346
2525
2347
2526
2346
2350
2527
2347
2351
2528
2352
2529
2349
2353
2530
2350
2354
2531
2351
2355
2532
2352
2356
2533
2357
2534
2354
2358
2535
2355
2359
2536
2356
2360
2537
2357
2361
2538
2362
2539
2359
2540
2360
2363
2541
2361
2364
2542
2362
2365
2543
2366
2544
2364
2367
2546
2365
2368
2547
2366
2369
2548
2370
2549
2368
2371
2550
2369
2372
2551
2370
2373
2552
2374
2553
2372
2375
2554
2373
2376
2555
2374
2377
2556
2378
2557
2376
2379
2558
2377
2380
2559
2378
2381
2560
2382
2561
2380
2383
2562
2381
2384
2563
2382
2385
2564
2386
2565
2384
2387
2566
2385
2388
2567
2386
2389
2568
2390
2569
2388
2391
2570
2389
2392
2571
2390
2393
2572
2394
2573
2392
2396
2574
2393
2397
2575
2394
2398
2576
2395
2399
2577
2400
2397
2401
2578
2398
2402
2579
2399
2403
2580
2400
2404
2581
2405
2582
2402
2406
2583
2403
2407
2584
2404
2408
2585
2405
2409
2586
2410
2587
2407
2411
2588
2408
2412
2589
2409
2413
2590
2410
2414
2591
2415
2592
2412
2416
2593
2413
2417
2594
2414
2418
2595
2415
2419
2596
2420
2597
2417
2421
2598
2418
2422
2599
2419
2423
2600
2420
2424
2601
2425
2602
2422
2426
2603
2423
2427
2604
2424
2428
2605
2425
2429
2606
2430
2607
2427
2431
2608
2428
2432
2609
2429
2433
2610
2430
2434
2611
2435
2612
2432
2436
2613
2433
2437
2614
2434
2438
2615
2435
2439
2616
2440
2617
2437
2441
2618
2438
2442
2619
2439
2443
2620
2440
2444
2621
2445
2622
2442
2446
2623
2443
2447
2624
2444
2448
2625
2445
2449
2626
2450
2627
2447
2451
2628
2448
2452
2629
2449
2453
2630
2450
2454
2631
2455
2632
2452
2456
2633
2453
2457
2634
2454
2458
2635
2455
2459
2636
2460
2637
2457
2461
2638
2458
2462
2639
2459
2463
2640
2460
2464
2641
2465
2642
2462
2466
2643
2463
2467
2644
2464
2468
2645
2465
2469
2646
2470
2647
2467
2471
2648
2468
2472
2649
2469
2473
2650
2470
2474
2651
2475
2652
2472
2476
2653
2473
2477
2654
2474
2478
2655
2475
2479
2656
2480
2657
2477
2481
2658
2478
2482
2659
2479
2483
2660
2480
2484
2661
2485
2662
2482
2486
2663
2483
2487
2664
2484
2488
2665
2485
2489
2666
2490
2667
2487
2668
2488
2669
2489
2670
2490
2671
2672
2492
2496
2673
2493
2497
2674
2494
2498
2675
2495
2499
2676
2500
2677
2497
2501
2678
2498
2502
2679
2499
2503
2680
2500
2504
2681
2505
2682
2502
2683
2503
2684
2504
2506
2685
2505
2507
2686
2508
2687
2507
2509
2688
2508
2510
2689
2511
2690
2510
2512
2691
2511
2513
2692
2514
2693
2513
2515
2694
2514
2516
2695
2517
2696
2516
2518
2697
2517
2519
2698
2520
2699
2519
2521
2700
2520
2522
2701
2523
2702
2522
2524
2703
2523
2525
2704
2526
2705
2525
2527
2706
2526
2528
2707
2529
2708
2528
2532
2709
2529
2533
2710
2534
2711
2531
2535
2712
2532
2536
2713
2533
2537
2714
2534
2538
2715
2539
2716
2536
2540
2717
2537
2541
2718
2538
2542
2719
2539
2543
2720
2544
2721
2541
2545
2722
2542
2546
2723
2543
2547
2724
2544
2548
2725
2549
2726
2546
2727
2547
2550
2728
2548
2551
2729
2549
2552
2730
2553
2731
2551
2554
2733
2552
2555
2734
2553
2556
2735
2557
2736
2555
2558
2737
2556
2559
2738
2557
2560
2739
2561
2740
2559
2562
2741
2560
2563
2742
2561
2564
2743
2565
2744
2563
2566
2745
2564
2567
2746
2565
2568
2747
2569
2748
2567
2570
2749
2568
2571
2750
2569
2572
2751
2573
2752
2571
2574
2753
2572
2575
2754
2573
2576
2755
2577
2756
2575
2578
2757
2576
2579
2758
2577
2580
2759
2581
2760
2579
2583
2761
2580
2584
2762
2581
2585
2763
2582
2586
2764
2587
2584
2588
2765
2585
2589
2766
2586
2590
2767
2587
2591
2768
2592
2769
2589
2593
2770
2590
2594
2771
2591
2595
2772
2592
2596
2773
2597
2774
2594
2598
2775
2595
2599
2776
2596
2600
2777
2597
2601
2778
2602
2779
2599
2603
2780
2600
2604
2781
2601
2605
2782
2602
2606
2783
2607
2784
2604
2608
2785
2605
2609
2786
2606
2610
2787
2607
2611
2788
2612
2789
2609
2613
2790
2610
2614
2791
2611
2615
2792
2612
2616
2793
2617
2794
2614
2618
2795
2615
2619
2796
2616
2620
2797
2617
2621
2798
2622
2799
2619
2623
2800
2620
2624
2801
2621
2625
2802
2622
2626
2803
2627
2804
2624
2628
2805
2625
2629
2806
2626
2630
2807
2627
2631
2808
2632
2809
2629
2633
2810
2630
2634
2811
2631
2635
2812
2632
2636
2813
2637
2814
2634
2638
2815
2635
2639
2816
2636
2640
2817
2637
2641
2818
2642
2819
2639
2643
2820
2640
2644
2821
2641
2645
2822
2642
2646
2823
2647
2824
2644
2648
2825
2645
2649
2826
2646
2650
2827
2647
2651
2828
2652
2829
2649
2653
2830
2650
2654
2831
2651
2655
2832
2652
2656
2833
2657
2834
2654
2658
2835
2655
2659
2836
2656
2660
2837
2657
2661
2838
2662
2839
2659
2663
2840
2660
2664
2841
2661
2665
2842
2662
2666
2843
2667
2844
2664
2668
2845
2665
2669
2846
2666
2670
2847
2667
2671
2848
2672
2849
2669
2850
2670
2851
2671
2852
2672
2853
2854
2674
2678
2855
2675
2679
2856
2676
2680
2857
2677
2681
2858
2682
2859
2679
2683
2860
2680
2684
2861
2681
2685
2862
2682
2686
2863
2687
2864
2684
2865
2685
2866
2686
2688
2867
2687
2689
2868
2690
2869
2689
2691
2870
2690
2692
2871
2693
2872
2692
2694
2873
2693
2695
2874
2696
2875
2695
2697
2876
2696
2698
2877
2699
2878
2698
2700
2879
2699
2701
2880
2702
2881
2701
2703
2882
2702
2704
2883
2705
2884
2704
2706
2885
2705
2707
2886
2708
2887
2707
2709
2888
2708
2710
2889
2711
2890
2710
2714
2891
2711
2715
2892
2716
2893
2713
2717
2894
2714
2718
2895
2715
2719
2896
2716
2720
2897
2721
2898
2718
2722
2899
2719
2723
2900
2720
2724
2901
2721
2725
2902
2726
2903
2723
2727
2904
2724
2728
2905
2725
2729
2906
2726
2730
2907
2731
2908
2728
2732
2909
2729
2733
2910
2730
2734
2911
2731
2735
2912
2736
2913
2733
2914
2734
2737
2915
2735
2738
2916
2736
2739
2917
2740
2918
2738
2741
2920
2739
2742
2921
2740
2743
2922
2744
2923
2742
2745
2925
2743
2746
2926
2744
2747
2927
2748
2928
2746
2749
2929
2747
2750
2930
2748
2751
2931
2752
2932
2750
2753
2933
2751
2754
2934
2752
2755
2935
2756
2936
2754
2757
2937
2755
2758
2938
2756
2759
2939
2760
2940
2758
2761
2941
2759
2762
2942
2760
2763
2943
2764
2944
2762
2765
2945
2763
2766
2946
2764
2767
2947
2768
2948
2766
2770
2949
2767
2771
2950
2768
2772
2951
2769
2773
2952
2774
2771
2775
2953
2772
2776
2954
2773
2777
2955
2774
2778
2956
2779
2957
2776
2780
2958
2777
2781
2959
2778
2782
2960
2779
2783
2961
2784
2962
2781
2785
2963
2782
2786
2964
2783
2787
2965
2784
2788
2966
2789
2967
2786
2790
2968
2787
2791
2969
2788
2792
2970
2789
2793
2971
2794
2972
2791
2795
2973
2792
2796
2974
2793
2797
2975
2794
2798
2976
2799
2977
2796
2800
2978
2797
2801
2979
2798
2802
2980
2799
2803
2981
2804
2982
2801
2805
2983
2802
2806
2984
2803
2807
2985
2804
2808
2986
2809
2987
2806
2810
2988
2807
2811
2989
2808
2812
2990
2809
2813
2991
2814
2992
2811
2815
2993
2812
2816
2994
2813
2817
2995
2814
2818
2996
2819
2997
2816
2820
2998
2817
2821
2999
2818
2822
3000
2819
2823
3001
2824
3002
2821
2825
3003
2822
2826
3004
2823
2827
3005
2824
2828
3006
2829
3007
2826
2830
3008
2827
2831
3009
2828
2832
3010
2829
2833
3011
2834
3012
2831
2835
3013
2832
2836
3014
2833
2837
3015
2834
2838
3016
2839
3017
2836
2840
3018
2837
2841
3019
2838
2842
3020
2839
2843
3021
2844
3022
2841
2845
3023
2842
2846
3024
2843
2847
3025
2844
2848
3026
2849
3027
2846
2850
3028
2847
2851
3029
2848
2852
3030
2849
2853
3031
2854
3032
2851
3033
2852
3034
2853
3035
2854
3036
3037
2856
2860
3038
2857
2861
3039
2858
2862
3040
2859
2863
3041
2864
3042
2861
2865
3043
2862
2866
3044
2863
2867
3045
2864
2868
3046
2869
3047
2866
3048
2867
3049
2868
2870
3050
2869
2871
3051
2872
3052
2871
2873
3053
2872
2874
3054
2875
3055
2874
2876
3056
2875
2877
3057
2878
3058
2877
2879
3059
2878
2880
3060
2881
3061
2880
2882
3062
2881
2883
3063
2884
3064
2883
2885
3065
2884
2886
3066
2887
3067
2886
2888
3068
2887
2889
3069
2890
3070
2889
2891
3071
2890
2892
3072
2893
3073
2892
2896
3074
2893
2897
3075
2898
3076
2895
2899
3077
2896
2900
3078
2897
2901
3079
2898
2902
3080
2903
3081
2900
2904
3082
2901
2905
3083
2902
2906
3084
2903
2907
3085
2908
3086
2905
2909
3087
2906
2910
3088
2907
2911
3089
2908
2912
3090
2913
3091
2910
2914
3092
2911
2915
3093
2912
2916
3094
2913
2917
3095
2918
3096
2915
2919
3097
2916
2920
3098
2917
2921
3099
2918
2922
3100
2923
3101
2920
2924
3102
2921
2925
3103
2922
2926
3104
2923
2927
3105
2928
3106
2925
3107
2926
2929
3108
2927
2930
3109
2928
2931
3110
2932
3111
2930
2933
3113
2931
2934
3114
2932
2935
3115
2936
3116
2934
2937
3117
2935
2938
3118
2936
2939
3119
2940
3120
2938
2941
3121
2939
2942
3122
2940
2943
3123
2944
3124
2942
2945
3125
2943
2946
3126
2944
2947
3127
2948
3128
2946
2949
3129
2947
2950
3130
2948
2951
3131
2952
3132
2950
2953
3133
2951
2954
3134
2952
2955
3135
2956
3136
2954
2958
3137
2955
2959
3138
2956
2960
3139
2957
2961
3140
2962
2959
2963
3141
2960
2964
3142
2961
2965
3143
2962
2966
3144
2967
3145
2964
2968
3146
2965
2969
3147
2966
2970
3148
2967
2971
3149
2972
3150
2969
2973
3151
2970
2974
3152
2971
2975
3153
2972
2976
3154
2977
3155
2974
2978
3156
2975
2979
3157
2976
2980
3158
2977
2981
3159
2982
3160
2979
2983
3161
2980
2984
3162
2981
2985
3163
2982
2986
3164
2987
3165
2984
2988
3166
2985
2989
3167
2986
2990
3168
2987
2991
3169
2992
3170
2989
2993
3171
2990
2994
3172
2991
2995
3173
2992
2996
3174
2997
3175
2994
2998
3176
2995
2999
3177
2996
3000
3178
2997
3001
3179
3002
3180
2999
3003
3181
3000
3004
3182
3001
3005
3183
3002
3006
3184
3007
3185
3004
3008
3186
3005
3009
3187
3006
3010
3188
3007
3011
3189
3012
3190
3009
3013
3191
3010
3014
3192
3011
3015
3193
3012
3016
3194
3017
3195
3014
3018
3196
3015
3019
3197
3016
3020
3198
3017
3021
3199
3022
3200
3019
3023
3201
3020
3024
3202
3021
3025
3203
3022
3026
3204
3027
3205
3024
3028
3206
3025
3029
3207
3026
3030
3208
3027
3031
3209
3032
3210
3029
3033
3211
3030
3034
3212
3031
3035
3213
3032
3036
3214
3037
3215
3034
3216
3035
3217
3036
3218
3037
3219
3220
3039
3043
3221
3040
3044
3222
3041
3045
3223
3042
3046
3224
3047
3225
3044
3048
3226
3045
3049
3227
3046
3050
3228
3047
3051
3229
3052
3230
3049
3231
3050
3232
3051
3053
3233
3052
3054
3234
3055
3235
3054
3056
3236
3055
3057
3237
3058
3238
3057
3059
3239
3058
3060
3240
3061
3241
3060
3062
3242
3061
3063
3243
3064
3244
3063
3065
3245
3064
3066
3246
3067
3247
3066
3068
3248
3067
3069
3249
3070
3250
3069
3071
3251
3070
3072
3252
3073
3253
3072
3074
3254
3073
3075
3255
3076
3256
3075
3079
3257
3076
3080
3258
3081
3259
3078
3082
3260
3079
3083
3261
3080
3084
3262
3081
3085
3263
3086
3264
3083
3087
3265
3084
3088
3266
3085
3089
3267
3086
3090
3268
3091
3269
3088
3092
3270
3089
3093
3271
3090
3094
3272
3091
3095
3273
3096
3274
3093
3097
3275
3094
3098
3276
3095
3099
3277
3096
3100
3278
3101
3279
3098
3102
3280
3099
3103
3281
3100
3104
3282
3101
3105
3283
3106
3284
3103
3107
3285
3104
3108
3286
3105
3109
3287
3106
3110
3288
3111
3289
3108
3112
3290
3109
3113
3291
3110
3114
3292
3111
3115
3293
3116
3294
3113
3295
3114
3117
3296
3115
3118
3297
3116
3119
3298
3120
3299
3118
3121
3301
3119
3122
3302
3120
3123
3303
3124
3304
3122
3125
3305
3123
3126
3306
3124
3127
3307
3128
3308
3126
3129
3309
3127
3130
3310
3128
3131
3311
3132
3312
3130
3133
3313
3131
3134
3314
3132
3135
3315
3136
3316
3134
3137
3317
3135
3138
3318
3136
3139
3319
3140
3320
3138
3141
3321
3139
3142
3322
3140
3143
3323
3144
3324
3142
3146
3325
3143
3147
3326
3144
3148
3327
3145
3149
3328
3150
3147
3151
3329
3148
3152
3330
3149
3153
3331
3150
3154
3332
3155
3333
3152
3156
3334
3153
3157
3335
3154
3158
3336
3155
3159
3337
3160
3338
3157
3161
3339
3158
3162
3340
3159
3163
3341
3160
3164
3342
3165
3343
3162
3166
3344
3163
3167
3345
3164
3168
3346
3165
3169
3347
3170
3348
3167
3171
3349
3168
3172
3350
3169
3173
3351
3170
3174
3352
3175
3353
3172
3176
3354
3173
3177
3355
3174
3178
3356
3175
3179
3357
3180
3358
3177
3181
3359
3178
3182
3360
3179
3183
3361
3180
3184
3362
3185
3363
3182
3186
3364
3183
3187
3365
3184
3188
3366
3185
3189
3367
3190
3368
3187
3191
3369
3188
3192
3370
3189
3193
3371
3190
3194
3372
3195
3373
3192
3196
3374
3193
3197
3375
3194
3198
3376
3195
3199
3377
3200
3378
3197
3201
3379
3198
3202
3380
3199
3203
3381
3200
3204
3382
3205
3383
3202
3206
3384
3203
3207
3385
3204
3208
3386
3205
3209
3387
3210
3388
3207
3211
3389
3208
3212
3390
3209
3213
3391
3210
3214
3392
3215
3393
3212
3216
3394
3213
3217
3395
3214
3218
3396
3215
3219
3397
3220
3398
3217
3399
3218
3400
3219
3401
3220
3402
3403
3222
3226
3404
3223
3227
3405
3224
3228
3406
3225
3229
3407
3230
3408
3227
3231
3409
3228
3232
3410
3229
3233
3411
3230
3234
3412
3235
3413
3232
3414
3233
3415
3234
3236
3416
3235
3237
3417
3238
3418
3237
3239
3419
3238
3240
3420
3241
3421
3240
3242
3422
3241
3243
3423
3244
3424
3243
3245
3425
3244
3246
3426
3247
3427
3246
3248
3428
3247
3249
3429
3250
3430
3249
3251
3431
3250
3252
3432
3253
3433
3252
3254
3434
3253
3255
3435
3256
3436
3255
3257
3437
3256
3258
3438
3259
3439
3258
3262
3440
3259
3263
3441
3264
3442
3261
3265
3443
3262
3266
3444
3263
3267
3445
3264
3268
3446
3269
3447
3266
3270
3448
3267
3271
3449
3268
3272
3450
3269
3273
3451
3274
3452
3271
3275
3453
3272
3276
3454
3273
3277
3455
3274
3278
3456
3279
3457
3276
3280
3458
3277
3281
3459
3278
3282
3460
3279
3283
3461
3284
3462
3281
3285
3463
3282
3286
3464
3283
3287
3465
3284
3288
3466
3289
3467
3286
3290
3468
3287
3291
3469
3288
3292
3470
3289
3293
3471
3294
3472
3291
3295
3473
3292
3296
3474
3293
3297
3475
3294
3298
3476
3299
3477
3296
3300
3478
3297
3301
3479
3298
3302
3480
3299
3303
3481
3304
3482
3301
3483
3302
3305
3484
3303
3306
3485
3304
3307
3486
3308
3487
3306
3309
3489
3307
3310
3490
3308
3311
3491
3312
3492
3310
3313
3493
3311
3314
3494
3312
3315
3495
3316
3496
3314
3317
3497
3315
3318
3498
3316
3319
3499
3320
3500
3318
3321
3501
3319
3322
3502
3320
3323
3503
3324
3504
3322
3325
3505
3323
3326
3506
3324
3327
3507
3328
3508
3326
3329
3509
3327
3330
3510
3328
3331
3511
3332
3512
3330
3334
3513
3331
3335
3514
3332
3336
3515
3333
3337
3516
3338
3335
3339
3517
3336
3340
3518
3337
3341
3519
3338
3342
3520
3343
3521
3340
3344
3522
3341
3345
3523
3342
3346
3524
3343
3347
3525
3348
3526
3345
3349
3527
3346
3350
3528
3347
3351
3529
3348
3352
3530
3353
3531
3350
3354
3532
3351
3355
3533
3352
3356
3534
3353
3357
3535
3358
3536
3355
3359
3537
3356
3360
3538
3357
3361
3539
3358
3362
3540
3363
3541
3360
3364
3542
3361
3365
3543
3362
3366
3544
3363
3367
3545
3368
3546
3365
3369
3547
3366
3370
3548
3367
3371
3549
3368
3372
3550
3373
3551
3370
3374
3552
3371
3375
3553
3372
3376
3554
3373
3377
3555
3378
3556
3375
3379
3557
3376
3380
3558
3377
3381
3559
3378
3382
3560
3383
3561
3380
3384
3562
3381
3385
3563
3382
3386
3564
3383
3387
3565
3388
3566
3385
3389
3567
3386
3390
3568
3387
3391
3569
3388
3392
3570
3393
3571
3390
3394
3572
3391
3395
3573
3392
3396
3574
3393
3397
3575
3398
3576
3395
3399
3577
3396
3400
3578
3397
3401
3579
3398
3402
3580
3403
3581
3400
3582
3401
3583
3402
3584
3403
3585
3586
3405
3409
3587
3406
3410
3588
3407
3411
3589
3408
3412
3590
3413
3591
3410
3414
3592
3411
3415
3593
3412
3416
3594
3413
3417
3595
3418
3596
3415
3597
3416
3598
3417
3419
3599
3418
3420
3600
3421
3601
3420
3422
3602
3421
3423
3603
3424
3604
3423
3425
3605
3424
3426
3606
3427
3607
3426
3428
3608
3427
3429
3609
3430
3610
3429
3431
3611
3430
3432
3612
3433
3613
3432
3434
3614
3433
3435
3615
3436
3616
3435
3437
3617
3436
3438
3618
3439
3619
3438
3440
3620
3439
3441
3621
3442
3622
3441
3445
3623
3442
3446
3624
3447
3625
3444
3448
3626
3445
3449
3627
3446
3450
3628
3447
3451
3629
3452
3630
3449
3453
3631
3450
3454
3632
3451
3455
3633
3452
3456
3634
3457
3635
3454
3458
3636
3455
3459
3637
3456
3460
3638
3457
3461
3639
3462
3640
3459
3463
3641
3460
3464
3642
3461
3465
3643
3462
3466
3644
3467
3645
3464
3468
3646
3465
3469
3647
3466
3470
3648
3467
3471
3649
3472
3650
3469
3473
3651
3470
3474
3652
3471
3475
3653
3472
3476
3654
3477
3655
3474
3478
3656
3475
3479
3657
3476
3480
3658
3477
3481
3659
3482
3660
3479
3483
3661
3480
3484
3662
3481
3485
3663
3482
3486
3664
3487
3665
3484
3488
3666
3485
3489
3667
3486
3490
3668
3487
3491
3669
3492
3670
3489
3671
3490
3493
3672
3491
3494
3673
3492
3495
3674
3496
3675
3494
3497
3677
3495
3498
3678
3496
3499
3679
3500
3680
3498
3501
3681
3499
3502
3682
3500
3503
3683
3504
3684
3502
3505
3685
3503
3506
3686
3504
3507
3687
3508
3688
3506
3509
3689
3507
3510
3690
3508
3511
3691
3512
3692
3510
3513
3693
3511
3514
3694
3512
3515
3695
3516
3696
3514
3517
3697
3515
3518
3698
3516
3519
3699
3520
3700
3518
3522
3701
3519
3523
3702
3520
3524
3703
3521
3525
3704
3526
3523
3527
3705
3524
3528
3706
3525
3529
3707
3526
3530
3708
3531
3709
3528
3532
3710
3529
3533
3711
3530
3534
3712
3531
3535
3713
3536
3714
3533
3537
3715
3534
3538
3716
3535
3539
3717
3536
3540
3718
3541
3719
3538
3542
3720
3539
3543
3721
3540
3544
3722
3541
3545
3723
3546
3724
3543
3547
3725
3544
3548
3726
3545
3549
3727
3546
3550
3728
3551
3729
3548
3552
3730
3549
3553
3731
3550
3554
3732
3551
3555
3733
3556
3734
3553
3557
3735
3554
3558
3736
3555
3559
3737
3556
3560
3738
3561
3739
3558
3562
3740
3559
3563
3741
3560
3564
3742
3561
3565
3743
3566
3744
3563
3567
3745
3564
3568
3746
3565
3569
3747
3566
3570
3748
3571
3749
3568
3572
3750
3569
3573
3751
3570
3574
3752
3571
3575
3753
3576
3754
3573
3577
3755
3574
3578
3756
3575
3579
3757
3576
3580
3758
3581
3759
3578
3582
3760
3579
3583
3761
3580
3584
3762
3581
3585
3763
3586
3764
3583
3765
3584
3766
3585
3767
3586
3768
3769
3588
3592
3770
3589
3593
3771
3590
3594
3772
3591
3595
3773
3596
3774
3593
3597
3775
3594
3598
3776
3595
3599
3777
3596
3600
3778
3601
3779
3598
3780
3599
3781
3600
3602
3782
3601
3603
3783
3604
3784
3603
3605
3785
3604
3606
3786
3607
3787
3606
3608
3788
3607
3609
3789
3610
3790
3609
3611
3791
3610
3612
3792
3613
3793
3612
3614
3794
3613
3615
3795
3616
3796
3615
3617
3797
3616
3618
3798
3619
3799
3618
3620
3800
3619
3621
3801
3622
3802
3621
3623
3803
3622
3624
3804
3625
3805
3624
3628
3806
3625
3629
3807
3630
3808
3627
3631
3809
3628
3632
3810
3629
3633
3811
3630
3634
3812
3635
3813
3632
3636
3814
3633
3637
3815
3634
3638
3816
3635
3639
3817
3640
3818
3637
3641
3819
3638
3642
3820
3639
3643
3821
3640
3644
3822
3645
3823
3642
3646
3824
3643
3647
3825
3644
3648
3826
3645
3649
3827
3650
3828
3647
3651
3829
3648
3652
3830
3649
3653
3831
3650
3654
3832
3655
3833
3652
3656
3834
3653
3657
3835
3654
3658
3836
3655
3659
3837
3660
3838
3657
3661
3839
3658
3662
3840
3659
3663
3841
3660
3664
3842
3665
3843
3662
3666
3844
3663
3667
3845
3664
3668
3846
3665
3669
3847
3670
3848
3667
3671
3849
3668
3672
3850
3669
3673
3851
3670
3674
3852
3675
3853
3672
3676
3854
3673
3677
3855
3674
3678
3856
3675
3679
3857
3680
3858
3677
3859
3678
3681
3860
3679
3682
3861
3680
3683
3862
3684
3863
3682
3685
3865
3683
3686
3866
3684
3687
3867
3688
3868
3686
3689
3869
3687
3690
3870
3688
3691
3871
3692
3872
3690
3693
3873
3691
3694
3874
3692
3695
3875
3696
3876
3694
3697
3877
3695
3698
3878
3696
3699
3879
3700
3880
3698
3701
3881
3699
3702
3882
3700
3703
3883
3704
3884
3702
3705
3885
3703
3706
3886
3704
3707
3887
3708
3888
3706
3710
3889
3707
3711
3890
3708
3712
3891
3709
3713
3892
3714
3711
3715
3893
3712
3716
3894
3713
3717
3895
3714
3718
3896
3719
3716
3720
3897
3717
3721
3898
3718
3722
3899
3719
3723
3900
3724
3901
3721
3725
3902
3722
3726
3903
3723
3727
3904
3724
3728
3905
3729
3906
3726
3730
3907
3727
3731
3908
3728
3732
3909
3729
3733
3910
3734
3911
3731
3735
3912
3732
3736
3913
3733
3737
3914
3734
3738
3915
3739
3916
3736
3740
3917
3737
3741
3918
3738
3742
3919
3739
3743
3920
3744
3921
3741
3745
3922
3742
3746
3923
3743
3747
3924
3744
3748
3925
3749
3926
3746
3750
3927
3747
3751
3928
3748
3752
3929
3749
3753
3930
3754
3931
3751
3755
3932
3752
3756
3933
3753
3757
3934
3754
3758
3935
3759
3936
3756
3760
3937
3757
3761
3938
3758
3762
3939
3759
3763
3940
3764
3941
3761
3765
3942
3762
3766
3943
3763
3767
3944
3764
3768
3945
3769
3946
3766
3947
3767
3948
3768
3949
3769
3950
3951
3771
3775
3952
3772
3776
3953
3773
3777
3954
3774
3778
3955
3779
3956
3776
3780
3957
3777
3781
3958
3778
3782
3959
3779
3783
3960
3784
3961
3781
3962
3782
3963
3783
3785
3964
3784
3786
3965
3787
3966
3786
3788
3967
3787
3789
3968
3790
3969
3789
3791
3970
3790
3792
3971
3793
3972
3792
3794
3973
3793
3795
3974
3796
3975
3795
3797
3976
3796
3798
3977
3799
3978
3798
3800
3979
3799
3801
3980
3802
3981
3801
3803
3982
3802
3804
3983
3805
3984
3804
3806
3985
3805
3807
3986
3808
3987
3807
3811
3988
3808
3812
3989
3813
3990
3810
3814
3991
3811
3815
3992
3812
3816
3993
3813
3817
3994
3818
3995
3815
3819
3996
3816
3820
3997
3817
3821
3998
3818
3822
3999
3823
4000
3820
3824
4001
3821
3825
4002
3822
3826
4003
3823
3827
4004
3828
4005
3825
3829
4006
3826
3830
4007
3827
3831
4008
3828
3832
4009
3833
4010
3830
3834
4011
3831
3835
4012
3832
3836
4013
3833
3837
4014
3838
4015
3835
3839
4016
3836
3840
4017
3837
3841
4018
3838
3842
4019
3843
4020
3840
3844
4021
3841
3845
4022
3842
3846
4023
3843
3847
4024
3848
4025
3845
3849
4026
3846
3850
4027
3847
3851
4028
3848
3852
4029
3853
4030
3850
3854
4031
3851
3855
4032
3852
3856
4033
3853
3857
4034
3858
4035
3855
3859
4036
3856
3860
4037
3857
3861
4038
3858
3862
4039
3863
4040
3860
3864
4041
3861
3865
4042
3862
3866
4043
3863
3867
4044
3868
4045
3865
4046
3866
3869
4047
3867
3870
4048
3868
3871
4049
3872
4050
3870
3873
4052
3871
3874
4053
3872
3875
4054
3876
4055
3874
3877
4056
3875
3878
4057
3876
3879
4058
3880
4059
3878
3881
4060
3879
3882
4061
3880
3883
4062
3884
4063
3882
3885
4064
3883
3886
4065
3884
3887
4066
3888
4067
3886
3889
4068
3887
3890
4069
3888
3891
4070
3892
4071
3890
3893
4072
3891
3894
4073
3892
3895
4074
3896
4075
3894
3897
4076
3895
3898
4077
3896
3899
4078
3900
4079
3898
3902
4080
3899
3903
4081
3900
3904
4082
3901
3905
4083
3906
3903
3907
4084
3904
3908
4085
3905
3909
4086
3906
3910
4087
3911
4088
3908
3912
4089
3909
3913
4090
3910
3914
4091
3911
3915
4092
3916
4093
3913
3917
4094
3914
3918
4095
3915
3919
4096
3916
3920
4097
3921
4098
3918
3922
4099
3919
3923
4100
3920
3924
4101
3921
3925
4102
3926
4103
3923
3927
4104
3924
3928
4105
3925
3929
4106
3926
3930
4107
3931
4108
3928
3932
4109
3929
3933
4110
3930
3934
4111
3931
3935
4112
3936
4113
3933
3937
4114
3934
3938
4115
3935
3939
4116
3936
3940
4117
3941
4118
3938
3942
4119
3939
3943
4120
3940
3944
4121
3941
3945
4122
3946
4123
3943
3947
4124
3944
3948
4125
3945
3949
4126
3946
3950
4127
3951
4128
3948
4129
3949
4130
3950
4131
3951
4132
4133
3953
3957
4134
3954
3958
4135
3955
3959
4136
3956
3960
4137
3961
4138
3958
3962
4139
3959
3963
4140
3960
3964
4141
3961
3965
4142
3966
4143
3963
4144
3964
4145
3965
3967
4146
3966
3968
4147
3969
4148
3968
3970
4149
3969
3971
4150
3972
4151
3971
3973
4152
3972
3974
4153
3975
4154
3974
3976
4155
3975
3977
4156
3978
4157
3977
3979
4158
3978
3980
4159
3981
4160
3980
3982
4161
3981
3983
4162
3984
4163
3983
3985
4164
3984
3986
4165
3987
4166
3986
3988
4167
3987
3989
4168
3990
4169
3989
3993
4170
3990
3994
4171
3995
4172
3992
3996
4173
3993
3997
4174
3994
3998
4175
3995
3999
4176
4000
4177
3997
4001
4178
3998
4002
4179
3999
4003
4180
4000
4004
4181
4005
4182
4002
4006
4183
4003
4007
4184
4004
4008
4185
4005
4009
4186
4010
4187
4007
4011
4188
4008
4012
4189
4009
4013
4190
4010
4014
4191
4015
4192
4012
4016
4193
4013
4017
4194
4014
4018
4195
4015
4019
4196
4020
4197
4017
4021
4198
4018
4022
4199
4019
4023
4200
4020
4024
4201
4025
4202
4022
4026
4203
4023
4027
4204
4024
4028
4205
4025
4029
4206
4030
4207
4027
4031
4208
4028
4032
4209
4029
4033
4210
4030
4034
4211
4035
4212
4032
4036
4213
4033
4037
4214
4034
4038
4215
4035
4039
4216
4040
4217
4037
4041
4218
4038
4042
4219
4039
4043
4220
4040
4044
4221
4045
4222
4042
4046
4223
4043
4047
4224
4044
4048
4225
4045
4049
4226
4050
4227
4047
4051
4228
4048
4052
4229
4049
4053
4230
4050
4054
4231
4055
4232
4052
4233
4053
4056
4234
4054
4057
4235
4055
4058
4236
4059
4237
4057
4060
4239
4058
4061
4240
4059
4062
4241
4063
4242
4061
4064
4243
4062
4065
4244
4063
4066
4245
4067
4246
4065
4068
4247
4066
4069
4248
4067
4070
4249
4071
4250
4069
4072
4251
4070
4073
4252
4071
4074
4253
4075
4254
4073
4076
4255
4074
4077
4256
4075
4078
4257
4079
4258
4077
4080
4259
4078
4081
4260
4079
4082
4261
4083
4262
4081
4084
4263
4082
4085
4264
4083
4086
4265
4087
4266
4085
4089
4267
4086
4090
4268
4087
4091
4269
4088
4092
4270
4093
4090
4094
4271
4091
4095
4272
4092
4096
4273
4093
4097
4274
4098
4275
4095
4099
4276
4096
4100
4277
4097
4101
4278
4098
4102
4279
4103
4280
4100
4104
4281
4101
4105
4282
4102
4106
4283
4103
4107
4284
4108
4285
4105
4109
4286
4106
4110
4287
4107
4111
4288
4108
4112
4289
4113
4290
4110
4114
4291
4111
4115
4292
4112
4116
4293
4113
4117
4294
4118
4295
4115
4119
4296
4116
4120
4297
4117
4121
4298
4118
4122
4299
4123
4300
4120
4124
4301
4121
4125
4302
4122
4126
4303
4123
4127
4304
4128
4305
4125
4129
4306
4126
4130
4307
4127
4131
4308
4128
4132
4309
4133
4310
4130
4311
4131
4312
4132
4313
4133
4314
4315
4135
4139
4316
4136
4140
4317
4137
4141
4318
4138
4142
4319
4143
4320
4140
4144
4321
4141
4145
4322
4142
4146
4323
4143
4147
4324
4148
4325
4145
4326
4146
4327
4147
4149
4328
4148
4150
4329
4151
4330
4150
4152
4331
4151
4153
4332
4154
4333
4153
4155
4334
4154
4156
4335
4157
4336
4156
4158
4337
4157
4159
4338
4160
4339
4159
4161
4340
4160
4162
4341
4163
4342
4162
4164
4343
4163
4165
4344
4166
4345
4165
4167
4346
4166
4168
4347
4169
4348
4168
4170
4349
4169
4171
4350
4172
4351
4171
4175
4352
4172
4176
4353
4177
4354
4174
4178
4355
4175
4179
4356
4176
4180
4357
4177
4181
4358
4182
4359
4179
4183
4360
4180
4184
4361
4181
4185
4362
4182
4186
4363
4187
4364
4184
4188
4365
4185
4189
4366
4186
4190
4367
4187
4191
4368
4192
4369
4189
4193
4370
4190
4194
4371
4191
4195
4372
4192
4196
4373
4197
4374
4194
4198
4375
4195
4199
4376
4196
4200
4377
4197
4201
4378
4202
4379
4199
4203
4380
4200
4204
4381
4201
4205
4382
4202
4206
4383
4207
4384
4204
4208
4385
4205
4209
4386
4206
4210
4387
4207
4211
4388
4212
4389
4209
4213
4390
4210
4214
4391
4211
4215
4392
4212
4216
4393
4217
4394
4214
4218
4395
4215
4219
4396
4216
4220
4397
4217
4221
4398
4222
4399
4219
4223
4400
4220
4224
4401
4221
4225
4402
4222
4226
4403
4227
4404
4224
4228
4405
4225
4229
4406
4226
4230
4407
4227
4231
4408
4232
4409
4229
4233
4410
4230
4234
4411
4231
4235
4412
4232
4236
4413
4237
4414
4234
4238
4415
4235
4239
4416
4236
4240
4417
4237
4241
4418
4242
4419
4239
4420
4240
4243
4421
4241
4244
4422
4242
4245
4423
4246
4424
4244
4247
4426
4245
4248
4427
4246
4249
4428
4250
4429
4248
4251
4430
4249
4252
4431
4250
4253
4432
4254
4433
4252
4255
4434
4253
4256
4435
4254
4257
4436
4258
4437
4256
4259
4438
4257
4260
4439
4258
4261
4440
4262
4441
4260
4263
4442
4261
4264
4443
4262
4265
4444
4266
4445
4264
4267
4446
4265
4268
4447
4266
4269
4448
4270
4449
4268
4271
4450
4269
4272
4451
4270
4273
4452
4274
4453
4272
4276
4454
4273
4277
4455
4274
4278
4456
4275
4279
4457
4280
4277
4281
4458
4278
4282
4459
4279
4283
4460
4280
4284
4461
4285
4462
4282
4286
4463
4283
4287
4464
4284
4288
4465
4285
4289
4466
4290
4467
4287
4291
4468
4288
4292
4469
4289
4293
4470
4290
4294
4471
4295
4472
4292
4296
4473
4293
4297
4474
4294
4298
4475
4295
4299
4476
4300
4477
4297
4301
4478
4298
4302
4479
4299
4303
4480
4300
4304
4481
4305
4482
4302
4306
4483
4303
4307
4484
4304
4308
4485
4305
4309
4486
4310
4487
4307
4311
4488
4308
4312
4489
4309
4313
4490
4310
4314
4491
4315
4492
4312
4493
4313
4494
4314
4495
4315
4496
4497
4317
4321
4498
4318
4322
4499
4319
4323
4500
4320
4324
4501
4325
4502
4322
4326
4503
4323
4327
4504
4324
4328
4505
4325
4329
4506
4330
4507
4327
4508
4328
4509
4329
4331
4510
4330
4332
4511
4333
4512
4332
4334
4513
4333
4335
4514
4336
4515
4335
4337
4516
4336
4338
4517
4339
4518
4338
4340
4519
4339
4341
4520
4342
4521
4341
4343
4522
4342
4344
4523
4345
4524
4344
4346
4525
4345
4347
4526
4348
4527
4347
4349
4528
4348
4350
4529
4351
4530
4350
4352
4531
4351
4353
4532
4354
4533
4353
4357
4534
4354
4358
4535
4359
4536
4356
4360
4537
4357
4361
4538
4358
4362
4539
4359
4363
4540
4364
4541
4361
4365
4542
4362
4366
4543
4363
4367
4544
4364
4368
4545
4369
4546
4366
4370
4547
4367
4371
4548
4368
4372
4549
4369
4373
4550
4374
4551
4371
4375
4552
4372
4376
4553
4373
4377
4554
4374
4378
4555
4379
4556
4376
4380
4557
4377
4381
4558
4378
4382
4559
4379
4383
4560
4384
4561
4381
4385
4562
4382
4386
4563
4383
4387
4564
4384
4388
4565
4389
4566
4386
4390
4567
4387
4391
4568
4388
4392
4569
4389
4393
4570
4394
4571
4391
4395
4572
4392
4396
4573
4393
4397
4574
4394
4398
4575
4399
4576
4396
4400
4577
4397
4401
4578
4398
4402
4579
4399
4403
4580
4404
4581
4401
4405
4582
4402
4406
4583
4403
4407
4584
4404
4408
4585
4409
4586
4406
4410
4587
4407
4411
4588
4408
4412
4589
4409
4413
4590
4414
4591
4411
4415
4592
4412
4416
4593
4413
4417
4594
4414
4418
4595
4419
4596
4416
4420
4597
4417
4421
4598
4418
4422
4599
4419
4423
4600
4424
4601
4421
4425
4602
4422
4426
4603
4423
4427
4604
4424
4428
4605
4429
4606
4426
4607
4427
4430
4608
4428
4431
4609
4429
4432
4610
4433
4611
4431
4434
4613
4432
4435
4614
4433
4436
4615
4437
4616
4435
4438
4617
4436
4439
4618
4437
4440
4619
4441
4620
4439
4442
4621
4440
4443
4622
4441
4444
4623
4445
4624
4443
4446
4625
4444
4447
4626
4445
4448
4627
4449
4628
4447
4450
4629
4448
4451
4630
4449
4452
4631
4453
4632
4451
4454
4633
4452
4455
4634
4453
4456
4635
4457
4636
4455
4458
4637
4456
4459
4638
4457
4460
4639
4461
4640
4459
4463
4641
4460
4464
4642
4461
4465
4643
4462
4466
4644
4467
4464
4468
4645
4465
4469
4646
4466
4470
4647
4467
4471
4648
4472
4649
4469
4473
4650
4470
4474
4651
4471
4475
4652
4472
4476
4653
4477
4654
4474
4478
4655
4475
4479
4656
4476
4480
4657
4477
4481
4658
4482
4659
4479
4483
4660
4480
4484
4661
4481
4485
4662
4482
4486
4663
4487
4664
4484
4488
4665
4485
4489
4666
4486
4490
4667
4487
4491
4668
4492
4669
4489
4493
4670
4490
4494
4671
4491
4495
4672
4492
4496
4673
4497
4674
4494
4675
4495
4676
4496
4677
4497
4678
4679
4499
4503
4680
4500
4504
4681
4501
4505
4682
4502
4506
4683
4507
4684
4504
4508
4685
4505
4509
4686
4506
4510
4687
4507
4511
4688
4512
4689
4509
4690
4510
4691
4511
4513
4692
4512
4514
4693
4515
4694
4514
4516
4695
4515
4517
4696
4518
4697
4517
4519
4698
4518
4520
4699
4521
4700
4520
4522
4701
4521
4523
4702
4524
4703
4523
4525
4704
4524
4526
4705
4527
4706
4526
4528
4707
4527
4529
4708
4530
4709
4529
4531
4710
4530
4532
4711
4533
4712
4532
4534
4713
4533
4535
4714
4536
4715
4535
4539
4716
4536
4540
4717
4541
4718
4538
4542
4719
4539
4543
4720
4540
4544
4721
4541
4545
4722
4546
4723
4543
4547
4724
4544
4548
4725
4545
4549
4726
4546
4550
4727
4551
4728
4548
4552
4729
4549
4553
4730
4550
4554
4731
4551
4555
4732
4556
4733
4553
4557
4734
4554
4558
4735
4555
4559
4736
4556
4560
4737
4561
4738
4558
4562
4739
4559
4563
4740
4560
4564
4741
4561
4565
4742
4566
4743
4563
4567
4744
4564
4568
4745
4565
4569
4746
4566
4570
4747
4571
4748
4568
4572
4749
4569
4573
4750
4570
4574
4751
4571
4575
4752
4576
4753
4573
4577
4754
4574
4578
4755
4575
4579
4756
4576
4580
4757
4581
4758
4578
4582
4759
4579
4583
4760
4580
4584
4761
4581
4585
4762
4586
4763
4583
4587
4764
4584
4588
4765
4585
4589
4766
4586
4590
4767
4591
4768
4588
4592
4769
4589
4593
4770
4590
4594
4771
4591
4595
4772
4596
4773
4593
4597
4774
4594
4598
4775
4595
4599
4776
4596
4600
4777
4601
4778
4598
4602
4779
4599
4603
4780
4600
4604
4781
4601
4605
4782
4606
4783
4603
4607
4784
4604
4608
4785
4605
4609
4786
4606
4610
4787
4611
4788
4608
4612
4789
4609
4613
4790
4610
4614
4791
4611
4615
4792
4616
4793
4613
4794
4614
4617
4795
4615
4618
4796
4616
4619
4797
4620
4798
4618
4621
4800
4619
4622
4801
4620
4623
4802
4624
4803
4622
4625
4804
4623
4626
4805
4624
4627
4806
4628
4807
4626
4629
4808
4627
4630
4809
4628
4631
4810
4632
4811
4630
4633
4812
4631
4634
4813
4632
4635
4814
4636
4815
4634
4637
4816
4635
4638
4817
4636
4639
4818
4640
4819
4638
4641
4820
4639
4642
4821
4640
4643
4822
4644
4823
4642
4645
4824
4643
4646
4825
4644
4647
4826
4648
4827
4646
4650
4828
4647
4651
4829
4648
4652
4830
4649
4653
4831
4654
4651
4655
4832
4652
4656
4833
4653
4657
4834
4654
4658
4835
4659
4836
4656
4660
4837
4657
4661
4838
4658
4662
4839
4659
4663
4840
4664
4841
4661
4665
4842
4662
4666
4843
4663
4667
4844
4664
4668
4845
4669
4846
4666
4670
4847
4667
4671
4848
4668
4672
4849
4669
4673
4850
4674
4851
4671
4675
4852
4672
4676
4853
4673
4677
4854
4674
4678
4855
4679
4856
4676
4857
4677
4858
4678
4859
4679
4860
4861
4681
4685
4862
4682
4686
4863
4683
4687
4864
4684
4688
4865
4689
4866
4686
4690
4867
4687
4691
4868
4688
4692
4869
4689
4693
4870
4694
4871
4691
4872
4692
4873
4693
4695
4874
4694
4696
4875
4697
4876
4696
4698
4879
4697
4699
4880
4700
4881
4699
4701
4884
4700
4702
4885
4703
4886
4702
4704
4889
4703
4705
4890
4706
4891
4705
4707
4894
4706
4708
4895
4709
4896
4708
4710
4899
4709
4711
4900
4712
4901
4711
4713
4904
4712
4714
4905
4715
4906
4714
4716
4909
4715
4717
4910
4718
4911
4717
4721
4914
4718
4722
4915
4723
4916
4720
4724
4917
4721
4725
4918
4722
4726
4919
4723
4727
4920
4728
4921
4725
4729
4922
4726
4730
4923
4727
4731
4924
4728
4732
4925
4733
4926
4730
4734
4927
4731
4735
4928
4732
4736
4929
4733
4737
4930
4738
4931
4735
4739
4932
4736
4740
4933
4737
4741
4934
4738
4742
4935
4743
4936
4740
4744
4937
4741
4745
4938
4742
4746
4939
4743
4747
4940
4748
4941
4745
4749
4942
4746
4750
4943
4747
4751
4944
4748
4752
4945
4753
4946
4750
4754
4947
4751
4755
4948
4752
4756
4949
4753
4757
4950
4758
4951
4755
4759
4952
4756
4760
4953
4757
4761
4954
4758
4762
4955
4763
4956
4760
4764
4957
4761
4765
4958
4762
4766
4959
4763
4767
4960
4768
4961
4765
4769
4962
4766
4770
4963
4767
4771
4964
4768
4772
4965
4773
4966
4770
4774
4967
4771
4775
4968
4772
4776
4969
4773
4777
4970
4778
4971
4775
4779
4972
4776
4780
4973
4777
4781
4974
4778
4782
4975
4783
4976
4780
4784
4977
4781
4785
4978
4782
4786
4979
4783
4787
4980
4788
4981
4785
4789
4982
4786
4790
4983
4787
4791
4984
4788
4792
4985
4793
4986
4790
4794
4987
4791
4795
4988
4792
4796
4989
4793
4797
4990
4798
4991
4795
4799
4992
4796
4800
4993
4797
4801
4994
4798
4802
4995
4803
4996
4800
4997
4801
4804
4998
4802
4805
4999
4803
4806
5000
4807
5001
4805
4808
5003
4806
4809
5004
4807
4810
5005
4811
5006
4809
4812
5007
4810
4813
5008
4811
4814
5009
4815
5010
4813
4816
5011
4814
4817
5012
4815
4818
5013
4819
5014
4817
4820
5015
4818
4821
5016
4819
4822
5017
4823
5018
4821
4824
5019
4822
4825
5020
4823
4826
5021
4827
5022
4825
4828
5023
4826
4829
5024
4827
4830
5025
4831
5026
4829
4832
5027
4830
4833
5028
4831
4834
5029
4835
5030
4833
4837
5031
4834
4838
5032
4835
4839
5033
4836
4840
5034
4841
4838
4842
5035
4839
4843
5036
4840
4844
5037
4841
4845
5038
4846
5039
4843
4847
5040
4844
4848
5041
4845
4849
5042
4846
4850
5043
4851
5044
4848
4852
5045
4849
4853
5046
4850
4854
5047
4851
4855
5048
4856
5049
4853
4857
5050
4854
4858
5051
4855
4859
5052
4856
4860
5053
4861
5054
4858
5055
4859
5056
4860
5057
4861
5058
5059
4863
4867
5060
4864
4868
5061
4865
4869
5062
4866
4870
5063
4871
5064
4868
4872
5065
4869
4873
5066
4870
4874
5067
4871
4875
5068
4876
5069
4873
4877
5070
4874
4878
5071
4875
4879
5072
4876
4880
5073
4881
5074
4878
4882
5075
4879
4883
5076
4880
4884
5077
4881
4885
5078
4886
5079
4883
4887
5080
4884
4888
5081
4885
4889
5082
4886
4890
5083
4891
5084
4888
4892
5085
4889
4893
5086
4890
4894
5087
4891
4895
5088
4896
5089
4893
4897
5090
4894
4898
5091
4895
4899
5092
4896
4900
5093
4901
5094
4898
4902
5095
4899
4903
5096
4900
4904
5097
4901
4905
5098
4906
5099
4903
4907
5100
4904
4908
5101
4905
4909
5102
4906
4910
5103
4911
5104
4908
4912
5105
4909
4913
5106
4910
4914
5107
4911
4915
5108
4916
5109
4913
4917
5110
4914
4918
5111
4915
4919
5112
4916
4920
5113
4921
5114
4918
4922
5115
4919
4923
5116
4920
4924
5117
4921
4925
5118
4926
5119
4923
4927
5120
4924
4928
5121
4925
4929
5122
4926
4930
5123
4931
5124
4928
4932
5125
4929
4933
5126
4930
4934
5127
4931
4935
5128
4936
5129
4933
4937
5130
4934
4938
5131
4935
4939
5132
4936
4940
5133
4941
5134
4938
4942
5135
4939
4943
5136
4940
4944
5137
4941
4945
5138
4946
5139
4943
4947
5140
4944
4948
5141
4945
4949
5142
4946
4950
5143
4951
5144
4948
4952
5145
4949
4953
5146
4950
4954
5147
4951
4955
5148
4956
5149
4953
4957
5150
4954
4958
5151
4955
4959
5152
4956
4960
5153
4961
5154
4958
4962
5155
4959
4963
5156
4960
4964
5157
4961
4965
5158
4966
5159
4963
4967
5160
4964
4968
5161
4965
4969
5162
4966
4970
5163
4971
5164
4968
4972
5165
4969
4973
5166
4970
4974
5167
4971
4975
5168
4976
5169
4973
4977
5170
4974
4978
5171
4975
4979
5172
4976
4980
5173
4981
5174
4978
4982
5175
4979
4983
5176
4980
4984
5177
4981
4985
5178
4986
5179
4983
4987
5180
4984
4988
5181
4985
4989
5182
4986
4990
5183
4991
5184
4988
4992
5185
4989
4993
5186
4990
4994
5187
4991
4995
5188
4996
5189
4993
4997
5190
4994
4998
5191
4995
4999
5192
4996
5000
5193
5001
5194
4998
5002
5195
4999
5003
5196
5000
5004
5197
5001
5005
5198
5006
5199
5003
5200
5004
5007
5201
5005
5008
5202
5006
5009
5203
5010
5204
5008
5011
5206
5009
5012
5207
5010
5013
5208
5014
5209
5012
5015
5210
5013
5016
5211
5014
5017
5212
5018
5213
5016
5019
5214
5017
5020
5215
5018
5021
5216
5022
5217
5020
5023
5218
5021
5024
5219
5022
5025
5220
5026
5221
5024
5027
5222
5025
5028
5223
5026
5029
5224
5030
5225
5028
5031
5226
5029
5032
5227
5030
5033
5228
5034
5229
5032
5035
5230
5033
5036
5231
5034
5037
5232
5038
5233
5036
5040
5234
5037
5041
5235
5038
5042
5236
5039
5043
5237
5044
5041
5045
5238
5042
5046
5239
5043
5047
5240
5044
5048
5241
5049
5242
5046
5050
5243
5047
5051
5244
5048
5052
5245
5049
5053
5246
5054
5247
5051
5055
5248
5052
5056
5249
5053
5057
5250
5054
5058
5251
5059
5252
5056
5253
5057
5254
5058
5255
5059
5256
5257
5061
5065
5258
5062
5066
5259
5063
5067
5260
5064
5068
5261
5069
5262
5066
5070
5263
5067
5071
5264
5068
5072
5265
5069
5073
5266
5074
5267
5071
5075
5268
5072
5076
5269
5073
5077
5270
5074
5078
5271
5079
5272
5076
5080
5273
5077
5081
5274
5078
5082
5275
5079
5083
5276
5084
5277
5081
5085
5278
5082
5086
5279
5083
5087
5280
5084
5088
5281
5089
5282
5086
5090
5283
5087
5091
5284
5088
5092
5285
5089
5093
5286
5094
5287
5091
5095
5288
5092
5096
5289
5093
5097
5290
5094
5098
5291
5099
5292
5096
5100
5293
5097
5101
5294
5098
5102
5295
5099
5103
5296
5104
5297
5101
5105
5298
5102
5106
5299
5103
5107
5300
5104
5108
5301
5109
5302
5106
5110
5303
5107
5111
5304
5108
5112
5305
5109
5113
5306
5114
5307
5111
5115
5308
5112
5116
5309
5113
5117
5310
5114
5118
5311
5119
5312
5116
5120
5313
5117
5121
5314
5118
5122
5315
5119
5123
5316
5124
5317
5121
5125
5318
5122
5126
5319
5123
5127
5320
5124
5128
5321
5129
5322
5126
5130
5323
5127
5131
5324
5128
5132
5325
5129
5133
5326
5134
5327
5131
5135
5328
5132
5136
5329
5133
5137
5330
5134
5138
5331
5139
5332
5136
5140
5333
5137
5141
5334
5138
5142
5335
5139
5143
5336
5144
5337
5141
5145
5338
5142
5146
5339
5143
5147
5340
5144
5148
5341
5149
5342
5146
5150
5343
5147
5151
5344
5148
5152
5345
5149
5153
5346
5154
5347
5151
5155
5348
5152
5156
5349
5153
5157
5350
5154
5158
5351
5159
5352
5156
5160
5353
5157
5161
5354
5158
5162
5355
5159
5163
5356
5164
5357
5161
5165
5358
5162
5166
5359
5163
5167
5360
5164
5168
5361
5169
5362
5166
5170
5363
5167
5171
5364
5168
5172
5365
5169
5173
5366
5174
5367
5171
5175
5368
5172
5176
5369
5173
5177
5370
5174
5178
5371
5179
5372
5176
5180
5373
5177
5181
5374
5178
5182
5375
5179
5183
5376
5184
5377
5181
5185
5378
5182
5186
5379
5183
5187
5380
5184
5188
5381
5189
5382
5186
5190
5383
5187
5191
5384
5188
5192
5385
5189
5193
5386
5194
5387
5191
5195
5388
5192
5196
5389
5193
5197
5390
5194
5198
5391
5199
5392
5196
5200
5393
5197
5201
5394
5198
5202
5395
5199
5203
5396
5204
5397
5201
5205
5398
5202
5206
5399
5203
5207
5400
5204
5208
5401
5209
5402
5206
5403
5207
5210
5404
5208
5211
5405
5209
5212
5406
5213
5407
5211
5214
5409
5212
5215
5410
5213
5216
5411
5217
5412
5215
5218
5413
5216
5219
5414
5217
5220
5415
5221
5416
5219
5222
5417
5220
5223
5418
5221
5224
5419
5225
5420
5223
5226
5421
5224
5227
5422
5225
5228
5423
5229
5424
5227
5230
5425
5228
5231
5426
5229
5232
5427
5233
5428
5231
5234
5429
5232
5235
5430
5233
5236
5431
5237
5432
5235
5238
5433
5236
5239
5434
5237
5240
5435
5241
5436
5239
5243
5437
5240
5244
5438
5241
5245
5439
5242
5246
5440
5247
5244
5248
5441
5245
5249
5442
5246
5250
5443
5247
5251
5444
5252
5445
5249
5253
5446
5250
5254
5447
5251
5255
5448
5252
5256
5449
5257
5450
5254
5451
5255
5452
5256
5453
5257
5454
5455
5259
5263
5456
5260
5264
5457
5261
5265
5458
5262
5266
5459
5267
5460
5264
5268
5461
5265
5269
5462
5266
5270
5463
5267
5271
5464
5272
5465
5269
5273
5466
5270
5274
5467
5271
5275
5468
5272
5276
5469
5277
5470
5274
5278
5471
5275
5279
5472
5276
5280
5473
5277
5281
5474
5282
5475
5279
5283
5476
5280
5284
5477
5281
5285
5478
5282
5286
5479
5287
5480
5284
5288
5481
5285
5289
5482
5286
5290
5483
5287
5291
5484
5292
5485
5289
5293
5486
5290
5294
5487
5291
5295
5488
5292
5296
5489
5297
5490
5294
5298
5491
5295
5299
5492
5296
5300
5493
5297
5301
5494
5302
5495
5299
5303
5496
5300
5304
5497
5301
5305
5498
5302
5306
5499
5307
5500
5304
5308
5501
5305
5309
5502
5306
5310
5503
5307
5311
5504
5312
5505
5309
5313
5506
5310
5314
5507
5311
5315
5508
5312
5316
5509
5317
5510
5314
5318
5511
5315
5319
5512
5316
5320
5513
5317
5321
5514
5322
5515
5319
5323
5516
5320
5324
5517
5321
5325
5518
5322
5326
5519
5327
5520
5324
5328
5521
5325
5329
5522
5326
5330
5523
5327
5331
5524
5332
5525
5329
5333
5526
5330
5334
5527
5331
5335
5528
5332
5336
5529
5337
5530
5334
5338
5531
5335
5339
5532
5336
5340
5533
5337
5341
5534
5342
5535
5339
5343
5536
5340
5344
5537
5341
5345
5538
5342
5346
5539
5347
5540
5344
5348
5541
5345
5349
5542
5346
5350
5543
5347
5351
5544
5352
5545
5349
5353
5546
5350
5354
5547
5351
5355
5548
5352
5356
5549
5357
5550
5354
5358
5551
5355
5359
5552
5356
5360
5553
5357
5361
5554
5362
5555
5359
5363
5556
5360
5364
5557
5361
5365
5558
5362
5366
5559
5367
5560
5364
5368
5561
5365
5369
5562
5366
5370
5563
5367
5371
5564
5372
5565
5369
5373
5566
5370
5374
5567
5371
5375
5568
5372
5376
5569
5377
5570
5374
5378
5571
5375
5379
5572
5376
5380
5573
5377
5381
5574
5382
5575
5379
5383
5576
5380
5384
5577
5381
5385
5578
5382
5386
5579
5387
5580
5384
5388
5581
5385
5389
5582
5386
5390
5583
5387
5391
5584
5392
5585
5389
5393
5586
5390
5394
5587
5391
5395
5588
5392
5396
5589
5397
5590
5394
5398
5591
5395
5399
5592
5396
5400
5593
5397
5401
5594
5402
5595
5399
5403
5596
5400
5404
5597
5401
5405
5598
5402
5406
5599
5407
5600
5404
5408
5601
5405
5409
5602
5406
5410
5603
5407
5411
5604
5412
5605
5409
5606
5410
5413
5607
5411
5414
5608
5412
5415
5609
5416
5610
5414
5417
5612
5415
5418
5613
5416
5419
5614
5420
5615
5418
5421
5616
5419
5422
5617
5420
5423
5618
5424
5619
5422
5425
5620
5423
5426
5621
5424
5427
5622
5428
5623
5426
5429
5624
5427
5430
5625
5428
5431
5626
5432
5627
5430
5433
5628
5431
5434
5629
5432
5435
5630
5436
5631
5434
5437
5632
5435
5438
5633
5436
5439
5634
5440
5635
5438
5441
5636
5439
5442
5637
5440
5443
5638
5444
5639
5442
5446
5640
5443
5447
5641
5444
5448
5642
5445
5449
5643
5450
5447
5451
5644
5448
5452
5645
5449
5453
5646
5450
5454
5647
5455
5648
5452
5649
5453
5650
5454
5651
5455
5652
5653
5457
5461
5654
5458
5462
5655
5459
5463
5656
5460
5464
5657
5465
5658
5462
5466
5659
5463
5467
5660
5464
5468
5661
5465
5469
5662
5470
5663
5467
5471
5664
5468
5472
5665
5469
5473
5666
5470
5474
5667
5475
5668
5472
5476
5669
5473
5477
5670
5474
5478
5671
5475
5479
5672
5480
5673
5477
5481
5674
5478
5482
5675
5479
5483
5676
5480
5484
5677
5485
5678
5482
5486
5679
5483
5487
5680
5484
5488
5681
5485
5489
5682
5490
5683
5487
5491
5684
5488
5492
5685
5489
5493
5686
5490
5494
5687
5495
5688
5492
5496
5689
5493
5497
5690
5494
5498
5691
5495
5499
5692
5500
5693
5497
5501
5694
5498
5502
5695
5499
5503
5696
5500
5504
5697
5505
5698
5502
5506
5699
5503
5507
5700
5504
5508
5701
5505
5509
5702
5510
5703
5507
5511
5704
5508
5512
5705
5509
5513
5706
5510
5514
5707
5515
5708
5512
5516
5709
5513
5517
5710
5514
5518
5711
5515
5519
5712
5520
5713
5517
5521
5714
5518
5522
5715
5519
5523
5716
5520
5524
5717
5525
5718
5522
5526
5719
5523
5527
5720
5524
5528
5721
5525
5529
5722
5530
5723
5527
5531
5724
5528
5532
5725
5529
5533
5726
5530
5534
5727
5535
5728
5532
5536
5729
5533
5537
5730
5534
5538
5731
5535
5539
5732
5540
5733
5537
5541
5734
5538
5542
5735
5539
5543
5736
5540
5544
5737
5545
5738
5542
5546
5739
5543
5547
5740
5544
5548
5741
5545
5549
5742
5550
5743
5547
5551
5744
5548
5552
5745
5549
5553
5746
5550
5554
5747
5555
5748
5552
5556
5749
5553
5557
5750
5554
5558
5751
5555
5559
5752
5560
5753
5557
5561
5754
5558
5562
5755
5559
5563
5756
5560
5564
5757
5565
5758
5562
5566
5759
5563
5567
5760
5564
5568
5761
5565
5569
5762
5570
5763
5567
5571
5764
5568
5572
5765
5569
5573
5766
5570
5574
5767
5575
5768
5572
5576
5769
5573
5577
5770
5574
5578
5771
5575
5579
5772
5580
5773
5577
5581
5774
5578
5582
5775
5579
5583
5776
5580
5584
5777
5585
5778
5582
5586
5779
5583
5587
5780
5584
5588
5781
5585
5589
5782
5590
5783
5587
5591
5784
5588
5592
5785
5589
5593
5786
5590
5594
5787
5595
5788
5592
5596
5789
5593
5597
5790
5594
5598
5791
5595
5599
5792
5600
5793
5597
5601
5794
5598
5602
5795
5599
5603
5796
5600
5604
5797
5605
5798
5602
5606
5799
5603
5607
5800
5604
5608
5801
5605
5609
5802
5610
5803
5607
5611
5804
5608
5612
5805
5609
5613
5806
5610
5614
5807
5615
5808
5612
5809
5613
5616
5810
5614
5617
5811
5615
5618
5812
5619
5813
5617
5620
5815
5618
5621
5816
5619
5622
5817
5623
5818
5621
5624
5819
5622
5625
5820
5623
5626
5821
5627
5822
5625
5628
5823
5626
5629
5824
5627
5630
5825
5631
5826
5629
5632
5827
5630
5633
5828
5631
5634
5829
5635
5830
5633
5636
5831
5634
5637
5832
5635
5638
5833
5639
5834
5637
5640
5835
5638
5641
5836
5639
5642
5837
5643
5838
5641
5644
5839
5642
5645
5840
5643
5646
5841
5647
5842
5645
5649
5843
5646
5650
5844
5647
5651
5845
5648
5652
5846
5653
5650
5847
5651
5848
5652
5849
5653
5850
5851
5655
5659
5852
5656
5660
5853
5657
5661
5854
5658
5662
5855
5663
5856
5660
5664
5857
5661
5665
5858
5662
5666
5859
5663
5667
5860
5668
5861
5665
5669
5862
5666
5670
5863
5667
5671
5864
5668
5672
5865
5673
5866
5670
5674
5867
5671
5675
5868
5672
5676
5869
5673
5677
5870
5678
5871
5675
5679
5872
5676
5680
5873
5677
5681
5874
5678
5682
5875
5683
5876
5680
5684
5877
5681
5685
5878
5682
5686
5879
5683
5687
5880
5688
5881
5685
5689
5882
5686
5690
5883
5687
5691
5884
5688
5692
5885
5693
5886
5690
5694
5887
5691
5695
5888
5692
5696
5889
5693
5697
5890
5698
5891
5695
5699
5892
5696
5700
5893
5697
5701
5894
5698
5702
5895
5703
5896
5700
5704
5897
5701
5705
5898
5702
5706
5899
5703
5707
5900
5708
5901
5705
5709
5902
5706
5710
5903
5707
5711
5904
5708
5712
5905
5713
5906
5710
5714
5907
5711
5715
5908
5712
5716
5909
5713
5717
5910
5718
5911
5715
5719
5912
5716
5720
5913
5717
5721
5914
5718
5722
5915
5723
5916
5720
5724
5917
5721
5725
5918
5722
5726
5919
5723
5727
5920
5728
5921
5725
5729
5922
5726
5730
5923
5727
5731
5924
5728
5732
5925
5733
5926
5730
5734
5927
5731
5735
5928
5732
5736
5929
5733
5737
5930
5738
5931
5735
5739
5932
5736
5740
5933
5737
5741
5934
5738
5742
5935
5743
5936
5740
5744
5937
5741
5745
5938
5742
5746
5939
5743
5747
5940
5748
5941
5745
5749
5942
5746
5750
5943
5747
5751
5944
5748
5752
5945
5753
5946
5750
5754
5947
5751
5755
5948
5752
5756
5949
5753
5757
5950
5758
5951
5755
5759
5952
5756
5760
5953
5757
5761
5954
5758
5762
5955
5763
5956
5760
5764
5957
5761
5765
5958
5762
5766
5959
5763
5767
5960
5768
5961
5765
5769
5962
5766
5770
5963
5767
5771
5964
5768
5772
5965
5773
5966
5770
5774
5967
5771
5775
5968
5772
5776
5969
5773
5777
5970
5778
5971
5775
5779
5972
5776
5780
5973
5777
5781
5974
5778
5782
5975
5783
5976
5780
5784
5977
5781
5785
5978
5782
5786
5979
5783
5787
5980
5788
5981
5785
5789
5982
5786
5790
5983
5787
5791
5984
5788
5792
5985
5793
5986
5790
5794
5987
5791
5795
5988
5792
5796
5989
5793
5797
5990
5798
5991
5795
5799
5992
5796
5800
5993
5797
5801
5994
5798
5802
5995
5803
5996
5800
5804
5997
5801
5805
5998
5802
5806
5999
5803
5807
6000
5808
6001
5805
5809
6002
5806
5810
6003
5807
5811
6004
5808
5812
6005
5813
6006
5810
5814
6007
5811
5815
6008
5812
5816
6009
5813
5817
6010
5818
6011
5815
6012
5816
5819
6013
5817
5820
6014
5818
5821
6015
5822
6016
5820
5823
6018
5821
5824
6019
5822
5825
6020
5826
6021
5824
5827
6022
5825
5828
6023
5826
5829
6024
5830
6025
5828
5831
6026
5829
5832
6027
5830
5833
6028
5834
6029
5832
5835
6030
5833
5836
6031
5834
5837
6032
5838
6033
5836
5839
6034
5837
5840
6035
5838
5841
6036
5842
6037
5840
5843
6038
5841
5844
6039
5842
5845
6040
5846
6041
5844
5847
6042
5845
5848
6043
5846
5849
6044
5850
6045
5848
6046
5849
6047
5850
6048
5851
6049
5853
5857
6050
5854
5858
6051
5855
5859
6052
5856
5860
6053
5861
6054
5858
5862
6055
5859
5863
6056
5860
5864
6057
5861
5865
6058
5866
6059
5863
5867
6060
5864
5868
6061
5865
5869
6062
5866
5870
6063
5871
6064
5868
5872
6065
5869
5873
6066
5870
5874
6067
5871
5875
6068
5876
6069
5873
5877
6070
5874
5878
6071
5875
5879
6072
5876
5880
6073
5881
6074
5878
5882
6075
5879
5883
6076
5880
5884
6077
5881
5885
6078
5886
6079
5883
5887
6080
5884
5888
6081
5885
5889
6082
5886
5890
6083
5891
6084
5888
5892
6085
5889
5893
6086
5890
5894
6087
5891
5895
6088
5896
6089
5893
5897
6090
5894
5898
6091
5895
5899
6092
5896
5900
6093
5901
6094
5898
5902
6095
5899
5903
6096
5900
5904
6097
5901
5905
6098
5906
6099
5903
5907
6100
5904
5908
6101
5905
5909
6102
5906
5910
6103
5911
6104
5908
5912
6105
5909
5913
6106
5910
5914
6107
5911
5915
6108
5916
6109
5913
5917
6110
5914
5918
6111
5915
5919
6112
5916
5920
6113
5921
6114
5918
5922
6115
5919
5923
6116
5920
5924
6117
5921
5925
6118
5926
6119
5923
5927
6120
5924
5928
6121
5925
5929
6122
5926
5930
6123
5931
6124
5928
5932
6125
5929
5933
6126
5930
5934
6127
5931
5935
6128
5936
6129
5933
5937
6130
5934
5938
6131
5935
5939
6132
5936
5940
6133
5941
6134
5938
5942
6135
5939
5943
6136
5940
5944
6137
5941
5945
6138
5946
6139
5943
5947
6140
5944
5948
6141
5945
5949
6142
5946
5950
6143
5951
6144
5948
5952
6145
5949
5953
6146
5950
5954
6147
5951
5955
6148
5956
6149
5953
5957
6150
5954
5958
6151
5955
5959
6152
5956
5960
6153
5961
6154
5958
5962
6155
5959
5963
6156
5960
5964
6157
5961
5965
6158
5966
6159
5963
5967
6160
5964
5968
6161
5965
5969
6162
5966
5970
6163
5971
6164
5968
5972
6165
5969
5973
6166
5970
5974
6167
5971
5975
6168
5976
6169
5973
5977
6170
5974
5978
6171
5975
5979
6172
5976
5980
6173
5981
6174
5978
5982
6175
5979
5983
6176
5980
5984
6177
5981
5985
6178
5986
6179
5983
5987
6180
5984
5988
6181
5985
5989
6182
5986
5990
6183
5991
6184
5988
5992
6185
5989
5993
6186
5990
5994
6187
5991
5995
6188
5996
6189
5993
5997
6190
5994
5998
6191
5995
5999
6192
5996
6000
6193
6001
6194
5998
6002
6195
5999
6003
6196
6000
6004
6197
6001
6005
6198
6006
6199
6003
6007
6200
6004
6008
6201
6005
6009
6202
6006
6010
6203
6011
6204
6008
6012
6205
6009
6013
6206
6010
6014
6207
6011
6015
6208
6016
6209
6013
6017
6210
6014
6018
6211
6015
6019
6212
6016
6020
6213
6021
6214
6018
6215
6019
6022
6216
6020
6023
6217
6021
6024
6218
6025
6219
6023
6026
6221
6024
6027
6222
6025
6028
6223
6029
6224
6027
6030
6225
6028
6031
6226
6029
6032
6227
6033
6228
6031
6034
6229
6032
6035
6230
6033
6036
6231
6037
6232
6035
6038
6233
6036
6039
6234
6037
6040
6235
6041
6236
6039
6042
6237
6040
6043
6238
6041
6044
6239
6045
6240
6043
6046
6241
6044
6047
6242
6045
6048
6243
6049
6244
6047
6245
6048
6246
6049
6247
6248
6051
6055
6249
6052
6056
6250
6053
6057
6251
6054
6058
6252
6059
6253
6056
6060
6254
6057
6061
6255
6058
6062
6256
6059
6063
6257
6064
6258
6061
6065
6259
6062
6066
6260
6063
6067
6261
6064
6068
6262
6069
6263
6066
6070
6264
6067
6071
6265
6068
6072
6266
6069
6073
6267
6074
6268
6071
6075
6269
6072
6076
6270
6073
6077
6271
6074
6078
6272
6079
6273
6076
6080
6274
6077
6081
6275
6078
6082
6276
6079
6083
6277
6084
6278
6081
6085
6279
6082
6086
6280
6083
6087
6281
6084
6088
6282
6089
6283
6086
6090
6284
6087
6091
6285
6088
6092
6286
6089
6093
6287
6094
6288
6091
6095
6289
6092
6096
6290
6093
6097
6291
6094
6098
6292
6099
6293
6096
6100
6294
6097
6101
6295
6098
6102
6296
6099
6103
6297
6104
6298
6101
6105
6299
6102
6106
6300
6103
6107
6301
6104
6108
6302
6109
6303
6106
6110
6304
6107
6111
6305
6108
6112
6306
6109
6113
6307
6114
6308
6111
6115
6309
6112
6116
6310
6113
6117
6311
6114
6118
6312
6119
6313
6116
6120
6314
6117
6121
6315
6118
6122
6316
6119
6123
6317
6124
6318
6121
6125
6319
6122
6126
6320
6123
6127
6321
6124
6128
6322
6129
6323
6126
6130
6324
6127
6131
6325
6128
6132
6326
6129
6133
6327
6134
6328
6131
6135
6329
6132
6136
6330
6133
6137
6331
6134
6138
6332
6139
6333
6136
6140
6334
6137
6141
6335
6138
6142
6336
6139
6143
6337
6144
6338
6141
6145
6339
6142
6146
6340
6143
6147
6341
6144
6148
6342
6149
6343
6146
6150
6344
6147
6151
6345
6148
6152
6346
6149
6153
6347
6154
6348
6151
6155
6349
6152
6156
6350
6153
6157
6351
6154
6158
6352
6159
6353
6156
6160
6354
6157
6161
6355
6158
6162
6356
6159
6163
6357
6164
6358
6161
6165
6359
6162
6166
6360
6163
6167
6361
6164
6168
6362
6169
6363
6166
6170
6364
6167
6171
6365
6168
6172
6366
6169
6173
6367
6174
6368
6171
6175
6369
6172
6176
6370
6173
6177
6371
6174
6178
6372
6179
6373
6176
6180
6374
6177
6181
6375
6178
6182
6376
6179
6183
6377
6184
6378
6181
6185
6379
6182
6186
6380
6183
6187
6381
6184
6188
6382
6189
6383
6186
6190
6384
6187
6191
6385
6188
6192
6386
6189
6193
6387
6194
6388
6191
6195
6389
6192
6196
6390
6193
6197
6391
6194
6198
6392
6199
6393
6196
6200
6394
6197
6201
6395
6198
6202
6396
6199
6203
6397
6204
6398
6201
6205
6399
6202
6206
6400
6203
6207
6401
6204
6208
6402
6209
6403
6206
6210
6404
6207
6211
6405
6208
6212
6406
6209
6213
6407
6214
6408
6211
6215
6409
6212
6216
6410
6213
6217
6411
6214
6218
6412
6219
6413
6216
6220
6414
6217
6221
6415
6218
6222
6416
6219
6223
6417
6224
6418
6221
6419
6222
6225
6420
6223
6226
6421
6224
6227
6422
6228
6423
6226
6229
6425
6227
6230
6426
6228
6231
6427
6232
6428
6230
6233
6429
6231
6234
6430
6232
6235
6431
6236
6432
6234
6237
6433
6235
6238
6434
6236
6239
6435
6240
6436
6238
6241
6437
6239
6242
6438
6240
6243
6439
6244
6440
6242
6245
6441
6243
6246
6442
6244
6247
6443
6248
6444
6246
6445
6247
6446
6248
6447
6448
6250
6254
6449
6251
6255
6450
6252
6256
6451
6253
6257
6452
6258
6453
6255
6259
6454
6256
6260
6455
6257
6261
6456
6258
6262
6457
6263
6458
6260
6264
6459
6261
6265
6460
6262
6266
6461
6263
6267
6462
6268
6463
6265
6269
6464
6266
6270
6465
6267
6271
6466
6268
6272
6467
6273
6468
6270
6274
6469
6271
6275
6470
6272
6276
6471
6273
6277
6472
6278
6473
6275
6279
6474
6276
6280
6475
6277
6281
6476
6278
6282
6477
6283
6478
6280
6284
6479
6281
6285
6480
6282
6286
6481
6283
6287
6482
6288
6483
6285
6289
6484
6286
6290
6485
6287
6291
6486
6288
6292
6487
6293
6488
6290
6294
6489
6291
6295
6490
6292
6296
6491
6293
6297
6492
6298
6493
6295
6299
6494
6296
6300
6495
6297
6301
6496
6298
6302
6497
6303
6498
6300
6304
6499
6301
6305
6500
6302
6306
6501
6303
6307
6502
6308
6503
6305
6309
6504
6306
6310
6505
6307
6311
6506
6308
6312
6507
6313
6508
6310
6314
6509
6311
6315
6510
6312
6316
6511
6313
6317
6512
6318
6513
6315
6319
6514
6316
6320
6515
6317
6321
6516
6318
6322
6517
6323
6518
6320
6324
6519
6321
6325
6520
6322
6326
6521
6323
6327
6522
6328
6523
6325
6329
6524
6326
6330
6525
6327
6331
6526
6328
6332
6527
6333
6528
6330
6334
6529
6331
6335
6530
6332
6336
6531
6333
6337
6532
6338
6533
6335
6339
6534
6336
6340
6535
6337
6341
6536
6338
6342
6537
6343
6538
6340
6344
6539
6341
6345
6540
6342
6346
6541
6343
6347
6542
6348
6543
6345
6349
6544
6346
6350
6545
6347
6351
6546
6348
6352
6547
6353
6548
6350
6354
6549
6351
6355
6550
6352
6356
6551
6353
6357
6552
6358
6553
6355
6359
6554
6356
6360
6555
6357
6361
6556
6358
6362
6557
6363
6558
6360
6364
6559
6361
6365
6560
6362
6366
6561
6363
6367
6562
6368
6563
6365
6369
6564
6366
6370
6565
6367
6371
6566
6368
6372
6567
6373
6568
6370
6374
6569
6371
6375
6570
6372
6376
6571
6373
6377
6572
6378
6573
6375
6379
6574
6376
6380
6575
6377
6381
6576
6378
6382
6577
6383
6578
6380
6384
6579
6381
6385
6580
6382
6386
6581
6383
6387
6582
6388
6583
6385
6389
6584
6386
6390
6585
6387
6391
6586
6388
6392
6587
6393
6588
6390
6394
6589
6391
6395
6590
6392
6396
6591
6393
6397
6592
6398
6593
6395
6399
6594
6396
6400
6595
6397
6401
6596
6398
6402
6597
6403
6598
6400
6404
6599
6401
6405
6600
6402
6406
6601
6403
6407
6602
6408
6603
6405
6409
6604
6406
6410
6605
6407
6411
6606
6408
6412
6607
6413
6608
6410
6414
6609
6411
6415
6610
6412
6416
6611
6413
6417
6612
6418
6613
6415
6419
6614
6416
6420
6615
6417
6421
6616
6418
6422
6617
6423
6618
6420
6424
6619
6421
6425
6620
6422
6426
6621
6423
6427
6622
6428
6623
6425
6624
6426
6429
6625
6427
6430
6626
6428
6431
6627
6432
6628
6430
6433
6630
6431
6434
6631
6432
6435
6632
6436
6633
6434
6437
6634
6435
6438
6635
6436
6439
6636
6440
6637
6438
6441
6638
6439
6442
6639
6440
6443
6640
6444
6641
6442
6445
6642
6443
6446
6643
6444
6447
6644
6448
6645
6446
6646
6447
6647
6448
6648
6649
6450
6454
6650
6451
6455
6651
6452
6456
6652
6453
6457
6653
6458
6654
6455
6459
6655
6456
6460
6656
6457
6461
6657
6458
6462
6658
6463
6659
6460
6464
6660
6461
6465
6661
6462
6466
6662
6463
6467
6663
6468
6664
6465
6469
6665
6466
6470
6666
6467
6471
6667
6468
6472
6668
6473
6669
6470
6474
6670
6471
6475
6671
6472
6476
6672
6473
6477
6673
6478
6674
6475
6479
6675
6476
6480
6676
6477
6481
6677
6478
6482
6678
6483
6679
6480
6484
6680
6481
6485
6681
6482
6486
6682
6483
6487
6683
6488
6684
6485
6489
6685
6486
6490
6686
6487
6491
6687
6488
6492
6688
6493
6689
6490
6494
6690
6491
6495
6691
6492
6496
6692
6493
6497
6693
6498
6694
6495
6499
6695
6496
6500
6696
6497
6501
6697
6498
6502
6698
6503
6699
6500
6504
6700
6501
6505
6701
6502
6506
6702
6503
6507
6703
6508
6704
6505
6509
6705
6506
6510
6706
6507
6511
6707
6508
6512
6708
6513
6709
6510
6514
6710
6511
6515
6711
6512
6516
6712
6513
6517
6713
6518
6714
6515
6519
6715
6516
6520
6716
6517
6521
6717
6518
6522
6718
6523
6719
6520
6524
6720
6521
6525
6721
6522
6526
6722
6523
6527
6723
6528
6724
6525
6529
6725
6526
6530
6726
6527
6531
6727
6528
6532
6728
6533
6729
6530
6534
6730
6531
6535
6731
6532
6536
6732
6533
6537
6733
6538
6734
6535
6539
6735
6536
6540
6736
6537
6541
6737
6538
6542
6738
6543
6739
6540
6544
6740
6541
6545
6741
6542
6546
6742
6543
6547
6743
6548
6744
6545
6549
6745
6546
6550
6746
6547
6551
6747
6548
6552
6748
6553
6749
6550
6554
6750
6551
6555
6751
6552
6556
6752
6553
6557
6753
6558
6754
6555
6559
6755
6556
6560
6756
6557
6561
6757
6558
6562
6758
6563
6759
6560
6564
6760
6561
6565
6761
6562
6566
6762
6563
6567
6763
6568
6764
6565
6569
6765
6566
6570
6766
6567
6571
6767
6568
6572
6768
6573
6769
6570
6574
6770
6571
6575
6771
6572
6576
6772
6573
6577
6773
6578
6774
6575
6579
6775
6576
6580
6776
6577
6581
6777
6578
6582
6778
6583
6779
6580
6584
6780
6581
6585
6781
6582
6586
6782
6583
6587
6783
6588
6784
6585
6589
6785
6586
6590
6786
6587
6591
6787
6588
6592
6788
6593
6789
6590
6594
6790
6591
6595
6791
6592
6596
6792
6593
6597
6793
6598
6794
6595
6599
6795
6596
6600
6796
6597
6601
6797
6598
6602
6798
6603
6799
6600
6604
6800
6601
6605
6801
6602
6606
6802
6603
6607
6803
6608
6804
6605
6609
6805
6606
6610
6806
6607
6611
6807
6608
6612
6808
6613
6809
6610
6614
6810
6611
6615
6811
6612
6616
6812
6613
6617
6813
6618
6814
6615
6619
6815
6616
6620
6816
6617
6621
6817
6618
6622
6818
6623
6819
6620
6624
6820
6621
6625
6821
6622
6626
6822
6623
6627
6823
6628
6824
6625
6629
6825
6626
6630
6826
6627
6631
6827
6628
6632
6828
6633
6829
6630
6830
6631
6634
6831
6632
6635
6832
6633
6636
6833
6637
6834
6635
6638
6836
6636
6639
6837
6637
6640
6838
6641
6839
6639
6642
6840
6640
6643
6841
6641
6644
6842
6645
6843
6643
6646
6844
6644
6647
6845
6645
6648
6846
6649
6847
6647
6848
6648
6849
6649
6850
6851
6651
6655
6652
6656
6653
6657
6654
6658
6659
6656
6660
6657
6661
6658
6662
6659
6663
6664
6661
6665
6662
6666
6663
6667
6664
6668
6669
6666
6670
6667
6671
6668
6672
6669
6673
6674
6671
6675
6672
6676
6673
6677
6674
6678
6679
6676
6680
6677
6681
6678
6682
6679
6683
6684
6681
6685
6682
6686
6683
6687
6684
6688
6689
6686
6690
6687
6691
6688
6692
6689
6693
6694
6691
6695
6692
6696
6693
6697
6694
6698
6699
6696
6700
6697
6701
6698
6702
6699
6703
6704
6701
6705
6702
6706
6703
6707
6704
6708
6709
6706
6710
6707
6711
6708
6712
6709
6713
6714
6711
6715
6712
6716
6713
6717
6714
6718
6719
6716
6720
6717
6721
6718
6722
6719
6723
6724
6721
6725
6722
6726
6723
6727
6724
6728
6729
6726
6730
6727
6731
6728
6732
6729
6733
6734
6731
6735
6732
6736
6733
6737
6734
6738
6739
6736
6740
6737
6741
6738
6742
6739
6743
6744
6741
6745
6742
6746
6743
6747
6744
6748
6749
6746
6750
6747
6751
6748
6752
6749
6753
6754
6751
6755
6752
6756
6753
6757
6754
6758
6759
6756
6760
6757
6761
6758
6762
6759
6763
6764
6761
6765
6762
6766
6763
6767
6764
6768
6769
6766
6770
6767
6771
6768
6772
6769
6773
6774
6771
6775
6772
6776
6773
6777
6774
6778
6779
6776
6780
6777
6781
6778
6782
6779
6783
6784
6781
6785
6782
6786
6783
6787
6784
6788
6789
6786
6790
6787
6791
6788
6792
6789
6793
6794
6791
6795
6792
6796
6793
6797
6794
6798
6799
6796
6800
6797
6801
6798
6802
6799
6803
6804
6801
6805
6802
6806
6803
6807
6804
6808
6809
6806
6810
6807
6811
6808
6812
6809
6813
6814
6811
6815
6812
6816
6813
6817
6814
6818
6819
6816
6820
6817
6821
6818
6822
6819
6823
6824
6821
6825
6822
6826
6823
6827
6824
6828
6829
6826
6830
6827
6831
6828
6832
6829
6833
6834
6831
6835
6832
6836
6833
6837
6834
6838
6839
6836
6837
6840
6838
6841
6839
6842
6843
6841
6844
6842
6845
6843
6846
6847
6845
6848
6846
6849
6847
6850
6851
6849
6850
6851
)


// ************************************************************************* //
