/*--------------------------------*- C++ -*----------------------------------*\
| =========                 |                                                 |
| \\      /  F ield         | OpenFOAM: The Open Source CFD Toolbox           |
|  \\    /   O peration     | Version:  2.3.1                                 |
|   \\  /    A nd           | Web:      www.OpenFOAM.org                      |
|    \\/     M anipulation  |                                                 |
\*---------------------------------------------------------------------------*/
FoamFile
{
    version     2.0;
    format      ascii;
    class       labelList;
    location    "constant/polyMesh";
    object      pointProcAddressing;
}
// * * * * * * * * * * * * * * * * * * * * * * * * * * * * * * * * * * * * * //


9161
(
26
27
28
29
30
62
63
64
65
66
98
99
100
101
102
134
135
136
137
138
170
171
172
173
174
206
207
208
209
210
242
243
244
245
246
278
279
280
281
282
283
314
315
316
317
318
319
350
351
352
353
354
355
386
387
388
389
390
391
422
423
424
425
426
427
458
459
460
461
462
463
494
495
496
497
498
499
530
531
532
533
534
535
566
567
568
569
570
571
602
603
604
605
606
607
638
639
640
641
642
643
674
675
676
677
678
679
710
711
712
713
714
715
746
747
748
749
750
751
782
783
784
785
786
787
818
819
820
821
822
823
854
855
856
857
858
859
890
891
892
893
894
895
926
927
928
929
930
931
962
963
964
965
966
967
998
999
1000
1001
1002
1003
1034
1035
1036
1037
1038
1039
1070
1071
1072
1073
1074
1075
1106
1107
1108
1109
1110
1111
1142
1143
1144
1145
1146
1147
1178
1179
1180
1181
1182
1183
1214
1215
1216
1217
1218
1219
1250
1251
1252
1253
1254
1255
1286
1287
1288
1289
1290
1291
1322
1323
1324
1325
1326
1327
1358
1359
1360
1361
1362
1363
1394
1395
1396
1397
1398
1399
1430
1431
1432
1433
1434
1435
1466
1467
1468
1469
1470
1471
1502
1503
1504
1505
1506
1507
1537
1538
1539
1540
1541
1542
1573
1574
1575
1576
1577
1578
1610
1611
1612
1613
1614
1646
1647
1648
1649
1650
1682
1683
1684
1685
1686
1718
1719
1720
1721
1722
1754
1755
1756
1757
1758
1790
1791
1792
1793
1794
1795
1826
1827
1828
1829
1830
1831
1862
1863
1864
1865
1866
1867
1898
1899
1900
1901
1902
1903
1934
1935
1936
1937
1938
1939
1970
1971
1972
1973
1974
1975
2006
2007
2008
2009
2010
2011
2042
2043
2044
2045
2046
2047
2078
2079
2080
2081
2082
2083
2114
2115
2116
2117
2118
2119
2150
2151
2152
2153
2154
2155
2186
2187
2188
2189
2190
2191
2222
2223
2224
2225
2226
2227
2258
2259
2260
2261
2262
2263
2294
2295
2296
2297
2298
2299
2330
2331
2332
2333
2334
2335
2366
2367
2368
2369
2370
2371
2402
2403
2404
2405
2406
2407
2438
2439
2440
2441
2442
2443
2474
2475
2476
2477
2478
2479
2510
2511
2512
2513
2514
2515
2546
2547
2548
2549
2550
2551
2582
2583
2584
2585
2586
2587
2618
2619
2620
2621
2622
2623
2654
2655
2656
2657
2658
2659
2690
2691
2692
2693
2694
2695
2726
2727
2728
2729
2730
2731
2762
2763
2764
2765
2766
2767
2798
2799
2800
2801
2802
2803
2834
2835
2836
2837
2838
2839
2870
2871
2872
2873
2874
2875
2906
2907
2908
2909
2910
2911
2942
2943
2944
2945
2946
2947
2978
2979
2980
2981
2982
2983
3014
3015
3016
3017
3018
3019
3049
3050
3051
3052
3053
3054
3085
3086
3087
3088
3089
3090
3121
3122
3123
3124
3125
3126
3158
3159
3160
3161
3162
3194
3195
3196
3197
3198
3230
3231
3232
3233
3234
3266
3267
3268
3269
3270
3302
3303
3304
3305
3306
3338
3339
3340
3341
3342
3343
3374
3375
3376
3377
3378
3379
3410
3411
3412
3413
3414
3415
3446
3447
3448
3449
3450
3451
3482
3483
3484
3485
3486
3487
3518
3519
3520
3521
3522
3523
3554
3555
3556
3557
3558
3559
3590
3591
3592
3593
3594
3595
3626
3627
3628
3629
3630
3631
3662
3663
3664
3665
3666
3667
3698
3699
3700
3701
3702
3703
3734
3735
3736
3737
3738
3739
3770
3771
3772
3773
3774
3775
3806
3807
3808
3809
3810
3811
3842
3843
3844
3845
3846
3847
3878
3879
3880
3881
3882
3883
3914
3915
3916
3917
3918
3919
3950
3951
3952
3953
3954
3955
3986
3987
3988
3989
3990
3991
4022
4023
4024
4025
4026
4027
4058
4059
4060
4061
4062
4063
4094
4095
4096
4097
4098
4099
4130
4131
4132
4133
4134
4135
4166
4167
4168
4169
4170
4171
4202
4203
4204
4205
4206
4207
4238
4239
4240
4241
4242
4243
4274
4275
4276
4277
4278
4279
4310
4311
4312
4313
4314
4315
4346
4347
4348
4349
4350
4351
4382
4383
4384
4385
4386
4387
4418
4419
4420
4421
4422
4423
4454
4455
4456
4457
4458
4459
4490
4491
4492
4493
4494
4495
4526
4527
4528
4529
4530
4531
4561
4562
4563
4564
4565
4566
4597
4598
4599
4600
4601
4602
4633
4634
4635
4636
4637
4638
4669
4670
4671
4672
4673
4674
4706
4707
4708
4709
4710
4742
4743
4744
4745
4746
4778
4779
4780
4781
4782
4814
4815
4816
4817
4818
4850
4851
4852
4853
4854
4886
4887
4888
4889
4890
4891
4922
4923
4924
4925
4926
4927
4958
4959
4960
4961
4962
4963
4994
4995
4996
4997
4998
4999
5030
5031
5032
5033
5034
5035
5066
5067
5068
5069
5070
5071
5102
5103
5104
5105
5106
5107
5138
5139
5140
5141
5142
5143
5174
5175
5176
5177
5178
5179
5210
5211
5212
5213
5214
5215
5246
5247
5248
5249
5250
5251
5282
5283
5284
5285
5286
5287
5318
5319
5320
5321
5322
5323
5354
5355
5356
5357
5358
5359
5390
5391
5392
5393
5394
5395
5426
5427
5428
5429
5430
5431
5462
5463
5464
5465
5466
5467
5498
5499
5500
5501
5502
5503
5534
5535
5536
5537
5538
5539
5570
5571
5572
5573
5574
5575
5606
5607
5608
5609
5610
5611
5642
5643
5644
5645
5646
5647
5678
5679
5680
5681
5682
5683
5714
5715
5716
5717
5718
5719
5750
5751
5752
5753
5754
5755
5786
5787
5788
5789
5790
5791
5822
5823
5824
5825
5826
5827
5858
5859
5860
5861
5862
5863
5894
5895
5896
5897
5898
5899
5930
5931
5932
5933
5934
5935
5966
5967
5968
5969
5970
5971
6002
6003
6004
6005
6006
6007
6038
6039
6040
6041
6042
6043
6073
6074
6075
6076
6077
6078
6109
6110
6111
6112
6113
6114
6145
6146
6147
6148
6149
6150
6181
6182
6183
6184
6185
6186
6217
6218
6219
6220
6221
6222
6254
6255
6256
6257
6258
6290
6291
6292
6293
6294
6326
6327
6328
6329
6330
6362
6363
6364
6365
6366
6398
6399
6400
6401
6402
6434
6435
6436
6437
6438
6439
6470
6471
6472
6473
6474
6475
6506
6507
6508
6509
6510
6511
6542
6543
6544
6545
6546
6547
6578
6579
6580
6581
6582
6583
6614
6615
6616
6617
6618
6619
6650
6651
6652
6653
6654
6655
6686
6687
6688
6689
6690
6691
6722
6723
6724
6725
6726
6727
6758
6759
6760
6761
6762
6763
6794
6795
6796
6797
6798
6799
6830
6831
6832
6833
6834
6835
6866
6867
6868
6869
6870
6871
6902
6903
6904
6905
6906
6907
6938
6939
6940
6941
6942
6943
6974
6975
6976
6977
6978
6979
7010
7011
7012
7013
7014
7015
7046
7047
7048
7049
7050
7051
7082
7083
7084
7085
7086
7087
7118
7119
7120
7121
7122
7123
7154
7155
7156
7157
7158
7159
7190
7191
7192
7193
7194
7195
7226
7227
7228
7229
7230
7231
7262
7263
7264
7265
7266
7267
7298
7299
7300
7301
7302
7303
7334
7335
7336
7337
7338
7339
7370
7371
7372
7373
7374
7375
7406
7407
7408
7409
7410
7411
7442
7443
7444
7445
7446
7447
7478
7479
7480
7481
7482
7483
7514
7515
7516
7517
7518
7519
7550
7551
7552
7553
7554
7555
7585
7586
7587
7588
7589
7590
7621
7622
7623
7624
7625
7626
7657
7658
7659
7660
7661
7662
7693
7694
7695
7696
7697
7698
7729
7730
7731
7732
7733
7734
7765
7766
7767
7768
7769
7770
7802
7803
7804
7805
7806
7838
7839
7840
7841
7842
7874
7875
7876
7877
7878
7910
7911
7912
7913
7914
7946
7947
7948
7949
7950
7982
7983
7984
7985
7986
7987
8018
8019
8020
8021
8022
8023
8054
8055
8056
8057
8058
8059
8090
8091
8092
8093
8094
8095
8126
8127
8128
8129
8130
8131
8162
8163
8164
8165
8166
8167
8198
8199
8200
8201
8202
8203
8234
8235
8236
8237
8238
8239
8270
8271
8272
8273
8274
8275
8306
8307
8308
8309
8310
8311
8342
8343
8344
8345
8346
8347
8378
8379
8380
8381
8382
8383
8414
8415
8416
8417
8418
8419
8450
8451
8452
8453
8454
8455
8486
8487
8488
8489
8490
8491
8522
8523
8524
8525
8526
8527
8558
8559
8560
8561
8562
8563
8594
8595
8596
8597
8598
8599
8630
8631
8632
8633
8634
8635
8666
8667
8668
8669
8670
8671
8702
8703
8704
8705
8706
8707
8738
8739
8740
8741
8742
8743
8774
8775
8776
8777
8778
8779
8810
8811
8812
8813
8814
8815
8846
8847
8848
8849
8850
8851
8882
8883
8884
8885
8886
8887
8918
8919
8920
8921
8922
8923
8954
8955
8956
8957
8958
8959
8990
8991
8992
8993
8994
8995
9026
9027
9028
9029
9030
9031
9062
9063
9064
9065
9066
9067
9097
9098
9099
9100
9101
9102
9133
9134
9135
9136
9137
9138
9169
9170
9171
9172
9173
9174
9205
9206
9207
9208
9209
9210
9241
9242
9243
9244
9245
9246
9277
9278
9279
9280
9281
9282
9313
9314
9315
9316
9317
9318
9350
9351
9352
9353
9354
9386
9387
9388
9389
9390
9422
9423
9424
9425
9426
9458
9459
9460
9461
9462
9494
9495
9496
9497
9498
9530
9531
9532
9533
9534
9535
9566
9567
9568
9569
9570
9571
9602
9603
9604
9605
9606
9607
9638
9639
9640
9641
9642
9643
9674
9675
9676
9677
9678
9679
9710
9711
9712
9713
9714
9715
9746
9747
9748
9749
9750
9751
9782
9783
9784
9785
9786
9787
9818
9819
9820
9821
9822
9823
9854
9855
9856
9857
9858
9859
9890
9891
9892
9893
9894
9895
9926
9927
9928
9929
9930
9931
9962
9963
9964
9965
9966
9967
9998
9999
10000
10001
10002
10003
10034
10035
10036
10037
10038
10039
10070
10071
10072
10073
10074
10075
10106
10107
10108
10109
10110
10111
10142
10143
10144
10145
10146
10147
10178
10179
10180
10181
10182
10183
10214
10215
10216
10217
10218
10219
10250
10251
10252
10253
10254
10255
10286
10287
10288
10289
10290
10291
10322
10323
10324
10325
10326
10327
10358
10359
10360
10361
10362
10363
10394
10395
10396
10397
10398
10399
10430
10431
10432
10433
10434
10435
10466
10467
10468
10469
10470
10471
10502
10503
10504
10505
10506
10507
10538
10539
10540
10541
10542
10543
10574
10575
10576
10577
10578
10579
10602
10603
10604
10623
10624
10625
10644
10645
10646
10665
10666
10667
10686
10687
10688
10708
10709
10729
10730
10750
10751
10771
10772
10847
10848
10849
10850
10851
10852
10883
10884
10885
10886
10887
10888
10919
10920
10921
10922
10923
10924
10955
10956
10957
10958
10959
10960
10991
10992
10993
10994
10995
10996
11027
11028
11029
11030
11031
11032
11063
11064
11065
11066
11067
11068
11099
11100
11101
11102
11103
11104
11136
11137
11138
11139
11140
11172
11173
11174
11175
11176
11208
11209
11210
11211
11212
11244
11245
11246
11247
11248
11280
11281
11282
11283
11284
11316
11317
11318
11319
11320
11352
11353
11354
11355
11356
11388
11389
11390
11391
11392
11393
11424
11425
11426
11427
11428
11429
11460
11461
11462
11463
11464
11465
11496
11497
11498
11499
11500
11501
11532
11533
11534
11535
11536
11537
11568
11569
11570
11571
11572
11573
11604
11605
11606
11607
11608
11609
11640
11641
11642
11643
11644
11645
11676
11677
11678
11679
11680
11681
11707
11708
11709
11710
11711
11712
11738
11739
11740
11741
11742
11743
11769
11770
11771
11772
11773
11774
11800
11801
11802
11803
11804
11805
11831
11832
11833
11834
11835
11836
11862
11863
11864
11865
11866
11867
11893
11894
11895
11896
11897
11898
11929
11930
11931
11932
11933
11934
11965
11966
11967
11968
11969
11970
12001
12002
12003
12004
12005
12006
12037
12038
12039
12040
12041
12042
12073
12074
12075
12076
12077
12078
12109
12110
12111
12112
12113
12114
12145
12146
12147
12148
12149
12150
12181
12182
12183
12184
12185
12186
12217
12218
12219
12220
12221
12222
12253
12254
12255
12256
12257
12258
12289
12290
12291
12292
12293
12294
12324
12325
12326
12327
12328
12329
12360
12361
12362
12363
12364
12365
12396
12397
12398
12399
12400
12401
12432
12433
12434
12435
12436
12437
12451
12452
12453
12454
12468
12469
12470
12471
12485
12486
12487
12488
12502
12503
12504
12505
12519
12520
12521
12522
12536
12537
12538
12539
12553
12554
12555
12556
12588
12589
12590
12591
12592
12624
12625
12626
12627
12628
12660
12661
12662
12663
12664
12696
12697
12698
12699
12700
12732
12733
12734
12735
12736
12737
12768
12769
12770
12771
12772
12773
12804
12805
12806
12807
12808
12809
12840
12841
12842
12843
12844
12845
12876
12877
12878
12879
12880
12881
12912
12913
12914
12915
12916
12917
12948
12949
12950
12951
12952
12953
12984
12985
12986
12987
12988
12989
13020
13021
13022
13023
13024
13025
13051
13052
13053
13054
13055
13056
13082
13083
13084
13085
13086
13087
13113
13114
13115
13116
13117
13118
13144
13145
13146
13147
13148
13149
13175
13176
13177
13178
13179
13180
13206
13207
13208
13209
13210
13211
13237
13238
13239
13240
13241
13242
13273
13274
13275
13276
13277
13278
13309
13310
13311
13312
13313
13314
13345
13346
13347
13348
13349
13350
13381
13382
13383
13384
13385
13386
13417
13418
13419
13420
13421
13422
13453
13454
13455
13456
13457
13458
13489
13490
13491
13492
13493
13494
13525
13526
13527
13528
13529
13530
13561
13562
13563
13564
13565
13566
13597
13598
13599
13600
13601
13602
13633
13634
13635
13636
13637
13638
13668
13669
13670
13671
13672
13673
13704
13705
13706
13707
13708
13709
13740
13741
13742
13743
13744
13745
13776
13777
13778
13779
13780
13781
13795
13796
13797
13798
13812
13813
13814
13815
13829
13830
13831
13832
13846
13847
13848
13849
13863
13864
13865
13866
13880
13881
13882
13883
13897
13898
13899
13900
13932
13933
13934
13935
13936
13968
13969
13970
13971
13972
14004
14005
14006
14007
14008
14040
14041
14042
14043
14044
14076
14077
14078
14079
14080
14112
14113
14114
14115
14116
14117
14148
14149
14150
14151
14152
14153
14184
14185
14186
14187
14188
14189
14220
14221
14222
14223
14224
14225
14256
14257
14258
14259
14260
14261
14292
14293
14294
14295
14296
14297
14328
14329
14330
14331
14332
14333
14364
14365
14366
14367
14368
14369
14395
14396
14397
14398
14399
14400
14426
14427
14428
14429
14430
14431
14457
14458
14459
14460
14461
14462
14488
14489
14490
14491
14492
14493
14519
14520
14521
14522
14523
14524
14550
14551
14552
14553
14554
14555
14581
14582
14583
14584
14585
14586
14617
14618
14619
14620
14621
14622
14653
14654
14655
14656
14657
14658
14689
14690
14691
14692
14693
14694
14725
14726
14727
14728
14729
14730
14761
14762
14763
14764
14765
14766
14797
14798
14799
14800
14801
14802
14833
14834
14835
14836
14837
14838
14869
14870
14871
14872
14873
14874
14905
14906
14907
14908
14909
14910
14941
14942
14943
14944
14945
14946
14977
14978
14979
14980
14981
14982
15012
15013
15014
15015
15016
15017
15048
15049
15050
15051
15052
15053
15084
15085
15086
15087
15088
15089
15120
15121
15122
15123
15124
15125
15139
15140
15141
15142
15156
15157
15158
15159
15173
15174
15175
15176
15190
15191
15192
15193
15207
15208
15209
15210
15224
15225
15226
15227
15241
15242
15243
15244
15276
15277
15278
15279
15280
15312
15313
15314
15315
15316
15348
15349
15350
15351
15352
15384
15385
15386
15387
15388
15420
15421
15422
15423
15424
15456
15457
15458
15459
15460
15492
15493
15494
15495
15496
15497
15528
15529
15530
15531
15532
15533
15564
15565
15566
15567
15568
15569
15600
15601
15602
15603
15604
15605
15636
15637
15638
15639
15640
15641
15672
15673
15674
15675
15676
15677
15708
15709
15710
15711
15712
15713
15739
15740
15741
15742
15743
15744
15770
15771
15772
15773
15774
15775
15801
15802
15803
15804
15805
15806
15832
15833
15834
15835
15836
15837
15863
15864
15865
15866
15867
15868
15894
15895
15896
15897
15898
15899
15925
15926
15927
15928
15929
15930
15961
15962
15963
15964
15965
15966
15997
15998
15999
16000
16001
16002
16033
16034
16035
16036
16037
16038
16069
16070
16071
16072
16073
16074
16105
16106
16107
16108
16109
16110
16141
16142
16143
16144
16145
16146
16177
16178
16179
16180
16181
16182
16213
16214
16215
16216
16217
16218
16249
16250
16251
16252
16253
16254
16285
16286
16287
16288
16289
16290
16321
16322
16323
16324
16325
16326
16356
16357
16358
16359
16360
16361
16392
16393
16394
16395
16396
16397
16428
16429
16430
16431
16432
16433
16464
16465
16466
16467
16468
16469
16483
16484
16485
16486
16500
16501
16502
16503
16517
16518
16519
16520
16534
16535
16536
16537
16551
16552
16553
16554
16568
16569
16570
16571
16585
16586
16587
16588
16619
16620
16621
16622
16623
16624
16655
16656
16657
16658
16659
16660
16692
16693
16694
16695
16696
16728
16729
16730
16731
16732
16764
16765
16766
16767
16768
16800
16801
16802
16803
16804
16836
16837
16838
16839
16840
16872
16873
16874
16875
16876
16877
16908
16909
16910
16911
16912
16913
16944
16945
16946
16947
16948
16949
16980
16981
16982
16983
16984
16985
17016
17017
17018
17019
17020
17021
17052
17053
17054
17055
17056
17057
17083
17084
17085
17086
17087
17088
17114
17115
17116
17117
17118
17119
17145
17146
17147
17148
17149
17150
17176
17177
17178
17179
17180
17181
17207
17208
17209
17210
17211
17212
17238
17239
17240
17241
17242
17243
17269
17270
17271
17272
17273
17274
17305
17306
17307
17308
17309
17310
17341
17342
17343
17344
17345
17346
17377
17378
17379
17380
17381
17382
17413
17414
17415
17416
17417
17418
17449
17450
17451
17452
17453
17454
17485
17486
17487
17488
17489
17490
17521
17522
17523
17524
17525
17526
17557
17558
17559
17560
17561
17562
17593
17594
17595
17596
17597
17598
17629
17630
17631
17632
17633
17634
17665
17666
17667
17668
17669
17670
17700
17701
17702
17703
17704
17705
17736
17737
17738
17739
17740
17741
17772
17773
17774
17775
17776
17777
17808
17809
17810
17811
17812
17813
17827
17828
17829
17830
17844
17845
17846
17847
17861
17862
17863
17864
17878
17879
17880
17881
17895
17896
17897
17898
17912
17913
17914
17915
17929
17930
17931
17932
17963
17964
17965
17966
17967
17968
17999
18000
18001
18002
18003
18004
18035
18036
18037
18038
18039
18040
18072
18073
18074
18075
18076
18108
18109
18110
18111
18112
18144
18145
18146
18147
18148
18180
18181
18182
18183
18184
18216
18217
18218
18219
18220
18252
18253
18254
18255
18256
18257
18288
18289
18290
18291
18292
18293
18324
18325
18326
18327
18328
18329
18360
18361
18362
18363
18364
18365
18396
18397
18398
18399
18400
18401
18427
18428
18429
18430
18431
18432
18458
18459
18460
18461
18462
18463
18489
18490
18491
18492
18493
18494
18520
18521
18522
18523
18524
18525
18551
18552
18553
18554
18555
18556
18582
18583
18584
18585
18586
18587
18613
18614
18615
18616
18617
18618
18649
18650
18651
18652
18653
18654
18685
18686
18687
18688
18689
18690
18721
18722
18723
18724
18725
18726
18757
18758
18759
18760
18761
18762
18793
18794
18795
18796
18797
18798
18829
18830
18831
18832
18833
18834
18865
18866
18867
18868
18869
18870
18901
18902
18903
18904
18905
18906
18937
18938
18939
18940
18941
18942
18973
18974
18975
18976
18977
18978
19009
19010
19011
19012
19013
19014
19044
19045
19046
19047
19048
19049
19080
19081
19082
19083
19084
19085
19116
19117
19118
19119
19120
19121
19152
19153
19154
19155
19156
19157
19171
19172
19173
19174
19188
19189
19190
19191
19205
19206
19207
19208
19222
19223
19224
19225
19239
19240
19241
19242
19256
19257
19258
19259
19273
19274
19275
19276
19307
19308
19309
19310
19311
19312
19343
19344
19345
19346
19347
19348
19379
19380
19381
19382
19383
19384
19415
19416
19417
19418
19419
19420
19452
19453
19454
19455
19456
19488
19489
19490
19491
19492
19524
19525
19526
19527
19528
19560
19561
19562
19563
19564
19596
19597
19598
19599
19600
19632
19633
19634
19635
19636
19637
19668
19669
19670
19671
19672
19673
19704
19705
19706
19707
19708
19709
19740
19741
19742
19743
19744
19745
19771
19772
19773
19774
19775
19776
19802
19803
19804
19805
19806
19807
19833
19834
19835
19836
19837
19838
19864
19865
19866
19867
19868
19869
19895
19896
19897
19898
19899
19900
19926
19927
19928
19929
19930
19931
19957
19958
19959
19960
19961
19962
19993
19994
19995
19996
19997
19998
20029
20030
20031
20032
20033
20034
20065
20066
20067
20068
20069
20070
20101
20102
20103
20104
20105
20106
20137
20138
20139
20140
20141
20142
20173
20174
20175
20176
20177
20178
20209
20210
20211
20212
20213
20214
20245
20246
20247
20248
20249
20250
20281
20282
20283
20284
20285
20286
20317
20318
20319
20320
20321
20322
20353
20354
20355
20356
20357
20358
20388
20389
20390
20391
20392
20393
20424
20425
20426
20427
20428
20429
20460
20461
20462
20463
20464
20465
20496
20497
20498
20499
20500
20501
20515
20516
20517
20518
20532
20533
20534
20535
20549
20550
20551
20552
20566
20567
20568
20569
20583
20584
20585
20586
20600
20601
20602
20603
20617
20618
20619
20620
20651
20652
20653
20654
20655
20656
20687
20688
20689
20690
20691
20692
20723
20724
20725
20726
20727
20728
20759
20760
20761
20762
20763
20764
20795
20796
20797
20798
20799
20800
20832
20833
20834
20835
20836
20868
20869
20870
20871
20872
20904
20905
20906
20907
20908
20940
20941
20942
20943
20944
20976
20977
20978
20979
20980
21012
21013
21014
21015
21016
21017
21048
21049
21050
21051
21052
21053
21084
21085
21086
21087
21088
21089
21115
21116
21117
21118
21119
21120
21146
21147
21148
21149
21150
21151
21177
21178
21179
21180
21181
21182
21208
21209
21210
21211
21212
21213
21239
21240
21241
21242
21243
21244
21270
21271
21272
21273
21274
21275
21301
21302
21303
21304
21305
21306
21337
21338
21339
21340
21341
21342
21373
21374
21375
21376
21377
21378
21409
21410
21411
21412
21413
21414
21445
21446
21447
21448
21449
21450
21481
21482
21483
21484
21485
21486
21517
21518
21519
21520
21521
21522
21553
21554
21555
21556
21557
21558
21589
21590
21591
21592
21593
21594
21625
21626
21627
21628
21629
21630
21661
21662
21663
21664
21665
21666
21697
21698
21699
21700
21701
21702
21732
21733
21734
21735
21736
21737
21768
21769
21770
21771
21772
21773
21804
21805
21806
21807
21808
21809
21840
21841
21842
21843
21844
21845
21859
21860
21861
21862
21876
21877
21878
21879
21893
21894
21895
21896
21910
21911
21912
21913
21927
21928
21929
21930
21944
21945
21946
21947
21961
21962
21963
21964
21995
21996
21997
21998
21999
22000
22031
22032
22033
22034
22035
22036
22067
22068
22069
22070
22071
22072
22103
22104
22105
22106
22107
22108
22139
22140
22141
22142
22143
22144
22175
22176
22177
22178
22179
22180
22212
22213
22214
22215
22216
22248
22249
22250
22251
22252
22284
22285
22286
22287
22288
22320
22321
22322
22323
22324
22356
22357
22358
22359
22360
22392
22393
22394
22395
22396
22397
22428
22429
22430
22431
22432
22433
22459
22460
22461
22462
22463
22464
22490
22491
22492
22493
22494
22495
22521
22522
22523
22524
22525
22526
22552
22553
22554
22555
22556
22557
22583
22584
22585
22586
22587
22588
22614
22615
22616
22617
22618
22619
22645
22646
22647
22648
22649
22650
22681
22682
22683
22684
22685
22686
22717
22718
22719
22720
22721
22722
22753
22754
22755
22756
22757
22758
22789
22790
22791
22792
22793
22794
22825
22826
22827
22828
22829
22830
22861
22862
22863
22864
22865
22866
22897
22898
22899
22900
22901
22902
22933
22934
22935
22936
22937
22938
22969
22970
22971
22972
22973
22974
23005
23006
23007
23008
23009
23010
23041
23042
23043
23044
23045
23046
23076
23077
23078
23079
23080
23081
23112
23113
23114
23115
23116
23117
23148
23149
23150
23151
23152
23153
23184
23185
23186
23187
23188
23189
23203
23204
23205
23206
23220
23221
23222
23223
23237
23238
23239
23240
23254
23255
23256
23257
23271
23272
23273
23274
23288
23289
23290
23291
23305
23306
23307
23308
23339
23340
23341
23342
23343
23344
23375
23376
23377
23378
23379
23380
23411
23412
23413
23414
23415
23416
23447
23448
23449
23450
23451
23452
23483
23484
23485
23486
23487
23488
23519
23520
23521
23522
23523
23524
23555
23556
23557
23558
23559
23560
23591
23592
23593
23594
23595
23596
23628
23629
23630
23631
23632
23664
23665
23666
23667
23668
23700
23701
23702
23703
23704
23736
23737
23738
23739
23740
23772
23773
23774
23775
23776
23777
23803
23804
23805
23806
23807
23808
23834
23835
23836
23837
23838
23839
23865
23866
23867
23868
23869
23870
23896
23897
23898
23899
23900
23901
23927
23928
23929
23930
23931
23932
23958
23959
23960
23961
23962
23963
23989
23990
23991
23992
23993
23994
24025
24026
24027
24028
24029
24030
24061
24062
24063
24064
24065
24066
24097
24098
24099
24100
24101
24102
24133
24134
24135
24136
24137
24138
24169
24170
24171
24172
24173
24174
24205
24206
24207
24208
24209
24210
24241
24242
24243
24244
24245
24246
24277
24278
24279
24280
24281
24282
24313
24314
24315
24316
24317
24318
24349
24350
24351
24352
24353
24354
24385
24386
24387
24388
24389
24390
24420
24421
24422
24423
24424
24425
24456
24457
24458
24459
24460
24461
24492
24493
24494
24495
24496
24497
24528
24529
24530
24531
24532
24533
24547
24548
24549
24550
24564
24565
24566
24567
24581
24582
24583
24584
24598
24599
24600
24601
24615
24616
24617
24618
24632
24633
24634
24635
24649
24650
24651
24652
24683
24684
24685
24686
24687
24688
24719
24720
24721
24722
24723
24724
24755
24756
24757
24758
24759
24760
24791
24792
24793
24794
24795
24796
24827
24828
24829
24830
24831
24832
24863
24864
24865
24866
24867
24868
24899
24900
24901
24902
24903
24904
24935
24936
24937
24938
24939
24940
24971
24972
24973
24974
24975
24976
25008
25009
25010
25011
25012
25044
25045
25046
25047
25048
25080
25081
25082
25083
25084
25116
25117
25118
25119
25120
25147
25148
25149
25150
25151
25152
25178
25179
25180
25181
25182
25183
25209
25210
25211
25212
25213
25214
25240
25241
25242
25243
25244
25245
25271
25272
25273
25274
25275
25276
25302
25303
25304
25305
25306
25307
25333
25334
25335
25336
25337
25338
25369
25370
25371
25372
25373
25374
25405
25406
25407
25408
25409
25410
25441
25442
25443
25444
25445
25446
25477
25478
25479
25480
25481
25482
25513
25514
25515
25516
25517
25518
25549
25550
25551
25552
25553
25554
25585
25586
25587
25588
25589
25590
25621
25622
25623
25624
25625
25626
25657
25658
25659
25660
25661
25662
25693
25694
25695
25696
25697
25698
25729
25730
25731
25732
25733
25734
25764
25765
25766
25767
25768
25769
25800
25801
25802
25803
25804
25805
25836
25837
25838
25839
25840
25841
25872
25873
25874
25875
25876
25877
25891
25892
25893
25894
25908
25909
25910
25911
25925
25926
25927
25928
25942
25943
25944
25945
25959
25960
25961
25962
25976
25977
25978
25979
25993
25994
25995
25996
26027
26028
26029
26030
26031
26032
26063
26064
26065
26066
26067
26068
26099
26100
26101
26102
26103
26104
26135
26136
26137
26138
26139
26140
26171
26172
26173
26174
26175
26176
26207
26208
26209
26210
26211
26212
26243
26244
26245
26246
26247
26248
26279
26280
26281
26282
26283
26284
26315
26316
26317
26318
26319
26320
26351
26352
26353
26354
26355
26356
26388
26389
26390
26391
26392
26424
26425
26426
26427
26428
26460
26461
26462
26463
26464
26491
26492
26493
26494
26495
26522
26523
26524
26525
26526
26527
26553
26554
26555
26556
26557
26558
26584
26585
26586
26587
26588
26589
26615
26616
26617
26618
26619
26620
26646
26647
26648
26649
26650
26651
26677
26678
26679
26680
26681
26682
26713
26714
26715
26716
26717
26718
26749
26750
26751
26752
26753
26754
26785
26786
26787
26788
26789
26790
26821
26822
26823
26824
26825
26826
26857
26858
26859
26860
26861
26862
26893
26894
26895
26896
26897
26898
26929
26930
26931
26932
26933
26934
26965
26966
26967
26968
26969
26970
27001
27002
27003
27004
27005
27006
27037
27038
27039
27040
27041
27042
27073
27074
27075
27076
27077
27078
27108
27109
27110
27111
27112
27113
27144
27145
27146
27147
27148
27149
27180
27181
27182
27183
27184
27185
27216
27217
27218
27219
27220
27221
27235
27236
27237
27238
27252
27253
27254
27255
27269
27270
27271
27272
27286
27287
27288
27289
27303
27304
27305
27306
27320
27321
27322
27323
27337
27338
27339
27340
27371
27372
27373
27374
27375
27376
27407
27408
27409
27410
27411
27412
27443
27444
27445
27446
27447
27448
27479
27480
27481
27482
27483
27484
27515
27516
27517
27518
27519
27520
27551
27552
27553
27554
27555
27556
27587
27588
27589
27590
27591
27592
27623
27624
27625
27626
27627
27628
27659
27660
27661
27662
27663
27664
27695
27696
27697
27698
27699
27700
27731
27732
27733
27734
27735
27736
27768
27769
27770
27771
27772
27804
27805
27806
27807
27808
27835
27836
27837
27838
27839
27866
27867
27868
27869
27870
27897
27898
27899
27900
27901
27902
27928
27929
27930
27931
27932
27933
27959
27960
27961
27962
27963
27964
27990
27991
27992
27993
27994
27995
28021
28022
28023
28024
28025
28026
28057
28058
28059
28060
28061
28062
28093
28094
28095
28096
28097
28098
28129
28130
28131
28132
28133
28134
28165
28166
28167
28168
28169
28170
28201
28202
28203
28204
28205
28206
28237
28238
28239
28240
28241
28242
28273
28274
28275
28276
28277
28278
28309
28310
28311
28312
28313
28314
28345
28346
28347
28348
28349
28350
28381
28382
28383
28384
28385
28386
28417
28418
28419
28420
28421
28422
28452
28453
28454
28455
28456
28457
28488
28489
28490
28491
28492
28493
28524
28525
28526
28527
28528
28529
28560
28561
28562
28563
28564
28565
28579
28580
28581
28582
28596
28597
28598
28599
28613
28614
28615
28616
28630
28631
28632
28633
28647
28648
28649
28650
28664
28665
28666
28667
28681
28682
28683
28684
28715
28716
28717
28718
28719
28720
28751
28752
28753
28754
28755
28756
28787
28788
28789
28790
28791
28792
28823
28824
28825
28826
28827
28828
28859
28860
28861
28862
28863
28864
28895
28896
28897
28898
28899
28900
28931
28932
28933
28934
28935
28936
28967
28968
28969
28970
28971
28972
29003
29004
29005
29006
29007
29008
29039
29040
29041
29042
29043
29044
29075
29076
29077
29078
29079
29080
29111
29112
29113
29114
29115
29116
29148
29149
29150
29151
29152
29179
29180
29181
29182
29183
29210
29211
29212
29213
29214
29241
29242
29243
29244
29245
29272
29273
29274
29275
29276
29277
29303
29304
29305
29306
29307
29308
29334
29335
29336
29337
29338
29339
29365
29366
29367
29368
29369
29370
29401
29402
29403
29404
29405
29406
29437
29438
29439
29440
29441
29442
29473
29474
29475
29476
29477
29478
29509
29510
29511
29512
29513
29514
29545
29546
29547
29548
29549
29550
29581
29582
29583
29584
29585
29586
29617
29618
29619
29620
29621
29622
29653
29654
29655
29656
29657
29658
29689
29690
29691
29692
29693
29694
29725
29726
29727
29728
29729
29730
29761
29762
29763
29764
29765
29766
29796
29797
29798
29799
29800
29801
29832
29833
29834
29835
29836
29837
29868
29869
29870
29871
29872
29873
29904
29905
29906
29907
29908
29909
29923
29924
29925
29926
29940
29941
29942
29943
29957
29958
29959
29960
29974
29975
29976
29977
29991
29992
29993
29994
30008
30009
30010
30011
30025
30026
30027
30028
30059
30060
30061
30062
30063
30064
30095
30096
30097
30098
30099
30100
30131
30132
30133
30134
30135
30136
30167
30168
30169
30170
30171
30172
30203
30204
30205
30206
30207
30208
30239
30240
30241
30242
30243
30244
30275
30276
30277
30278
30279
30280
30311
30312
30313
30314
30315
30316
30347
30348
30349
30350
30351
30352
30383
30384
30385
30386
30387
30388
30419
30420
30421
30422
30423
30424
30455
30456
30457
30458
30459
30460
30491
30492
30493
30494
30495
30496
30523
30524
30525
30526
30527
30554
30555
30556
30557
30558
30585
30586
30587
30588
30589
30616
30617
30618
30619
30620
30647
30648
30649
30650
30651
30652
30678
30679
30680
30681
30682
30683
30709
30710
30711
30712
30713
30714
30745
30746
30747
30748
30749
30750
30781
30782
30783
30784
30785
30786
30817
30818
30819
30820
30821
30822
30853
30854
30855
30856
30857
30858
30889
30890
30891
30892
30893
30894
30925
30926
30927
30928
30929
30930
30961
30962
30963
30964
30965
30966
30997
30998
30999
31000
31001
31002
31033
31034
31035
31036
31037
31038
31069
31070
31071
31072
31073
31074
31105
31106
31107
31108
31109
31110
31140
31141
31142
31143
31144
31145
31176
31177
31178
31179
31180
31181
31212
31213
31214
31215
31216
31217
31248
31249
31250
31251
31252
31253
31267
31268
31269
31270
31284
31285
31286
31287
31301
31302
31303
31304
31318
31319
31320
31321
31335
31336
31337
31338
31352
31353
31354
31355
31369
31370
31371
31372
31403
31404
31405
31406
31407
31408
31439
31440
31441
31442
31443
31444
31475
31476
31477
31478
31479
31480
31511
31512
31513
31514
31515
31516
31547
31548
31549
31550
31551
31552
31583
31584
31585
31586
31587
31588
31619
31620
31621
31622
31623
31624
31655
31656
31657
31658
31659
31660
31691
31692
31693
31694
31695
31696
31727
31728
31729
31730
31731
31732
31763
31764
31765
31766
31767
31768
31799
31800
31801
31802
31803
31804
31835
31836
31837
31838
31839
31840
31866
31867
31868
31869
31870
31871
31898
31899
31900
31901
31902
31929
31930
31931
31932
31933
31960
31961
31962
31963
31964
31991
31992
31993
31994
31995
32022
32023
32024
32025
32026
32053
32054
32055
32056
32057
32058
32089
32090
32091
32092
32093
32094
32125
32126
32127
32128
32129
32130
32161
32162
32163
32164
32165
32166
32197
32198
32199
32200
32201
32202
32233
32234
32235
32236
32237
32238
32269
32270
32271
32272
32273
32274
32305
32306
32307
32308
32309
32310
32341
32342
32343
32344
32345
32346
32377
32378
32379
32380
32381
32382
32413
32414
32415
32416
32417
32418
32449
32450
32451
32452
32453
32454
32484
32485
32486
32487
32488
32489
32520
32521
32522
32523
32524
32525
32556
32557
32558
32559
32560
32561
32592
32593
32594
32595
32596
32597
32611
32612
32613
32614
32628
32629
32630
32631
32645
32646
32647
32648
32662
32663
32664
32665
32679
32680
32681
32682
32696
32697
32698
32699
32713
32714
32715
32716
32747
32748
32749
32750
32751
32752
32783
32784
32785
32786
32787
32788
32819
32820
32821
32822
32823
32824
32855
32856
32857
32858
32859
32860
32891
32892
32893
32894
32895
32896
32927
32928
32929
32930
32931
32932
32963
32964
32965
32966
32967
32968
32999
33000
33001
33002
33003
33004
33035
33036
33037
33038
33039
33040
33071
33072
33073
33074
33075
33076
33107
33108
33109
33110
33111
33112
33143
33144
33145
33146
33147
33148
33179
33180
33181
33182
33183
33184
33210
33211
33212
33213
33214
33215
33241
33242
33243
33244
33245
33246
33273
33274
33275
33276
33277
33304
33305
33306
33307
33308
33335
33336
33337
33338
33339
33366
33367
33368
33369
33370
33397
33398
33399
33400
33401
33433
33434
33435
33436
33437
33438
33469
33470
33471
33472
33473
33474
33505
33506
33507
33508
33509
33510
33541
33542
33543
33544
33545
33546
33577
33578
33579
33580
33581
33582
33613
33614
33615
33616
33617
33618
33649
33650
33651
33652
33653
33654
33685
33686
33687
33688
33689
33690
33721
33722
33723
33724
33725
33726
33757
33758
33759
33760
33761
33762
33793
33794
33795
33796
33797
33798
33828
33829
33830
33831
33832
33833
33864
33865
33866
33867
33868
33869
33900
33901
33902
33903
33904
33905
33936
33937
33938
33939
33940
33941
33955
33956
33957
33958
33972
33973
33974
33975
33989
33990
33991
33992
34006
34007
34008
34009
34023
34024
34025
34026
34040
34041
34042
34043
34057
34058
34059
34060
34091
34092
34093
34094
34095
34096
34127
34128
34129
34130
34131
34132
34163
34164
34165
34166
34167
34168
34199
34200
34201
34202
34203
34204
34235
34236
34237
34238
34239
34240
34271
34272
34273
34274
34275
34276
34307
34308
34309
34310
34311
34312
34343
34344
34345
34346
34347
34348
34379
34380
34381
34382
34383
34384
34415
34416
34417
34418
34419
34420
34451
34452
34453
34454
34455
34456
34487
34488
34489
34490
34491
34492
34523
34524
34525
34526
34527
34528
34554
34555
34556
34557
34558
34559
34585
34586
34587
34588
34589
34590
34616
34617
34618
34619
34620
34621
34648
34649
34650
34651
34652
34679
34680
34681
34682
34683
34710
34711
34712
34713
34714
34741
34742
34743
34744
34745
34777
34778
34779
34780
34781
34813
34814
34815
34816
34817
34818
34849
34850
34851
34852
34853
34854
34885
34886
34887
34888
34889
34890
34921
34922
34923
34924
34925
34926
34957
34958
34959
34960
34961
34962
34993
34994
34995
34996
34997
34998
35029
35030
35031
35032
35033
35034
35065
35066
35067
35068
35069
35070
35101
35102
35103
35104
35105
35106
35137
35138
35139
35140
35141
35142
35172
35173
35174
35175
35176
35177
35208
35209
35210
35211
35212
35213
35244
35245
35246
35247
35248
35249
35280
35281
35282
35283
35284
35285
35299
35300
35301
35302
35316
35317
35318
35319
35333
35334
35335
35336
35350
35351
35352
35353
35367
35368
35369
35370
35384
35385
35386
35387
35401
35402
35403
35404
35435
35436
35437
35438
35439
35440
35471
35472
35473
35474
35475
35476
35507
35508
35509
35510
35511
35512
35543
35544
35545
35546
35547
35548
35579
35580
35581
35582
35583
35584
35615
35616
35617
35618
35619
35620
35651
35652
35653
35654
35655
35656
35687
35688
35689
35690
35691
35692
35723
35724
35725
35726
35727
35728
35759
35760
35761
35762
35763
35764
35795
35796
35797
35798
35799
35800
35831
35832
35833
35834
35835
35836
35867
35868
35869
35870
35871
35872
35898
35899
35900
35901
35902
35903
35929
35930
35931
35932
35933
35934
35960
35961
35962
35963
35964
35965
35991
35992
35993
35994
35995
35996
36023
36024
36025
36026
36027
36054
36055
36056
36057
36058
36085
36086
36087
36088
36089
36121
36122
36123
36124
36125
36157
36158
36159
36160
36161
36193
36194
36195
36196
36197
36198
36229
36230
36231
36232
36233
36234
36265
36266
36267
36268
36269
36270
36301
36302
36303
36304
36305
36306
36337
36338
36339
36340
36341
36342
36373
36374
36375
36376
36377
36378
36409
36410
36411
36412
36413
36414
36445
36446
36447
36448
36449
36450
36481
36482
36483
36484
36485
36486
36516
36517
36518
36519
36520
36521
36552
36553
36554
36555
36556
36557
36588
36589
36590
36591
36592
36593
36624
36625
36626
36627
36628
36629
36643
36644
36645
36646
36660
36661
36662
36663
36677
36678
36679
36680
36694
36695
36696
36697
36711
36712
36713
36714
36728
36729
36730
36731
36745
36746
36747
36748
36779
36780
36781
36782
36783
36784
36815
36816
36817
36818
36819
36820
36851
36852
36853
36854
36855
36856
36887
36888
36889
36890
36891
36892
36923
36924
36925
36926
36927
36928
36959
36960
36961
36962
36963
36964
36995
36996
36997
36998
36999
37000
37031
37032
37033
37034
37035
37036
37067
37068
37069
37070
37071
37072
37103
37104
37105
37106
37107
37108
37139
37140
37141
37142
37143
37144
37175
37176
37177
37178
37179
37180
37211
37212
37213
37214
37215
37216
37242
37243
37244
37245
37246
37247
37273
37274
37275
37276
37277
37278
37304
37305
37306
37307
37308
37309
37335
37336
37337
37338
37339
37340
37366
37367
37368
37369
37370
37371
37398
37399
37400
37401
37402
37429
37430
37431
37432
37433
37465
37466
37467
37468
37469
37501
37502
37503
37504
37505
37537
37538
37539
37540
37541
37573
37574
37575
37576
37577
37578
37609
37610
37611
37612
37613
37614
37645
37646
37647
37648
37649
37650
37681
37682
37683
37684
37685
37686
37717
37718
37719
37720
37721
37722
37753
37754
37755
37756
37757
37758
37789
37790
37791
37792
37793
37794
37825
37826
37827
37828
37829
37830
37860
37861
37862
37863
37864
37865
37896
37897
37898
37899
37900
37901
37932
37933
37934
37935
37936
37937
37968
37969
37970
37971
37972
37973
38004
38005
38006
38007
38008
38009
38040
38041
38042
38043
38044
38045
38076
38077
38078
38079
38080
38081
38112
38113
38114
38115
38116
38117
38148
38149
38150
38151
38152
38153
38184
38185
38186
38187
38188
38189
38220
38221
38222
38223
38224
38225
38256
38257
38258
38259
38260
38261
38292
38293
38294
38295
38296
38297
38328
38329
38330
38331
38332
38333
38364
38365
38366
38367
38368
38369
38400
38401
38402
38403
38404
38405
38436
38437
38438
38439
38440
38441
38472
38473
38474
38475
38476
38477
38508
38509
38510
38511
38512
38513
38544
38545
38546
38547
38548
38549
38580
38581
38582
38583
38584
38585
38616
38617
38618
38619
38620
38621
38652
38653
38654
38655
38656
38657
38688
38689
38690
38691
38692
38693
38724
38725
38726
38727
38728
38729
38760
38761
38762
38763
38764
38765
38796
38797
38798
38799
38800
38801
38832
38833
38834
38835
38836
38837
38868
38869
38870
38871
38872
38873
38904
38905
38906
38907
38908
38909
38941
38942
38943
38944
38945
38977
38978
38979
38980
38981
39013
39014
39015
39016
39017
39049
39050
39051
39052
39053
39085
39086
39087
39088
39089
39121
39122
39123
39124
39125
39126
39157
39158
39159
39160
39161
39162
39193
39194
39195
39196
39197
39198
39229
39230
39231
39232
39233
39234
39265
39266
39267
39268
39269
39270
39301
39302
39303
39304
39305
39306
39337
39338
39339
39340
39341
39342
39372
39373
39374
39375
39376
39377
39408
39409
39410
39411
39412
39413
39444
39445
39446
39447
39448
39449
39480
39481
39482
39483
39484
39485
39516
39517
39518
39519
39520
39521
39552
39553
39554
39555
39556
39557
39588
39589
39590
39591
39592
39593
39624
39625
39626
39627
39628
39629
39660
39661
39662
39663
39664
39665
39696
39697
39698
39699
39700
39701
39732
39733
39734
39735
39736
39737
39768
39769
39770
39771
39772
39773
39804
39805
39806
39807
39808
39809
39840
39841
39842
39843
39844
39845
39876
39877
39878
39879
39880
39881
39912
39913
39914
39915
39916
39917
39948
39949
39950
39951
39952
39953
39984
39985
39986
39987
39988
39989
40020
40021
40022
40023
40024
40025
40056
40057
40058
40059
40060
40061
40092
40093
40094
40095
40096
40097
40128
40129
40130
40131
40132
40133
40164
40165
40166
40167
40168
40169
40200
40201
40202
40203
40204
40205
40236
40237
40238
40239
40240
40241
40272
40273
40274
40275
40276
40277
40308
40309
40310
40311
40312
40313
40344
40345
40346
40347
40348
40349
40380
40381
40382
40383
40384
40385
40416
40417
40418
40419
40420
40421
40452
40453
40454
40455
40456
40457
40489
40490
40491
40492
40493
40525
40526
40527
40528
40529
40561
40562
40563
40564
40565
40597
40598
40599
40600
40601
40633
40634
40635
40636
40637
40669
40670
40671
40672
40673
40674
40705
40706
40707
40708
40709
40710
40741
40742
40743
40744
40745
40746
40777
40778
40779
40780
40781
40782
40813
40814
40815
40816
40817
40818
40849
40850
40851
40852
40853
40854
40884
40885
40886
40887
40888
40889
40920
40921
40922
40923
40924
40925
40956
40957
40958
40959
40960
40961
40992
40993
40994
40995
40996
40997
41028
41029
41030
41031
41032
41033
41064
41065
41066
41067
41068
41069
41100
41101
41102
41103
41104
41105
41136
41137
41138
41139
41140
41141
41172
41173
41174
41175
41176
41177
41208
41209
41210
41211
41212
41213
41244
41245
41246
41247
41248
41249
41280
41281
41282
41283
41284
41285
41316
41317
41318
41319
41320
41321
41352
41353
41354
41355
41356
41357
41388
41389
41390
41391
41392
41393
41424
41425
41426
41427
41428
41429
41460
41461
41462
41463
41464
41465
41496
41497
41498
41499
41500
41501
41532
41533
41534
41535
41536
41537
41568
41569
41570
41571
41572
41573
41604
41605
41606
41607
41608
41609
41640
41641
41642
41643
41644
41645
41676
41677
41678
41679
41680
41681
41712
41713
41714
41715
41716
41717
41748
41749
41750
41751
41752
41753
41784
41785
41786
41787
41788
41789
41820
41821
41822
41823
41824
41825
41856
41857
41858
41859
41860
41861
41892
41893
41894
41895
41896
41897
41928
41929
41930
41931
41932
41933
41964
41965
41966
41967
41968
41969
42000
42001
42002
42003
42004
42005
42037
42038
42039
42040
42041
42073
42074
42075
42076
42077
42109
42110
42111
42112
42113
42145
42146
42147
42148
42149
42181
42182
42183
42184
42185
42217
42218
42219
42220
42221
42222
42253
42254
42255
42256
42257
42258
42289
42290
42291
42292
42293
42294
42325
42326
42327
42328
42329
42330
42361
42362
42363
42364
42365
42366
42396
42397
42398
42399
42400
42401
42432
42433
42434
42435
42436
42437
42468
42469
42470
42471
42472
42473
42504
42505
42506
42507
42508
42509
42540
42541
42542
42543
42544
42545
42576
42577
42578
42579
42580
42581
42612
42613
42614
42615
42616
42617
42648
42649
42650
42651
42652
42653
42684
42685
42686
42687
42688
42689
42720
42721
42722
42723
42724
42725
42756
42757
42758
42759
42760
42761
42792
42793
42794
42795
42796
42797
42828
42829
42830
42831
42832
42833
42864
42865
42866
42867
42868
42869
42900
42901
42902
42903
42904
42905
42936
42937
42938
42939
42940
42941
42972
42973
42974
42975
42976
42977
43008
43009
43010
43011
43012
43013
43044
43045
43046
43047
43048
43049
43080
43081
43082
43083
43084
43085
43116
43117
43118
43119
43120
43121
43152
43153
43154
43155
43156
43157
43188
43189
43190
43191
43192
43193
43224
43225
43226
43227
43228
43229
43260
43261
43262
43263
43264
43265
43296
43297
43298
43299
43300
43301
43332
43333
43334
43335
43336
43337
43368
43369
43370
43371
43372
43373
43404
43405
43406
43407
43408
43409
43440
43441
43442
43443
43444
43445
43476
43477
43478
43479
43480
43481
43512
43513
43514
43515
43516
43517
43548
43549
43550
43551
43552
43553
43585
43586
43587
43588
43589
43621
43622
43623
43624
43625
43657
43658
43659
43660
43661
43693
43694
43695
43696
43697
43729
43730
43731
43732
43733
43765
43766
43767
43768
43769
43770
43801
43802
43803
43804
43805
43806
43837
43838
43839
43840
43841
43842
43873
43874
43875
43876
43877
43878
43908
43909
43910
43911
43912
43913
43944
43945
43946
43947
43948
43949
43980
43981
43982
43983
43984
43985
44016
44017
44018
44019
44020
44021
44052
44053
44054
44055
44056
44057
44088
44089
44090
44091
44092
44093
44124
44125
44126
44127
44128
44129
44160
44161
44162
44163
44164
44165
44196
44197
44198
44199
44200
44201
44232
44233
44234
44235
44236
44237
44268
44269
44270
44271
44272
44273
44304
44305
44306
44307
44308
44309
44340
44341
44342
44343
44344
44345
44376
44377
44378
44379
44380
44381
44412
44413
44414
44415
44416
44417
44448
44449
44450
44451
44452
44453
44484
44485
44486
44487
44488
44489
44520
44521
44522
44523
44524
44525
44556
44557
44558
44559
44560
44561
44592
44593
44594
44595
44596
44597
44628
44629
44630
44631
44632
44633
44664
44665
44666
44667
44668
44669
44700
44701
44702
44703
44704
44705
44736
44737
44738
44739
44740
44741
44772
44773
44774
44775
44776
44777
44808
44809
44810
44811
44812
44813
44844
44845
44846
44847
44848
44849
44880
44881
44882
44883
44884
44885
44916
44917
44918
44919
44920
44921
44952
44953
44954
44955
44956
44957
44988
44989
44990
44991
44992
44993
45024
45025
45026
45027
45028
45029
45060
45061
45062
45063
45064
45065
45096
45097
45098
45099
45100
45101
45133
45134
45135
45136
45137
45169
45170
45171
45172
45173
45205
45206
45207
45208
45209
45241
45242
45243
45244
45245
45277
45278
45279
45280
45281
45313
45314
45315
45316
45317
45318
45349
45350
45351
45352
45353
45354
45385
45386
45387
45388
45389
45390
45420
45421
45422
45423
45424
45425
45456
45457
45458
45459
45460
45461
45492
45493
45494
45495
45496
45497
45528
45529
45530
45531
45532
45533
45564
45565
45566
45567
45568
45569
45600
45601
45602
45603
45604
45605
45636
45637
45638
45639
45640
45641
45672
45673
45674
45675
45676
45677
45708
45709
45710
45711
45712
45713
45744
45745
45746
45747
45748
45749
45780
45781
45782
45783
45784
45785
45816
45817
45818
45819
45820
45821
45852
45853
45854
45855
45856
45857
45888
45889
45890
45891
45892
45893
45924
45925
45926
45927
45928
45929
45960
45961
45962
45963
45964
45965
45996
45997
45998
45999
46000
46001
46032
46033
46034
46035
46036
46037
46068
46069
46070
46071
46072
46073
46104
46105
46106
46107
46108
46109
46140
46141
46142
46143
46144
46145
46176
46177
46178
46179
46180
46181
46212
46213
46214
46215
46216
46217
46248
46249
46250
46251
46252
46253
46284
46285
46286
46287
46288
46289
46320
46321
46322
46323
46324
46325
46356
46357
46358
46359
46360
46361
46392
46393
46394
46395
46396
46397
46428
46429
46430
46431
46432
46433
46464
46465
46466
46467
46468
46469
46500
46501
46502
46503
46504
46505
46536
46537
46538
46539
46540
46541
46572
46573
46574
46575
46576
46577
46608
46609
46610
46611
46612
46613
46644
46645
46646
46647
46648
46649
46681
46682
46683
46684
46685
46717
46718
46719
46720
46721
46753
46754
46755
46756
46757
46789
46790
46791
46792
46793
46825
46826
46827
46828
46829
46861
46862
46863
46864
46865
46866
46897
46898
46899
46900
46901
46902
46932
46933
46934
46935
46936
46937
46968
46969
46970
46971
46972
46973
47004
47005
47006
47007
47008
47009
47040
47041
47042
47043
47044
47045
47076
47077
47078
47079
47080
47081
47112
47113
47114
47115
47116
47117
47148
47149
47150
47151
47152
47153
47184
47185
47186
47187
47188
47189
47220
47221
47222
47223
47224
47225
47256
47257
47258
47259
47260
47261
47292
47293
47294
47295
47296
47297
47328
47329
47330
47331
47332
47333
47364
47365
47366
47367
47368
47369
47400
47401
47402
47403
47404
47405
47436
47437
47438
47439
47440
47441
47472
47473
47474
47475
47476
47477
47508
47509
47510
47511
47512
47513
47544
47545
47546
47547
47548
47549
47580
47581
47582
47583
47584
47585
47616
47617
47618
47619
47620
47621
47652
47653
47654
47655
47656
47657
47688
47689
47690
47691
47692
47693
47724
47725
47726
47727
47728
47729
47760
47761
47762
47763
47764
47765
47796
47797
47798
47799
47800
47801
47832
47833
47834
47835
47836
47837
47868
47869
47870
47871
47872
47873
47904
47905
47906
47907
47908
47909
47940
47941
47942
47943
47944
47945
47976
47977
47978
47979
47980
47981
48012
48013
48014
48015
48016
48017
48048
48049
48050
48051
48052
48053
48084
48085
48086
48087
48088
48089
48120
48121
48122
48123
48124
48125
48156
48157
48158
48159
48160
48161
48192
48193
48194
48195
48196
48197
48229
48230
48231
48232
48233
48265
48266
48267
48268
48269
48301
48302
48303
48304
48305
48337
48338
48339
48340
48341
48373
48374
48375
48376
48377
48409
48410
48411
48412
48413
48444
48445
48446
48447
48448
48449
48480
48481
48482
48483
48484
48485
48516
48517
48518
48519
48520
48521
48552
48553
48554
48555
48556
48557
48588
48589
48590
48591
48592
48593
48624
48625
48626
48627
48628
48629
48660
48661
48662
48663
48664
48665
48696
48697
48698
48699
48700
48701
48732
48733
48734
48735
48736
48737
48768
48769
48770
48771
48772
48773
48804
48805
48806
48807
48808
48809
48840
48841
48842
48843
48844
48845
48876
48877
48878
48879
48880
48881
48912
48913
48914
48915
48916
48917
48948
48949
48950
48951
48952
48953
48984
48985
48986
48987
48988
48989
49020
49021
49022
49023
49024
49025
49056
49057
49058
49059
49060
49061
49092
49093
49094
49095
49096
49097
49128
49129
49130
49131
49132
49133
49164
49165
49166
49167
49168
49169
49200
49201
49202
49203
49204
49205
49236
49237
49238
49239
49240
49241
49272
49273
49274
49275
49276
49277
49308
49309
49310
49311
49312
49313
49344
49345
49346
49347
49348
49349
49380
49381
49382
49383
49384
49385
49416
49417
49418
49419
49420
49421
49452
49453
49454
49455
49456
49457
49488
49489
49490
49491
49492
49493
49524
49525
49526
49527
49528
49529
49560
49561
49562
49563
49564
49565
49596
49597
49598
49599
49600
49601
49632
49633
49634
49635
49636
49637
49668
49669
49670
49671
49672
49673
49704
49705
49706
49707
49708
49709
49740
49741
49742
49743
49744
49745
49777
49778
49779
49780
49781
49813
49814
49815
49816
49817
49849
49850
49851
49852
49853
49885
49886
49887
49888
49889
49921
49922
49923
49924
49925
49956
49957
49958
49959
49960
49961
49992
49993
49994
49995
49996
49997
50028
50029
50030
50031
50032
50033
50064
50065
50066
50067
50068
50069
50100
50101
50102
50103
50104
50105
50136
50137
50138
50139
50140
50141
50172
50173
50174
50175
50176
50177
50208
50209
50210
50211
50212
50213
50244
50245
50246
50247
50248
50249
50280
50281
50282
50283
50284
50285
50316
50317
50318
50319
50320
50321
50352
50353
50354
50355
50356
50357
50388
50389
50390
50391
50392
50393
50424
50425
50426
50427
50428
50429
50460
50461
50462
50463
50464
50465
50496
50497
50498
50499
50500
50501
50532
50533
50534
50535
50536
50537
50568
50569
50570
50571
50572
50573
50604
50605
50606
50607
50608
50609
50640
50641
50642
50643
50644
50645
50676
50677
50678
50679
50680
50681
50712
50713
50714
50715
50716
50717
50748
50749
50750
50751
50752
50753
50784
50785
50786
50787
50788
50789
50820
50821
50822
50823
50824
50825
50856
50857
50858
50859
50860
50861
50892
50893
50894
50895
50896
50897
50928
50929
50930
50931
50932
50933
50964
50965
50966
50967
50968
50969
51000
51001
51002
51003
51004
51005
51036
51037
51038
51039
51040
51041
51072
51073
51074
51075
51076
51077
51108
51109
51110
51111
51112
51113
51144
51145
51146
51147
51148
51149
51180
51181
51182
51183
51184
51185
51216
51217
51218
51219
51220
51221
51252
51253
51254
51255
51256
51257
51288
51289
51290
51291
51292
51293
51325
51326
51327
51328
51329
51361
51362
51363
51364
51365
51397
51398
51399
51400
51401
51433
51434
51435
51436
51437
51468
51469
51470
51471
51472
51473
51504
51505
51506
51507
51508
51509
51540
51541
51542
51543
51544
51545
51576
51577
51578
51579
51580
51581
51612
51613
51614
51615
51616
51617
51648
51649
51650
51651
51652
51653
51684
51685
51686
51687
51688
51689
51720
51721
51722
51723
51724
51725
51756
51757
51758
51759
51760
51761
51792
51793
51794
51795
51796
51797
51828
51829
51830
51831
51832
51833
51864
51865
51866
51867
51868
51869
51900
51901
51902
51903
51904
51905
51936
51937
51938
51939
51940
51941
51972
51973
51974
51975
51976
51977
52008
52009
52010
52011
52012
52013
52044
52045
52046
52047
52048
52049
52080
52081
52082
52083
52084
52085
52116
52117
52118
52119
52120
52121
52152
52153
52154
52155
52156
52157
52188
52189
52190
52191
52192
52193
52224
52225
52226
52227
52228
52229
52260
52261
52262
52263
52264
52265
52296
52297
52298
52299
52300
52301
52332
52333
52334
52335
52336
52337
52368
52369
52370
52371
52372
52373
52404
52405
52406
52407
52408
52409
52440
52441
52442
52443
52444
52445
52476
52477
52478
52479
52480
52481
52512
52513
52514
52515
52516
52517
52548
52549
52550
52551
52552
52553
52584
52585
52586
52587
52588
52589
52620
52621
52622
52623
52624
52625
52656
52657
52658
52659
52660
52661
52692
52693
52694
52695
52696
52697
52728
52729
52730
52731
52732
52733
52764
52765
52766
52767
52768
52769
52800
52801
52802
52803
52804
52805
52836
52837
52838
52839
52840
52841
52873
52874
52875
52876
52877
52909
52910
52911
52912
52913
52945
52946
52947
52948
52949
52980
52981
52982
52983
52984
52985
53016
53017
53018
53019
53020
53021
53052
53053
53054
53055
53056
53057
53088
53089
53090
53091
53092
53093
53124
53125
53126
53127
53128
53129
53160
53161
53162
53163
53164
53165
53196
53197
53198
53199
53200
53201
53232
53233
53234
53235
53236
53237
53268
53269
53270
53271
53272
53273
53304
53305
53306
53307
53308
53309
53340
53341
53342
53343
53344
53345
53376
53377
53378
53379
53380
53381
53412
53413
53414
53415
53416
53417
53448
53449
53450
53451
53452
53453
53484
53485
53486
53487
53488
53489
53520
53521
53522
53523
53524
53525
53556
53557
53558
53559
53560
53561
53592
53593
53594
53595
53596
53597
53628
53629
53630
53631
53632
53633
53664
53665
53666
53667
53668
53669
53700
53701
53702
53703
53704
53705
53736
53737
53738
53739
53740
53741
53772
53773
53774
53775
53776
53777
53808
53809
53810
53811
53812
53813
53844
53845
53846
53847
53848
53849
53880
53881
53882
53883
53884
53885
53916
53917
53918
53919
53920
53921
53952
53953
53954
53955
53956
53957
53988
53989
53990
53991
53992
53993
54024
54025
54026
54027
54028
54029
54060
54061
54062
54063
54064
54065
54096
54097
54098
54099
54100
54101
54132
54133
54134
54135
54136
54137
54168
54169
54170
54171
54172
54173
54204
54205
54206
54207
54208
54209
54240
54241
54242
54243
54244
54245
54276
54277
54278
54279
54280
54281
54312
54313
54314
54315
54316
54317
54348
54349
54350
54351
54352
54353
54385
54386
54387
54388
54389
54421
54422
54423
54424
54425
54457
54458
54459
54460
54461
54485
54486
54487
54489
54491
54493
54495
54497
54499
54501
54521
54522
)


// ************************************************************************* //
